6375322
3306730099
62224780
3733287196
2826339097
4311833712
54902299
4777152150
3282218791
3297471679
2886961699
147791622
3446920885
3294599257
1473710107
2466499093
3343503494
3699097278
3161163805
3366560293
3395519014
3481067904
30162431
3318177462
110079891
3318337602
152856447
2785634323
3306367282
20503999
60583926
15846407
43032508
3282487069
22108885
145514541
26243698
58494225
261003720
159525547
65694131
54621273
199200701
35492347
61465045
130793828
28944557
3595051513
38122006
77964454
3278343782
33184997
282082074
3682588934
2810654929
3408754667
3644369654
3315949104
38908587
16115176
2356125410
3287233182
79355995
3288465684
270176702
229738216
1263292416
3130440619
3281368988
199274986
769797708
98310564
63701775
1101635881
270127233
52554306
783214
27406401
54951973
17173775
66369206
15723971
14226495
17086831
