1337318198
3289249110
3220955820
711100819295182848
2909444470
1228785259
2458412694
2763793614
1499555250
464345824
1519595318
2786323258
3114664246
3056223098
2405336059
2445699528
2710317653
1977543704
3337897846
2497896372
2880499907
1377229232
2971210639
2869663317
3243701265
2266678790
2537841313
162266976
2434317000
783866366
1590954008
337314076
331256952
2155780808
2986696840
3150612510
3395938431
841649186
2713654580
317705516
545443555
124167632
3389653863
470194786
2612908405
1582725642
3285185618
3048016028
1953491732
3236218609
3236134002
3236410322
2553132907
2228432022
3224602808
2717079620
1625618168
1068627061
104996731
564603229
1326538028
3202078657
3106048472
3181759368
3254656632
3226351028
1301290542
610172641
2509909340
778463947
3236977957
2883813762
2854432695
3089641259
3013690866
1583296682
2314556148
2472103651
907573382
3297816609
2235399797
3297662979
3007514080
18858543
636633549
2477772690
3026937623
1663373330
2499308955
3221476064
265966134
29046629
2499341281
2900915229
142533632
176566242
105119490
158314798
181561712
84279963
2815021108
775475514
36095580
3068904585
2377053920
19721592
1036881588
2855571505
100910028
2415951108
2906549689
1605525254
1654663014
1489595648
1415692262
2951764281
387164259
3229636635
2937095502
3026983629
3208881917
3149517229
3182296354
3120093170
881045425
2871153776
