2385682424
39453212
549110243
313185316
3889728613
3954571034
122609727
1374768830
3242323573
21560677
3713867052
4391797093
118552439
4182126132
3321333626
791443908
3318791612
110037534
313659598
4127562734
33359155
259368023
30162431
27786411
72276797
3466155973
17363090
137654214
3936779839
3600780138
3311561618
123646549
3294167456
3313366232
876856807
282082074
233104818
279798313
94713472
72457332
501583715
377443782
3365059093
40184370
245697549
62906125
270802781
79969865
3294599257
2681931932
625362087
2927540317
3297240259
106938240
266059193
20654155
3656377999
67063550
710117845
2259904706
67309732
59460103
2614376996
471809415
3521202140
3293711898
3250789902
1098271938
16115176
454676366
27260086
127130577
3654406153
2219270856
3308699810
3637365972
47047335
554408921
461275704
209840364
775385838
229738216
481078872
443580317
402492344
332112673
3634202358
214336037
23294489
37861516
35142205
307228950
38652395
226868108
50627014
170292467
248165139
3328455434
324233915
443660409
1307884848
3317646787
515433479
3235134068
27869843
118645111
3300931226
1701651282
3327062768
147791622
3300187214
1896415940
442801202
2314959264
3308480204
1605731636
2810654929
3301396250
3420802514
1263292416
3304208106
3287233182
3306730099
3260722346
3489850032
850326900
3306675212
445490302
3314405797
3017460888
1852198832
758252358
3334095493
204234109
335657546
87900616
2719483573
268371982
3278288420
79355995
87102355
3282734340
220740881
1056910117
3194332902
3300532849
1606280521
3311235936
3301206942
38908587
150178004
1157688698
635018503
3041207658
3302160751
230971144
39455426
3288465684
3130440619
254373805
219674636
2878377823
769797708
3281368988
199274986
26243698
145514541
63701775
198558734
288023872
156567632
155891389
189503518
131133450
139341249
270176702
92666392
455644050
81608533
201095003
566118847
314327032
3072664741
2350551606
118604713
130132290
255384702
212117467
35094637
180505807
843112550
43275329
1498628336
208506172
226781129
303048990
342747036
109213578
33958980
290127516
160804409
305526508
1059651750
1158334801
187899133
1261403689
1225465213
84819946
178891717
39054789
281949391
139447767
584323570
293296528
23850428
280380624
471915618
125919934
271256848
619111126
458080999
262249901
76905107
249185680
274650599
871963218
19248106
31239408
14230524
98310564
715864068
454808713
148354126
418860156
630337617
72719090
248585481
79410656
350930062
175702199
617002553
137863193
165289700
939185041
519470605
171442533
40596741
198304636
428258461
456697074
82135276
20503999
58152290
41889498
225429641
17631701
65798580
104448662
101496514
22096068
134657984
64695259
28509509
37170394
117365648
186712788
60583926
76589464
155110443
26565946
26735128
34252332
86565815
50294543
38815052
25954814
115251091
16893886
84109416
30194318
32721501
34110125
69209858
71870381
69068481
27429989
43091992
55807518
108345784
54236340
60868315
80503347
23563059
83613107
31685653
42613274
44102517
76316615
1976961
45935834
76361449
16423109
20109973
14224719
15163466
34971500
1183041
25365536
16727535
18396070
14293310
14834782
