324814256
3242729450
344634424
170627809
724150483271602176
273053494
1112056370
3993819389
2953316923
260331920
140690195
3540812473
4709473838
154502692
3650569936
2673186416
3293149015
1193628180
127515557
2682793663
2974465410
204060281
3259161583
2954489952
2963618200
1251325200
2280184856
4664572334
193608132
2978868266
729051587650297856
1317858991
2837833105
11342562
3219575460
1097533159
2160653996
36327407
18071358
134758540
19897138
635895185
23405846
449539004
501617441
33868638
31348594
143532941
111871312
129786468
147975612
29655431
214841339
342637804
104148730
59855089
813286
120990817
3308676374
3308763876
229383772
3284229890
626258843
182857137
1214658974
117302418
2673327426
572225652
85462891
115465399
318201824
141470251
2322736597
561335546
3197653344
2242142287
2304923515
310239584
471741741
2797878578
105443297
386292874
74433034
70179948
1105939712
50243741
1097218164
751400048
518544225
114785416
1072993274
1324334436
130104041
19895282
338907158
165780418
14686881
258703448
15942075
252018855
1368737382
166665752
76558553
242253020
2597413135
102719975
7302852
219617448
60937837
1882002650
458451038
1856414335
61458407
1447949844
1657730988
68977380
44588485
2222673457
2183816041
559345507
1176135546
97217966
18839785
20536157
113419517
50393960
34197952
145125358
51406202
