1890186894
724473
19050314
20015311
731718316432097281
730106429466652672
3286244090
1650692162
203239352
2363212640
337555074
842728592
128708419
730465411297247232
4852747560
4316320096
4348041802
725143171240448000
2868515224
1363005530
949178616
733222051436056576
20812205
18437626
3316070762
2588094316
950942810
734224806640508928
2305727412
4833216351
2922986658
2871756080
723561835820027904
88286816
712532445044805633
4861372092
2938383384
3292845173
1283567676
172866549
729272405101707264
217437030
725156513359212544
2786411254
4554432021
711297580295000064
867000852
277654870
3250763730
3704238792
705312325272735744
113283375
730901164942729217
3394211561
286855782
316404290
705456481018052608
2526991045
3297830715
541318801
2931060165
3115321395
734914603390357505
733230534990700544
3728098337
776809382
2938305509
703530413780762624
733556672010948608
182957058
961318254
576358484
229067173
2785358968
804688333
93564716
706947042174574592
2802964140
4866244929
703377450139430913
2198863470
2756381414
364159058
1586970919
1253774214
4919696263
732252284369965056
531172775
3929177685
729374647406329856
705450506718683136
734133026846867456
733105419069972480
155507756
456184143
359937338
992092946
4868710761
725489472138149888
727504576799227904
1641260388
822694140
3354691169
731706583558836224
2287129590
347473844
2711951160
3226055187
713159417017925632
726934167661867009
124783713
4870703980
413348099
730412824632172545
731740351954845697
708390708651098113
552844086
2353713740
3433047551
1290608670
724060478
3937228515
721359947942993920
724923190984740864
2179446242
727145565277016064
723277147943649281
2176899294
2990871419
734226824541003776
703647230129999873
377982164
3077239639
53886585
3307608410
2789441791
195777944
1149876397
13768732
3284608501
4883463736
4765050255
715805290990551040
3325835254
730074540873756672
262511337
714518279155482624
2990916838
181210737
2310354661
754964953
101073250
4865693271
732148078732402688
696823387511984128
702461807202537472
734044092049428482
732942597921120256
3082710258
2857766511
726849961439064064
2385164977
81830379
4516665138
2422172527
706819881182703617
2343297244
3816665602
717323208274395136
736830758
1607147586
406941852
75287546
203404420
3348340743
2153582689
1608988130
722352281195163648
364096157
442191768
257857319
4851881315
706156786391379968
4672568714
4615975185
4749830294
733497008292564992
2560483430
731075054176473088
730948166246273024
704044972274802688
4923384930
4585243756
705457751372099584
720000279928774656
2889850232
733983664237903872
701196794642890752
922429765
2491041006
716005987598073857
722819316136054789
228875324
3165315946
718926933082443776
555068899
3940593862
479116214
706159849290096640
13563542
97251972
719946167019134976
3374579357
2281980371
129414075
722435948953411585
730052697450237952
3288752672
2795625350
269043810
152663320
1604110622
1527678025
4484568072
4763028721
715330616208666624
4533666037
727064784022069248
3546085452
99443467
729023462342336514
725280728611733504
393340817
711571985688428544
163050353
3368423967
730500756499992578
4149220633
2574067872
32831275
1439852443
1003175226
3433045323
979155132
4865007628
3072688432
3011110263
941566219
1188781560
2237364732
729878115455918080
723030806977908736
71831974
703494125723754496
1639743954
293095827
4923052720
2178403743
4062514096
701002465676812288
63528097
700677872898351106
718981555062837248
288924868
280579824
717771971942031360
717057142583222272
388009025
420509964
505743135
34732474
2251900045
517295547
4571665277
18093536
708748101184413696
708022950125961217
1924210776
3093426573
706652435960324096
2805024493
250433871
2289878743
432759971
733656344
28406270
1220887062
3258059982
238202683
80615264
18106595
2808701402
1212520004
390970273
410636373
17329654
3960472703
707247409777287169
2481178571
435403700
2271889689
3063369529
3299409886
1541052584
3684275001
702183572384382976
4119586269
1643698152
306310645
2559165480
2885549202
3417580889
2162732583
4336123413
3246762477
4833066682
697068423361089536
2363127088
2921000167
706886557899300864
303490362
2401286981
1324030782
319097748
981119636
3951305518
706860143984648192
706038393013198848
4605289216
4771310235
495960770
3308452557
704332254445768704
705538357389103104
4549388893
3355817055
4900765056
4776601408
461338436
2994735461
3310722208
2458369149
390824372
4805487959
2288807131
545658099
2404934279
966245256
698852853385969665
3112572871
3469747512
133658422
4322041221
2848504641
1857588372
132220811
3294857187
704371004911570944
706617348938080257
412093396
2770037227
704070077835042817
1623591414
350324680
3883872982
971009168
2185673726
3038212385
707276759989948416
706745251407335426
152145272
1163931907
252774987
385241957
3979968080
2745463984
4865442833
864279404
2864930218
703493394170036224
202028121
1959835934
2807555436
4264239939
95978338
595129211
2896921020
3091888252
464961460
379145780
2170931397
3851954657
3030153507
2706009970
4634319695
244300861
3336050470
107293418
697906448592990210
4921567464
703394788762980352
3399139678
902873419
4241125813
1851513122
3183665462
2912048090
1962981042
2191660532
98499217
4267769207
703021602879897601
2434226618
702872367345836032
1020466758
4768504486
526902892
141303134
2763998261
2227575307
14661764
4550783022
330555324
4782659204
20892816
27771963
4835558045
490883069
320345446
3345735497
4106183320
4654754008
570139377
2790673840
2438543623
2827956461
2789981422
80703539
1636965600
706556000157900800
4888995934
1608567338
706067398160285696
127990475
3498241393
2688529938
2894989963
3317983759
1000748851
2507252280
706682279175725056
287235792
4891861222
3427833498
1834593324
390617040
2714709897
2164419698
113211856
703683588735238145
291956769
2847346291
2465752670
1311754074
3416418519
1594488121
3008475323
476358044
703714513028255746
4721011663
4729596815
3366571744
3384250169
4052971708
3291629146
4720934358
77743085
3313313341
1292066803
4637843413
188614959
4297669889
622258373
562968208
512801942
39829758
3277567050
4916887659
4926018013
700398211639345152
606244044
3285610734
49042643
264142937
94737546
835937850
3280628756
220949315
203130998
201194802
411809959
4878747604
920757319
81939525
3132363619
225048697
2240443474
2544527958
703209816282365952
26196339
701321102581039104
1975867033
37982492
21600144
17017636
838008109
29442313
81029970
15262169
1063825934
4842470524
2166999198
4875822988
2557393052
1268188620
4323283833
538595373
590924023
4334761394
4346823443
4779793346
439085084
251830089
4840041453
4888767549
28493687
48048888
549544631
1202384864
15473958
1432023073
44196397
134459364
1643913042
805429356
34743251
18393773
2244478040
2232649193
1205422014
27022632
181682192
14589511
361270172
81480697
82992977
21636770
2853910604
18463380
92148954
2444404843
19625257
16076032
2329066872
2806247395
4816
538021652
110316459
437627160
55117855
572225652
20632004
19725644
2750308944
322406888
25146912
15381688
112243365
14372486
53338746
2916305152
14130366
56991766
167267844
1020383864
9313022
972651
313589997
243827971
1075403090
505236187
416506198
365284461
177587759
334794598
121285905
110189258
621936041
303526895
467192870
794253746
163474573
312360312
143955414
327638590
2835597482
2155201004
114605868
249396016
237584726
63774819
106855462
124194510
785368082
115531952
828243301
364390580
484989512
1444067814
273734972
231859462
4411980675
106326436
28053298
4273788914
103677497
382430379
201443484
240308452
26746669
2346109561
1382909694
34144787
361156015
94474010
146497856
181494590
103660526
93776799
108430502
224083038
99994670
1666198716
65579025
40105598
93922911
95320845
33607167
89780852
173026808
553801933
102657695
94218216
253360704
120924941
131029042
68529581
178962164
76058527
123890134
108394147
112498096
81470802
33812809
78451687
43925507
72637376
174356573
419715974
85878053
102402541
145019819
131729765
38693792
55008654
74750304
101842713
156675637
30917455
14207548
14469769
177613620
1525893732
137107283
570193045
41376132
326817881
3155301520
224813349
56179583
429691950
44569858
312738211
14595574
140291563
285184877
16354800
114574568
195594653
85552831
1920946735
2253890264
60632018
150371609
95204203
18032147
21147560
111641335
18279194
175559245
57113066
34581425
46388145
44329393
411729017
2483000368
723517166
361351581
627553787
39367703
52863923
159143990
37837907
31164229
52803520
23043294
39392910
19607400
15754281
1367531
28785486
14173315
1901273544
59264441
2429073785
759251
14425825
22440364
27772095
22592948
25970331
15460081
50037051
34507480
42560650
1198988510
90959399
23501022
36139166
67961159
19735580
259375460
88763317
56798334
22819823
241544156
94889434
20710218
20558644
18479513
235441535
237738830
62980047
829673054
31451408
272250951
135249573
31126587
123417995
23508439
19362299
19426551
66699013
14790899
15097417
17199170
45900567
36690579
14444926
14791044
21305757
17196684
25108484
1319921
19602869
17883640
40495710
19073101
15098223
32378913
22192847
15703179
46669403
21910850
724223456
41055396
18080569
256672816
36141681
15358329
24382752
75449249
18745729
75343843
18064372
14791251
34738598
58528137
14920785
17936793
18125802
3063032281
2715115656
47786101
47285504
133880286
50374439
57097104
329746058
124335068
436292177
443215941
29233207
500042487
287874817
26020351
277595625
480930665
17844280
28644174
24807616
66561957
282789898
31080039
23544596
57084769
19637934
21035409
19768193
19793752
27711685
121626258
29344169
72423061
562381032
502135911
31312972
6480732
23027237
6480652
18548221
165511377
38611183
69406730
21718006
139162440
6539592
2317351705
316389142
16303106
111064214
115485051
15485441
331250446
44707441
90693080
1209309782
1209342523
45055696
16458383
302974524
383044849
25209206
18993601
19923144
30973
18470958
59199168
24574039
58748818
220843663
228822613
265554862
58834557
73443014
58233603
492399548
275871993
266336410
91408245
209233393
258951612
19212622
45006808
75296671
790136510
57100687
71023061
26588937
43139414
16302242
2557521
65733755
95023423
48516633
84884489
169686021
386189099
16262688
58816328
60395840
67132107
164122774
36980342
22156181
148496087
30855079
126146818
56736161
28164096
18128265
14880616
80943051
17444573
27083523
20661539
27091468
20710809
23518723
25170188
30278532
1036325418
40190028
555393138
116485600
1703636814
36511031
43024351
507010703
25521487
39204454
39635217
26946348
25901665
30095789
111968804
73218364
29663668
16157577
20299862
24906723
21278412
20518710
18653699
21475090
46769281
51742969
24275419
185487499
28683184
117778179
18220175
17696167
24606439
24795163
25233746
38802447
23151437
239527850
270520333
84169171
70872349
220785771
394590995
393145048
190074321
50184013
18704092
29844055
22736017
23561980
19028953
17915334
116362700
100425564
123903376
20322929
13064652
2214738404
17087270
19679461
18454999
16679529
126425051
115085879
21622407
19743731
87781747
19679611
21111883
23375688
27260086
417946070
1057226959
27989078
101928415
25365536
23613479
157140968
236699098
23617610
32959253
61830970
16403943
48492831
98448884
55307193
16672159
34701524
32135704
36362259
28870086
51263592
26257166
177178814
25677623
40451773
234904269
203879413
148398834
2451931177
250829695
237488305
370792843
97935287
46668798
255275772
33019698
218268226
92933525
47304004
597877895
359734726
289021028
1113792914
17646285
1590006000
1591066182
84320591
3104157833
884418248
61167644
1420188270
263155382
17033125
253596826
11714622
628871255
250416435
19935055
2578240705
483195215
2437662536
1969630836
3801141
11203052
21875717
23045524
256620458
76584575
28136194
27716402
19336940
19596846
23575407
38649019
98698378
14692289
7768622
35738491
227295420
16021011
499785000
56554610
191537203
72711620
56915083
23717640
79854034
27331177
63192345
52858691
164774445
39272260
147305691
38140624
28743774
274820615
69356612
333635486
43426456
120227070
29145455
116023738
17469283
144130505
77581297
1596253088
273747439
2807979547
246624535
3074401939
774429432
161280528
467520901
43403778
168735527
948668605
240840343
558237155
581405242
36132794
310476148
24271681
156956602
117632107
117618450
24342206
79758113
269552973
205441601
164326175
232049361
248829112
267425142
217160945
317370751
188621689
372525649
66816759
25629334
188922704
21056862
257699456
25100180
17980124
179149890
1016021178
15282830
19263978
872201432
205415788
22185437
47813325
2163648339
18481113
293941094
356790038
6395222
16201775
26074296
18360370
20265254
18552281
17292143
24903350
7117962
18371803
667563
16727749
14992591
19409270
15900167
21308488
20196159
19077044
24925573
11026952
19564719
8521542
26270913
20416406
16125042
33995409
16812787
1059194370
23083404
42384760
35982046
50811932
35936474
53853197
34430522
42562446
66162361
214505618
17626102
182437702
15407070
126756634
33725348
145664482
32346035
55080321
2188703606
24859220
92943741
20426939
403488296
19980947
1427136908
135203673
361258754
314485414
21291188
20164032
14641156
20167812
381956151
1301100498
103845322
560191592
428232211
117071146
859574118
139036342
20663143
1694291659
730754803
633295995
588233116
949428793
477692369
1262655385
109541134
116238916
205445679
1055483382
240813374
115663436
873172447
497177922
36323696
247392448
1042677852
39034077
460586486
621855049
118642680
407980773
1979306293
1246618880
274955770
1494210169
103927454
67261833
15737703
1604093436
56708161
19499125
45587414
57078373
41319745
121741070
130479474
31406907
102472262
25494592
71565070
314231514
61212859
18771477
16680306
36754801
14946650
31234756
2247938455
2166840603
17076485
15440636
46279037
159708091
19520983
18988304
251304535
14098533
886227506
821119939
175932631
628830361
78961363
137573705
567497229
504890998
738250458
1152748446
1565124373
23205409
1884692910
508929134
257847432
176582472
178891215
15269807
1963755492
111049034
23227517
22076797
22896946
76456971
46706105
26307096
22498978
60171425
24675357
495121239
321903666
42258828
198313610
36921912
33229182
227023972
174014259
214735689
214412242
211525443
575234515
32855442
450522779
214198277
974080057
613457864
243842125
195918337
75857216
24017696
491506451
330944917
381635953
335611997
1115429504
426252942
526671770
526605713
398826474
390177346
27068868
384131917
144075897
27712965
925524774
122039670
57735271
59499516
45629519
76646537
21056175
60316343
70996993
104259538
60171028
145394793
29045876
42708968
97270198
20514557
48147686
26597512
93469188
57301115
20100889
20756169
22588272
18083891
19022373
41657636
61049122
199950246
490150753
41248642
47359148
33432257
66995579
20940081
26475737
28211610
24343698
23733354
116699912
112427694
143466469
51813176
2270664589
81638924
170090280
189264135
89175430
1424229620
606518248
1045630836
2399900605
1340148230
1379010618
126894855
461345551
1340202739
152027361
466625578
462262293
602058950
71336928
407056631
216830711
226334414
221799766
174416608
2391296264
397906046
167714664
272561314
112457675
23578046
441285746
32904973
426951343
411112055
112289040
380399508
27105858
109504045
15931936
158314798
209708391
84279963
105119490
176566242
181561712
141045572
155153461
264107729
403255314
439125710
403246803
3886750582
2335024426
1517474846
970410476
43768955
74979855
822009380
1670110754
313072096
313609660
2840335869
2748897390
43171999
930303686
847831063
882706572
301078886
484477970
494456296
532368832
301083222
226285866
313099048
33918928
147759481
1016696390
718625752
892951291
590133904
2422770984
2256488185
963008875
1704926844
1375130095
1633839500
3397703427
2424669444
3258163465
52753409
86584390
1969712334
162331745
4120267094
210812677
740557982
24957641
125726577
26056035
22939444
90448462
18700861
27323814
18700216
24910584
56523532
27116464
17053565
29494645
35543482
18900580
25829789
105571819
65609714
241272537
19801012
16048320
18672145
19730048
18975548
31141686
27839044
20273810
68773897
316005818
142754130
312949300
90534136
534990309
2295843860
1099426842
135848215
610181596
527865743
1216323325
416390419
27624110
39611842
387825284
1168593210
162834027
148054402
2598246481
273244374
1003197552
35191856
242927046
89300371
274597383
166269236
270632315
110019303
162343972
41727485
164413134
610793212
21096258
29474197
578293856
45317603
72912912
37085034
49318511
27475047
64154348
44459570
235940866
341115136
22649951
38709270
127476717
408774102
355470127
56712338
40942947
37914266
32396756
32470513
25358238
25810048
441069688
1356720812
106751949
75049075
65184429
44962272
31398437
424419769
271915777
22651969
22541249
37508790
38815826
28511855
20683482
38132559
25308195
20555838
21905547
45524837
65388780
18624044
22014324
20867339
59545254
31983710
29784580
2187790794
44850810
97174186
108342621
104141653
15108530
580097412
107544684
237047303
241382835
182465284
128034409
89503894
127421793
21639792
411807923
77645932
112964469
25168459
2729985550
2440454424
455966729
6427882
325583048
16182069
2492990642
501975557
776424361
1287550088
1624209679
2414584717
256164877
115101384
588416926
17685510
69635930
28382675
1181122501
50205873
33041426
53297035
20196258
149590738
54187575
59949396
20180069
198324664
183075111
116710152
19879313
145337352
20749410
341191272
55673908
312653402
405357311
3020043654
38934368
509025402
168039190
1405843177
111514392
1246504897
44504716
1850008662
949596536
2436493344
529949820
404137465
16347028
31087112
573726684
233205224
18645813
203063180
26309215
138706979
23992315
618593691
41476705
249861690
630854984
2882134224
142028625
55748880
418380713
72495173
715004918
855107461
118163444
2724379046
1061755418
538788731
93015939
80990675
146889219
2563821739
1978274066
314083072
412700544
2453642568
14480397
24608680
85401970
20545055
54900089
394367221
95819875
46919513
364336424
280624189
872789472
25743813
22832029
22549812
22720074
17842661
418446935
95955871
27760317
18307793
57778499
68412310
98765275
807608628
1126867837
314792669
33933259
180821354
217518231
146569971
14499829
42651647
234053160
27758112
178117805
22019881
539004555
90202078
131609541
106823281
126664172
14348594
15414807
26072066
27553288
21952592
774295855
7713202
19394188
16190898
436476907
262355899
18450106
141664648
17151344
2505260652
359621966
1673861551
931528202
1147234909
2330583889
327457818
2247564157
2361748604
63150988
186310975
19773713
70957640
14100656
17074714
60050843
403245020
2310980448
18467383
31135856
20959714
201923339
167362161
137422200
64144638
138799178
1323404239
147544652
29098641
992789466
102417993
107544554
22160438
882573972
544
98475069
182326011
287413569
141307560
1009296320
15914468
26033281
264498030
53643297
18916432
332638587
74712538
18101713
741666090
104351269
1140
17732153
20804176
37228372
52837698
239509985
125270251
38720436
32113781
91462518
28429722
74469703
245452152
1115127925
329714101
77293452
242907470
90651198
189619479
816532
73483352
26519269
16965975
16568227
7614292
23585763
18542382
36346876
33860739
15625377
38681183
129051309
21661279
14991920
1239671
87978312
17844854
15594318
20622594
16517711
12804422
5225991
22061737
17057271
1440641
15057943
93023732
361812003
66416779
15667291
19802061
20597460
148924219
14417563
18533317
254186356
18465758
26589987
25084916
135108504
105251590
33515703
35810531
28059115
15227791
37710752
50393960
116104292
156344293
345265406
120154318
30166283
14286629
327526595
51564922
248039803
87952270
423721016
243328255
199325935
22208942
547926311
42729781
226161041
26939677
24086418
252794509
368220699
118780654
221383880
331283041
821304920
562075456
187697563
24773177
526316060
37753839
145784817
143605709
39355554
500492761
448196764
102
67220892
40972132
18104752
498517782
19661294
14138343
44636380
623095913
8559342
45114597
23611560
16409683
9695312
978195788
1381211
76652862
35762475
89168924
22940219
15178186
32224577
2800287350
710591089
2294957365
2525780300
153575657
734155903
180101774
747559440
1376650412
20162248
137074615
19911051
51086473
18545862
82070636
58562612
237737133
32351549
500010484
24661623
76286031
47982751
23122371
166739404
26565946
20696985
25524289
17919972
19323156
19388771
848868828
86066270
38883057
964212584
30847613
734592649
69542069
31299618
158414847
16664681
19697415
1191452094
1877831
327538236
55219493
1226688224
71933412
273637307
455065386
84434188
192069611
188487231
278949162
321183731
17087581
14815626
101327622
191863597
244629313
187719856
23315288
3388481
2567635491
68147542
976408152
29492950
48710148
52793806
72700172
1287680150
28994999
595057694
336129824
1307991072
24730865
84879930
502149743
259385551
65071787
148318873
36204358
17053116
215086934
399807840
99757394
2342425052
434963580
305186098
136382184
32594544
712425139
164231946
281971072
127649425
21898711
360830985
24248663
87440994
821990934
13547522
12656592
111032141
20015787
1655840142
20186848
20101791
88895109
93885447
64348645
90420314
525430237
813286
128705244
86330674
370828600
72506771
973605276
36649431
39570223
2468281142
28788083
581331535
419290603
408194919
632288522
68037850
387686234
88982108
95444729
256569627
221992543
27172398
236095380
1909503584
1078475659
15203144
200538184
2901288983
1607318150
2765655244
2753440416
186637357
1206282223
41543307
245969077
625475286
56356273
174018042
903015373
1700516407
2203099309
2465520397
2851513308
2412247849
962049822
2274999439
2434649136
2304023653
2312830766
2239316347
2435566472
2432343188
2432495448
2287378183
2434331186
2494083984
1145658980
2432845105
208271500
2433247615
2434568857
2292631693
144175933
2314561999
338661093
353690635
1732583774
2537972426
1541516936
2515930652
91244692
18333304
334728354
2592261921
2474663484
2658115836
604971162
2667432816
1541579754
2736312785
229065197
1588881661
2539460874
2371053108
393170922
26967581
60757808
242465466
2498246894
2517060727
199085031
30977179
2843336239
2785015548
2866331095
2149301190
227209030
2578876908
2407710345
324493346
335262297
217513335
20221607
17230513
334670840
378567105
876351889
374047096
2351012047
433735298
36069318
1060688318
40017463
18540698
365141973
68337426
34338425
17889233
17784474
203270460
31011590
365402019
90441452
492769944
23987375
242886486
279172161
261545265
50414306
158027191
3263781
65732674
257434290
1489733702
848019920
16089159
25568489
23723314
124067332
30975015
20545062
29974377
239228211
20657548
349397487
224674334
39375552
1231324033
63582915
153064381
35873382
168712593
18013218
511534468
2588041315
29351190
22519198
43981973
22834327
83574284
488795968
21453888
224683416
26856829
1525191432
389952427
1488063451
7302682
394677123
18369976
2730383888
17222678
117193184
18026244
21156704
253716649
360052100
54972687
241326053
789684728
65167590
19364233
2234827706
70994312
355692641
279254952
260128952
30377024
111824995
333542225
474209452
151694937
59199657
250200187
15235811
411075573
15885846
17258897
25744291
35325546
785297299
246136691
280156952
543091708
487250946
237316782
1164104076
188790798
362459531
14821908
2244427351
15448517
15095316
17985313
2687908578
186221244
477448018
42270599
2668528026
90415370
16119842
239760107
19885140
19262480
119363753
27501047
31327693
88488995
254427079
50803395
138774183
165841375
257126442
34463987
113776128
156829894
2587318027
11861732
78990553
17494046
18396706
108382988
297047872
54999357
18057465
172933437
33498540
1575366032
113274131
19939679
1015889594
196371325
27335801
35484422
70853191
22632120
125361168
426487088
18353813
66302603
268414482
469169735
457632541
76535242
18863815
67995848
15224867
19209714
21891735
498716358
19373710
38298101
14216203
18007213
24886570
18159470
28759876
21133007
805240801
75916180
299112358
65033956
119875281
186129806
847123669
166747718
145835700
513555320
135857496
481229725
11247222
36059236
24752200
19340518
1019555479
25727153
110505828
238475531
26090319
246825422
225492471
85452649
338084918
100194476
123381234
16998020
31927467
14230524
21447363
79293791
44409004
399888877
161424825
17006157
38633321
19011738
17614582
23491333
27749259
190946220
486927315
113259973
18622869
16244449
22147137
122396746
24926413
69964783
3022191
45266183
31093615
52368140
39597481
21001379
20956686
136674424
45788610
125077669
37093178
20565284
16542877
18625669
135897307
21086501
73365668
235754131
76791634
43412697
60972923
14066024
51462013
14220688
30452129
15458181
83407812
94113060
115434851
26043177
17461978
18750157
20458588
60971837
31369541
17601969
56378022
14246088
45777849
25097773
155705264
39931385
21568477
20541338
27476141
25142830
19691643
14333239
23976386
98256981
16185414
22838300
59399268
35727881
34464376
34914032
294636267
24693705
15852417
23032965
50883209
26131703
23818581
22611082
21113023
21391306
113597430
40101400
134234000
130151627
9300262
21787625
191795989
35017304
309836260
17093617
20433284
14717197
25099840
15727317
16906137
22085184
16098642
30364057
14824849
238319766
27825390
14075928
23680913
18142856
14529929
11640472
38709939
50517206
1391451
22493307
15846407
22171007
24429991
44039298
62971680
27943891
28987332
14515799
742143
1223113206
46740920
15891115
48462490
27064748
17019152
14939981
18033062
127613663
48504743
9245812
17471979
428333
14511951
14293310
2097571
5402612
91478624
3108351
51241574
1652541
2467791
5988062
14780915
19063323
16870853
10567552
930620467
858924511
195370058
14089195
17451031
7848802
265496446
36715841
17230018
26053643
17486893
4207961
52586630
5943942
15220768
18510860
205437050
10228272
41265813
184910040
14523801
27195114
22412376
117102398
41605989
14697575
23839835
