708888674956550144
3278343782
58309829
51708033
143819549
703571644485242880
53225826
21637552
4912467740
832029386
3456174560
579909205
4102219452
3547392374
2952891378
279521193
1048429122
4777152150
91327810
23373942
4565934744
4231316121
365768745
245130516
171337448
67309732
267718482
4303384288
314982558
1649027947
4026909879
872941512
4217731552
3535358772
3869629032
3286239114
25272149
219674636
476367648
2888853852
3774762387
2454614971
3170681557
1274508427
1320175688
983756827
723742658
4173411434
3258880512
2976463292
3602244259
3368562194
3613087333
4220954894
122609727
1011296906
2726058764
137654214
3306802458
3481680614
4311943273
118101971
613429403
2466499093
216616419
2168150928
3308887490
23482357
4042216394
4281231019
3457104673
3299469926
3260722346
4273334592
3383189113
3297856381
1953501446
2620597856
3838205713
3745468094
4199773153
3244544185
3272760044
3468872474
356105659
3446920885
1127926933
3691444892
258886123
3504190934
3613236210
3301396250
3420630447
113173167
3487122265
2755083894
2482046167
28763024
152856447
3957327073
103505377
158714107
769797708
377443782
3166565659
2810654929
79355995
147791622
2445628452
3313817827
38908587
1605731636
633412864
145514541
189503518
270176702
1263292416
3544943353
3299032453
3288958441
3499972399
3312979314
3897741198
110079891
3300931226
3327562608
3311561618
635795434
3304208106
3291800630
16115176
3250891267
41118701
3287233182
3477747612
1299663420
3329145547
2950829886
3286055965
3282487069
3130440619
3281368988
63701775
564758436
337886919
2476511312
114409693
2596187450
135716632
122278704
102886016
348166156
425573156
15371662
62728805
1450895130
2650591923
41097468
77723954
72484541
2573111521
2549079343
387585813
1025517128
132991507
2287444050
1351436407
2325836672
141765996
51001827
394841906
350066710
977649192
90836187
38492736
262657733
21281712
474871087
472122299
55118669
330826792
34188130
122607870
39956328
453509916
148354126
165289700
98310564
50627014
47861814
92174767
297169759
17919972
428258461
428333
60583926
171574926
2573108648
15846407
38623068
20503999
19397785
74580436
21447363
21111883
233430873
202890266
54149214
204151028
10228272
62452990
180505807
108534895
783214
462767134
124038192
5402612
500704345
39455426
45461766
25954814
177142487
94713472
76589464
26395676
109213578
149008432
199274986
753305642
178278819
32721501
74594552
813286
14580438
35142205
75949676
74409069
15448383
41889498
69824778
160012378
16409683
44126211
261003720
22650211
39453212
19248106
85603854
