840381811
117906822
2358445830
748370299
594964231
2246526002
144942370
4191804136
591231342
705437492468719620
610042544
238664809
2582683652
2757489860
2229134554
480776689
344397827
2820894464
1051696225
444747219
941776219
1587757568
3383159805
4186297633
3233864908
3392869060
2504716462
748579490922627072
2790500681
741870492
721597121879629826
318179217
605866346
884005789
17936793
3514993643
3004076017
2385591109
2249807034
114623544
2793008611
826677182
2883506095
755396886
468499164
3249492904
2465043810
504486349
1477473954
375837786
1626209533
544550087
4831567019
1443613206
2559165079
3999339255
3047232086
900246487
380797866
357596669
290755119
2849139485
4120787577
3245020491
1225677956
2957082762
1003128835
902592038
544749968
2516408534
3375015680
1034075658
811831808
42202183
2523077768
2611797888
2893711977
755108615904780288
1697783586
2311365752
157199975
472403029
1563392046
2852286686
1683671124
300264459
2413135469
448371943
1627497396
518443622
254671751
4298289796
2349305206
2955449511
2796842769
1107229160
1034531510
2892651927
1738013348
761880765395329024
759379898
504829477
706245863232958465
3426041339
476858008
601401140
2974939017
1384579722
3272163805
1725069944
715210240342548481
1143447620
2912061139
938358931
760934026274344960
2765455185
20080822
1090327572
1596196800
3036654017
704024021
1631340224
2481623035
2857669339
2282396534
2999400146
3011720334
2281667462
577323813
706550142300721152
1676632765
1607252780
633507950
1616336702
2391373644
2766671717
2488654273
625322920
870556014
1407061356
1021084982
2643870191
2487060759
2481078036
544949686
2646508885
2737647470
3177519548
3016708302
4831013620
747875794215641089
3379359779
989310140
745728003922071552
1274645292
1381734864
2737879897
423708109
603802651
2281508619
1427552948
769385306
2451285803
2797061414
157635692
1092516096
2945094665
730965608733409281
867599918
2200469320
1548331634
2558178323
2547232135
4417134711
457867273
201150652
786119220
2308140758
725074577710321664
1568482280
939481236
2493282271
851804096
2500825017
1220252040
2650982934
1158743288
1334204864
2738269554
4869427258
2421876054
449750512
1617879506
3349407347
710723136
573836524
2166634764
1324868106
171682730
602058950
2641732443
708848440613203968
1622079043
3100588038
1458139898
2225984652
3378763251
2819212921
2936610026
322170217
1319316296
2321938079
700159321
3221046108
1618512620
2840613971
1688888366
610520294
2331095002
969359198
895307418
3459438146
1918255076
2877158080
376421505
2322154748
1668790280
1432660345
2861067683
1102446691
1304859528
176509680
362067445
1420939842
2996166689
637420041
551685418
1629787182
1934796289
2652543913
149471456
565896642
476786925
2573346012
61114561
2489705677
891389454
1328302616
3424351818
2472634159
2856986592
3034942833
1539318740
2790337784
106235248
2233627904
1697918126
440477563
2299867314
578849272
4317912742
3102889881
2405544109
4098548423
1057986746
760722067
1684803554
1539507510
1040534005
3039535721
3971795352
2170262045
591246404
1707048188
460258624
1560377466
1108551259
2744818984
1411401618
2166332348
987079016
2390209262
985102435
4865811358
737611651
364892446
2519077859
2406153129
2740708596
448090107
394039977
2314414758
2984024470
809512153
590170595
171496216
2773000393
2892030805
514480263
355795737
962554938
1685433746
327583796
115988892
1147538318
2876647537
880850490
310072711
405728790
34507480
46832898
176566242
105119490
181561712
158314798
84279963
209708391
214942749
