3873867072
3377085312
2810654929
4923751322
18625669
23976386
58309829
4842760292
167435684
395804505
3650387652
3105699768
40596741
4362618552
4109919231
3306342980
3954571034
21560677
123107484
3306730099
3627943525
3334126993
3281368988
4104982032
478131136
23482357
3278288420
36846589
122609727
3388814473
1062791892
3072435974
3305895673
3312049394
3289789711
3294167456
1579028893
3638093414
3309489938
3299115044
3299469926
174567731
3323277121
1448127624
110079891
625362087
2894953435
3663131545
67063362
395924293
1414736292
3768049634
219845616
3739177814
65237354
122924838
200367471
3301396250
25272149
28072514
3023542441
99744483
2298602197
1023132396
1402417674
168553330
3663201919
1424722020
3180154088
47047335
79355995
38908587
147791622
67063550
2219270856
67309732
41118701
2645377381
16115176
1014583032
3565845018
296659455
3300135528
2179817840
2834125109
73228435
1562027946
3437869945
3166565659
183339186
3287233182
1429483304
95641918
377443782
3393339138
634531614
3372795258
3310322131
1662912930
3310105632
2191820155
2370578845
307088025
51456526
240611246
108534895
710117845
149008432
309124864
87702194
2999032106
63701775
703958736
20565284
47786101
241990824
36008570
3242412222
34507480
316296994
23911795
2921185008
95644693
62513246
166739404
90021519
829207165
337980728
146053808
154449193
65878988
67014475
332638865
228940293
110010615
761246743
42170630
529023171
305526508
538843820
554574789
963647228
312557359
519470605
736443050
365606681
259195959
300548967
871963218
1453545864
43275222
29628942
630337617
5402612
60500389
1649958450
219674636
303003653
151418710
500704345
392765652
456640272
150178004
215825897
1248208405
2737146612
241394761
1105141916
2545432254
2358341593
450297822
227837742
1961716729
539723208
558617900
1606280521
271145197
1724418582
603668943
180505807
349659099
1663880922
68937878
1418265787
18353813
398018384
473466740
460870478
501583715
26642006
165770335
121154669
224129555
273516926
548940718
472546062
627094179
382585400
283135838
743234220
30387090
201095003
181561712
7428362
1498628336
149993274
65739266
13058232
12925072
305513515
85452649
1170817123
342249924
413487212
199200701
38364757
393743184
1263292416
59725733
47599454
255876887
19487363
307323671
251313143
6427882
146759603
33636164
84032270
571897333
384331504
274650599
209708391
276563170
15224867
314703394
736323336
63166021
43103134
454808713
49872163
24852465
77964454
28531643
130793828
98310564
23294489
471915618
481856585
350930062
29382644
158692411
206119796
175702199
46081647
183078358
828742454
623456010
119348378
39455426
34908898
409486555
485801479
46602211
453509916
461831322
456697074
454676366
325032887
33846485
79122272
144847609
34110125
58183056
73992972
44046882
483698667
78886028
118604550
462489802
15422794
27191144
80847050
68383844
68838777
191085528
32453930
185739738
56405314
23737582
44098795
261582186
429660101
425573156
428258461
348957391
328918379
69090023
263090449
342204237
387558105
126708703
73372997
236718069
280901051
328309417
100127411
17696167
195814782
66561957
19571299
305708017
48410093
49110693
285282053
26722130
155159271
189503518
48422786
178966153
39219297
27678749
169330658
153716382
32529952
296688108
22179997
20491503
149049463
130682467
29932126
23083404
102969004
155110443
127808792
335691457
40511475
354675349
23690344
214835703
304946304
152099210
44545832
50751556
190695600
255384702
74666509
283783357
10228272
39603607
39532815
56350240
41229669
26090319
329345024
104249727
272349738
56783491
27042513
48672487
159525547
58745299
59391252
235389739
231500791
6211972
268414482
147276181
73859330
204151028
249185680
37351438
63172203
313138051
90420314
19562228
184910040
22685200
185164577
240486841
14380925
49573859
268439864
115251091
195415415
32959253
65301439
51679886
122278704
219605192
250088163
174121205
187876749
32985158
126313316
226868108
15114532
161626425
19923144
52939106
279338697
82308109
25976458
89644237
14824849
32632083
264058981
35787166
270176702
268371982
56481539
19675870
76589464
130307120
32751684
120689529
122605456
51863379
226781129
207650884
19878288
19380829
22940219
33958980
27208584
271256848
54621273
94713472
222391597
144764240
218421917
17790164
248165139
29801327
170292467
74822851
125085094
287004448
265852082
50374439
266536839
134936026
119509520
99050904
197807757
61465045
185074582
83116794
83241561
265904439
283386604
199274986
73314590
133570350
33912565
204721531
184288045
109887652
199750675
25007527
160583564
55731241
155488646
186378778
40607359
236033901
226829958
26322821
43925430
258092886
259550997
58494225
171865351
118006312
38652395
51305561
41991527
759251
98290850
259379883
169686021
92367751
210353625
152185699
50393960
17122938
124721190
23375688
23648057
91189177
85603854
133880286
147786739
61142074
107345253
32684900
183695061
50627014
116487600
184847614
100220864
52551600
198175318
33184997
163737649
119621455
76051671
248585481
177602921
153011582
42001444
42389454
168221275
137863193
145514541
254098644
36717666
40908929
100999142
163824332
37397874
144326406
37566204
224563066
205150315
253428650
177115914
35447989
143380138
198764089
38800481
89894658
201576017
165289700
129144705
146299154
33872505
89721978
155891389
198558734
38122006
111025475
22745684
25254421
15371662
64767463
38623068
106938240
28944557
69491538
9547792
22465833
48598394
15749825
61090447
180741633
27380209
134035207
43280667
190955393
89974322
56323558
30626264
33112538
77553638
187572385
18874940
102011312
120504727
41745301
172295076
33494967
156567632
33161921
121470811
62216533
118568787
95406525
27876874
148354126
80503347
144814842
133289789
79037263
162646026
93872281
52977655
93635353
68468333
124203806
51023844
149842206
56323520
35142205
63333976
202890266
93406818
183876299
47982646
109629603
181969755
42363967
115368958
33900630
61359177
60920735
137214792
89435610
43847271
42179718
124049939
69129044
75444699
54866152
105001940
39982611
85736642
24508384
132876803
113341451
164255906
189081447
48267835
38799543
190083997
171574926
27847535
74409069
54149214
39453212
21987582
15375209
32391821
62452990
71870381
125919934
140264077
190973276
34594131
136881984
63596465
79052405
104448662
100932815
64038747
139349514
57635158
138390685
65992743
9160182
156918895
24111037
24929621
32721501
101496514
101986616
14808309
27260086
116077660
82419120
62224780
109213578
19058681
84109416
60868315
101108297
78236172
53153263
813286
69068481
118552439
428333
31685653
14571301
82135276
101440299
69209858
35443380
65694131
121143179
30104231
55753842
61507091
32879674
43032508
76905107
38681368
19329393
38815052
50294543
89142507
54236340
108345784
54491455
81178085
75004333
22108885
20503999
30194318
134657984
109887799
65798580
78644553
14681605
113603164
139341249
39988143
19345922
39793392
70689475
42613274
83613107
70071092
26395676
55807518
35376762
96089471
86565815
43091992
23563059
58152290
23563916
50515656
78432764
24143580
34252332
26243698
78218445
64695259
65839868
21573584
62220210
19018401
19248106
21447363
26565946
46576295
14230524
16893886
24742957
23042027
15846407
19397785
16264006
29840295
18222378
21111883
18091904
26885308
17919972
18009781
35094637
14216203
19555067
3004231
27750488
33792348
39723049
25954814
31293110
24886570
24285686
27966138
28706024
22540123
46824381
50750339
24286351
58528137
57725930
24512438
54475726
43003845
53226751
15390429
55217483
60583926
38175655
65212470
41889498
13929092
79293791
45461766
62290422
21774892
2883841
18228898
16190898
16409683
18863815
38670949
40223363
16832044
