159079406
705248533188718592
1239739776
1083629070
17814938
326263886
3110419448
275958164
306988813
732525961443315712
219997270
751324682335420416
2836740150
720172726351081473
335751259
4245570313
1260729972
3710230697
733674945432158209
2777216232
2920234311
100065631
937720190
4786485154
2722538149
153777841
732810431035740160
2840119261
2305430098
4070788392
85763044
909739124
3038344380
2832697342
4926235839
131165407
12391902
536740155
263073412
291831562
3249410970
3859258023
2270583122
2295930691
968525282
3353722634
3093926675
177490797
2462628570
230465725
189862077
3058630855
3374063560
703912450048000000
122273984
719732023150120961
2808905085
15604825
251131699
4647436401
332792979
2412051054
351768198
2555122579
3398600260
2402060234
1900651369
307753350
3244875551
713719869708050432
4114650202
96559370
1155116132
721279977702862848
2462607626
1173845953
720272523166810113
4512331393
2331584522
4872076323
171511513
117461532
1711521932
431163958
15972374
304210317
3149146321
701122294022799360
2361707564
4039092496
535677385
2154475518
4923260529
723137869431197696
4898254719
2218362960
62503583
112411669
715381120062230528
1380293216
4563691342
728663079018434560
722840000732073985
226689353
2733587205
3433028235
4852451321
2209592418
244627772
2826874038
15190357
782333070
326204135
1326900277
2934104576
150770599
141016836
630333837
3000989895
253167194
620955813
2605532245
4874325155
2565546859
2612311915
174268495
118655489
198483889
3227204152
375186516
350805634
4449824052
2968252818
26493482
224778333
4518265397
54266542
494468142
193826447
143920223
2371434115
830705222
3123765605
4858753947
3627047834
381633083
3065257400
4794329533
4802337373
36207176
3007434409
255555288
2393702299
316581618
67310480
2213988367
2709250490
288841963
265219047
3929703555
2776179746
1588845806
302275288
127673986
376823962
178860293
3157203507
225245149
2384758345
739285123
27715547
81774795
423070387
14327793
30901236
242003048
135955994
3291337947
2905540594
348127618
39952775
39576271
52436865
3429806050
186374788
426723697
127967449
2978546749
3306550580
194377912
830923800
2519969700
16703305
481519696
3761175373
2313317291
33281074
378204367
3231069715
1482854041
2457306370
2279881490
2320311408
4011780975
3667473434
2695245037
2954302850
136102085
438596495
1620904604
4742668305
103615194
332307009
42790254
2366853914
1626294277
4875290938
3099998286
1347895387
224591625
454410641
2719825639
1796082210
53282955
65829102
3114784059
2522889481
487989422
124949619
18903939
107738189
720335136
131016563
3269560658
222833586
4440567683
2862375177
1451103871
2396634450
14732317
2909240846
293616928
316142129
2613143381
2867018512
597652711
2593356022
29807612
3179036450
1942859568
2508344570
4087834999
46288579
2426881256
2561370960
2381183066
3300809506
23304078
556791061
2762489252
61067051
18065828
88654966
21641427
3673446982
2349327757
4044055152
2299152019
857198790
282742400
2850850752
4364416214
2507019541
271531375
4001106136
3091322530
53940708
4048349253
2914151438
338448758
2841481948
126125835
348353162
2635720769
2535695449
3352285119
3837965832
476642851
2994521514
2281563660
4032274462
2906948447
2451821426
2889413734
2197456512
730735664
3348361281
1461262015
3964911796
3239897571
1018376666
1526976757
1605744104
626766771
608469433
410805973
3066382722
3327594953
2741758937
759648163
17947981
24839478
2271192644
490294730
146947063
2766768008
281570507
2868860479
871959558
2150200928
607947608
1571631331
1645063657
3014466380
152132466
2499035575
3278362501
1334806249
498392326
207700097
14865505
2886226879
3945932484
3241804296
16264803
3188049300
4004133634
1289621131
413180382
2993346555
2991948728
3537156747
13440852
14242942
110356007
115461582
81305054
132624246
3489595452
2707491956
16518900
497047962
1911661068
143377881
1672450213
2880196469
3405600862
153160988
440638344
215329928
3122187911
120207925
2862364198
115186691
3406403592
18721583
1189008036
2869844368
3505441818
33543414
411525579
274295451
1133110230
236543753
3869727623
3240223393
3092194948
3092443319
327672977
272175633
2887206677
261126056
2430564295
3326913273
2232310873
3497869400
317829498
786223237
291612075
2611193768
821785831
2891592690
3044842180
1491065210
624036196
2202380756
982699662
338132002
2396810687
1430827141
2921740800
119995090
121888953
604243577
13137022
3008620010
3416875154
109919014
1965716257
3389726416
313055473
1599841248
134808118
3371116804
1087860428
331518851
3303292196
313330282
601485390
2280670142
316285143
2895383360
78475586
22041124
190406668
3064768409
85569621
120293725
964634690
3048965586
3039981586
2926551414
2499744140
2290600011
416370934
529230543
2984028227
2999635392
2331619862
24801840
116548789
210118359
2762445576
13006812
1808303750
2908961389
2729900360
87348533
2487396072
1579466677
2524185320
1299542456
1685247319
1271337109
1306143422
271254895
2454778656
537249297
1625342730
39072487
2821193453
489583152
2477868655
504914052
1631690599
1658428304
45141781
2149971637
15873256
257188439
2522512644
2272994066
2266042154
2202801997
246178799
551918339
2247138962
2587120760
158636586
2699508036
41410540
1361514685
7070612
58098985
253007970
253007428
224652032
616261295
45134351
2324249787
296656962
357394248
2559172446
269888006
1327228806
1971767743
2465228412
71993921
854003881
2720912002
627764842
42267221
235563831
1005955712
1640785400
585691043
1348574227
1029558944
790838774
572152007
445903742
385505355
1903221542
262934161
323271760
848294648
715283562
168613074
2449829714
864217549
99672583
406131083
2344609782
95864885
1555032044
1398924954
2149184010
133696904
123412609
1188621434
2202736724
326228326
738227425
23632704
1662883267
982359403
2199605828
1734424045
524304922
62257103
1713963577
191522649
1350831721
1555469929
199201892
1278977958
139078347
614969687
1476137048
998819912
1259417292
1315424382
286697417
385444902
449567580
354372700
1573250389
1318559503
1547279256
507930316
1259226391
320735631
232119766
354745492
266037768
309219893
333795121
530823308
1084675550
307729750
1293208788
555223060
426754936
17965907
218803977
912417840
97703895
195313187
524276000
1238013152
1173384577
62770585
428704497
1243007604
1196279450
1132567532
1097033498
353393399
1155949926
897936511
211972624
486345763
1058488460
820275571
1060437060
728045299
734463019
588420029
430530327
813452036
191478060
181188941
177898719
264240337
28399619
136451217
816951216
501564407
893083172
496654051
216186762
732442188
300136652
136207489
401625307
191668482
868387076
81252694
547385461
854592092
320719434
227674583
841274743
598790857
102922895
65609682
556541038
164907265
579811889
590953619
397750514
245783381
330899060
147481705
318478180
369085245
607388421
470252971
252345156
345847763
578739257
313396079
562476392
479548224
428028788
91810550
165748144
118617020
207392110
296681805
347224032
383252268
326134130
406138191
463894000
72161684
18946196
91551881
542254993
556832871
231796277
134818823
305610273
500395283
91741992
329424508
109083470
226588264
281443573
121958103
113264575
223953671
94488883
151763366
419339852
439769874
500906680
445200355
487889845
15657266
105731147
220054400
252670728
156490882
126245728
97250584
339054833
451302329
457229818
109465117
420277109
439967140
445552542
401496503
251509203
128130521
140084130
398945793
156509813
415986351
81967714
384811976
263586743
201673948
394727826
155546700
406511059
403446597
369413188
187604239
95279519
132434593
214712199
166114194
173662035
152585619
369350082
96467905
121277783
373142374
367685254
296990222
296172140
264641482
363731068
298452460
361860652
100972260
252012439
188631372
236304442
341531430
15020311
88812557
230770301
215549675
347668645
147101059
269198109
284442511
63486745
105503993
127200841
123839311
135679812
284121894
100942428
191190091
264449728
120359280
288078230
66190877
95544556
49990273
319000255
288070456
328218347
259662062
75572646
129493668
295061535
293432211
106727251
287100355
76698941
149792782
120029938
276105342
202982080
306119519
15978114
219505650
113861296
75555993
97151319
284276606
113122120
294204907
83951890
173356107
298504899
19540705
131824731
132816405
149849691
47885042
130191699
97193755
124409094
145561680
94765271
17278283
125507196
162604069
295028532
269513212
272961551
131732139
142962547
205624761
99271920
100141059
241922977
136569384
131456295
111624231
212897140
145976497
219588422
91134058
203806703
226630419
58707219
281392048
111791838
175794803
287118388
178363589
138996067
72189363
48264099
76848265
232199087
18331441
179514950
231011473
192473923
147605201
116190721
218374376
195756790
273520241
107697956
186307000
281395993
229371101
222364688
75829759
69217830
270821686
210368255
268230361
227023310
278952209
9430892
90325839
