272086062
28565356
14129316
77314408
20483883
19400168
331658004
35810531
93477653
19069485
20674369
22453191
2582596082
256494757
600346866
15382376
120283528
176107328
512554477
12
255109294
20293350
20383443
17866309
129606421
15129265
59440137
17843
23609323
12792702
233033353
14421572
3446291
3110800479
52596376
19907085
21866939
16828440
14621024
233344316
19416833
1209941
492285158
2436389418
12021142
1489691
1477619106
17687028
26868597
21911761
180730203
40256494
818201617
87443435
14082466
525799196
158305164
224894035
337594915
329877250
207258117
182839127
14862077
15153843
56819005
83445284
16299754
19925839
14124673
21611439
499187808
611652369
4150581
147905103
95245152
17533759
779053202
33552148
28779088
14091066
333985521
12491902
23583267
704793401
591313
454784247
14832852
273312198
37968189
14980240
17033908
203158279
14115508
422391858
120605637
14541696
9596602
7694282
6120542
19720970
2709980980
407724136
14420872
13010422
14454645
14671755
318803147
6413002
1081901
99705153
12790202
