947519257
2904156278
3298464749
87710468
23183281
1065332430
223604189
3219964753
900448700
3147799458
3239596364
750593076
588559501
3244722648
3243117553
145261153
1525342994
182345452
274150433
3237529968
3332197401
3228946784
3249836778
21825193
1535569914
3309330160
2865125200
3335434702
3255649111
2222642842
729231176
3186896389
616033457
2922434642
382508590
1124779255
1927641128
3268672206
2852066026
428143255
3259411297
3271075230
3228600236
3366235649
3096501499
177584156
3274459669
3271397462
3370215125
3274775688
3369498333
14133679
3277055694
559466018
3076516628
2216246683
3272937949
2426666569
2190174090
3022082509
3061393028
3263562728
2930883227
3177367544
2393673843
3284617429
346045921
468365888
3286406941
2867934247
3249713412
113700599
3289544940
3329073447
3283513423
3289339716
3291361639
177319531
109272922
316561209
317395158
3301655922
483010845
3385202819
3149593308
341908197
3311187464
2821998750
3254816382
3333491344
23978832
3315307898
3281073962
3302943330
1303136983
130748033
2585962830
2644522487
113422725
1171804310
3345397332
225859044
3384242009
2800434769
3404258548
466953623
3400357212
238089809
3293664024
3522544169
1392603529
3345658319
3385225634
3460963226
2225586758
3237557217
2751358837
3344025633
3343735949
72650262
3361753159
3510841273
3142221665
3620181028
3612619415
124949619
3620142076
2700736277
3634654456
1032615842
2815076546
30646443
3331108714
2251623588
3660473353
3533855533
2433335246
118168968
503140911
554985858
180159966
2524539090
316320797
3393265221
316409607
162321497
119004703
3662462472
407124585
128334990
121629891
3298168610
97155771
119644401
1082865211
240285915
3107395517
3750108986
3841803022
3273528815
16169289
3881030475
2217961488
316544434
122524092
317681379
3830861415
3761981653
29015085
3651818597
10870512
338115221
1735787172
17136735
2200401781
2486034890
316573091
1018334960
196220287
2916248398
3822641353
272587969
3616359497
42906143
316480694
69525033
288770779
27217647
234392296
3957834555
3284812825
511223459
3668540473
3951371296
25712530
1098728018
2237735438
3675503173
3985307842
3503622612
315778356
1543437272
975450222
527437472
3039141896
3927197662
3074457393
16634579
316132991
3207804497
3528757157
21318431
118098522
488019045
3465776774
2481431462
43127620
3145358353
1024538046
2458549044
3475931954
1870279434
39724278
2918587456
90819453
71330454
231505530
113174887
239609988
855465590
2791101299
480161770
2642438760
3071262548
558856151
2759389554
3190330808
1053789554
483841336
316044436
2181073255
316133399
478042067
30249176
2919558187
3183909451
2879760845
2587327496
3225108614
447684162
90777412
3032797273
261907125
2403331339
2867472835
316547212
316608738
2939874825
2759138339
315836460
2890303152
81305054
316620274
310337022
672823
3218998698
317603970
583128977
448154755
448189265
3188339749
3304289541
3106270132
769936454
826299926
240918134
264155854
2196452947
3292097296
549602180
2471781446
259387703
2226839804
446341631
3129457601
380341894
31712631
893836951
19676754
26539442
310282918
316391349
2588754918
985093387
434358996
2902723855
2949351225
3181930934
316275784
2863673104
315819170
2584564663
2202626443
14722676
128676094
317336801
316593041
3120799068
3197654188
444589702
2893076684
2253685206
589171118
2473142576
60829995
3064970422
316544416
213823817
106500482
119881229
390822751
315766710
184524354
134242072
159049037
435805266
2919494178
384785417
2708324454
317536128
1650897750
337736742
443820674
485130799
2835502255
2563734218
68567871
1428434406
1108695031
1328750544
2834221130
2181493465
2810510874
2329270358
3071724644
2963826765
2385028128
3042883532
2477310884
65893882
3002788946
2988193985
3195403465
317628034
1289175510
3194045312
2899273538
509681265
378205013
2902346720
1862439649
316622807
1960789190
3091307319
317467163
316573331
17907265
94622658
1316512350
3289892123
337789361
318125742
2232923495
446495565
2830051135
222075490
769912584
60121599
219496700
394763979
467398873
874656463
3030545597
3218494865
107704850
317729310
318030308
3246952575
316202458
312133219
3193027849
317694925
316441586
1279624999
448021250
2379615913
317566698
2200912852
393259427
2819484910
2767186824
3144785139
447633408
1970734933
447456737
2954015970
580226008
47336979
447175750
3197245559
2756006387
2949786718
2678554854
3244056171
3185507792
2531875332
316621533
318394106
443190369
316327289
900231150
316563055
282099011
318114283
316602467
3161939192
557562057
1050727783
18435068
318074768
2269407732
867104239
3185516293
2999337824
3181396598
161361782
338100306
1044661212
316539582
318171243
442571559
21070366
316593394
2416564207
21824723
2286928993
316496217
3164117660
2871864134
317606583
316604903
1227841561
49449357
2832756494
3037744532
2987184209
989719159
2550332301
2793459456
1489418258
2357666562
3246551368
3004087306
1655547871
1256913534
2523069704
3028340007
317350464
316557995
3242943221
2425277431
8813232
445925222
457155962
446301785
242935225
247583002
316581761
2511145880
43712038
315797670
1606155481
310258379
198483889
438064091
3180637440
621583242
2565716761
399589312
3181758325
3188078282
3178512170
1572251882
258477807
2268110735
3179284173
2351152392
1655367061
2454439501
2416233654
943626218
2749463678
310357691
2881860036
254057068
40848717
637177959
2813712041
317005063
2850385271
2328408187
124940096
139960419
2334302012
902434376
52296517
29780938
2427554983
1026320796
945122066
343613500
1171750130
3108372354
15147261
525005120
3231910455
712949634
132806168
123976741
552865041
388231780
3186384679
2278167247
2762504124
2440058971
2849991904
2430294991
2430730327
486288760
3179582515
3121578661
3176887320
3153140449
11859822
1582853809
69229721
412681753
143434194
1300685286
3069673297
2321355782
529294925
107888837
14459283
57107581
176341579
124258971
155151279
259817848
3044743893
22247596
75039263
145354199
109241992
145969327
2371620799
71495117
53412380
69739858
61203726
2176318772
1167996931
1723739796
286042531
25521487
813286
132385468
17919972
434071161
84352985
452830010
589921934
127483019
624896628
304596131
54610518
1041453240
481156800
577459091
615983648
15485441
26257166
2557521
256556724
122453931
1320350810
88856792
136932734
213539531
104141949
56650317
453507741
101311381
39927901
903495284
1052586019
127059347
300162606
339040963
223080656
15846407
210792232
94628304
