73380970
2556999981
1903549572
2790144281
3261749307
1094480778
3394492635
2168870706
2718305904
1414963308
2487681355
1053865813
3093367613
321413974
2608947764
2430460020
3117158876
2598615142
2432761945
2501857824
3029945555
1730487865
425116010
2701286309
260979139
266336410
2830011357
3623738477
2164639654
1110610609
1872625746
605866346
2942678170
1941600080
726694934
600338896
1478141527
1483830133
1406539518
1556113933
1526425952
1118072150
4335291081
990178087
157894576
302507716
1419491101
917758686
1076724462
2156278138
2156299840
1076117226
4520519974
2988056379
436931266
3306994276
599850800
4144430367
1605112381
3196526912
1510793742
1579820941
547832103
571241165
2543727344
66664787
495698749
422053280
538724297
2857737781
192612188
2154940644
2278332463
1495302475
1340030011
2250645076
2771266094
68521873
3899197522
430202186
2223229988
2815021108
605093834
4198646535
236951928
30416742
1662187832
361373917
280374127
875217222
1722134090
2491424018
2880234678
521586886
533030997
4109917994
465433192
877065774
215952307
2677948916
556743729
2578298861
2224731889
763120004
2841097887
550160967
302369394
707307601
811129566
2983680168
2985185562
2318469115
2286161232
2257433057
2303038945
2453509410
621924135
794748007
2869501533
2559729089
3376210763
4084594588
292174985
234308108
3145478645
410071926
176110003
1387565982
2914307947
1520871859
1025818014
3316660484
2557148724
544064341
3240307485
775475514
905007608
275693607
2923903427
3028349358
1185807146
3140860088
974198634
2175308909
1564801406
543445173
990781735
3154457752
3234930290
3011782856
3222685398
48502930
606204125
2540661048
2923715036
1479291739
287694411
581555498
2739196874
93189342
81901622
2889647960
3194779129
2842107835
868420615
3298797836
1699829202
2885193668
216430965
37972440
1722994074
1460194147
257423429
2975774850
604142194
1411591314
2886457200
14844715
962186467
3174630682
3060560125
1275331532
3266614578
2386995317
16510838
1873561998
3507260114
171682730
1014862070
3435866572
1109325817
3408079804
1671957470
1156344793
2439276205
1446369012
540584599
1157809651
3257861982
2943625763
953888118
181631962
161634919
2791083161
338349114
419127019
2893038613
1599475220
2728196811
1290170702
2515651760
3409176082
1851740701
1474858004
2449181124
591743479
3296307309
184584255
2429570119
2432357431
1690071900
727721366
3154370213
3193894261
1376186467
3277728326
480134525
728548626
3124778511
284507085
932167476
2177914122
2731831120
596255731
2331504210
496667101
1386281689
3289290007
425940868
2705805835
112457675
105955791
2265327894
264025194
2460906614
2446594586
72835087
708580376
1034724140
2402997349
708041294
129336002
3190716241
2940408464
3775744094
2556173094
126564423
3233402826
265017370
3021466945
1111306530
581951955
1348718586
4020757994
149413614
2599484683
1666645231
2848787886
186221333
1317798942
3873230597
1293633085
2949588901
3571626686
759213680
1915939328
2726349521
1067789113
2817194696
1094511535
1623271280
3195976158
1643762378
2708857711
349390574
2867125859
3225848834
2439695150
3456510440
2477462600
928310618
3017219310
2221099046
264139182
299459328
2857672554
1056603284
914080632
534991566
2957283284
3012005124
3301423611
490815227
1889259008
2489068790
2296387029
1129986697
3234757487
2916475009
2428670893
3200043412
404641547
1925829194
2207009665
76007021
1910400684
1392236496
573078668
3024992747
156281022
2516709384
573300096
2806478541
2368460053
2472794329
3191710034
1960560698
183192149
167361989
2474666940
1380665401
726063372
713317677
1073330503
625178544
3243264274
3239535380
1368394291
1643059567
1612069513
997123884
1243573092
1603587528
233036335
747378432
616878397
3228547250
2952558626
3196404421
2697598117
311407262
299559997
2829985153
581755769
1111550058
3029373445
2483644855
303572947
165317525
732484574
332675010
983533806
2210404248
548284367
2301296498
2370095387
174416608
167714664
2568737258
783866366
287123794
1538788182
621720090
2261808925
1645094712
1640826032
1966606086
1430516215
1659333062
2687627611
1163993420
2586255218
2391296264
581994177
618799066
1114869991
2418204420
3163165652
3128934756
3123934244
2792891226
3224690995
3109472023
2967976492
367136122
1375507088
3047780634
2888229820
1434667333
2603640338
3137060570
3020503592
3139641860
1618496964
2755933851
1358236951
2853138044
950775690
2439857443
2913362619
3372080157
455264253
160714475
2756165179
601862797
380399508
20054788
176566242
264107729
209708391
439125710
403255314
403246803
403245020
158314798
84279963
181561712
105119490
