20732623
786092748621418496
1062544248
88886265
706355040097701889
21349535
2913615504
784588603410251776
3522743775
3320478908
767219376579710976
3135411930
373646761
778883704840085505
775301349743353856
3457158493
772269160650780672
3379013599
464514314
211858494
777011982645866496
76279202
743063520925745153
416890403
757043812887728128
700516810068590592
766826681516503040
719148534218358784
346963660
43276928
91707196
3932555604
1594294920
746639310552596480
29300489
732865929072123904
718397906525421568
305694283
762695444703031297
762623337310760960
749440075230916608
21069600
2831198370
2886660829
3075314300
36746176
2759138339
3186563616
2742093311
728392044050178048
552378465
251101134
2736143628
2265327894
725365210324733952
1973402894
2522319810
2707893578
4864408178
3273831410
4094005938
4668460952
633699806
3139016790
742702515746050052
728192601703096320
751219598599467008
2874373135
3274388527
726297593127424000
1457116916
2944956798
2870675174
114174919
279357795
1570256641
3903128420
3051357597
2925324210
4670619194
2814934460
2945846418
718720039994568704
2195221867
732196187537727489
3247237054
744897707228094464
1043105047
732029151935352833
3062421595
1329772938
1421809206
2840098699
1323542772
2182516586
740728574517223424
3336558570
3193290206
1609118101
724974172900757505
42562446
721560006504525825
18378446
740413591359266816
3579012568
734299198288334848
518009877
739318761866461185
3042602256
4218717253
2375640738
3040129123
1577482838
320154918
465151480
707074726019993600
2857685164
562032541
706286473952100352
387384258
401155343
1721930378
2889682556
254426415
1272307627
1292247110
1473457975
3016399789
737151586300895232
715891895495331840
18734884
4899227496
735116292986785792
2174963948
1403392771
3990166760
380399508
86432824
424870112
4881392501
724799002898649089
65184105
4784698620
2454992150
3114070722
127741558
1228066862
720253599767334912
2539528610
497656614
3114455523
2645547698
731121047286616064
3315000283
3117781112
2836826563
6267212
729123968129474560
723072543968501760
730628071322083328
17987836
51691435
40596741
2881890708
558427240
4185221063
444349825
702146903962574851
2923391618
1641118722
586242124
3150647707
3079796396
4857836010
600029236
726027296683909120
4716970608
724613583770779648
3275150665
3296369189
43511918
248123216
2831617243
2920084603
2935676743
720621511845908482
333980319
207097556
723179151113379840
720854130646847490
2909104484
2729881963
2892357980
2905882746
3824848213
2780319096
2912101390
310072711
344779704
90896009
3078652073
4344450614
1045482606
621959682
719699653437046784
719696640731398144
4359473414
290545520
3331301832
316491683
1448481818
3116946993
714050700418744321
4328616975
3071216851
265249312
591730505
3073293589
2928563725
2959933341
2754838562
3042166466
704493424049655808
122482029
716509424458698753
496791115
1630201800
4768717369
452540849
2362906863
1713185059
137723914
2922512293
4706903501
495401103
708345202923151360
572144943
2877754364
2864614393
2951316412
2705458351
3087142229
1427551429
1716629599
707297615449292800
3120200507
3164290826
4881309933
3159544081
707565484598644736
403020498
2776811114
3040312780
3316509245
1689861847
2779382016
2262166854
708652708614397954
321552387
3170211037
2942044210
407963932
56473343
48502930
3384147063
2821710380
282668705
2909536381
4022569573
3182488902
3071493335
115848039
2924863350
2367459205
2992835510
2880499907
3089941363
557402504
4789293628
2858126570
530792598
3270182150
2492811158
102375372
4533003737
4832379451
3102720564
58528137
4354563856
3177224089
989310140
1380738325
2873984902
98586984
2392857108
2837468420
3390101548
2313784543
2678173099
2801465651
2883752823
2551149296
551421004
286595164
79650494
492399548
3703086432
2754204377
560351723
706444367976751104
2810068460
1898442876
4112586862
2723154022
57603753
562271846
2257307774
1602326089
2867640881
2401292358
1862050201
2508959720
1965501865
2579599717
4075393752
4025187227
2288878336
4800500476
1081324430
1630717304
568426310
1979321316
2178794346
2680337365
1052113699
617783209
3120869442
1977139945
3167124676
2854764770
2720232943
157934769
2790829291
3028639477
2567240154
4719978802
2873638807
2745656729
244018192
532224030
4164703864
4128658212
4251296007
3233260543
504246395
291547392
289969718
2956236109
4902836465
2903123406
54177550
1965843943
2577306588
3054761594
4160752755
2274980110
1445334056
2747938309
3231973034
2786430025
2827656101
2893933908
2369766986
2793926825
3183587561
2813693810
3422917769
3094617768
3808502062
2204854647
627916798
2874192619
2382765547
2914086385
4873264343
2299370352
569465428
2654884924
2911589819
2483027698
770610080
1061616133
27849166
453686202
281766200
2656260974
2576154948
174416608
4261458560
1572806490
45709328
2736085693
1416289596
2919197934
297320460
4616120772
413185633
3160414975
3042601915
4875830529
4140645014
2460571188
701234052
4847976494
1664705041
3146762390
2304000152
3309704524
2681304038
4079946327
4440907222
245697549
1050813170
2153642586
3925588392
2356961814
2537737033
3017219635
538613656
904918116
4832778414
2509634186
15945351
3089155603
45266183
2956425807
1361530568
624953558
4136513020
157140968
22461621
236699098
3813147440
3338681773
46134061
4477069215
2680765967
412716685
2862351114
4861287575
98783278
2822478765
367136122
2907910356
2212593028
4731182402
596255731
422053280
1229723863
3853251432
527767121
3164220768
625525837
750567367
4751104382
3119065442
4484449334
3792544704
569595170
3958975287
3307041790
4277217492
1596649003
1017868272
3050099166
2850698925
388443429
284892018
151334708
3239926634
2210396606
3544949472
411859932
2789342022
2408516875
3941755334
3162075799
1472748025
3020503592
2566083968
2583218684
223546666
2549647958
813124322
171682730
4690733179
99921409
96655484
3235203024
3207807983
3873628452
604512856
245798971
53338746
2870283799
2455203382
2584320538
599294551
4515900226
4696885118
2441348270
2314288426
2314414758
18055737
2305662648
3327357153
4637444776
481908807
2956964592
4679105233
2929551829
3319950625
282856164
2257443961
2348245925
1828381201
545443555
4642292317
708209730
4631308872
631946857
2408270466
21560677
1233569527
706075896
629392905
2853454562
3478565176
880969717
3312908410
1569707870
863386255
3368305534
3349788059
587978497
2578449274
1296470401
3171023451
2347946952
1032335635
4258421412
3904232785
3006655406
86154573
3034359620
4312052295
4311273262
1582341876
3430270660
4474560749
2830051135
2341686462
636301974
1358257962
4429003533
1328750544
2995482691
214410802
783866366
4468864337
3165841448
457692129
3284272021
300681762
2353328015
4212290838
288716055
95094497
158670570
2996583147
2281878782
4270107621
1305895201
4517469192
271395462
349742503
1182882422
1207818913
1311595026
2434596247
3123990791
1240453338
2478045313
4459987872
2852564233
3296340366
2272839091
4266560474
3979048286
2209402090
3060560125
3989376074
3300439674
239265526
2816671814
1245546937
1339256557
227950530
2913816588
2887432320
2646810008
3134071760
3265593944
2625176466
3590183723
336368459
285189212
853857840
2932084593
1638811434
2809707573
3021478691
3241115616
2205082777
2434039380
110130392
379408088
592848274
4299207138
3320080988
4295920100
402999044
4274295073
2184538230
4267500680
2776363154
2534918562
3605613206
2939076391
3493834279
3160646900
3915191053
2983704781
2620460797
3139641860
3241188990
177134089
2853170437
2913362619
2900426395
817615171
310571334
2516408534
3691230863
3249707323
2232996836
1073330503
2933046648
2202360367
606856466
3690877994
2359601454
2806911005
2261808925
2998314067
3123230799
1153526323
2529502191
157243713
780654116
3355898693
3204027875
2868344031
375824298
466823127
3659554824
3499030634
289298351
1484867803
3277166071
2228168502
572352456
2906508120
2476379652
44097980
65053278
160396614
2268016260
167677872
3321405713
2640701471
567935264
2185454678
3014873117
282952084
3345997415
2198099858
382213596
964909682
617164277
2861278651
2250293521
627644370
63701775
2771755435
3414709863
805561050
1040478518
3092043305
2635590704
471380673
895208996
2886979846
2872834073
1419253442
1597781678
2918003928
601862797
398739929
140410775
2438395352
2999080242
2918571018
3272405924
2321612616
3266274403
1264788474
746260297
321970500
2391062954
3221697469
551149727
3267032065
26917860
1240916418
226690054
1547513437
2333517996
2956662972
1611328742
2476544382
2962032456
2914459886
3038743051
3164680933
2493750708
1681431577
2864340349
1075303831
604142194
950684839
83101283
1513067958
375460879
166941987
2852839586
1358324696
572602791
1083294074
1007571451
1611839516
918409039
563844263
2897288368
3178883060
2780529784
137284137
267688140
2319924326
552895508
1410746341
195988419
710235528
3154457752
630135745
3188527122
112457675
62724059
1571249258
251772026
504747403
2779617372
1021984136
2946593739
2937190217
2941223378
1933948532
2850144431
3134200490
703809362
1667472181
589500099
2906447742
61796294
2485034452
2628863543
2227811256
3095688748
353707713
3140844980
2924957406
2951706450
443495441
99722237
534920729
2325621853
1384412094
3167685954
1030125360
3166248744
1703499732
3162394885
3154370994
1178334139
2726349521
607620300
183078358
478537482
2591587895
2612157184
1402483087
272561314
1320093408
31193919
1160909534
1722994074
1545482119
483723725
3076683829
2829384810
3011782856
2540569375
2893945416
2929580810
2793231144
743983872
2896391709
1620463411
197909819
328900810
1256551418
1432780890
363640677
1319239860
3022762320
2243895295
1199817980
826647816
745143055
605193752
2623634686
2773868449
2264203135
2592648798
2899347624
3002432538
3001183255
2830978043
1282438202
2362456928
2300921652
116144513
2470457042
2429570119
2266468501
1904491987
2375771978
1259463594
2761529736
3016443065
922852572
187742960
633311453
705858878
182635846
1332782678
3017300458
34507480
604139873
592155963
1687405916
2607389803
2685318456
929664925
297875658
742446714
2320201729
2445030776
301472047
2870502104
3007560799
1427145252
2566062335
1956677059
2442192267
2214310267
1622152374
15846407
284291853
2463968150
1229670746
3007607690
1396092794
574231860
493249666
30974408
126370504
495074577
618336955
838388383
2627235770
504458031
2456174740
713480401
2884047580
2385649532
2493333704
1215856272
1894216658
1603818494
1901987696
818411880
2994038731
2286239852
467936184
1439617514
2893366212
440895001
2863333006
811505491
2397458459
1652499079
98339603
2661246394
290755119
103228421
1049406918
1178430379
371706468
2743928427
297706904
431726726
1083452564
2419445280
308164130
3003854210
2569859551
2877867376
2712753364
718258183
738600402
877446542
2924319907
775659289
1153450477
2159162455
382967028
460414148
733640029
765646406
51694255
2997721753
3009962025
794341548
2834023359
234618598
2741270494
298883853
400074313
2197051209
794260813
535990274
1410641125
2780765498
590395626
1287448381
550830572
2494606969
1707602076
62017561
1491213007
2598056395
2298940647
964602552
2829933190
2187292536
2759061703
2592251090
589150605
2557953700
1155349627
2725644057
2896576307
2344012742
2466734860
552992779
425145850
775383727
2227447420
278239567
2194437104
2951917822
1542962347
626214246
3007139134
2452147411
416842759
1680556692
3010291048
2852282467
2896098762
2755686535
1565909948
30184143
253716029
398238914
483465121
496444740
2634863402
3005973919
1890235272
607858464
281439713
446278922
2477139229
1127129551
517316037
397400299
526657984
1940595138
2464827139
2647482516
477919735
557389728
591743479
591661900
612924569
66392105
452942786
301618595
281679534
477150309
233036335
1478668117
621720090
326717016
775475514
1732776422
391222027
1172175882
581994177
498110466
1411591314
1717280486
558284323
986810448
605093834
483695616
2272016030
1387677350
2187245016
292492420
3004576596
1461846534
2946566714
553202957
953888118
179756181
2202073190
2156091969
776894767
2881622132
2272733485
1885457521
2994628346
2284540226
3001538380
2351721906
568923725
3000047401
2914228682
46475424
65992743
58545637
166739404
62513246
347259974
2601781681
2337871266
1316271104
1346395207
2943885751
2611260818
300104921
418707217
2994192349
2456559049
2901478794
1012402058
2168260874
1547416550
2987930591
611959284
176566242
2898641801
257799442
320499140
1428421681
2378376630
500704345
217638175
1028706985
2408266152
1041978672
1453333976
146212505
355307031
457554412
2721782876
85452649
127794957
1642684009
539694465
472942600
2196891614
2890418904
708348050
2498354240
291000987
301997051
2897871037
2955026940
464353133
2449601442
2887463204
199110089
2330130450
834876829
1595574656
1406539518
2585331451
14230524
1924232576
2601832182
2632560483
421554823
865298551
29461471
2819170585
38160283
2920622947
2966256198
2955122971
78492982
214386108
1388489029
2472433422
2951482608
1229876576
617515432
2941568443
2304535542
2887459442
576997928
2831715884
2838949213
207600950
2931671889
2601781118
2899826072
2922170742
2580527803
1684478030
886472258
2848691244
1958787984
736438819
2202876427
2276908718
1498928941
248189457
2302763894
2854925473
1038700573
255335896
1635979987
374819494
2432417994
1681324362
708646412
1302363619
258159839
2307846199
2894241092
1360277780
2892583452
2177420990
176224244
998813426
2515224468
558626727
2873673617
2897163744
152856447
2210640043
1348757071
2490659677
345040837
2891837714
2877745344
1409682800
2889987254
2390811721
2482384171
2868513581
1478882000
2867247875
2778923443
2892303006
2894266002
2754096422
2240741976
2410293090
1450979288
2475221629
297266990
2751520970
2287763545
2167866384
2751730987
2542748702
2885719752
2687192449
2167485612
2196840571
1054734630
84283505
1540998673
299543041
2165872789
2769811452
2369543108
2300874326
405728790
2389245536
2878243076
2217837649
344660499
615706163
2864374525
23563916
293012489
1438162062
1154754404
2498960456
2388931039
2731287858
2466037896
912238122
499673816
1251417968
2828183928
574733431
811511960
2780567664
499762103
886039603
1961716729
1434734150
947413189
2836138680
424825777
1863807403
1217809207
357128095
2825474869
1520006918
1951435298
2222501910
1255681598
144812170
586189030
207439984
146493822
2503710637
1561923072
771103752
2211881767
498086230
2465853265
1453333818
838791308
333168411
2820014293
2424653852
740677111
221706005
2210046511
2385749072
2641303099
279968690
2665886252
1229885947
2788308444
2437872170
1266413660
1167856723
2807338016
2795516131
2549537425
1701044448
509975518
2450495372
955190844
148760908
214162237
196795202
262794965
2788278199
2223592103
122278704
2466294001
132774626
111906894
603385285
137478201
971277218
213793065
1322319715
1361316889
2319353044
2471221724
1378983817
708528565
1210639951
1749290316
872840802
2441839765
1412420384
1360955172
1361582138
1306739744
1574932260
1150874462
2613419516
1370037031
2765022716
1247734962
2795247684
2377038990
387647089
1344026844
1438793983
2732500755
2418833590
1039004072
2405417552
1413311664
826911930
2245533554
2662332836
523512145
593370001
892372586
2419081994
2501274093
705871699
1393923344
2588475674
2534501508
2451573042
2584861861
130204595
283558110
304990377
344598704
121701002
293653435
350246921
2370184264
2603108557
614131037
353593353
148683571
2466520214
2666007282
1469176902
347899465
270369094
456371141
1356953600
292813546
234264720
15390429
628808642
1649633971
1583197964
2155714177
255304807
832647698
2297580308
1973644855
259195959
472967330
323634172
15291335
2632716033
43042353
96013710
206052014
62764427
2487113521
2428146068
2380224277
1387023072
1118617760
2359376582
2483263698
238126312
339620073
2495595404
344384150
286742737
2540786101
2556430769
424051728
2411990461
2682067291
2464286034
151451564
137099011
2257785762
1170817123
305513515
2594098430
282608071
2412152588
221002117
447656741
2371712767
103510804
1949559619
1457071694
1693211822
2411060705
2422036532
2433461887
1915919438
2338492339
436678925
1116722089
611582397
907303680
219049532
513159565
2516875452
1906846166
92377769
708655465
1911010290
552011578
407261533
81376907
409062152
832726549
581494085
285451726
249133899
2539549375
588730194
293932241
843112550
1599340015
1441675506
548850618
2435429610
2588751901
2599907408
2622756152
2594163367
2266209018
1661895840
139399835
127245578
1590896712
2599747525
2374478508
2655830472
24886570
21133007
80758641
18863815
43003845
211722410
2690176620
2620038301
2466033121
1338464604
1627164800
155705264
40981798
390658318
2354128850
2635981873
536980434
2634915439
2604648228
31685653
2607009163
732579744
2355795312
2316822043
418546938
1649958450
463632725
1498628336
1434463716
1606840903
433965615
2265399446
1686034009
255368170
218040966
615896010
403245020
403246803
439125710
264107729
2190710329
161634919
1236029707
575959556
2453760206
849429127
2345226999
2509017757
618179654
100116998
304526248
2477974994
611849194
2343185444
2447890698
177530506
2511159516
232943778
2445692270
636244251
343409463
503269801
2434780379
373644746
2329436251
2286689723
1276546214
549183260
1282505730
2315953681
1048957932
541830219
967894399
2471322686
2496053954
2477204426
2470488995
495782801
2162841212
994915255
2451367843
2288112762
1542305965
2489898116
994156272
1970502990
2256944310
219788659
220097646
828012523
564646933
25695973
2474598181
2282741179
1557236070
2217837369
269419321
2453666611
1436041532
1202067085
342342248
1275091262
494220844
1435147670
123571812
730484773
1209175866
2195505148
567372547
2149103186
1967652860
2485816855
1351909735
769296811
189613375
541152583
2409513506
477194325
2488337342
2543652653
1660458750
1130062712
1966102382
725863879
2480322380
756861205
38846890
1300059235
895288399
935010103
2382690528
44544662
1379144436
2509745132
2498286505
1710445428
503794295
1188134558
56717657
1191285626
2174468454
45855820
745067143
368878185
382931612
260548564
2193390247
182957058
1261217605
2499551460
23601335
21264321
316861146
215726722
78459353
2492190468
2491572433
77043678
335114328
2449272637
1401032257
587235472
2501237737
341164691
131752870
802097995
1368825962
32751684
14571301
62216533
828742454
635029552
251873156
28076276
566298153
1958419831
1430290753
381375849
160817572
316296994
2452963669
355079585
2457659419
162256541
2492406781
788581772
2492387761
1710498596
1696702034
2428196720
2481257630
2299781678
1038817728
1857123696
2374945653
263988365
2357705154
2470296524
2323715160
1706454355
1317973268
2433840919
536348177
2543287492
2460648160
393801374
34422158
38015711
2478464180
541063101
2157535987
2540526125
2424687325
1453133984
2167117425
2408606005
145733375
2343543404
1014726420
2473023188
307178116
2211416658
2173631484
1721361140
702106649
1284936410
2452881163
50323381
2477496049
861752894
1953263186
2492381887
2377064108
2309508097
275447184
110487574
2481175532
537594292
2427572190
2487782790
1020466758
2494776652
2471300414
2445733477
15640246
155263698
905538487
1478892937
1951728966
2448159241
50506870
40462050
2480780737
423338455
90568729
142344706
508250276
18345162
187949247
475662062
102696934
225428505
293964758
1533732888
1942114524
411337661
2473440969
2461870622
335207743
1372665186
213993032
284441324
2423490506
303977917
746935735
1148042154
2444883914
1181832734
2357004088
2378752332
1447909466
2416024736
2148283087
1021311618
2446882488
2338619062
596741788
1829996816
1008259982
2257169768
1381391922
2376995544
2481020441
1364452543
2359126904
2328671833
1471283796
2482244398
2359891740
1701386258
2435724168
2357896214
435709887
423380990
124795311
330346584
1058507862
277469781
743397895
2443302199
538157772
1878273270
223855820
267671133
2322749835
2411222272
1125770785
151208178
275998364
22552062
2379107899
421703480
256986185
242202384
1008232538
1299468588
63364416
2165505463
36242717
22212407
2426117532
32808573
2388728228
194566795
76063893
267000303
2371617488
412948496
525944554
2222910290
2412149167
488908367
2297379235
107676821
303122748
2430325788
2386340328
553615234
135862586
2268389288
499566094
2433250284
235404395
1261485026
2410375333
1371176347
511870496
564274484
1913242196
1215540356
2414699232
612118117
593669211
786176419
341102954
259132164
584448799
2322078032
1660086817
1146118153
2397197448
758915293
1233684829
2386829210
889610528
1398492114
2321982246
2372439883
328918379
197807757
482541244
360382179
13709152
2333205130
1257622542
2334846175
2371262750
1560523740
1563277974
2163845546
1009845349
308634684
1331165587
1167690224
2351659838
1465579422
2194458598
2356150698
2299538154
2254302243
2263932934
937296266
2318421073
1445745440
611834127
1340054022
2246545524
397125486
785739643
2173763842
2152741188
2324041818
223837797
2197652833
186123661
131060750
835644997
2261417570
2378861714
62786191
924512148
2217866000
1672648153
2157046602
2199267999
2378571650
2342405988
18041637
1732583774
1572484927
2298509450
2376952404
2184649717
2365256078
2374532941
360417636
27713576
105048951
2363296146
442251033
201036394
122590462
1360485632
132580412
37698587
2350555357
2369454253
2354411163
1975921104
2177769162
1272062684
1042698614
451812957
615214819
477481981
419309011
106525867
430665427
589422861
1364101513
173270819
2157399866
1642021489
1335397070
593501499
2376452325
1318440032
1265638620
1964188922
916513328
509586256
1654570806
2370751004
2200089732
2294241507
586495742
2320661670
2291640272
2304741147
1184123078
2187079222
2364469627
2259238160
567421656
2210990088
2314191408
1186103473
2321974166
1908342289
446295337
1362966200
1001823259
317551104
2309684736
341947452
591929549
1077424825
568126529
482833345
134622145
1393995865
1580570250
1496772716
1119476359
304903512
2368401236
1595245730
2186187722
1290596204
567208109
2181613572
1668564109
2383891571
871218536
1238915796
2356209962
1696894430
985965468
373244753
509066340
2258985282
200538442
2211089300
398702826
1896875737
2179459451
582805849
2232429558
759177066
1932978847
527255437
2364657258
51225551
1457387971
2370487627
437632464
1181465581
306722799
535210817
35639969
126227960
541452009
2314076370
1328078114
2335578451
150299616
2329220084
1678984152
1629569760
764258706
2269890668
631666094
2296788618
114971353
343397346
1522009094
983747436
2353394769
2359604642
378897392
1098028578
2267025768
535666394
1867838564
826907551
2338870086
1625281502
2211003487
1057357866
207762604
343046609
287123794
271691739
311763421
1022456574
1553679817
1019554544
2365593812
2237806851
347621768
2241910820
2349503724
255384702
87702194
744223213
1290343152
36130176
77075393
1640246935
1910519173
2328005405
2327256353
2238552619
2273553343
197224205
474448104
389031501
118956642
1603173817
1568398920
2150577300
743412492
468235887
1398537564
898661695
538487098
347319616
2348986266
395994558
2270115961
1367056398
1041977270
717935070
260739871
1459639032
2362080617
261110098
626122736
224589762
1081894830
1632163866
476777132
325079046
1911159092
165039978
2156194735
2333126360
445944371
318350494
479602034
303611509
43115024
148779151
547328080
1665801379
872374136
116409573
740902477
2221277478
1445988662
584832606
775705357
300133945
110674921
169928838
525037524
635811234
305616079
591872652
76915929
532013274
44083738
236217430
2351601307
144380789
359214482
601066439
303003653
121419183
173552042
1331115164
2235059361
872856451
1725129048
2340846197
566770151
631130184
2332016247
1703237624
2303664355
2351307782
228542078
2350702399
875395658
87954650
159135122
2291889409
2330836573
35509798
197742606
578356590
786753584
2244036356
2320965199
2335590267
2299488341
1248269341
2182889898
2281350225
2352111364
1958282156
394117702
1531186898
1575429236
428370186
489226805
2266359451
1065123978
1955503946
141437771
925367875
527119167
417892441
321960770
222391815
237162002
44685518
126027947
1223351448
327456978
548016885
1979351444
1969235005
108025792
225576430
34175826
55319936
2294416807
250866314
184496683
2265669324
155660562
28283490
90514868
2341192874
2347522885
2327796440
217000793
443097210
203194640
1005493802
210586254
712325059
712462231
343547084
213483502
1631439608
144042350
2299015910
1187647735
2169762914
2219252194
1450787282
1424771371
2323563902
2338091948
1968524378
1446509376
2291961085
355687115
297821990
461724454
2337669008
1362027067
130064296
1459313149
487736815
149760844
629097517
1536437472
951486920
1303332488
476234589
1305657895
178568385
1950636817
2299731421
2331219319
149091010
950107632
207426991
903772963
812375461
89304457
631980118
131102007
525821517
136627335
1695487190
853437176
244321682
1630743212
272055657
503873923
488751763
382561193
69080331
123757534
104707193
524657792
126990459
139951730
609318091
288215711
1172924791
231983737
227121370
1905490147
221197757
266105421
1119555890
1437962382
153719122
938887459
236738600
451166715
559183946
1891280354
296623811
712034390
45786304
1043772068
2318003214
138704227
100283490
1144658875
578916853
453139927
1469984125
1218840074
42961850
100501420
636257477
2174163839
66714703
68210284
452710609
95373836
283783357
38111342
1059813727
182967115
1401210146
65153460
215152933
461275704
578990250
557495873
1453421425
362815524
1407677982
1032046328
2159250992
577074187
463341911
479442458
587127484
53662532
600933514
2192064187
877568641
155435739
1461629706
46602211
1693509132
780560936
1027822146
392622324
998910499
1937286859
93167589
1147932384
958156806
315678295
911882300
897189992
1494623684
1256480689
924890730
1054878554
80547313
390860562
540441204
2222445452
2222870916
257608722
1684625515
609834620
444294654
2240968982
2237676264
540045440
443580317
554408921
2213778996
14919560
1913997247
749952350
2225839609
2231904108
1016519084
32128600
416983726
1725295914
1412571560
2213213671
2197258387
513090045
64019328
45461766
588066863
337502808
66339576
598919816
1596505633
1271257062
1959888721
775409508
547607608
629204129
573497596
374170012
209708391
84279963
403255314
126543192
103252960
571733061
1624884703
315622616
2166401906
999639157
2177716693
2206648400
2201635304
121213242
525312787
79647250
1123548871
223389702
1892527250
602529253
333680988
460870478
501583715
1964477898
2172344172
332788870
2199219248
1675236535
204887235
716410672
556374711
111689867
798234950
626219102
233614681
812885558
404916846
1634401087
1456617217
1062981000
46160767
417665447
397966069
507265907
1245949200
186712788
10228272
482658470
1958978268
472065905
147898131
253563268
230465260
505402473
227626917
833676193
1478785176
746981737
1292004926
560112839
1285177278
1699767661
112744382
1223109900
1919330192
89855947
135358659
1704549049
588770188
332153588
279445890
503027309
470658735
593299680
534199657
410515127
775385838
542514283
718073870
567756872
571493620
354744577
359075026
581474607
1456267922
88968026
450585486
630977476
468374832
138614624
224157165
912996192
1543148816
1459515674
1023577074
1384496605
1273823244
1404773449
410482991
548857994
154038347
1521042846
484727649
178255354
400770714
237634998
477391121
32688098
1700887286
312230865
321445166
50618718
203021499
1900088611
1529144048
1701618721
158314798
181561712
121144820
105119490
1092646669
303572947
2163157862
1461439658
1712131440
502271731
1682516580
21111883
73992972
17919972
27260086
269661382
1607321528
345811633
596396921
282588350
363714231
447991744
1866595442
402492344
27022925
84767046
913721623
783214
26565946
