50517206
4238841003
2240110427
3396793173
3166063880
3239428152
2464656457
2730331490
3281218758
2961195213
3208685158
2886529310
3013819128
3256742242
2332621710
3257618181
2970212553
3261749307
3188185987
2968210162
2940925473
3231012033
3183569338
2957461426
2950759222
3248399970
2815350490
2918933701
2915628352
4536558860
3666341621
4209900437
444226490
3430479724
3386706620
3017261102
2541749295
2434043868
1873561998
745143055
2912859321
2779748925
3207382295
2687627611
1392236496
209708391
176566242
84279963
158314798
181561712
264107729
105119490
403255314
403245020
439125710
403246803
349390574
1694901475
458062038
