32871086
36890646
72076895
20818801
20733756
382370203
91034149
189305014
180535644
719972682322853888
2573480784
17883494
129905901
22049293
70685388
39364684
26657119
83932732
135917962
123663932
718375439367028737
24150634
87868609
491991157
1251407227
104914594
2301942524
72940241
703637991168737282
16929600
16686144
74508260
2167097881
14597239
545383575
49793110
18018946
23480020
272004287
267915933
26637348
2740452163
17836882
93059585
67653749
742498807808548864
22313347
21094888
869049313
23140412
2201169726
79923701
3611455888
39384517
180815351
1587256842
459362054
69052130
424464903
219041453
796261392
2800581040
19557220
88019884
17045783
17519527
22203688
16583821
69792268
262896094
8859092
1683777487
58529612
2661849196
1249982359
703302487827058688
43685823
2518793269
115236275
551256979
45663393
821387408
16092768
10221312
731167752
4759636514
15534771
20251379
532690100
3200954183
2792290323
16069119
4835062336
347927563
1486622268
716813053
848907740
545474475
50684256
144569635
56806379
715355590478970880
706289747732406272
31925790
62607297
312189104
510526745
36732143
2305381610
4925828339
57288354
40023357
22830650
326698989
49783304
15537302
58143375
27140554
126073393
301079472
525023013
2353974979
4905962375
4718713101
75264585
81921672
325340700
1350461485
20528760
951915308
312420237
166878094
29769998
2932460195
1543664064
4214805732
20517132
727995824576208896
236843945
120233868
4861489005
30354991
11347122
48422796
83502611
169633181
620618811
47049870
50128726
56495963
56552341
367873443
19086859
78299218
3300575992
2755430545
2832479888
459872442
21674448
954124423
2502895924
2785269257
34369632
125601462
76067316
287151587
34898084
20272531
86853497
314690118
2162281675
427041068
28882236
4541726055
4284368479
299536013
15446551
32649134
2152651916
95368983
15466988
25160172
2725669979
12886082
38109177
151744853
28783054
316232173
2339360882
27934012
480099333
731132367058968576
82963605
431773266
18956212
81136269
290061912
2977970825
707760360271511552
27905468
1137590754
233368344
17871144
121207956
22677427
47794752
2644477750
1367085690
48956231
523415563
4879021959
10080132
317393966
26566469
2373735295
3055067522
14221917
19358830
202790178
16887628
21688902
163486896
25535595
488645353
932427704
173888704
21148293
1721811782
16513335
72798486
22139417
16442365
54222784
104446737
21456186
717312364312330241
14552720
384685672
2329498706
24638657
293227742
3223426134
185754465
15455314
2651942215
46746957
31585203
227373977
19321357
23281108
61585965
48120914
2781259129
732934051007500289
220750595
870312594
401953891
2445655681
2749249602
3449547915
369731759
19784906
372895128
3039844396
2932945114
4782164908
2777507784
866102366
4828841986
2841489857
1899332185
902924509
3389557840
234787677
3893986707
2848841210
2516702406
41509142
1205071681
116834611
301767606
2385782887
74419021
3394060164
17044233
16528755
52596376
17881467
118245138
371889510
4868045159
24247270
4606588922
3003891930
4896430526
722125570687930368
4787331950
721945274449399809
730089025416114176
732229531382259712
4873083854
4902016168
701870457213947904
2316383071
365934285
195876415
104459389
485703020
2259866124
2338340929
11856032
1601570406
14411304
265705962
22154062
36728196
135575282
14764240
7794142
725183974969106432
21768766
32605697
701466738802585600
561648188
718283360540442624
709406894905958400
720424925681438722
2889924959
1781551
49246546
480083441
167024520
27576748
2284187568
23365626
155658192
201766091
14779855
165644312
421191359
299388047
194890341
497717076
21401523
14589119
18909186
70008157
314437348
21744712
581726235
21983615
243840731
18772897
269448653
18299237
87732473
16780392
142849190
386742828
48797538
118048366
15447123
7259302
27532984
17985482
256757744
279238668
4174338556
175757247
50385253
37694732
716972670571716609
246478393
17907578
720048569743331329
14167997
54655771
47554499
794151175
14812594
604940737
1476133082
4411573459
289118612
17990493
17060020
15978412
193845078
14401607
39922594
151106990
26688378
54311364
266084123
22545453
71298686
28350927
64088396
16297009
15079226
177764604
186258813
187995168
191521182
58094952
21239304
185001539
56694539
21465523
67667071
41115709
15091360
116910925
36491863
28457505
17432885
14148802
17137971
14576841
27745484
18247597
23089557
9601512
9616062
15535860
25596174
120150558
3043352032
1526864863
720818797444210688
34036358
23246458
332304361
558819654
38735700
137419745
158476411
20071361
141275664
114624280
221588325
19213066
32009466
115039684
21021385
19609379
16164289
14909815
19074331
59945683
74165547
41618439
102751218
47424356
56472469
187977950
202874176
44510295
35778956
3239346701
330491839
271476647
140863851
18077801
44397881
38225778
127861493
19358607
16145763
503272829
167846915
36198016
74669397
167964184
41425295
3130866934
571202103
131574396
43909715
586
22749876
247119832
244051583
216810337
297515020
19951348
1265726480
106118793
8170292
3050006307
40342396
17258301
3185765245
59702598
26371105
14153020
926573419
37052815
252695467
295930735
279164084
577407017
727939379499438081
726947932646166528
4846634645
17634365
232851192
710959152168902656
2430564295
545695783
1630896181
774393817
432895323
314924675
19568591
17091571
1345040106
107795399
34497035
1128399205
1340758700
1025187769
716483130136219648
3111036146
121817564
92896595
24712487
52939106
4351024633
20815668
21148783
1873539488
16367980
8735572
362194251
119245817
36232215
547860279
79866048
2415053456
243291022
3039929661
726604502082572292
1244408377
49161541
19397942
254036748
950531
700723240793088001
843863647
715704555565088768
32615739
340545070
17501295
1477241472
714419097262538752
252221052
474743801
245664738
53153263
31239408
85603854
928183320
18586983
14975341
25150300
46743920
86390762
743322853
147399749
30835585
786764
69860260
43996908
69329527
380285402
111556423
102707504
34655603
6107422
14138785
138749160
38142380
22919206
26477224
19789439
253536357
43166813
189253902
1451773004
50115087
25066853
15431856
34743251
18040475
376876772
22071069
11612722
466519303
1480852568
718731882
218975278
310374952
20073589
291823240
2893418415
3082986275
56561449
498982321
15182798
20437286
58502462
389865870
18111396
703394778675875844
704386349562994688
32444366
262691862
1934989190
108987695
2513881490
192970470
3785182873
2360448613
3164513660
705204465930887168
3048392455
115749048
25029303
3302973022
24880446
712010865021571072
707385966109925376
19338715
15988710
20094138
37710752
16312165
18029139
34049155
13557972
39008044
15612015
74841636
56828100
21308157
512225400
80874881
80817491
915726438
315331161
21802889
94154691
4850254033
16472218
27673684
710643313267716096
343535198
1125930936
143568410
557177242
271024433
298602588
29372259
47813521
179449138
60972923
47415772
17033353
24464743
20474813
228569777
424511268
55896443
277072851
339879013
297697764
164249210
15766082
2149973089
1967216306
241161753
269852626
39605560
26282046
316003254
1895924466
725101273134075904
7771842
111157878
143141524
19817778
29263488
41305559
4240908074
1890690288
26860401
74588583
18267548
635716830
36686040
19418459
161700310
549579841
22197119
1198406491
115754870
20168054
60783724
252531143
195826487
37535548
97503010
27221778
259001548
18094552
22292423
14873767
4905922076
18746746
58926290
24031438
4830245355
65647594
65707359
2554982875
4662575473
16046063
95973441
312964178
133135627
21114164
4917092018
4043100809
717715502190174209
27351381
20730692
770493145
71529455
20656726
722832280352374784
96426017
2417093893
20616741
3443167339
525040319
704967105402114048
580312540
113243806
156752362
330725523
231108733
56783491
36042554
2812768561
22451908
15534344
712786914273660928
3055577308
1120549747
2263105532
2390687538
3056433065
2245422732
2591536853
2801496288
217758017
144611647
531627880
860555190
26608872
1633714507
580418939
3308635120
14085099
47786101
39253470
75974281
63172203
285282053
74501824
33137927
3666779789
415332071
401771836
15368553
14586896
50144015
16665921
770121222
19649695
9862752
234393912
1393155566
1530850933
2695663285
1604366701
1281405877
1613223313
369232105
1135388684
3093573484
708072909114318848
3333055535
2253544608
28217617
21704625
31053563
12654802
90077282
46557945
15159913
323876388
2470225025
21121491
389441664
16317406
19119809
14364006
57775464
17073225
1025521
210862000
21027715
119199083
191436830
41257041
28278212
22220447
167485564
59551877
14617026
14589088
16935088
3009487417
3343143335
69430791
15080288
17601086
15904273
17601174
21130921
8695932
21782956
16894445
12738892
2861771
18342955
14956372
8942262
712082828138319872
43532023
210833051
2594777088
309354920
17895820
15075753
2067661
18381657
19744166
472830024
83795099
387900968
87914827
20543416
22473844
621533
47636400
25562002
15108530
335455570
156651229
21666641
25235198
21723437
1403871902
58126875
52731682
55267154
20715936
13000872
17348525
17278675
9229732
979084837
2272526401
17394626
868176781
40024222
15163255
38287817
34844710
17028405
364024607
2438808708
33230016
16331010
2871722653
34556109
309937733
14066024
3065429605
219709498
377766775
2838662525
581053112
2398395620
3092272313
708292294735036417
329433192
15097615
236511574
87063281
36528126
1546993758
546029429
212657985
24889586
510411571
3099613624
715315006410199040
2830254912
1003130904
23031094
322356457
3061615740
266747919
2282898774
1661203730
3298252423
113364160
702898128823963648
46318024
73716850
49733381
34793170
25672923
2450255131
73595022
33879063
44678417
518730830
3173441392
14348594
19104458
14855994
190787830
27935677
335682060
717879977241391104
616623398
229518601
3455796672
18035523
250080744
18191927
720798731302539264
32469566
14934818
136361303
20177423
561518048
218325695
120877403
12096202
142849883
2427485323
1077181999
2329066872
205622130
34262462
15109516
398034771
103130238
4559207263
318490279
321746914
7030722
605178330
1278144450
244308341
3067882366
63227112
16233069
606018621
3746923814
2321478247
49267889
14844867
122226401
121574367
16879936
117450444
1281124513
37965812
284274787
15663169
16329577
25884308
245424983
15400962
311276757
59917627
17504549
27948604
2940964728
705209400089153536
318469740
17466186
1133126635
4356455112
161594344
4754698075
319231771
3076014264
14857525
3416524239
17448662
23659017
26996798
1009506132
4577839476
63140600
28147866
34781412
19170880
16312576
25589776
4832734925
309978842
27457788
134594804
201109966
80111837
47679177
3246501357
126511890
43425975
94013297
70195260
619607966
2270660737
707891263
2756388564
20538284
718940929583763456
2643520821
37774152
369270655
19955575
1268420155
16910406
94143715
12296312
222436278
212255045
44638576
42407972
18507316
96846955
47379354
15474846
113191401
263473924
609278205
503746699
16560657
1411902361
17066022
58945187
237593267
15730467
24645871
1525014348
3150687218
15393123
139095856
1344713761
390914510
697541390646054912
714973048185552897
35985446
14304170
80366372
285988565
2897715325
18810140
59482886
86094256
18197668
461509699
2312511794
3636394102
110463385
76553135
10657272
32496789
1375790016
236163322
718136291951525888
35391464
15731368
48037533
164412502
248805950
23482952
26063171
2978837542
1321432124
586853452
1335517206
37981252
28974585
31267104
47991586
1697174628
18842256
8861182
8802752
70707457
2310358080
262189336
200542610
309680827
19038768
28366439
1115874631
325001316
244957467
22771961
85243004
18159985
18996618
18025377
138478972
236221098
33201624
21312961
44935627
119048111
22129280
1970209064
109041471
238860914
702895925270704128
14366386
102805382
4650885269
702570436668760064
112037009
66213051
3001472331
596661417
116763916
12811282
116048117
2912822609
269314519
91386979
25872911
14267557
16235283
4904668651
4596466463
111021184
252353889
21313053
717857136777277440
3260940092
14482396
119166916
78716886
1048446804
3290070855
66754934
7848802
250784170
35474809
803826720
4883889839
77026540
238953583
1075191932
132696865
711439062519910400
24026095
49948272
17220934
257944088
900091915
31582509
285719381
15270560
22807017
1257732554
823738296
378172310
3761572816
1584645799
1571317760
705039372429750272
16868756
21251668
164389929
149283816
4924437246
396261184
28502793
4785292626
309822757
2372488122
66784945
892219807
2582983692
2844693572
22645697
23527854
22866294
138409823
2229273212
27949153
3318281953
2330415198
16329199
104851609
26083271
150240350
17325090
2173646835
17167572
3047995774
2382321121
366970233
16460993
2155397910
70511174
17759597
14677751
304337832
18549724
61285110
15483390
869904060
117501995
158470209
5264181
2693519792
191049947
712843
14670431
19024627
342710587
4830483867
139870125
397545273
2226615308
308233424
136250134
21569517
37011248
17866318
21539403
2693406407
17312357
58031243
2232082086
31750951
1615463502
386862741
3245135844
3111889034
3098115975
708768395987165184
466992330
2432221788
462132518
833849810
706666581741318144
331230978
4432916014
63112528
978782184
194840541
4810200982
4781862734
258878221
64448571
70949821
101239501
2172217141
244976049
15901107
2987132896
75647144
105764853
2682680929
300497193
314205406
3865335724
16700555
18720099
20252482
15137097
16544024
702513410089443328
1586804930
56223278
30249306
431233028
14437914
3282242155
3237255511
360292371
164377995
296571098
715933743253364737
27677483
539573373
138141495
133063757
338608917
183958809
2223157392
251694276
21757965
16674789
324169263
3940871
362120741
4899610029
2275550440
3882727697
23005470
707566588082442240
15049826
589448567
715682076658257921
7900962
17523757
56265051
16356190
14146966
408816873
20618180
20770921
3885969088
180058006
29465136
310482542
12193642
261980232
2664309235
68999404
1163973835
1335861716
4176516076
716007895108689920
4804330706
703310501229498369
4915169428
54208274
47169365
84927523
704060092065423361
3025850315
285097277
2374373018
569487350
234053893
153486399
22669526
242597627
11014272
41814169
1754641
621523
17965523
28140646
67358777
4119741
162241388
3472750333
510756601
4591431437
3327420822
1592246006
756899642
424831241
115449038
2390500363
1112083237
1148468052
587536673
105242809
90746345
23365046
218276360
68611923
457743272
134285663
854938314
3225095235
462523572
296904144
4375581807
32130152
24548835
27922147
110574474
2530866276
15865178
1639395961
4739088137
3222286221
3158068198
16157204
22096780
20073434
18094696
16116519
22824248
2433194094
33530321
1344951
2904627072
16753660
221382741
14298526
2447468288
710954010
444274499
2916179705
3963492493
275376860
33965926
4281574153
3344387495
40074518
4240921873
195030017
3103213542
159608463
75993292
95368728
1262099252
33537967
1074518754
217616424
14368326
4069363332
21575717
31080136
2370830377
2423747006
143427448
2611801422
2371458720
16827148
2288308578
14106476
56838529
48269483
14085040
180897456
16574806
499073990
704114852042661888
14708901
123386371
14695985
3244370974
242689065
26919151
711026018048286722
200205177
227894751
15675351
9715012
22187085
21105276
16143105
14335586
19034656
310424310
5743162
30050899
237845487
17906632
14980820
126722715
3265559538
3223914997
781322526
4034136099
926383879
18347732
33545336
55117855
78114014
362051343
361501426
15438913
16887175
16343974
282695074
33310366
46817943
69480815
126629610
299790272
447410369
20109439
534494917
1375289149
361342191
1176994477
1367531
100880543
113436175
712109096351113216
371222723
266633376
281282774
2491964094
4083661239
107727858
21600671
14099719
817259
3136161212
331206195
3314649205
712948758
3065966919
1551418448
728725874
3280722818
390530361
83903186
2358302612
414257018
1665386791
252701314
243762919
2334633194
3161513646
372483103
218812123
51681636
2428796856
25104363
15425377
25103967
62909336
22090282
207609111
481964948
134196350
83590349
40198892
234534756
385772566
28096105
187868448
438058842
408842387
2244729336
42362189
174367198
14098607
16378093
568336632
43383705
716545648
4777364477
2903272862
1362351248
4180072252
15198507
222481411
2865992597
42958829
450941680
288363743
197496309
16340501
3015101849
4262438479
2458567464
18585570
297191567
101945848
195829353
244740120
614730516
2722419902
7998482
15433452
1611306366
23621827
228015335
32004130
28049266
18852393
16834046
61780365
4019546554
4019748143
86929104
65150447
930912222
21925979
267601748
251000898
163995093
15765991
28113052
13160892
31746745
19778050
218523764
23093340
59157393
423631401
610922415
25856281
16930125
79366215
3353604197
21431618
196186298
60993405
39000115
37590426
2347049341
92201806
95290762
14703188
76707735
18122308
18132494
36511031
121597316
1020058453
774180818
253860949
2920759605
17756037
4855874126
710646516801667074
2683508207
26538229
205392468
18767699
21141310
3063418949
550253258
326892463
81185073
92544900
500984400
980611
2744430555
427654338
14691185
22240612
3854647334
16721452
112818592
17159787
39606118
311188381
3343917184
377752561
1399713804
3225924410
758275063
240790026
731167584
1381088924
1687244682
1677169333
2453115420
3002922157
3460089801
3116047273
75274615
435860035
27966942
551937777
3685410016
1627601371
1363397138
2596362138
2749734520
272335996
2742313406
2738865286
2468886751
2453527320
2565033452
3021423150
49133199
2570762840
2263220017
46554393
1829301998
1234693873
254427395
4870478255
4800796580
4893031932
237012415
94262891
2841747221
35030990
3934352605
4003361968
18949452
2735591
19407053
25053299
400188508
39758962
19940283
37005435
18021496
59502660
86776195
305732399
38515613
83487731
18301196
22676022
14056708
57974542
14545012
33713084
57519308
2349372794
1852171094
38673058
302229663
116630713
84653850
20597124
42895967
92581777
25150354
2184797541
227010728
931908926
862131258
1957948550
139823781
184910040
36169080
2996570106
194301585
2937516482
18363392
711158759494721537
3298431304
2477871421
19463681
67181051
4700354069
568527992
3261805074
14219100
48599652
292700397
860690419
2921905132
3784601953
14569869
21866939
7587032
1372272469
16973333
14722676
79238164
80676273
25321854
18812301
18170896
3336060989
355865104
2274942961
33235771
20800328
4099171
4826268304
191463695
3920426061
19802846
165400545
45564482
467823431
95094652
1602173694
46916472
24077664
14511951
19687912
18229081
114663456
20173458
27279989
21669123
18893580
612057704
139847909
15996661
286992566
39611720
1872073316
227139868
3906922583
1712960918
28691659
23536041
3806081652
38034274
99580679
16582131
3497941
60841112
3178783680
187657428
21814305
18707435
491064087
19218256
3342897953
37435889
2779307352
2723153944
17297846
170813733
453647419
15808765
2173418911
14270329
764051809
793577262
33253412
277719684
159582860
56748177
19333427
3931806617
91032979
16719435
275743098
575925999
18082945
2690751775
2694382855
16215350
322874617
3463241362
3739987096
791635
2228759396
172323296
2615215782
2388075212
103550181
2251125241
36672360
3811498698
21371341
305669196
23858111
3417123673
706990010042601473
29679790
23361211
3392089679
193365375
39609732
24165761
2363804264
398576647
228865063
22819351
374108016
4770303330
61409422
55756399
3434177986
203226736
885149478
48029066
122207745
169203819
1487846678
22517990
316580588
171154131
16906530
29458079
18313747
2448135692
2332354080
43277789
3195591187
170861207
185272205
182824991
7841652
14884472
60680268
4923811
244218738
40116885
109034782
84613584
233484761
19889168
35977487
30694631
35541975
727472528
104683173
19173787
108740292
16787084
24969337
145659451
15335534
27708897
47739450
16676396
285434613
234540332
41156599
35218566
520653311
2732944034
16358097
169279319
20786801
110213431
198830228
1346439824
27466653
23464695
130104041
72064417
24668720
2183816041
81825702
471741741
216430965
29330577
18839785
37972440
22548403
1180379185
14222536
166739404
53338746
65691824
62513246
216776631
2189130356
18482912
907578620
371950796
724878049
2301675037
61349124
322986132
20639175
18787733
267603819
272986795
270068926
66602794
702204894019657728
179831779
2954614059
2201398921
775142
15524706
5868202
1326114612
134686106
68485780
60782377
73494599
121820510
14749672
50734453
232424576
19356493
207721987
123895988
186327932
248798598
23359100
368588916
398081131
18980239
273695962
490671404
76522807
308669588
476504921
23607150
1064860202
431943498
17447988
104202744
79068213
20008214
569322806
486975677
16639736
32156675
19042818
711280008
14838173
59849121
713430148
16426346
22028916
100390830
14715573
18949107
338022507
29245544
50003709
1378251296
244192073
194723048
1379570394
233772363
1220359873
727406126
312220517
2320508647
222362772
401527825
2981429074
474388304
921362287
2696469255
476134543
18850389
42462697
21784607
297818035
414344018
54579233
82299300
20055358
454099919
19178857
15165502
27055034
18250277
228688333
3313591500
221615244
2928629031
1551870925
3938883622
2434294310
22086608
2214984592
2903194852
34648965
606907410
17837051
3150098774
860530914
2495637565
293104735
3047938510
1479840834
53619788
221298491
313335112
1531833024
4874557666
1634832302
3509421138
44656218
114497182
190298721
111053300
3151702404
32897186
24619328
490401229
4311393022
2414913756
4902737721
3320557224
4005092840
3509458035
4899725549
16028985
178063571
1550404806
117983479
382527632
384388286
107540002
80588808
40015678
837928712
18904582
143478208
336218991
14275261
14353202
138037459
17481977
6467332
245931771
14700117
49686679
14224719
103065157
263739915
3341872458
112356528
1320656142
32921077
21043723
166329578
23381664
519728191
31212216
607289206
95252395
52070270
111045930
301474643
102480261
16469505
88878382
45542386
1032894392
2786564756
2651126504
1636590253
2853370361
3051544224
3058865345
4833128677
703806789876207616
3089024884
973038127
4893706959
4910220022
4151876555
4716771259
1146111768
2926851022
3354347385
3265732057
3383426303
2886412360
3932000235
3489919214
2396738862
214246330
2218730778
3169035458
3294799905
4056854297
3429057861
4056151539
4273192214
4569242293
3071500052
3150434708
2782805711
4354153941
4893329892
2670926180
61104689
65272235
48911858
3091521770
591297698
330361451
15275677
2696114506
760909
17411252
2446676017
430313116
313772276
53519198
14873024
3893210375
15973392
33515703
4821515421
230891509
415176405
165210881
98475069
2566535282
487118986
1626294277
707608113562554368
207141071
4476084275
3191500397
793879086
24882415
259379883
310072711
15830716
405728790
25726723
264107729
24291858
439125710
29611918
403245020
42162472
403246803
403255314
21681809
200913899
176566242
22179997
21111883
2883841
23613479
236699098
25365536
110827653
18091904
92367751
24929621
65992743
20112051
54885400
19611483
8775672
2359926157
17629860
15647676
3085169824
3226265874
4884965834
488679352
177584156
28265605
44491388
282695161
220081296
16376937
462104542
172414996
15264675
78523300
186646579
244722043
20748745
28264799
282545479
491461409
46681100
163598915
16163639
21010214
14552725
19091173
43919633
123327472
17995040
22055109
21307076
18089606
263758909
14270650
16930489
50055701
17910554
149913262
23970102
469194846
166990746
14335880
104299137
19553409
371465104
33222598
15689503
334053327
46176168
15931637
28628850
16297707
12272322
14839147
108686283
69773058
47694175
18097821
136300373
71627462
5336752
59676104
19084896
24439201
12926172
272019676
85626267
17469492
4898091
21114659
35002876
26792275
110974198
388040569
17243582
233704756
17160680
163538563
38224970
160948300
91839543
27105334
2877107183
120180668
284742585
2811096855
32521584
17908972
2899868402
115745371
17869798
2792076368
58869089
150224923
17814635
271441733
23761008
453484864
396776297
2311063720
1935600896
35386492
2478705061
16568402
403932208
319777415
218526734
16711026
1621795554
93111391
16444544
1421631721
19052834
2208500749
3305406949
706705154402328576
706141193416130560
4924301194
704393610771501057
702943049375207424
4903480164
705756101594255361
3024410127
123429890
3389699464
788672802
4834521440
15551869
3006487744
2280037440
3573336134
702261605703294976
2785853141
338573603
41984111
837561853
2785095528
3406193625
2788630765
3165838028
516591079
21901272
21240602
117434676
231819250
257549999
122735017
388456346
3241093919
3160127563
23911915
28181835
123282767
22077368
3056090573
4434221542
4585971972
4827926451
379754341
4113924814
585855646
39155029
19186003
217550862
77032777
16125224
21800063
309282144
21786618
14266598
16958346
21866534
243236419
17463923
38146999
17137628
69231187
18213483
16153562
14055301
33933259
27830610
112915037
250831586
124335068
607558430
361411378
14112815
17077886
386959017
974384082
257834640
33041426
53297035
20196258
907309218
353952064
70722719
1480251510
44312605
492399548
6427882
15824288
133880286
27042513
3154160697
3174934312
3743652503
3859273932
3223625856
3153048404
3207624605
3394741149
270717589
1108521060
1869575251
4970411
2961589380
23189508
35586563
928481
22948692
48807945
702169774936215552
1199596897
1928290020
4327242015
18812572
16016427
85414958
81480697
861508788
142740168
34012907
3420477195
32731611
1499636593
1442432402
40495710
209708391
84279963
158314798
19602869
25108484
1319921
14790817
15651878
23997019
255330628
101333534
105119490
181561712
24382752
75449249
75343843
18064372
14790899
21910850
158014897
17919972
34507480
268414482
14791251
17074714
268439864
17399269
14920785
23089953
36690579
21305757
14791044
24774508
68330395
107436986
2453455927
3087391632
3152527105
3249374986
3156235015
3186888841
3443338041
13737002
3305129913
3182287189
3161952049
3382470375
3231942716
47481357
4909361
237548529
3301029022
284602545
25203361
25949845
696938120407863296
145775238
74211907
16084884
997285801
23585395
8431652
3273997009
47630337
238648688
3426768574
101865420
16229350
2830415570
21725307
342768115
466532637
7864222
116630205
4844254813
2289770467
4745318460
4623340371
4159203832
92430200
4877191041
2279775475
12897402
78776348
4894095909
884650152
753318572
25073877
3986438840
3960279315
3910931584
3381952967
3161132279
469845522
4794182534
499336680
205302299
2396444449
270178676
17565514
2308082865
22454663
15115280
11395432
707079445346004992
18706257
259252751
708009857958486016
1189112119
3254864460
3171896913
838627057
475294870
1572558588
126085496
942422990
202919554
4790585689
96002560
809887021
32845990
113349253
474464413
3309654696
401625957
3000661701
2594158461
66914769
372579816
146167871
392257203
19682187
22952132
40924038
1603419038
155784594
248884036
106625425
15418628
2561597334
874846453
3269091415
286680865
436314047
357606935
49800332
328679423
236622220
106796856
3086875936
2209184731
16042794
518976012
16057997
20442002
377949581
351065668
14982783
19669596
124490608
106021590
3785297354
3882169698
260593970
3436249294
3987161712
387743928
2244340904
4149690013
4562593367
2275042470
203650771
336851461
193972325
426802833
4596109152
463765807
25407839
15727317
32780218
3056105255
3390254459
83871133
25110374
26070572
264931947
23860507
2560148358
233783568
18018355
19914257
15976705
37610316
3304502498
631523545
22891564
14007532
157099071
1952905440
230450027
703983715
700850673504522240
138168339
148564101
3407395714
918169628
3062027302
69573718
183767243
15987296
19670226
261330050
80617430
2665382287
2839145668
336978819
701488129903951872
22064255
78972103
21316253
295855693
97370449
49285444
3229240678
15135675
16404646
14515799
65106660
28150008
17022638
3907341980
241201438
18028893
153123083
702147673651027968
3071251042
50073507
2911284075
18139220
18805644
15956067
21461944
242490748
3406500304
17890304
4831215383
12055942
15358759
139909832
16642424
21495530
1075939369
278093318
14246088
16225606
3386851396
4579781073
463053212
107820427
15727697
82016286
1923862850
535932676
84126644
4873761282
22067448
852269288
258885469
46564642
2862682151
2967544548
23995748
2910022539
130496027
87957969
16002085
125453969
14997156
3059045779
480900509
634676291
174716364
12133382
2735569132
2400901568
21714521
31080039
2371211173
3152299939
1626299083
2566124461
3644280373
32168059
422181027
3241763179
2431399728
1909087813
21025381
3349433536
1513958744
1128218821
4202812992
4260399260
4259578098
4192352232
4187346312
769702230
1716140522
7190092
21106638
40148207
12004852
274866128
315657427
467788375
2377247539
286314825
283499967
314866815
71061209
3193330462
3342213587
476315898
183753455
3149579266
3165033669
889685688
539698197
2946805270
365706281
3041355094
16532762
3475325240
4149949840
4675190990
4230149657
4147751584
4187444843
23375688
16190898
19397785
19248106
124003770
3065753301
2667470454
23636341
9300262
16906308
27320992
4729801216
2840915387
31403779
3217694460
2835584205
2610039575
22699560
4874172800
278642216
84183248
14125897
3148736772
2545158476
361569788
500073781
52455088
78924349
22635509
19915898
3108391171
3161773730
252179319
161527155
1442844120
35621632
29878862
288981065
4828226449
14420767
17531205
14602259
16334139
21419504
2488541
829797714
3150777746
241583780
14861663
113061485
80619457
35221731
18982396
13657922
15893116
3317590708
3232054991
23534104
14209883
18697888
156045750
20896634
1563164448
16072058
543780273
51259550
423135707
21542518
2427885031
2332617303
2922928743
336124836
39324127
14811485
2467720274
18978610
17461978
23865382
41988894
3120700223
146160591
83668232
25159286
2876420003
82167518
19940085
1049171
3344711285
18464266
269940592
1161879818
399150174
88507556
18320874
92394644
289963138
22931622
4353841283
36713347
532531457
18382184
15726077
24613245
25911963
50310311
7860902
122567822
2314055840
17355480
45399148
214495170
48581849
3065900255
313091751
113036476
71584155
71569841
14413466
14962779
235196204
121489431
22843167
16172991
42176166
3074013672
19386622
14700316
19608297
58503762
126062842
1507338108
161427200
119491006
39245720
2303751216
19740592
236485849
120172698
116621693
3056142064
70144495
22103425
33435693
26186655
34643610
2285311688
4709625230
91150764
10886522
36743910
131497030
43638469
1604931252
89887215
69004966
1394399438
23996721
267921808
22650211
22799750
20522862
49204865
34310801
71294756
16051471
26548315
16116288
20068679
14155907
20772763
93963456
14090948
14849562
29417304
11640472
21982720
38271276
130617778
128301312
1071777608
59525321
111141045
42995067
21867341
14185317
970563998
3152112661
949934436
60919240
402957663
18320938
4211625232
2865630805
1536791610
352548417
2991368880
44660449
47581890
125115830
9589252
27061115
383733061
25049056
2959037001
65698096
2241386012
2815171898
2788256232
423625300
49831398
27860681
20226248
382275399
2176881492
119185021
8940342
218542998
148517828
17112878
12858902
46672838
16130058
21012092
29363230
8756502
17544220
17490662
40923070
15947602
239420734
519088938
18634085
14840030
14115926
16469116
285626945
1948729477
11673252
8839632
2330712260
2350490634
14574380
125497871
208736091
78495596
1380677004
229099779
59609288
108775767
69218324
374817258
100538334
259324336
134924292
74035510
724381837
17808688
7972552
624301028
15945791
52279659
206237672
194569139
23615682
93494175
286303032
759767270
394791979
573764891
15863393
17689928
17673012
17759148
2219131
11915822
161754197
185316305
111700487
52193656
14476328
12011422
16469809
469617682
564759805
633053195
117133358
414273176
6576492
20253808
32137602
14630443
2320891830
114870265
140844060
18956073
2291562564
16070136
16304004
65983274
16456599
285852662
21111896
327577091
1623730970
2276465172
1957187070
31939866
44177383
25810971
18967418
83031818
270013816
1861751828
1979039203
1531265618
1543830679
396188102
226954021
22532954
402355096
246939630
23080711
1032290077
33256849
1017637447
15248833
357674108
5990782
27978179
334332822
17290902
23827692
250386727
17134268
1198939088
21252618
81089137
438794270
242374336
1959209233
2884771
14434063
20480549
47448886
15007149
366301255
24447047
90416226
14095883
102178242
354330741
76090148
883421593
85606078
16581604
184171369
221904033
19195460
14478046
319323976
15989554
32078497
356521068
47207059
1275369307
30231573
14940354
1953032718
123269736
1539328826
53466583
256950547
356555370
63004503
22739318
14587949
3934221
20687263
909470125
809484055
801365665
474563808
289145118
335031921
280560652
17681747
10433782
359690061
245907654
105152728
24707719
924553015
361543110
21353196
367222420
197404857
312248392
39294154
23983382
38605446
45906479
25435864
193964199
1130896429
22053641
552498791
19865528
85933992
1656654566
221969181
1114782811
554687790
775675873
15010349
41065523
341200881
24884587
222345156
103025415
108920926
275016643
14179572
1976963472
15710574
1010096486
38560785
110471342
16389796
16209123
1069071726
63003432
218314927
72757174
339883605
105607904
25343626
123814357
277599621
30349661
25753206
42406716
983419375
41880322
48014921
62952071
150799060
137606315
232629386
76451178
309718072
557128396
70238870
55291199
64120012
201983092
236355612
50839310
25447696
51246296
14079981
459372298
116570753
56138442
60718655
22390872
135293054
19356190
17436888
194028104
28434402
39154556
255506881
4382151
211602449
250798214
466969081
77186879
537485445
46432037
66997753
159985941
33281866
43454855
33975283
344748345
537395846
27487123
37582890
1543408094
184621488
20733455
72945644
24904020
572778494
20204708
146515189
25955635
461443505
126060565
470715251
1106468696
135571427
37385776
114007315
37947269
135371020
239891888
122526450
345985168
455039820
52841659
28387056
17266198
118914163
104236471
71267486
21324442
56354915
203095250
114844202
1377364789
61000954
56452670
221630084
49176421
14925155
72364646
48829684
64983355
47549624
384381805
14080020
68156183
123653013
1075368320
174710466
48444278
205921745
50399834
74230885
87522535
75893701
61349535
14894841
70590748
64455696
459760752
27392088
22795703
15498347
249960654
39871383
38250004
77892726
39832880
50088703
113753234
25003557
138565440
383374250
52754589
9836992
14468942
119749813
500383630
21056670
1673983338
44431715
166272944
19502119
121656667
114476408
295887570
147159457
1731895364
156737068
460274173
281636710
294991606
19483244
21235736
60646940
381794645
195507930
405184419
62603750
96666346
916135512
255542411
1409341650
174290837
993678247
78962460
631208510
8370082
411768149
15230698
19973305
610178264
283248355
76188063
97275235
620604622
41921355
467355618
30343716
256162171
856566188
147082819
42194766
485947122
1732371486
75223552
45193051
35073721
182607448
120169788
607368250
88722311
242324806
244699223
104156543
365720834
24573774
191546705
109644961
97716449
19069521
14307405
106370486
246449525
61430988
22499765
128210898
20540938
18766668
455438655
34377792
225313528
28824015
72770853
30244377
18780533
33580347
21819114
19152385
17623520
72659003
40953082
20601355
19087651
110536434
366761896
94125439
136260002
14197060
58543537
23430917
291903997
47696444
17079233
31121154
32304094
22270213
17131934
19774211
19417197
25017309
14933304
236061421
21221064
41424907
7392352
148778022
103073080
41668297
263269829
63225796
1262362578
15472068
137514668
21096542
41362731
43797909
58500736
72717049
27649741
10688432
110899711
58520492
25463806
27078238
21217646
23024099
26775504
19677343
5680622
19716781
247486443
14747825
7004382
841218992
146644080
1624046510
21447363
16409683
27260086
16502238
193325576
14027452
48719150
169183368
21954033
477277263
778350614
181846527
15265641
14133964
234243065
16674443
14868145
57405911
25704351
1689267272
15750214
1074278209
1254007634
17002914
419710142
26185970
113718554
275686563
257492276
90694084
53715420
78139444
77005238
42174783
77064180
61270808
74479317
96184413
76723247
76691987
87017281
95981083
88019711
74921459
77062830
76389527
105184282
78449750
96886774
105325168
76715676
76692861
105324927
364570373
78391294
286345557
463689095
398239057
628649366
27675227
1613003676
122095830
48114476
127544605
1725346819
119199684
15824967
341811281
97732452
259800864
365063147
21011811
314019215
74773564
121516876
59199114
1634552636
196370955
834394100
1653246264
350389927
59020790
16123077
379869831
15891841
19561082
1032982176
399665589
1975913442
21780652
91882544
28621056
27073265
17376893
15369502
158244820
1392839124
587875070
998411348
863596621
547699457
459852491
249332177
581930369
2216560051
2180242580
19151000
15298836
2212905492
23764675
455764741
14916494
18245880
31567003
14267944
51452908
558251172
217286126
24556105
334660170
53861909
390973130
18174520
16209626
441278262
16018516
16146535
242176959
1891623662
22831232
16006592
38370559
21268897
20281013
43077689
10933632
522282462
7768402
14307494
14312391
14342565
17075423
17912982
18883224
18959163
18983793
19206876
20697830
21023681
21807420
22783783
24703826
25160944
28143425
29607664
29771100
30003842
31450658
35847728
39684959
41415275
47034524
50331969
54573060
63475532
64916983
65171319
74244760
76715323
80928773
90478926
91181033
93789657
94784682
97539939
98228006
102238997
102254811
119107959
135897307
138201697
227037531
262799941
300389351
323414599
334944709
339790344
342226913
355777138
372390671
62383743
366606110
21692297
86182150
31583882
16566133
21314814
7782542
19918986
33986037
15473574
80944550
53159373
17301707
12811952
7313362
14957318
203765012
32260931
1114886305
34341362
50393960
972651
459269265
13590162
14269771
44426926
14192680
229592356
16150136
20241874
17075602
57065141
304643144
115276825
359079779
24922704
312195609
206299865
239025975
30130714
312288868
276842152
101810576
571461243
206872748
61149653
624805598
14823499
18785467
20265203
968650362
993358020
565797499
525925642
233693291
225921757
1061088602
274990777
54042025
23124635
1311764197
22310677
77782711
519536557
1952823564
117189136
386270039
52077282
27989791
17498747
15393337
19615832
8011072
242939330
861388620
887744094
15897147
16339901
16315197
378635443
563121626
15749983
1885910570
5695632
20032100
15492359
20214495
36843988
19847765
14533298
227837742
1390640984
15650946
14258321
11877492
39520162
140286364
32135630
371417395
5518042
21849140
14727040
15248150
15554922
208361818
130945778
18172905
222622640
11771512
20596281
75069067
757303975
939922981
545255209
2284579843
2288340229
30148694
112897540
211420609
20271080
180010964
358891518
123420086
122717561
123170115
40201103
19780277
15062527
29407288
417032706
37557615
18917882
14179819
34677788
28162128
751947774
69620713
10778572
21696279
14096763
16244449
14800270
104237736
91478624
20562637
16827173
624413
16334857
57673909
120188379
456806128
933261786
159124223
164759805
16955870
73416019
49697450
993956222
40260612
56818889
966248942
141834186
1347285918
21718571
16467567
15923226
140665935
50446226
75898792
52230962
296463994
64643056
18424289
46822887
46213956
405129964
53503202
62352918
1994321
612473
25067168
380648579
39187465
77231473
115979444
1214410454
188055481
63202029
21879831
43969372
69373202
52615210
15335662
14190948
45931428
15952856
325479958
21576334
71634122
281593711
23617610
19058681
32959253
1892315352
3744281
1377719425
189967523
23685118
16359486
1437267764
275572403
137327982
73333278
16819937
1105102566
888650520
20192403
10222202
13992132
17446621
17525171
611922523
17036898
15744281
95713297
15949696
45629254
14139600
10117892
17194257
9830752
62945920
16425419
122396513
14924233
971424440
54276497
208220851
1516157719
377202013
471547853
16374678
40280441
10252962
17379685
19658614
823905
21691269
239760107
205437050
10228272
15235829
84614572
23999515
431983412
1723705364
14116807
19734832
70837868
17837184
1023020557
25051471
220086346
236639474
459617681
48002904
15369276
1604640828
1934787661
469371578
19277613
14857964
43758222
27124758
426578718
117839957
401090263
1013986122
423083383
355736809
208886050
212430911
42790254
32283017
1917542490
16406877
162238476
1549705375
19824430
761873688
16132022
8731312
19032473
8216772
26585095
20608910
14246001
271030180
253353588
403450037
14412533
1260574405
17372896
14268812
85131054
14251225
259395895
26053643
115485051
1526148606
868856461
15485441
197985768
321774180
302881437
228554424
183876837
26565946
163162704
18916061
376472551
21440866
17686959
41186732
15667802
939091
24886570
16187637
58528137
41017380
133872807
151519500
177661775
14377605
29151815
393693452
1327401170
250247983
14247572
242288569
36032320
18141610
65293006
292374563
994453866
46733238
346225460
203188066
5402612
22469627
94195834
293120622
475988505
130344773
7152572
48115928
48177456
333692333
124898913
93419194
1340093874
155568211
405259845
1648117711
16051570
94367917
514009705
15896464
20597460
22858466
16250929
15983306
1594679162
314137316
21705181
46478528
482238770
587213267
49250495
1439547284
14619600
17375281
22737278
15458181
15784867
27234909
384709647
299452821
17943145
165537211
17610715
18298094
428567107
168524035
22873947
38970940
38477209
19077091
16074930
384445331
20414217
1520501
43412697
225298709
16187291
425870454
278005891
2185064904
29628889
18276341
138697598
76027332
525264466
520029915
48038030
389841834
123690515
66830686
15445576
500704345
14554959
524396430
921824922
2187438246
87068122
16439659
229899672
387341952
340333435
20707070
15446531
17086475
59956410
65686302
731596345
19370031
38507478
902528816
300354212
21344507
350336411
15667291
14304462
8953122
894292836
399865778
868130508
1855582706
607622157
405137225
15160884
21157904
431164621
47455112
20144167
414488432
47633485
16256269
14352556
16082787
32517594
16185273
246220722
754135908
821372790
1436859348
1404590618
550532198
17012707
990627116
210045900
17198100
15108702
15012486
552355237
163813257
22163983
237465409
21612122
158414847
39311638
628707524
88740365
2097571
146569971
24843232
19697415
1613732948
334878657
44783853
86697288
15587500
15846407
759251
9567972
59331128
267510129
17006157
709244438
1263090828
144402222
22250215
18220818
15280845
21717987
23255247
17890757
50371921
76059158
95493980
78419512
50482949
291774022
17539497
1410590874
16012783
39308549
28009377
73190286
35773039
78599720
14216123
33276161
322603418
7228682
53019309
1707321486
82689705
209792690
66369206
14062180
278145569
55370049
325340909
232268199
10069612
15368940
87222866
235569707
179732982
78569026
91180720
882276877
878284831
16625082
74820061
18230440
64729812
59987813
15302642
228747444
44014050
29450425
16118322
19471123
152148763
49021031
761783018
388310964
63013144
18235216
87761584
205299497
17477406
14792049
15950681
335972576
14296273
16041234
18851248
19605981
24735461
1355218452
14731096
766547376
343327974
23094875
240714345
18968858
564947096
360285166
858921774
238862918
19360844
48854106
959596692
444819440
849169945
16672561
19088288
329443994
35862271
49388157
172867574
1887263564
37990581
32673296
87403396
124224165
17976923
93069110
18678924
13524182
9532402
729177876
15464697
292972175
476209692
386092483
628709039
352534407
104324860
277124730
114896223
114756202
20402945
326255267
43409523
57917441
263936580
44401911
86129724
701821488
82657929
172470598
234370900
15458694
24816848
11856422
783214
23484039
19380829
601196758
216299334
87416722
850633633
18963809
21181806
24506246
36637698
17006036
63262233
222953824
785414496
22162854
293131808
874916178
16081831
17011177
215207998
455066669
32453116
23450558
46764631
1037321378
612117635
1080844782
162069635
18909919
105031650
18609072
16912739
16365305
15679641
267938462
942156122
249348006
248850174
22831059
15600527
27676828
18317325
81191343
112508171
22983019
156656964
9763482
385429543
18967498
18805303
911780719
1278123914
1045096429
26946495
22527499
1045110018
17171111
50769180
950783972
1051127714
196168350
17454769
1178700896
1068481578
15976697
48459553
140519774
267854863
442824717
44513878
153944899
78445977
71907621
24733117
179245596
237403203
52503751
110545675
384392601
242426145
221792092
292990703
193732179
231510077
433179055
242256735
206721200
1090002997
22523087
1058520120
1140648348
26006398
214112621
435564722
41961481
16320734
42068515
30043148
58928690
133832049
111635527
8128442
24431892
20508720
59159771
16017475
131276801
1947301
55355654
242892689
63169388
22812434
16583468
50452197
182166152
190905427
85612928
85861034
1061029050
339852137
48086014
15356407
75364211
67332135
242376736
198526130
117777832
239871673
18566912
235373000
210926192
1083448909
193872188
1064206014
155669457
249219716
235190657
212262370
30929600
30216513
288751432
208692908
126171100
1061385474
310310133
232992031
20002401
74294786
29501253
18539631
50434933
28226033
18122925
5558312
18061669
20546536
19028248
138479037
147649517
12354832
79743108
19107878
23717572
46731542
17881816
368733675
380511052
121196560
15726358
14662354
1068470480
600463589
995193054
3135241
10774652
457984599
36948268
18247062
39834947
75367781
31058145
112526560
22318481
7270292
61206798
1055907624
73303753
30912937
15324851
246357149
151963505
1077121945
339822881
48802204
216503958
937723303
432676344
1092979962
92186819
33530012
1071840474
1072467470
418991627
1074129612
1055730738
1071102246
1058917562
171598736
19739126
776664410
389840566
221162525
16056306
538185166
78403308
258900199
211588974
135297032
172858784
266133081
382791093
108376246
15939889
555474658
1071402577
80612021
76649729
202206694
1096059529
291756142
16170253
264219447
148453195
486694111
240812994
21111098
7429102
250188760
24752484
199325935
47975734
24195214
20545793
239949176
249787913
262756641
296361085
15954997
13393052
22642788
7356562
16935292
20113797
93761782
399181529
161791703
158398519
20552026
21406834
252249233
28599820
234826866
112740986
14615871
381152398
970207298
86177206
461387064
44988185
280822613
349816997
66492948
21269970
29201047
16311797
234374703
14606079
14513611
60828944
237348797
11866582
119372054
404422077
553036368
33972882
504914052
217543151
18915145
18166778
26487169
132201224
78408666
246088673
56413858
31801993
22956220
82453460
263815367
18695134
33576489
137794015
28614262
239905257
156333623
109287731
76456274
115733549
168502762
244243985
249410485
234014087
242555999
168673083
21634627
18776942
15513604
20776147
222489622
13850422
154045477
14327933
214358016
19318314
1484786880
476256944
24913074
15764644
221773982
221277556
23588075
47438401
25781141
77423687
181199293
163570705
14717197
1258172900
29450962
305764827
8795772
16543775
12952842
355906128
233737858
88784440
248735463
83901492
18170310
88806753
223970563
38254095
120176950
158769098
35027698
15441965
109071031
161411080
143798379
29216764
193785644
109025212
188793260
20259954
19416225
118756393
24745957
36452050
27311044
43920155
25101996
27744185
112047805
90484508
21312077
22703645
110445334
18646108
19726613
22812754
14688489
16032925
247334603
20179628
19112923
110541296
33750798
15428227
213795411
14676022
43963249
36719281
7402662
15110357
5988062
32359921
5496932
216881337
19417492
262223982
34713362
27511061
10615232
20252855
15442036
37764422
18451200
18137749
14466538
5693842
242836537
82649553
17291393
369245377
18227519
249722522
46479416
24797315
16589206
188014427
10168082
12788332
278124059
111635980
640893
150078976
1286312880
191477653
17546958
23022687
17078632
7334402
14074515
43910797
5392522
15754281
294728278
16045956
16815644
86141342
7684882
787373558
61220477
108617810
76966145
65493023
113047940
15416505
287413569
19291441
13218102
18909534
30043495
20713061
58379000
44873497
18906561
15164565
18510860
494583213
55334133
16157855
1111940934
9508922
138770045
19608273
1877831
148529707
9252212
14677919
73238146
14135426
18216752
14344823
87818409
9855382
614441689
66369181
297067961
26278266
17494010
297532865
15922214
1917731
13493302
132278386
1339835893
15210284
41634520
15918708
72198806
73181712
218289790
22012091
16031927
18217624
20733972
50317463
14845376
28576135
27901418
15862440
14159148
5741722
9245812
788524
733751245
158426909
334079075
1115348904
95431448
615443591
1330457336
1074480192
95281047
236026761
17800215
14855001
44134773
92079350
1106501
18622869
97474887
21844854
45671898
56700964
11134252
16664681
813286
38228095
6017542
11857072
11856892
364423298
409486555
254117355
188019606
319100065
2467791
21862217
337742544
244655353
595515713
369505837
278776049
1093090866
52419540
16789970
325830217
14454645
14345062
15220768
205864193
21228708
19268706
27298118
31127446
238259855
3108351
17074440
5561412
20479813
131144091
17469289
21225519
254186356
453319164
18686907
15675138
16160352
18215973
18766459
118188665
475286355
29442313
356885109
59031230
69193833
4207961
31128529
114547989
18587457
49698134
16076032
116505994
23600262
31122582
22508473
244177754
16129920
603025587
19035963
807095
742143
14293310
15207668
50325797
224320485
19674502
61853389
30313925
9624742
49045290
16256826
295899118
113420831
18891923
1652541
428333
14173315
21220931
184136149
89820928
14529929
63650107
1485928500
19394188
18791763
15745368
18916432
7713202
1479457057
22509548
15463671
409456907
42389136
2836421
21619519
75052666
7309052
282735852
113425681
18736652
16580226
19802879
23503181
8295072
17471979
11348282
28785486
14075928
55419844
436913317
11856442
14955353
15224867
