705768564339425280
960444710
372847751
20054975
192311511
138350710
84330898
739084476324675584
58782230
63420653
2785457824
226954905
592077094
3505529599
22609332
120118721
104182691
700973805397790720
702062095081275392
593366040
729616425162248192
543350938
268728746
545087869
2559021440
32927849
45567009
21687138
27641931
63697245
87183685
3872351241
40843590
747821486665244673
145792411
2847002162
80319673
110176816
57303846
4294759041
29839226
86106241
2530676909
944748853
115405290
575458818
318502332
2813386543
2557046358
3761322683
3051725225
2458510246
2459563282
38281180
40207557
18912121
191967050
246269251
500107751
17133807
2587699218
31425901
337659820
233500254
2282220150
3098133616
264154713
725469917844262914
633959657
4876181494
1426400280
35722410
516649085
2173709240
3022898344
2798180496
4853548462
722953111107567618
979577641
3026585007
2160590472
270433292
3026764307
4901119253
1614563814
108882900
4784340108
30431143
158021529
171971603
456615610
3438930755
3320886334
471151645
85794542
1018127586
136004952
18643437
4691437897
1282992704
57107167
159447779
3174036887
4883631935
467438732
4179202113
702490829340938240
2798125167
3290529639
3045062896
4804949187
1125937411
1720636778
54019702
780894200
3131144855
267862234
64494281
2742945006
534177889
2212606916
91393702
481447937
3899497877
45795223
715207429856882689
555370896
221040515
17921791
4901425276
206113088
421162009
296270906
354984678
4756996601
49954418
3044874999
1122187578
901606579
83234153
112413126
1284146730
545176048
72305512
1182193074
1080552157
1477576855
43554444
20509988
932485968
39486292
37678166
704315710776942592
2737140062
2660196782
78389631
364906841
713019411297386496
713017718597947394
3883597401
1479314245
3907718057
709767200102600705
704293867990982657
710395085851123713
704305849259393024
704343703855505408
706874832785436672
704342371610324993
704291902699532288
704292549146632193
704293121065164801
710395484993667073
87749824
43299388
25073877
198530076
4570949121
2859190618
2260128523
897644372
33551835
271351673
324921248
357958883
429171336
253716029
4717892303
22800916
19017675
704342929725366272
4360033048
705352544109924352
90130215
903788539
24241607
4795940253
199203243
773954858
22615940
1207897986
4736282128
82621325
14508305
869592500
214239945
2717695087
222053109
28100237
1243364834
3315197512
3317348727
395480570
266113057
123860965
2274684175
980093606
84363471
268311966
2784656818
2407001914
149079143
61526333
107377283
43313554
980172403
2693039478
2756825924
2706816542
3362149227
103839118
262877476
1527707070
1196813840
2797521996
2429427672
20449691
376095793
56712819
43081905
271856354
250731821
116710473
751943970
2310292902
147966952
518414866
96852262
124416342
3695647695
1466892607
4185594777
80829126
3871252041
3512874317
169021235
47968824
125702437
414666494
75248663
2262408400
550879990
882595308
138390751
614264916
602616286
2356051247
39498669
538854757
202572014
266770701
206188508
54513563
1876328030
3315090227
191023161
1540803859
30988380
49892324
540096404
474049775
3295461044
221374879
1307130270
1339640006
183978354
114786798
14242243
135812462
19960986
293966763
1288729591
317752961
4075558259
3769933277
17284200
4209572541
14598217
505911740
1285790670
4795340774
2248557667
253696045
510614265
94842975
1310499704
28529337
27622239
3003239609
2512545974
52440296
112417955
1595712726
1400372622
109065990
36018499
2543238228
239306215
947760642
115687708
304445031
46640060
896103140
104148153
2721500308
21109204
17467600
16361000
254690532
2686522639
57397586
454019095
183212556
95842650
26101062
135452100
2980311778
2946423417
457768083
592827292
713339321
2342294676
2601880938
19257934
3499904056
281412087
1370793218
316358304
454081799
213266785
224168895
34621504
4009119623
22120736
854680088
498918159
1948997461
4000876737
114423091
353831932
2205494522
4219603655
2849847099
131184499
116753092
2363827633
2744288952
163063216
36645938
78570786
1097649289
1379641278
28118830
399312985
1139473482
434898221
79834662
559500871
95682967
19453299
2366182022
2314150380
2445442116
744697586
138706264
1336576566
577247716
2493304344
264897818
2815262288
267283669
49631321
317828003
3803066361
559794479
16390789
20977678
76092312
2192459389
612657584
3344684542
207955249
111266879
111833888
65395120
487440163
485836616
259359688
140126511
1259143152
22641376
41458237
2859205498
209000687
500651829
2851804827
1243651956
2330558863
19347678
321472863
19301055
3389833625
306444314
20123366
1125509760
5225991
399321692
2905271590
861189925
46361818
1962229448
47621619
70387197
2797736465
155860990
39479566
33552797
194613107
66892168
177119505
2776910361
486034359
185630750
2326246340
70442867
1514559187
4219723042
254920290
83353495
366610078
105171466
392796291
54322948
19237777
1853881045
117072098
295277986
169002949
3251665497
130046698
14301757
492345239
2659859021
237670274
97475422
39734835
388910289
2797787444
1464836197
376171612
2796277391
592779997
861419772
2796661270
50273413
289275675
85167408
3417599043
20798713
1240935392
986877756
23922520
1346319572
418806465
3131311863
73167963
135913211
112774691
15273743
1501636435
36936912
123600583
291788702
2411281896
101726287
1570655149
102093249
330978041
2868133139
113368133
327381734
310148458
19535900
34645732
323910300
21317714
2274619590
43129175
151913390
14292247
2601566466
95903159
1360573050
2548154382
608191127
2745229302
21025855
2360881284
34695487
3971270813
193307218
2414555120
407720231
949626090
166549213
4209872273
2576676452
234394941
240187929
2274646436
3815440235
50258703
194533591
2365707145
340234449
23931862
205761470
524669101
2979619445
2966211196
46530241
396543566
156478717
2282451398
1391894220
564990185
22484685
430027828
19763785
1919696473
90429500
1331204826
328944000
220172686
3351618665
36123433
28596803
284681551
42852684
1934270935
39240629
1623426600
3105439143
92556850
257872981
600998181
192812838
628279173
204336765
497116433
2611851554
2232931092
1967037337
495135496
249203925
1011416335
432548378
122073043
118667844
17962574
197404815
222114011
84421276
402173888
2870939187
22670567
365983530
54530090
233888110
523339325
2603994223
247291967
1220254405
581755274
2870362757
83380957
16094211
20783675
2917177745
137738656
1962715338
1900540602
130169605
3151403573
28128986
176472273
115320895
100766356
36396565
2912804643
133300985
211459968
75514924
2976523733
1338655608
407387766
384210816
3402477629
138050304
1197611928
2846957904
2785637836
79138983
2279432822
1735406576
708395616
2369241493
244533655
115070524
338329289
961226023
2292542197
92248457
57432443
133030769
2745856993
1699485918
3238750120
592996872
76920456
106233553
3289621119
140376010
89206056
303916577
479463112
46494352
147994525
2377744015
3536194534
2338057471
248628960
203062522
2818183231
260409519
320790649
37959631
203628181
249183945
2423445630
40263343
3097095622
193223277
1097856360
167921474
339874256
14274075
34637643
3547722015
408548387
1284341815
462230436
980262278
1640696832
382263321
4097244382
214837137
26001823
1580771017
27838201
348388932
2271475948
274598056
161610321
166169214
523123532
420211051
2402046727
56969578
866252216
18508788
2243865110
1058497429
2673995912
531401378
108970185
334027620
130548872
300183069
68714446
42863785
110647540
215707289
346501132
473899338
1270797433
2938264173
1682859210
2558705101
3241981049
17977167
2230228998
588425671
322670538
185631813
40867178
148358127
2874889661
358204197
220671535
3362016513
20801351
1479464454
89965352
728461741
16594181
64544199
106642098
66643970
1273540585
2383691647
1471670072
14413957
469424136
295904414
168237342
