1897437001
3195143310
3189001238
4891767710
231807647
186060772
16021618
544840049
55548410
27931380
105488203
160952087
720963865660506113
3143306687
137058489
1409636646
65466158
14291684
273620059
23042224
82188320
57057518
1566179214
359454995
142751969
725408402290184196
73062993
301097620
213559194
283035531
742666622003974148
14987172
883736412
16706624
358094720
1176803712
19383099
331758622
556215059
37477788
732818789742546944
14169130
53509497
832683854
735031218454941696
187428824
29138797
47936893
2255210942
3512101
2934717504
295159776
161813561
499446197
3291171027
598961597
3659148448
3092132211
3311036150
4114928002
807511327
2654196924
89221375
2814191961
78761555
2758167467
3295908500
2616600606
3508175477
17381547
31257268
2518321
1410398054
2508075840
1185026786
369229662
2781019171
3071162052
334897625
198525220
426247460
233739649
16001350
3305300965
1392603529
259864175
341585817
1715420778
195607354
231155598
1110602888
599668419
273400701
2253271502
253528266
17267400
14563724
1704840032
959537862
124690469
2988120655
891289956
2919910279
148132182
310310876
3012945707
1347250338
19059966
120071591
284275814
60514666
8132402
311877745
3142423394
131096208
88679843
3071659848
2867446730
118284260
16561457
42720716
2725692751
2351661019
19006469
137687327
618054310
342864030
3028187768
19437606
252531934
3021668333
2548534448
2506351940
181344260
386448234
1603635662
91454200
2789371784
2165904277
115847052
175500549
388213946
14125152
352881859
2892211629
595659586
1259129432
377242200
98864871
43185402
940596446
2841536035
2686749247
236784482
976309214
546633531
14362873
2843823025
1327465291
1597836854
492074876
2840831792
2839364274
1638107148
14565991
298451769
2337992480
1007274048
720486818
2791302102
2559854328
1602123180
195759872
561136516
93258451
389225590
193301779
2765827572
22398458
2148735936
265058338
314471893
369946732
16826724
2739169272
1361994499
2540181260
952380968
2561946151
2440704998
70696481
159571363
2372221400
2636745596
1712326692
299530838
2557178233
15286685
396716581
1187912539
796701787
19777359
248337363
49580420
300775565
802454982
15171095
1028996418
34186986
1151776219
61867966
1120614613
544289371
14733345
28974468
88079414
303862998
1133539693
2213930580
373539785
850395528
15859993
1901987550
45808079
195476777
457618567
98474610
634706568
1647344210
41232632
1552643256
128982663
191448154
2329561057
346924867
2293431397
1644575732
1345234009
1613544854
892280815
66105403
1609902864
54684720
87818409
2320542056
2317056224
14700316
349093818
28207516
43073492
852116413
2234714742
702291918
21640728
1265068920
267523313
226636723
407450000
21727996
20409889
238308510
381310562
487227255
182879770
183062443
40813384
17400407
2245662284
180824147
32008283
172509769
241024381
197326414
292150731
752630204
722195058
374385397
1411791888
20064098
178973012
49860614
863416549
1392163634
2229113190
282848015
83559219
949440175
71593119
2213775445
395549148
19403243
17581580
2213705515
229679186
106044145
88877106
445822246
15420091
2172902230
346455651
1124347794
486452917
162988636
80849128
754728122
43905183
370581440
54986063
14858966
707350597
60939492
14483788
374386176
246018008
1518547741
186177715
2189777953
994255471
889512793
959609640
1922027130
1895218561
307807466
299215811
55650719
16202540
54557614
1571293147
2169353802
2171620753
365484476
2169396397
399123429
26115437
18457037
305500280
1716078990
2167134505
189183183
16701008
2156075080
885918372
1965366804
971737567
1083615558
1933157155
2158122428
41218186
24087398
717716099
30640317
369460703
26471646
88592174
14334545
927789272
347921787
62089979
17134334
380143443
1966313406
1068155948
33633570
78258816
1964108288
329758796
17772211
226484260
231060869
1917910939
26916508
438728868
918452336
326051008
98646744
1919607265
354521378
204341668
1862456838
501630892
84867369
1734904160
1915773211
61275359
1909326804
65723336
173237137
1032052170
1705400551
147864555
320802185
183663502
132902975
26657004
741561985
611463762
207360028
1115086669
510518484
580612746
102744109
8223272
582134485
100962530
1462233127
330210006
265237117
1163134556
45126080
726392448
1829941999
67714386
268443190
1710421718
1714255856
1723817472
1714319581
258880250
1718052710
1330552940
1622979450
551499664
59204081
238100566
56814433
714339050
182395682
77077434
224609995
423193680
4450291
431387229
1015468849
24105353
110400643
66615475
1574967487
508300117
23698060
14266396
18969131
266124381
1687482468
104516399
1494013171
715874642
632104194
37951713
18164355
1438729482
448884145
39575154
17610162
1677615842
64195512
84786801
75749765
337664967
61141626
1540729867
719007846
28887667
517165621
20518788
1513430646
145736347
142565727
1640653340
443415337
1655601206
1624121893
1619509032
298029273
26006060
1288459292
1631544600
22542779
1618270230
14686067
1559227500
387914765
101699685
1598681466
1574964073
50910154
1482948007
1591653960
460366952
965230309
549055150
50560183
210983876
18007590
1448350032
932836068
948262129
953761146
19968469
1554010105
196050006
1290092024
1545897853
890402316
784489880
507816997
188819754
1056666288
1537911468
401863617
1523851814
1503381692
1526968032
155224552
171467700
1447637599
1387359638
1473095791
423179245
244268661
1508510550
790529533
67616011
1107779059
6701912
1473107058
14831457
15915083
1065429840
261522481
263422764
373720742
1483120794
746362412
509547936
620296400
211438709
426063683
1457758585
22831315
104831255
403435409
1426206176
201573826
102244099
1467206358
85105606
1060053859
1450838634
21401269
457417490
1451489136
94658471
1454754565
390573092
1071280946
886675848
16158496
1395602720
1121005393
1446058512
469023568
591098251
16493145
600661712
755412098
286321336
971293195
201481014
293338829
181519162
1436429154
283546459
436872649
1380078320
47284866
1350618902
181110956
1439871559
25608357
801085292
1385812880
96097223
1439917543
993237552
237186770
33955981
558798347
1431723188
883511390
1432193510
1364934968
91682417
590392063
32517165
38376519
1425343201
217099856
1415046048
350328125
17582282
48585067
1272063438
287673565
595736028
1411812576
1421177214
1393348722
388259112
133130695
51090404
1416891872
1414300634
85092148
801772543
707359352
24436600
116599789
590582529
387872496
272215439
1170027403
149540880
538466809
367796000
1400906400
1345377775
947844054
266227511
1197704702
226186080
1302018361
432334851
1335669019
28989052
516340538
1399846297
551112101
427772559
1042894602
1397970416
14290318
907332397
1392172158
29713940
15302584
211034891
126150615
137144052
15173820
1165260517
1386647618
175961071
292908464
837132552
211552063
313310145
612936449
1157742427
513002713
332868448
732203059
187136804
135106168
844558016
24859536
1376080399
252000608
217091299
901612771
1295384419
17959234
322934474
365798096
1034100738
1334157319
165259107
1089306121
1359871627
181929975
1321634904
1368033439
1219795507
235617447
98170167
420716269
19868796
1073435462
1261710644
140687758
14055745
622376733
1304432708
59784126
1359419474
380546192
45277713
736882777
1342274954
425722970
554991585
1320553111
1179948600
1338608245
1355822828
1359931051
90747900
447124560
20097089
20403641
42300159
110547002
32857873
261602565
90773786
1351113506
454601354
45940831
1019587506
721828513
1345730972
9248492
982061360
33834572
9158962
623849324
270291881
257662006
302049915
817328894
1116080395
89363681
1336905818
83236323
626150065
1172350566
21279340
993664381
548291783
606003035
157671272
613496100
1078167072
923514716
925400216
188970781
1255724882
347639445
582374840
242883885
293526406
62836013
63932920
1054481888
939922981
145470407
521917587
342136282
1073625432
1315205294
119392463
268195884
632179372
440600453
428019591
515680876
337912437
52429763
27960823
16832665
956679182
131124451
485896708
1118757426
15158177
596024114
373131589
1297843296
70265307
1150855399
844296637
39727062
131623639
17349714
63476986
775395708
284933832
1269576036
702982178
166202533
277804571
59486068
1106705810
1118032878
351179091
863561108
410152420
7245172
604743567
14173315
7309052
23774554
41044925
43684742
1253878879
3108351
2834511
760212409
431603053
1074376117
395441358
570044792
61460876
24966620
1193955433
1005827778
162424497
172477993
45708630
50006818
551108517
39348744
892077894
6366612
30616213
362474675
942889339
115506509
1177198146
26035485
1126037822
634828712
1192472826
46993403
1156924266
300752777
214154121
178896236
359147068
112628982
195466432
8970092
586266672
107723107
7655582
14760613
473219882
18135784
978045247
20022054
17094712
379640397
17763743
967022120
312176237
21281426
636207140
14112512
90303447
214076032
15969142
996704731
293631041
245630707
152272589
249272139
40959937
149810548
216923817
47678537
343481075
21177575
775395090
547232187
211852005
390641663
580194746
55991270
194758773
58413378
29285140
98364165
905014248
93207353
265744572
1008780690
343869804
282032447
26151379
64192473
18971829
15082480
775404703
224231676
77744006
321497808
284462048
593739541
467034593
25483563
277343745
384550072
21390198
21084703
163628467
418369928
517557296
20414217
6049992
219752532
183326516
219666703
94135202
163706062
1098248054
34428741
521445523
1106180832
227574724
16913511
588467478
80581622
29165612
14525652
1079210822
78615326
113906681
162557786
1101315295
346434029
229730459
821846
30951319
86503285
1053062784
198421422
33458113
5813482
6392252
738520794
586624738
63085622
81656841
261973915
317391488
77165800
459425167
191275181
163018733
23469093
1054171693
15498383
637021736
1003730209
68168550
524894043
135839224
515302105
175044831
830218441
16936237
23566506
351794681
222920775
309831556
226429297
203785374
562124809
581245316
943184216
31537026
873564860
93494255
302336697
436401621
1032342499
834055856
461128231
29644879
611910121
256583370
451095106
708046909
147796885
237238410
5715752
17965092
47805155
549559538
67309699
221345647
318103857
966202040
498468453
375610594
224166811
243609402
236226298
179241195
317669993
174676708
599523145
26990048
450536275
444211741
114318007
860762347
140249877
587798736
486474923
737646906
1042176794
133434615
61675427
48363700
27472771
28142745
400225181
280868082
915100500
491415808
97253662
44837987
227320632
376694068
47096948
221736656
201201215
75742688
59991981
21377597
135350968
23769448
621598263
278940551
385785726
45300609
594172095
16727002
4688401
302705840
33462545
99930114
734938514
737054720
299141309
19386370
39731337
142394286
896924636
578884732
168732434
558839534
159332966
65577676
111681010
39916609
390243896
49321276
601273905
918403730
72701241
90560240
352353097
26151374
55865388
603652224
881482352
577108146
49875537
149919134
15928101
213324687
31661225
342517556
995513460
410025102
112055282
172162803
14869293
20686836
126985884
24670970
224592841
263906655
21088691
25992562
901253508
39773960
193439366
865798604
228537334
1004967782
11170072
453759203
42640869
122091748
752961901
19767655
19988117
704056722
288218536
812432594
21454523
908909312
993385122
1002303002
995159310
374483476
389585415
185709265
39831011
415043488
471472211
882792996
471897125
216441108
20840441
24835413
62157790
861023671
557095673
202108590
263203917
1001347106
98015030
125631236
285126536
467168465
226085303
301669774
19421024
35823273
21749093
754298618
514190155
45930775
258245223
14707269
19322619
132377834
704719524
133038617
804501830
564265927
584058486
350664011
67940616
108070964
20477352
523449453
9726252
588073342
18085764
377277534
30736991
220748300
59172877
284744889
83892816
73798980
250920020
281797383
982948495
386615759
22312621
192837877
570356614
42799135
28193775
312544837
990109602
86007399
472828428
376056390
23135992
443812908
22539801
555307309
16126957
21982720
228489296
48945778
330601578
252678190
269589884
267526912
39478397
309099746
408481440
462581066
965445288
421616148
546393933
386523371
812474688
179190404
38474832
419475232
278468071
817023044
227326200
371173570
713662740
594879232
740166096
473732722
571585221
23291790
517242318
982357921
554355688
636951258
51366482
953086658
978449078
808157414
14511951
981175916
977348856
233566291
306498766
600224020
14293310
332193481
975179857
773007836
15224867
16646617
807060836
19436897
349714724
978658729
971089736
113477922
294599110
303079233
972273001
719988601
365144469
760460750
18721125
525635750
816228080
961097059
788697546
366224683
703625664
448006619
817265402
441145084
816024336
174549653
409025386
966412374
967183141
437493165
166916033
98077302
470007304
77165249
53001749
30534531
160971973
335453644
301746653
17537809
763533079
963822926
540862494
413640094
580534045
331057138
22346292
20411005
497098348
281766775
941565444
174499209
25262496
726718814
462399361
26073286
32295573
363411633
175561466
30266073
278263517
292931596
868184640
464335890
29097819
196076065
934444100
33189410
143638422
22895012
18375603
340776907
216616711
473453213
829697100
946706138
927171204
382229440
414926221
16714772
151409928
44832407
36055422
45391334
812717808
43314542
231507623
127534269
18640108
460513009
562690917
47201434
343531550
366531796
6311942
763060874
240900974
595232881
838599942
410864188
86876395
215600511
361071717
132225521
822300997
234604567
74521886
469156926
126273650
319744638
328915375
24724163
65897108
377891234
414312171
337221817
830690167
45289289
372395518
38632540
44162524
36051804
719045856
846251222
428392618
904580071
34234990
877486590
924614268
18378740
742143
37874853
174178272
38400130
157895111
619736945
902073643
525224054
458452292
920796193
934511712
65938612
22237241
299215067
196720303
33387934
195846765
318966842
892183981
37955958
786471830
223551441
928214204
25807703
884752046
14926475
22925930
19451353
28277615
900152785
154555186
426968662
144350248
217906833
