2430408932
4205546063
212229592
17949156
86271665
351723025
4835558686
747692942509355008
406842374
2149002596
4762607588
701201868517720065
444800767
10810102
740943821693976576
729706425644134400
363898354
3170837092
104436928
1372117770
4578059009
78905469
207139132
223822105
358328909
29267420
59746903
99719342
263842940
139038097
303353787
466565853
835418552
279642533
2397714925
3493322417
1648684369
1952979300
125128723
633417264
19486200
2835128525
68213392
132135624
280633118
1976523150
438644521
3371303825
64142594
410070653
3092207344
242704372
40129171
6591312
234252414
285046266
3326749439
87966101
2512147602
22751227
173551974
2999389335
302610051
2891986709
925786620
604619919
420422877
2970395632
33511747
2914221579
1653126967
274528431
7349062
2868864759
1487796734
2591999898
2495880005
2640231561
25153037
2379615913
278627865
2350782148
476146155
2233649053
297369565
2768830619
83086473
2176445670
2339695950
2776306441
522600515
2715440622
2713021607
2408638579
263133742
452240889
806684113
2634032692
1384939248
131116939
2582389518
437075476
734582166
82142013
382879566
1880990928
590546829
2578236065
21857067
2427274597
1954367611
96627383
2422587631
577075385
482457738
2364717710
2443106650
102955736
29111590
351855597
1694085108
1386477835
2393139985
1875086324
2415577949
70730497
835535851
1411082898
90856254
2358634578
2355041852
2351444814
287357600
369132023
2254482542
302511319
2338628769
160294607
82569603
423400918
1883557866
2309456666
2306621998
318066657
459441827
85644576
463635929
1703049552
2301606394
2308895484
569974829
60979772
2249221532
2302870747
2287098374
1672666550
2230719226
34262833
36634949
2199644103
283640557
331860153
777779522
606608557
1389050252
30628722
252767227
706977206
1541742018
94631423
35893359
1451484558
731211349
2243741894
1220855197
2147614572
196045218
627683807
2157336342
1669696196
1595557537
609222306
2212843526
1585119084
37815038
488555239
580391330
2176323408
501202640
2149168286
619034978
38509077
1545993126
440342839
718868253
298704588
20323841
1515711746
615022316
509379663
834716378
1133968914
306214253
2152517884
569126852
1954864740
15389395
363823539
174202993
1979034199
1954092804
339697820
1610384599
126291148
62003370
1597714699
1660087447
1606278426
23445353
57592690
1486875068
1550641974
1547629105
271446110
18550608
35480229
66444030
1469589090
504268246
77969685
350522787
359856859
28032659
1472207238
303953324
336757863
127660357
309193109
614494411
213614126
453082634
388791563
84647995
80394708
440337930
45386125
273108425
1341635502
852830784
303725895
7714842
1040330478
461356898
20164096
238895758
354533287
62338615
303166615
331361022
20080495
20082169
418850265
27393651
824910895
178014799
581125392
36698826
636172149
447319805
242709441
337909759
1117909038
337107665
89905604
1351258142
780024367
220997453
1318027495
1158080772
92942629
747920228
1284037616
112174740
89748344
434629559
1260125239
928248012
1024787096
57006130
437831583
615681318
606381058
336567180
6664162
462316367
308404168
340189046
87081989
305814573
390234999
514143917
1119456043
259959796
908786786
20303892
391229857
407012033
276404452
303655801
55364344
863209634
298961060
345620198
101870861
289300747
370659276
185582311
948154771
250866013
249076639
942214596
802060080
272569428
365996815
23589691
312121068
69269986
54667032
915116610
823101690
335877094
385867551
495763508
216173744
345576165
239670829
115051201
342822563
525996530
340269962
34937300
138527390
33051095
303199694
467507215
393406235
237281470
502183271
448088583
633661407
804468624
185556330
127191186
498332506
560750331
789775309
225024383
231540427
271488250
564413109
269397271
730741020
200871717
78298490
528223536
15206103
700856340
550178932
91585149
564083203
280517722
12636532
366672743
175732019
158038382
55343211
308374431
424523052
35439079
93052769
14785217
443134262
96977991
614568639
130931982
240792152
21745474
85360387
287776793
27682916
23664266
27692596
330895534
252485207
20885574
84951601
366656774
11486062
22167460
273552237
102636755
538270446
19979086
282545419
359870591
525412877
22759328
494138652
20940993
48672026
475752666
109921747
468414755
106094742
47626010
46090899
235929410
25876418
19530408
459154457
134916556
306123733
444031416
121502523
127312199
443813916
376718308
112498503
403532829
361540484
24916036
60687884
29688570
163132365
19395622
32833842
419471177
395919405
239427556
302627718
350134439
421099775
16692859
22812734
88761064
19763459
236937056
210941032
21866939
86734122
40212366
44084579
140118545
106118793
38834524
117366399
104848816
348415489
256539448
95973642
36780720
18045304
185306056
91117049
246759210
32417875
4229391
14685924
72515134
53138772
35501298
128327111
93146733
8948962
9245782
91121268
26985345
128216887
89457976
123220870
115632774
19409079
219287217
279059078
278936901
187190261
20038272
28172574
269918055
18029775
111936713
16343974
52755452
203560532
18134929
19030517
7587032
5402612
