29907453
2216890023
149760844
3297191372
3022356291
228722020
1616342628
2232288326
4212464320
1660440738
712456297
2939175195
3289885217
1667398518
2952013391
2717610471
703036313
2617693401
2889237124
2699184620
4082905816
2796172713
1438937881
2987771315
1709669551
2960863985
2420853921
185227226
709613237
1708435944
1433609372
4212432269
1332030390
2945875175
1675160785
2822810892
326807889
2609774974
549114961
409462884
2827421667
3391865164
446633952
2619723381
3723675076
3115907773
943492422
2918641941
3574861828
1355166937
40915216
3273249888
388438160
3474104594
27442455
1147538318
185585454
99722237
2462456451
1527824954
2874804957
1434667333
3307197821
2254111346
2544396210
31107444
956538625
3139998475
568548226
1478125308
701356107
3662645898
2647308084
1644587030
1546523317
2767535525
761880319
543728251
128875739
3273145756
3304201434
618799066
1135877646
2887562848
1738474914
3505092981
3243264274
2856395773
1479528726
2195060120
1103378162
2835965824
513332321
3288855961
1423278565
3244785628
10418
1223214564
1662187832
3141467051
3177553341
2542133480
3320080988
3357946695
387742134
3422802213
2829681249
2963556639
414433862
556312149
391387538
2418204420
3296307309
2913362619
66392105
353745942
1560372631
631594784
2966990657
2511296704
604300001
3253744349
364728687
484905805
2782764195
1716956222
893815873
254732368
36979045
2877210257
561071803
2568737258
2660870148
3238501256
1876289484
2983983132
615980093
3116711744
1351275324
1114869991
2275937942
2898126717
2829985153
1966606086
3185311982
402401015
237457844
1851740701
2297793830
1354177224
3246494135
1411591314
383948753
340671834
1563832105
464139666
3044359638
1222875848
489573915
713317677
3003360741
3233402826
327811311
2890990175
559932925
3152095936
3160631938
3205137845
15846407
2376884229
751735021
2653292945
984720608
176566242
2755928111
3016437756
427320068
206774019
2854071554
270482789
996030847
2166148513
246983067
60658925
2735254797
3140045798
3161084697
3143131417
3197489822
194882880
316987907
1068858864
1054183908
2905024200
1054527894
295163755
2573292579
3138989582
296035450
1460846809
555051337
3150550608
2187849967
3178177380
3063586893
205863248
1433115937
3124778511
2535331199
130696910
3017046094
825568658
2279373002
1589257340
3023245623
416148876
560320949
2478603152
2773868449
409333256
325265546
295942527
2272085185
3139641860
2326111688
2835962353
95465386
2487547927
50731557
1927435722
2603640338
2541024598
1409527718
455264253
2277418890
170630071
1046978322
544468311
215677556
476108280
476098248
1694782932
2192278860
604142194
2274412896
1617517074
591743479
3131274933
606879246
2222327658
226690054
28639473
1556068850
2787221631
2586255218
3011782856
2683824316
2371242613
1028706985
2601258566
1514142204
730109870
731426569
2743563403
184584255
2887002118
2792891226
3123934244
2479857121
3128934756
2232935850
427748930
349390574
2914904468
592875535
438655486
2961190655
419127019
2728584968
2753915802
477919735
1052853649
204887235
2375771978
2756165179
3127670922
1103469181
1603242559
3126539866
2993903130
3043998062
1723580948
2591562006
31193919
189264135
605093834
601862797
2261808925
2912859321
745143055
776843874
443802049
197909819
1073330503
940573470
81674374
295078218
990434610
1618496964
363640677
552576926
1668999458
757390729
1652804113
581994177
2726349521
558284323
625178544
1116053544
519849255
3026380897
591661900
573078668
439391067
174416608
2790158248
1680802903
1678650126
1358257962
1001638824
1603328846
2801165303
2940649749
2366054299
378630680
2458814826
2348609846
167714664
318690203
2659309308
2825579619
722660600
2429570119
2905658428
2896196441
2298790550
566414300
864113412
618191489
2211246164
2434596247
305595433
1585985522
2938378893
379501361
714903833
480661025
2913671878
2212049493
400657263
392225387
1964742792
444121570
2538227083
2914594358
2764375321
2155830221
298442299
2169157622
2242852865
1060667996
1420497816
2716910353
2719104894
375417382
2777026529
496065624
1639807706
147241082
1596170946
847660586
2511249641
2436955478
379015662
1047949333
2485004207
2926175645
2777538181
1085825918
318629841
2463660402
2463117648
2451972626
277993695
1597790258
1338074395
2376011789
357010752
2822835194
505117677
2934642149
2831791832
1694939490
2666900328
926123978
1232102234
1848405492
2872065648
2351482856
585919090
2864632089
823075340
2260390577
2874591251
2935827765
2935300179
2918308552
1443837078
2935656947
1372969105
2440016318
2274748393
2937500063
1258128109
489719125
1676850944
2832474603
366507262
1694504845
2861735456
2825667119
2513268060
2653036797
967401104
169573302
2856822143
802529450
2166322305
2936497629
1239517951
112012277
177904935
1661530070
2841640416
954954451
929354587
2488415688
2654423571
1906371115
2738304274
588624638
2886063921
2659674445
835668001
466589586
1875657414
328839334
1551255596
778056386
2730143728
2834431175
132749021
1095038702
1269973339
95207683
2718821562
2656366876
2669075107
1914859928
1631032909
1428642960
788526816
912576121
1615426436
1566824095
2787049484
553084463
631831877
1367588119
589417457
634941345
151231965
1407833922
1556372036
1491213007
580038685
915573156
2314080753
1308550596
2235076544
1362770281
1344352200
2205231284
2666956495
396360637
1436508440
239895632
2632502829
2776196211
1504571180
1260231698
2293155770
2747853271
621426183
453304752
2528525239
2565796088
2596855424
1564108867
1236151512
2841078386
1603324783
2724728968
2641949917
2472883116
617159919
576834744
2477785443
768134833
469174025
1615803302
2458991888
1177136058
956430794
2935285366
2737017936
2872817464
2478271862
2849396708
2280571155
2327205296
2235161321
128111674
2465198408
342661357
2423407476
859252705
635610235
253233384
589500099
2694255419
2277914634
481448324
1714251830
969198403
248022394
2838912148
2847314662
1137694795
87517764
2909412264
1123522789
2264726575
2277466407
80265927
303985433
2816963237
356705189
2869636870
2899400139
1368854618
1913451062
364422437
2212834989
1516664994
2227811256
2304729557
739090387
1038347011
1553702316
973584799
2798480989
2634473501
2733244307
2906473556
1709666089
2661209573
294885528
840304765
2272047480
1093056516
2457177051
428786586
626892023
2752164683
733078320
306295076
581957410
2313701397
562251505
1166366000
718808916
191507932
2752761663
2899770549
2766550113
2335402331
299782478
2782066123
2414831019
2717669645
2733992084
1352607853
2259023297
1106689147
2662450784
2798223406
621953127
1317049442
2726727449
2401646664
2768764547
2402993650
1621188680
2879989974
578312241
2911897157
327463774
2739414525
1884315570
516977230
2538783819
2935913837
2263961721
2202594575
1887116094
1581308695
1591911488
1715202901
739560494
709211840
2348667541
1260104839
2177109312
2814103145
1539470972
1684859592
2292196300
103382623
1366571684
1405665086
1557075708
2750518125
90072228
2938627688
1117347607
1239280489
596657765
220053728
1195005223
2763298062
2774487845
1309907642
770966168
2646698327
1555588478
322349639
1589320309
1949410423
735311317
618721130
2920461847
1321138602
2596901449
1732934191
627086378
2755004070
2345631820
1636202455
630747161
1155731012
1330045596
2463925002
1031936096
2504811964
2806328810
2806092519
2680312904
1447557614
2196891364
466919428
2854723948
2566676657
952462472
616387531
985490827
443765409
2246373782
573884373
2717867936
272753960
2653598491
2395257811
1674874507
607747244
1969650848
2934702748
469795560
2164537394
2609189726
1733208452
602887580
1157991210
2711831931
180346852
2250532088
2934533500
1249724946
1674397231
2856841747
1128431312
718747430
2573587084
850262797
1665071700
2339435335
179757662
2462411419
2571201081
285624918
2650450876
2285117732
1210937042
2821420148
744240918
1299817261
2354940678
2184563241
2762579883
91550991
1479621608
2866283160
2835145594
1576421246
2868144262
547753973
2935507419
605866346
1536446167
1259373342
866353958
2935548916
2402289932
367233469
2207946649
2863578252
2288380603
1341694196
606221872
2502554566
518159988
2923854333
2642034031
562728923
933813853
2395961682
189968765
1618811869
630954412
822877633
130117491
2893261607
2734948894
999670531
2353393852
2887106129
2763412452
2877586777
2738477435
409138256
71019775
1368726314
96483150
895912772
858753738
1156998775
2855408583
410343321
1663061466
2739095513
477796821
2895128115
755839274
1363585879
2465392176
2269176283
1210352035
2212127724
1235191692
2201654489
460778378
1978329234
2570569241
456684038
1363423514
967013059
2157720796
597566088
2751688641
1655052967
2151869612
2570880737
2366069281
1414382684
1367220710
2926205861
1685556606
462405554
2870797677
602073689
2250603015
2780604562
1372754983
2751289079
1393533882
1478026404
2913663252
2937385610
2542986220
2259240176
1053882380
2873018262
1331884081
2922250865
418310010
2357846177
2732115227
2332919864
2222782610
2163699215
2469881977
491437332
707043491
2933096583
399406266
580419966
889902961
1166135592
2190577283
2760556067
201861984
528331920
1004542531
129947767
1663433604
2910086586
2794376278
311724831
2778433360
2312259422
1418271980
2179766832
2362993019
182002762
2880255167
2730349505
2372028577
2933625419
1938339222
2921190596
1705041788
2362993487
2825220015
2354279709
122471960
2533174774
2183000891
2927322665
480438169
260419988
2911762817
2882296216
2814605759
161013383
288719931
2834441375
1324480753
1357118442
2418085091
2473999883
1678704312
2777324781
1621391323
339389781
999058045
2781809857
2904604226
2794926803
2595378981
2769496206
1014070813
92084320
1949786948
2838383208
1216263948
464076079
1294814076
2849159690
2170158890
2933513801
900170292
627620196
2888436275
2869178521
2264235027
2246958113
2331705161
722199228
1372627728
1893631908
588525208
2563788704
2805482390
412952064
758995742
2517573718
2321968231
2866672695
2760449276
1897519500
1029638833
2488010768
2340134299
2274016974
2915249730
1957892143
485564233
1364979457
275484552
1452669914
1677709728
2750489889
2277580782
2391915260
450512041
1689519036
2742623704
2386103401
2705696587
2708046187
2853327557
815943222
2547959078
528518694
1572808242
515752088
346962745
2461722264
261359422
435976315
2279615506
1286083219
2293761820
2860734060
1490826433
2906391017
1415807712
2195877112
1103594539
2741531913
2872833200
907676245
102830712
1733282353
1677094159
905928506
2306490925
873836568
1302465452
1456634130
1956552278
595216592
2309030232
2848938358
881232864
1295023494
2881473550
2436225315
1147602780
1054589156
1446627212
1123067508
2825444944
2504849522
578383452
228518130
391232816
2449683746
1969094186
2547442078
1482299053
2295724023
927243974
1202152813
2724080951
456597757
717776202
2765732968
2278991293
2423769391
1263336679
1665679034
619926785
2530183771
2574651840
2738058181
506319010
2741072642
724269403
2209542432
2296387029
483695616
1680833886
810808412
2517747307
2625654105
503326371
2441193805
2936986010
2921855939
2851026337
1023993600
407099950
235613720
2568866986
1361261102
240836246
719270685
21736539
306701889
2195684911
211462953
2203348428
582987484
1387794690
2923115239
2391328185
1681218025
2783529387
2748271198
2297959599
498661261
941113820
2417508911
999984864
1262459454
2584210821
2506716135
1033499480
317253501
1457181445
1169980598
543394023
1650890508
463088978
2321714438
1082638945
1487592060
2320539229
2436104241
855878604
1524504504
1877443790
2482003637
2187870050
2525580316
2161351219
2465964385
2744528883
716579524
2484664793
736467374
624026621
404015924
2194171172
397889627
481316024
2878733851
779783046
1054982990
1394122944
2170063921
219230569
1423408290
2593809996
2863582258
2489413491
2935788223
234367533
886521786
2489068790
844108555
1412312898
1904022679
2788757967
561324154
2894846085
452069878
2773671725
2225820520
2489357951
2239328664
2543404076
1282075260
1583097456
537478597
604365521
167658583
2724820247
1933870573
587336864
2564991489
2807659710
2685073765
1680548420
1415727583
1201714832
1063359048
1647416634
2362582448
2444202951
921298148
139554442
1098559136
1339513490
828476532
1879027266
1688696857
830829030
482039571
963942913
962750882
1101403592
1657959085
364214172
421609572
328483226
2793365601
2443875001
515702479
1001056256
622878035
741498296
2525212014
1975606676
1702262282
2609830810
410648440
1496795066
2889851735
1553004492
1314691243
376940041
2518467890
47367415
792228043
2921171477
991094264
1418536122
495708833
1287646004
2882814403
279375376
2480113244
2882682996
1415285688
2154127818
1448176183
520369076
297218286
2417122730
2635212763
2219815424
2247132329
2875580209
2319924326
2799475483
2748555820
1049756120
2799258222
2641732443
2584068790
2709386570
2166343817
2518028791
559906848
1477133006
496665666
2443621363
712479300
1354718268
1617798763
1628532223
2505061484
1498392260
1570038230
2518993433
943116595
179227277
1531809079
2620345565
2292078204
2372962647
2305986219
1681696861
1024142588
2394110077
2665325905
1917990096
55916236
2445126697
865086781
2657204826
915552511
2936913841
912521804
23593189
1383964886
1039605414
612046821
121437115
2739290425
1061579112
2921219314
2719847872
188348511
2776350991
930738175
541169731
2203464390
168793966
243983990
25849289
1246603094
1055671562
599466151
272561314
397906046
112457675
2391296264
2793483237
2691322722
2846597477
2908600478
2882094239
2253970733
2876442880
2878837354
2720706848
2739036278
1516644649
2684141738
2403324240
2797742994
1540727612
2894374255
2786970005
1678197955
2765229579
1185157003
2751541601
2172043536
2589625722
2864389660
269426460
634179171
2269550538
2826169523
162749398
720598274
1506168121
2429490555
1688350112
994926018
2312479313
2890217550
2777458079
820516122
402931610
58359801
2464827139
1440247244
586575810
495566465
1101581906
2698866002
614106713
2841886670
361373917
1346936996
2878727035
2730055067
2509842296
2855399391
986027388
2168657517
2857860887
2779310572
394804063
2456488052
2879979012
37962229
2879562733
893486779
709055406
2770664271
2506752732
1734876774
2712548508
836012396
2852094177
2878862088
2884180742
2707653284
2828041744
2194437104
454489987
2886299238
1598994066
1470260929
612187730
1485981366
1292248182
475087245
2246131078
989022318
1472174108
1287634238
159111018
2757663118
905007608
316383989
1551353702
2748160829
277628824
2832452894
2852127496
2850794045
1593230947
2881710781
2851857622
1674577368
891367214
2665369185
253019864
2258867953
1438306128
2775876327
2276698777
2187245016
2481937027
2478586614
2264740189
300423260
377805079
471243860
2355302290
809378293
707988829
2786840343
2496769586
76159921
487642434
2846837278
64679780
2880657769
2851209407
2344639753
2336530620
2301718474
1716409154
2407393470
99775620
2708325769
2747224121
2721523107
2823544713
2765108553
2881987302
2850736000
2194678850
2850580979
1024968102
2313920484
150920918
2882558803
2327647914
2615981184
1387565982
2566065730
273453038
323944058
1702496874
197271949
600338896
2827701975
316454126
2723659631
2248517033
2849756921
554522007
384006960
1256736402
2154181420
2849927428
2682874531
2878945700
2849896420
2849852771
1705321406
2882211079
1485718128
1021984136
2729729597
2441712241
2600044938
926145313
521881949
567209796
1290368534
2792257155
878073998
1261407120
1326672643
2864608296
1584782162
551442114
1369155164
2325319713
69953316
2373328059
1172175882
1668694700
1851986832
716654758
2773997489
2696943529
2286769666
2523133582
721487270
585807646
2878794559
427003270
428016088
1879048795
310355130
138888182
2821966797
264025194
2369061969
602272903
604867878
2847617873
547809847
553652783
569009510
1634916847
1681092096
2848735504
2688388424
883539229
2768487370
1928024857
2815021108
2770154591
1086391675
991724484
29396516
2566223557
747241255
780654116
2772164547
2714991950
2544457544
111243284
2846860251
1922998099
910303952
51694255
1138326038
188788356
1371463496
34089334
2853539910
1430402018
146674019
1406539518
2822556673
527315986
622905801
1967499487
258039051
364359403
2457735367
2158808697
1425861522
2511606570
48502930
1469310948
315867953
1599967614
2769536643
2874279163
154299385
2166385025
1521664021
2744067447
2316125059
1596081793
1052311982
250118203
2780287458
2256881628
2863981285
2880115772
2823515919
2838604273
2452147411
2446059866
315581751
448167364
2737231330
1894473895
2819223229
2717244941
2771075734
2853582048
439125710
315844264
2878101385
2864351839
2277992480
179756181
2834031107
2841284368
2845478973
2845172380
2519652922
298447990
2611423920
952368253
315868128
875438701
2712956626
809042136
1643553162
488515985
1426818672
1690999202
561648881
2263420495
67870777
631368437
534991566
634568346
1510793742
2536500523
2695837542
2730297545
2170403468
1538733709
1626089478
76176393
701616819
524418508
1052749182
85452649
403246803
264107729
403255314
403245020
209708391
181561712
158314798
105119490
84279963
