3750779249
1173765506
26548315
231504942
743190122238115840
71569841
1494312199
31477932
23386530
22205014
15837659
3188233248
1351920236
17111359
726872852968931328
741341172484833280
23352131
116631373
539666970
735558960686632964
245153611
1271512166
183745583
743843799353352192
396810874
341190477
728251727250653184
762435337
459605747
46153365
1918740636
1692077672
140163338
18380580
1378075428
22641668
2437816520
2462161765
2753807133
213868710
725295042013872128
171395167
740955539354603520
171331846
406402277
25679142
2829241367
2934083036
725183974969106432
15250836
1441673053
512416830
726475738015236100
15088394
3318281953
345459653
57325090
2346158455
320821564
139616184
806816898
57029492
2887405971
80956994
105242809
84391238
726173367066193920
735528273376083968
829937227
239510568
727758138104020992
2736039738
57436507
2434191967
4656972496
24587270
206260416
315577705
2879188310
44320262
122077593
752500729202536448
109687064
166813015
720796341308362752
24568674
81231446
882434072
3455940503
347915546
128246602
750718861121425409
2774065329
3383175081
34472215
32279102
2181299862
2441304533
89669859
34023470
4326868152
8370082
4736171489
4268524888
320951958
86617755
37781634
125935401
18536107
93711566
1645844790
815871284
1094114329
415381836
242991940
2794456922
151058995
388053795
4700579492
1378143456
134924292
1229971112
16442379
3216839925
2572548902
729124848140746752
3757002916
41745189
810179186
1329849367
4771580661
734541515385655297
1013236308
56961858
731479245961220097
702134584276815872
28201999
729046923173343232
726151048151191552
16947736
740710632769654784
1074436872
331120729
355335944
20265203
976371649
57755615
2856180336
728815969510957056
23910844
1081973952
44883942
16744260
361196178
2595431574
28911707
4731368982
3428247161
167289075
3282810091
2507544332
213165537
4800796580
730145028815851521
701601375487004674
93725379
792119786
545474475
275190051
795475314
22633156
57865343
748946826972332034
750470830774190080
750505052226220033
359382918
1255294398
33421794
277261996
809300192
914567454
95964509
51735659
739137792
1727910001
15784302
14206115
730835779786813440
737292332
712122132784816129
2949252440
322802128
18320938
1328046631
2841747221
712691718353649664
7808372
289076554
62052619
3224688068
60211507
2322642944
728930346109181952
162452290
4847138836
982995216
2376380868
727875273585086465
15538804
728425654358704129
727749427318886401
16481257
3291753758
704469311339962369
23780154
1489444692
1176746437
508006873
264924050
20834303
316033600
26346508
545792207
1305818593
23244246
232335155
4854957470
17995409
19397942
897698454
270528803
2811341428
513306640
347425656
703738045984591873
17688491
382379529
3148619200
537655947
340804120
135311576
93219986
3313360990
2950306658
2933700645
61349124
719003629265547264
588878371
50491346
743829040717570048
705544411816529920
235395935
2280143196
1135399020
80725054
937723303
375793117
24769507
86112023
19087651
3302596910
15049826
46822887
3379934837
21162391
2419822843
489475164
191678703
385400572
17204460
721607331193167872
251000898
17310523
224652707
3244921294
82664381
330934495
18858470
3321386251
4289925109
400513420
727995824576208896
587758722
3236167844
3253872859
20281013
117207598
18866588
259858913
34627817
46021862
716007895108689920
262312552
725101273134075904
706706552363745280
123386371
3230930205
251018023
345715168
352728316
250331241
4918353673
10938752
415196079
737722985902047232
2661849196
4895009092
23592195
275743098
193441812
43429485
3775783453
3090689214
63951334
93984069
3317288623
437169409
3153694555
248495200
473557873
109071031
4092379467
3151821750
112475924
11178672
1406129269
53371954
37015218
228015335
517608590
32411838
168701897
138148530
21792170
357880873
1721163391
562595617
2265048648
2646099055
71529455
21341221
598684128
1355218452
16228479
53210588
95518830
336000170
305017129
365101425
2719961
739170793679097856
15993471
733734867066847232
27750488
542947234
3873614303
40874240
14081396
24443770
788862644
151560202
728981660566433792
488799600
14904191
3266345178
573872763
325385270
2738974778
714562596070952960
520460203
3060489838
31611298
15268600
524024759
65401126
109854452
338298739
31285446
732767937170284544
845893680
23080680
471333409
28938202
792177979
144907880
1639186040
868130508
26657285
4263723853
4694417744
482274576
1157143663
367363884
4898071876
1423118240
114216255
551239859
309133814
161933872
1449488359
737090258328752128
22679783
85912943
15691324
738080573365702657
430531784
4147751584
95763291
18359057
1572558588
586853452
2267538912
1046114347
283025472
2548243027
1318840760
705950873998880768
2422702611
2730558604
254083841
265705962
2316383071
2813211061
4562593367
703536063881584640
19699542
324586504
296610784
470708968
106331667
31149258
18978610
22970364
435564722
94848564
17093239
704952570
37381180
629359957
217071524
2215964717
235344885
196465635
14240235
216669640
168295477
17194090
53105686
258938878
698515993837092864
392047970
3733222996
818930496
706317600024702978
15464697
81305054
2792290323
22807017
2316494594
1679185794
739947682890944512
225071374
736249556111884288
172826050
1328206963
361544166
15872716
732229531382259712
30180284
2327964686
1695197929
1590982405
251341054
2839452899
1345940180
2990513860
3488471
260718880
20853339
3136161212
402094758
49045290
371889510
15989022
4926511394
3914425845
2478288668
723140529291026432
105520216
2292488509
2820857447
93470026
2300128892
173908484
21750185
3241924811
464266828
4084761651
737679261335719936
133743369
459798048
19777749
4270724112
3107409842
4886779211
80619457
258878221
1012625209
716972670571716609
291249899
60541563
246103
20570420
24089735
26022662
3223914997
714598479478333440
3599475675
371824451
1468333339
4904668651
2378693048
311188381
426824152
3024410127
1012329853
439608838
569487350
1246900826
614404463
2394711223
22071069
1060590534
3131156139
1969346438
440523471
1123137259
25235151
23824000
100005598
732702397
1358501365
309422920
427679559
16351985
279358548
4256842251
887562596
707430302608703488
269780161
16564503
709443300009205761
708009857958486016
16235283
722627217121890304
48598910
2308265716
42657110
25341604
14146966
60463712
30453099
15258809
364046816
32130152
163655954
997682274
594863522
257019790
520344647
3150052884
369705071
105911184
386081713
19774020
18608115
2338340929
254362857
398959859
216385540
15182798
3145921127
245564291
1009506132
19968563
4745509194
475529635
3067882366
65119473
2322972280
3844271727
1214819664
1041950718
118492640
714482749122347008
722832280352374784
49551962
2463274765
385719620
43412697
3301624108
110161115
16893491
385726008
365487819
52851020
19379462
1023555666
403086277
1602173694
64001145
2244336800
3009487417
4074792076
2354597778
775831849
2365138974
97474887
49698134
25889985
724677137802756096
16179517
16329238
104224297
4910014602
3092183583
195510109
314205406
28495961
23394667
39845278
614730516
3167335095
4833128677
3309139560
230891509
453321264
145212246
2593915939
4532701272
76263305
31532083
86644028
15332038
1456069830
93777935
133388711
18874870
21542518
4311393022
29679790
22919310
348313756
4176516076
3139235347
4917092018
702298410611662848
4813986674
720446894397333505
874846453
710643313267716096
4785292626
704967105402114048
343535198
16543454
2830494476
730597871456653312
560323997
4854822338
720424925681438722
4351077613
4259652328
1859477016
165938084
23164547
1309173126
230881161
22694007
16348737
29628889
33237351
2156190929
265600371
13049362
3433969677
30846179
326021185
89816032
63227112
31282286
824460816
2889924959
1945521174
2832475948
247119832
15184929
86586385
13337292
343600277
4251095188
1385135684
4005600917
29798815
2516626579
387150949
1334852306
1189112119
2835162357
4862071938
726604502082572292
145862955
358277172
15212433
367271007
20715936
4925943992
155986770
728292718036668416
295988417
2692968827
2322119796
157613963
160941377
8198012
17560195
16625091
21919812
1128284276
759687799
19881931
2308445042
720048569743331329
15973215
1432123506
193365375
278559967
752209266
1322877044
32694215
3592477283
796792574
65947064
15976705
442911245
1578083143
714987700248584192
3679704142
3070366039
337679240
20681628
19915883
245984590
28864404
725154675062755328
71584155
23246458
2201703194
724353921729310721
19157193
136815044
2149910088
3914226136
3312840571
2290064004
2717343165
16378093
276396066
2329467967
2305663290
3033243234
20726126
708477796796895232
2172730738
714617914532503552
16642272
2732348582
3858187933
709406894905958400
25872911
96399170
79923701
721945274449399809
54744689
237593267
285097277
583117972
34717318
58020815
279758985
720798731302539264
247378337
20772763
386778779
214206294
4883889839
143660061
57172253
18686907
178595022
276452261
327672977
58198180
21024653
572225652
365438535
251694276
2822274342
27491578
250713094
4851327989
1666134386
1004484211
15663169
23527142
478081722
16892534
3963492493
716324380746334208
707760360271511552
16369805
134249298
168561310
30461476
15911806
35401934
2704863679
227010728
2813557472
32199461
63262233
97253667
3327420822
58525387
1935161546
1873539488
441317106
895908589
38955690
3122706789
545609997
4329560965
53282102
18199486
2813365387
3244370974
714419097262538752
149751818
117450444
527424042
4175155288
2841589881
14412533
2756388564
19785310
292898176
3150051501
776408594
4764953297
87095316
2588206733
73797943
378172310
15288889
25920303
2835584205
2229273212
103167711
760017889
109404985
11946722
14746731
48599652
3777068926
183591014
1584367615
717946148896440320
2834121446
3647060906
4280321716
113458292
15482138
243291372
3008913329
228554424
41814169
48148218
39979971
1421458982
1928290020
3000400970
17297846
704923034
398800444
4411045096
820182493
24102746
20989515
4759057768
2744430555
2929717149
223083302
4874896845
132204038
417150122
364026215
30052905
437832147
25801216
25383781
2181423693
2766324113
4909991121
16671425
4770303330
116960062
2862682151
3179207340
707608113562554368
4877191041
706990010042601473
712477493425528832
3160565975
4896399850
4868045159
407574944
15812463
14749606
34793170
22222120
1566650000
391735958
15966491
47010384
2553545652
780269431
329415374
462540367
3231138109
325340700
22368382
257236277
632873556
51204018
103000520
1252997479
3001472331
2289770467
718721640
228157264
1508717120
163173677
256224714
421475865
104701452
1337271
109543590
3455796672
91150764
704114852042661888
942422990
3061615740
716823321
21862005
20251379
26186655
113434748
29049770
1607176868
53544165
49149248
50799216
169264557
862285910
21710345
19038210
408588092
120877403
17722038
115416936
28246428
531946181
132617902
714720425801084930
3111268847
23803056
19401926
452727230
317261392
20634939
42948055
3314204699
16721452
252221052
20271044
45039176
387050961
1539564943
4877208435
18244311
33435693
24573654
20112051
21696518
342460234
4834521440
4146175059
3932000235
350032839
2874309459
2189130356
4821515421
1477241472
4790585689
229518601
701488129903951872
3169035458
4789873223
21025381
931908926
3071500052
2785853141
700723240793088001
3305406949
2667470454
4899610029
3098115975
3074077823
4827926451
4870478255
252353889
2363804264
1110751578
4915169428
2158855397
14267557
525925642
520029915
206872748
13352392
540472551
16300160
26822709
17466132
19886160
194840541
49161541
521340458
3053338062
18159470
2865992597
19212015
3039929661
278315777
47353833
2417093893
15808113
892037664
2404972630
706551082617606144
705756101594255361
1344713761
702261605703294976
157099071
382370203
488225073
2433194094
861508788
299220494
2226615308
63136498
1952905440
707850926846046208
4828013916
1485758664
923964859
483272505
50230722
110466097
376876772
14098607
113061485
378897061
500984400
24972394
4240921873
3266526978
2559272168
2314042194
1028732222
2870816765
715008426942799873
191463695
712786914273660928
4816128388
711439062519910400
60923323
706666581741318144
58896487
2495637565
21027387
809887021
704774715987070976
1015531123
139173749
603025587
580312540
704793200226078720
704413880995475456
56838529
219152305
296571098
281055314
20415005
18215973
25203361
124049005
51330975
4745330592
15467700
616487153
126928542
773379559
21660781
499073990
2861407204
4254186869
22819351
38781064
2214143904
706613387900416000
314863365
164377995
3353566654
3307295642
993358020
2601873347
17099112
2190334998
2871899817
2571779082
2340698592
1199596897
53056010
455537870
15097615
4097985741
14764149
2834486477
43496074
15893116
4721679323
2902433891
50888768
3401085779
40079154
591297698
203650771
207609111
3302993621
16028985
50113171
169047815
232515615
47467614
264350793
85414958
3820394653
3856003817
931391137
4738087979
4056151539
4273192214
4920420869
705209400089153536
322874617
21356559
19128897
2270044586
580847938
1549917763
1169473657
19111563
3111889034
2455252141
3167183369
33545336
3150098774
2545158476
4873761282
2747035544
4826268304
3509458035
17346357
2570560126
2477489533
116921689
357223929
256424454
16588168
297191567
711359422883233793
380664031
482385007
1582853809
33160996
48474625
1729322706
169980652
20364178
1626066301
976570982
166878094
60841112
860530914
3223298101
40578641
705876297466171392
302083418
286314825
3199425676
112476696
3238955420
3354224537
65210574
1343224250
3325411071
3407839319
3874161443
3897663560
3865335724
3237255511
3756254961
3934352605
4203449713
32921077
4188375983
4400681417
3407740282
3320557224
1869575251
32522055
491035621
2928629031
2816583227
3253960327
17237178
293311838
440551463
1023292824
3336060989
16473427
3251597372
427654338
3252162452
3332127106
417562267
2187591788
29525459
805559455
47169365
633969866
3151772047
3165917534
2571932694
3233696197
515778072
127163699
3253031162
447552068
477889371
49660211
367863163
33528504
2439027667
538705816
3056090573
16392181
3056105255
3254864460
3051544224
3443338041
3058865345
3305129913
3085169824
2208500749
3062027302
2374373018
4900930268
3489919214
4083661239
3937406714
4240908074
4003361968
4745318460
4434221542
1603770708
385741477
2396226618
49379886
124949619
4185297436
252509775
2471494160
50164886
21691269
703262033727365120
15446551
23636341
720902978
557830780
11395432
22275767
53309297
2959610415
414057318
3390254459
253656666
333774309
355865104
1567874150
1615463502
93111391
3196060501
2235007050
28230251
503792483
2472997998
529594591
3153217190
33527531
1214417917
4354153941
4700354069
4729801216
2937516482
4281574153
2906797745
3122008127
407357774
4919240754
795983070
956362448
1066855388
134312357
462132518
23858111
1276312562
291192260
4893329892
2930060695
3406864212
3761572816
501750780
552527556
16532762
1941136946
2274942961
123429890
23860507
1146111768
21495530
2853370361
480900509
3091521770
1075939369
2565489511
3783815248
46564642
726852632
862131258
49948272
211668462
2998136855
74211907
3318208598
238648688
3150434708
19052834
2432221788
39606118
374108016
48807945
1692335287
18347732
23224924
85881268
170187690
100321921
28406270
99794792
18587457
4881093582
214246330
16719435
16069119
2808542293
16351724
12599412
489384661
17634365
387321930
58947494
48215218
2456681094
19682187
3308850354
130496027
283499967
78308254
339283438
320675637
1902212148
35325226
1003669872
2861426208
525595860
264192601
471013487
545305702
21879831
634676291
15907183
17167572
111141045
46335511
1421631721
20264331
703040574862000128
2442313279
4700100734
2423289337
23031094
46213956
15441965
1604640828
581233
490401229
3047938510
702147673651027968
18320874
256349962
591459541
590286441
22926853
2566199334
50889813
15522566
75103172
2639853499
15740491
16906308
95094652
63160617
3920426061
49012635
241583780
1020395028
30059550
126989065
27952164
256295544
249829650
68534653
16655930
6141832
435965051
215486020
17839398
75187482
2782805711
2838550910
38209344
2216532829
1049171
2341358222
206844298
125774271
15912890
57519308
125453969
57174187
3062962055
49852308
30726383
703983715
481762079
164723852
598947276
65272235
2885915789
731855623
1020626144
788672802
3389699464
4894095909
3158068198
4606946533
3282242155
2163252930
4221857565
4432280356
4844254813
2446411267
27538881
288981065
3231942716
2886412360
3785297354
114474262
169947725
4005092840
748761679
324669742
223688082
2396738862
30130714
2725133328
538577589
148564101
728725874
331206195
45991436
322278265
376932899
3176947242
3160925944
511522177
3234759167
3207624605
3381952967
3859273932
3382470375
3002922157
3386851396
26919151
3355731760
3354347385
36713347
61104689
1442476447
2926851022
2897028973
15309072
3743652503
3056142064
3065900255
3065753301
24457744
2828369140
15635264
1950471799
12897402
314866815
71061209
63013144
3193330462
26070572
3342213587
3960279315
2796903343
1069949766
20608711
45663393
134594804
4790591627
748264116
1513958744
286680865
14293025
40342396
1005186638
2723153944
2492097511
3509421138
243031077
18660521
241339629
2389729930
3087574888
16507658
294834870
30243170
2275042470
16168401
64485555
47361334
3041355094
4327242015
3349433536
4675190990
2608302020
4149949840
3854647334
4149690013
4353841283
4739088137
931287019
4159203832
4831215383
6013272
177070701
2347716589
529376794
845743333
4329223454
14731096
4585971972
3497941
246156265
22737278
65257429
3496641
216802451
4187444843
422181027
2434294310
3406500304
3907341980
32168059
228079332
251094851
20332563
2840915387
1548714900
325265073
2188860223
27320992
33172759
3150777746
533469077
160310194
149760844
4579781073
3436249294
3060588907
4509383847
203765012
3948640959
390925665
902878358
637338906
296289132
2414104038
2309108762
292777349
22454663
1643909461
77225757
21868866
18876259
1362124872
274582904
765357788
31312972
268265145
1639316617
205971284
191471032
39551759
3062262691
4716771259
4623340371
3265732057
4794182534
1877425500
3299643438
469845522
31403779
2330962234
3319562982
486077978
1586804930
225183659
502088521
26063171
336851461
4456278074
3103213542
1714431205
893630742
32242327
3005713017
3436006033
22064255
3644280373
2566124461
214495170
2280037440
3273997009
360488971
997788187
38711078
121421310
24200257
2610595777
204584481
834370586
33537161
102475469
126722715
195829353
763998410
32820396
344747525
97236510
2386895198
35354684
3298039634
116630205
874828182
107168391
138168339
2811485305
114781557
4476084275
355028519
2574904722
883421593
764622636
377110109
4453179972
1352623212
35743863
17022638
132656546
27364230
40166196
46240600
2400274351
161511153
1727008657
373689086
3301314368
838627057
18291767
3308997086
3152378959
2410057062
98201361
15583775
3082986275
45845720
108747975
3160691984
49592004
2319167748
187564961
2730550162
51827732
2821359468
410135192
38547868
28274348
3305273144
257748121
153218852
38188037
358918792
128044290
2360448613
2598791681
2739446098
2665382287
38259956
2975586611
61279303
3032745635
3891108395
292560045
612057704
371347463
630321272
498167911
425505438
821108359
37549249
48425664
244681501
77068843
332494453
15188196
21785215
930160098
329152830
622546464
3686348244
980611
18981377
149283816
3346627852
34556109
52119056
190008076
47438401
617299845
257082907
515764082
2285738774
30699754
271625555
736026823
322986132
1924171789
3135549293
15768312
139732111
2528702076
176534793
751976443
770759270
137600997
803921318
1932816230
1128200401
3912886006
269170900
20964739
1431651026
29974662
793577262
70374894
18907301
32189132
16002085
14873767
17150022
22653760
2257558088
1115348904
133492265
163194830
16878629
476315898
2732944034
2806004678
2374114626
233291124
248885435
2994951136
279238668
99580679
3709999582
880929493
184957214
221298491
18982396
7019512
28162211
1002030067
337770742
147425395
803715816
780104972
16469809
14235543
2369233345
970563998
441214858
16444544
331756025
507877806
144496527
152601415
33638857
50627981
2393251180
224349882
73377501
47496394
65293006
325340909
100920952
602927033
291789016
3246609508
2655830472
1892315352
130253911
472648997
132918446
3244111974
3310347050
1578644898
2749852636
2425988656
2386204954
2807671097
2419367598
1967452484
565186832
3083542290
3322438176
3338944427
2964580733
2890041705
28036582
22765448
21680271
20476151
327577091
158414847
2676054576
476030406
32845990
22080850
21121491
2320410584
1162112953
16686075
716813053
68795677
3041136213
43473209
16250929
2291068116
18825344
160371272
2964197287
581693482
3071251042
27576090
518744362
3148736772
456331554
21238575
256510253
49106539
6482142
3253384994
363494905
2872550769
58259777
77062281
31291086
69048032
56572080
186621181
316469086
634812478
42530187
326255267
36635596
54765664
724878049
58964788
402888514
27490974
533752023
15557891
49098949
2369193094
33958290
368560714
31637577
15626479
3343850290
889685688
25855350
3241763179
3167484508
2701431728
15551869
139082621
315291021
149310445
3152299939
575470393
50398239
25598396
42995067
334529496
18585570
149543566
1300672940
57567739
1210022401
3217694460
380060155
202250575
129924486
2201024219
70736359
101081754
14632294
253998571
989633635
760716368
3309654696
613988694
253789234
915451609
456865788
40173562
14345062
459023633
378844127
17301707
20508720
24712487
18464266
31127446
1342854708
206360939
138177385
104290832
3426768574
3573336134
3116047273
2275550440
228865063
2428908861
1071777608
236485849
15726077
78776348
58143375
375297691
38457045
383892294
18318098
24772720
25201796
555288041
1035004477
18538833
20891396
813902060
24634009
2329242414
2737406525
543780273
2173135652
19090342
312093132
2965653027
47554499
134971995
438467375
3142839960
519728191
1598812760
868915382
215099628
22429979
305894011
1201439408
3843380121
125752774
174102086
62549306
411133921
347098469
184998424
25677274
491964661
85219527
473526316
100838706
9006272
236023605
617825073
107290835
3156235015
3249374986
3152527105
1108521060
101334380
614916825
27968672
2182036287
1923870720
17858631
35785401
472587261
1935600896
3269091415
2194124415
3656676499
126042283
93684589
65801511
535728582
2678355564
1864414046
293445832
11650472
286826025
144408677
515577621
1657942056
21021891
3301224819
236175465
66401056
437208142
91524657
20729031
17445739
216513520
627512783
15300520
636629677
44971697
916303212
384940104
28351670
46519992
26610556
16673982
226249905
38961826
3398864554
3383426303
3151620948
1909087813
1626299083
704095868
384625890
3686277803
796941355
1143288666
65260792
44363702
2894991326
399178595
2920759605
18857913
735103080
3237579812
245919293
2960196001
403050322
63333652
3320888982
22255728
200292988
517668687
33588180
3207680566
103550181
461720060
39609732
66302067
1422241538
3369909550
203063180
3460089801
29235153
20067397
17178342
301265349
3288794432
3436873600
567422544
139458452
18785467
120151540
72947117
428567107
16700601
23983382
28654816
53861909
22858466
281695815
48719150
388310964
1016588101
1013889636
3234734638
19711765
2521541502
129024290
500391228
3397076403
3314649205
3406193625
346225460
930411199
435584457
16302354
188036272
25727484
2993628401
47630337
3223625856
270717589
3120700223
3059045779
2371211173
365706281
3071978539
3174934312
3161952049
2431399728
3186888841
2946805270
3162022956
1659355182
24880446
97950902
67899097
183753455
3398770055
1945513988
2890526712
1122480236
16469505
387937525
584634189
749973902
1599114985
258951561
1424753370
2191061814
3256695087
15474917
91639946
849162614
349803020
59031230
24431892
15220768
56700964
869049313
19428305
2279225400
87957969
100880543
2359028480
2223691094
398092464
49518404
28009377
17111550
312248392
1032982176
1881598274
631816995
18372408
24620662
2340608630
18480511
16226417
71907621
54730258
979006225
146160591
3227752406
3404704222
236149457
17756037
51593556
2999778152
1732829419
724920414
242176959
32260931
547699457
17258301
47912804
222134762
494850177
379483329
547011602
3030348289
266326338
991677750
3067065392
1735969045
3413393625
3330295799
392388579
64813290
2210129790
3219826746
15254823
405137225
15991770
807531732
1934992172
2373857028
961214442
285434613
37131103
2735569132
25564023
452628270
40953465
15280845
345134536
436314047
21440866
104727439
117983479
426578718
21043723
965255749
3394741149
2862375177
2203336692
21539403
1522755572
303383912
282894960
115886031
86344211
19812883
13699242
558293436
1003130904
1932263718
400188508
3153048404
3385121308
3161132279
2377977842
3281418701
3237109164
484158129
2806819163
490936163
2494862385
15138844
757668188
420196779
155221226
1010832218
3029098295
191414539
353150513
19050314
1419037717
314728983
1595564346
159608463
2278667712
34198028
33388399
110958094
232851192
268651352
16397507
300354212
194355896
16742973
400352771
27124758
18267131
1934770050
328676707
2467883737
56556045
2288505715
2991772466
2660963653
3370218273
174832250
195030017
21045463
2269619268
36395646
415773647
492492626
3168284167
463227379
18137749
2379236154
2469854654
2317513413
2519580234
1694783216
17172669
23954775
14513611
622024793
62538319
3225728517
1380181963
2886619245
20695280
45142252
169183368
260997460
330494760
284613426
91486319
16415170
217286126
253353588
778350614
146644080
1734540624
2832365528
22699560
23608092
3409197976
3111226033
3161513646
3222286221
3152112661
3182287189
2867808592
3146254697
2478721572
3149579266
3158574654
3152212575
3165033669
539698197
14997156
3087391632
608310777
406988440
26137474
21499368
88749392
55117855
70082883
2549245824
269771160
115141978
19601777
122542032
59956410
1593120714
1571239068
1013986122
822576654
870303163
16906137
2835672253
1957948550
1934787661
33412284
902259738
3033123912
968222028
2927222132
2347389008
145659451
1004409242
2331209359
74175586
1549231957
30602016
2956105127
1570623740
226662318
1887582926
29065567
20155906
298818606
822869888
96256820
595840587
3196484335
1045110018
943004520
2293131060
203011467
2377421917
109062332
2921864643
1909239512
30554369
2362424521
1378596505
501185861
158614582
18893580
390758480
3041773171
3194628064
38346518
2588689812
3351304876
824371736
2467720274
503955524
199305082
41984111
76639716
837561853
262375385
57874971
613692378
2431136407
872216179
2470646481
1324190474
2763080418
2881025401
335505192
125565867
789755286
456722136
842868962
16226652
402355096
2992530470
59849033
2200221
2946260655
2990514564
2904756511
182493733
1701419804
199924232
2785663088
1290361687
148908323
3221696472
306775013
16582131
60903033
117104543
815931824
361339501
860576268
28865483
1072736816
1713527208
267884847
3221689438
23134543
1673765737
52973326
239621529
622427154
302781390
605136938
456636692
574022008
872343469
195328083
28340322
1021947582
393094980
1351245211
254588999
18319313
16036941
3186921540
2400901568
168524035
1326997429
169626457
34676481
2344141208
17012707
272642804
287469883
1963712388
2421067430
2379439693
3063996411
2392933562
107416162
2981359829
524610484
488713596
270068926
876254790
2471632388
572008155
140638292
32706474
1536791610
231871027
2451433968
2480998605
241273903
17050482
933261786
137327982
18968858
469371578
180928119
343327974
49285444
17159787
27279989
18721583
227894751
1705528764
2223348834
541284866
2998028596
137455381
19512908
2940151785
2591662076
2576318452
18382184
41859853
229993947
111252936
48038030
2191481728
2918246492
810709142
2339440748
171633471
2388921154
2590212158
338594583
1882111435
3092789722
2438658560
156656964
591964833
102487111
1532481450
160300478
169841571
389359161
903572490
17156000
87374085
78361556
2826917226
321774180
16548855
211154075
36328963
522593098
15081378
2243353709
2825610685
23957625
291774022
33879063
2846711961
32671625
1404087277
224448704
433836737
1199259601
796470619
183958809
138409823
389841834
16209626
22250215
21964694
16082787
19308529
233666428
1138212488
2272300260
394482779
1061088602
131018989
403667375
77329593
1855582706
33596934
1966921812
49068640
2203993285
779305904
111799211
860277462
860687102
334660170
271030180
398239057
93419194
344687656
1568656350
61149653
26015031
17859339
323271922
611952043
40589647
17715225
514009705
77782711
950426113
800721812
1263011048
21430455
1143177800
16359486
203188066
16819937
20565828
551114699
19360844
257801122
218526734
17640422
16942658
42362189
55370049
862430010
66142762
403353373
25033858
140612122
571461243
1394480418
415921872
21981984
134917795
8708342
909196237
2478705061
267603819
1868258054
1729022250
484158909
1965457579
1410723450
2785095528
238862918
624805598
55310956
2441831348
109448793
21707139
20818801
2480183299
18775094
326665662
1380859304
262223982
123348012
969299318
2254884070
125767077
75742264
19129405
15639774
1827901
11074842
15753057
48071844
159217087
19923887
21748329
38740332
25465628
37208326
95573246
56847039
37999041
108088376
76715323
5371532
54275319
22700817
14985228
31448660
26326911
15483390
16249259
22376014
61285110
129295928
13784532
20245775
34739408
19412785
161715155
28528165
110880065
1129413397
19776650
17240280
2783583373
53757167
168838692
2534363947
1017637447
1032290077
31939866
250386727
893568606
185723734
2369545460
16160831
2736035173
252223704
15710277
14574951
17669628
2677247388
2904636286
1255509050
2531775750
830330036
2331044448
124267704
209621926
2936126861
3127658460
15545122
80602426
342893331
2414913756
43119695
2842702110
38772524
210423408
2347908512
2935723681
239885144
2824503603
90570778
1944401492
171057193
2890105554
2431254637
160063119
20484934
25380005
2258353516
399690325
1566548371
99991369
37671177
2875774770
18171600
188829085
2188196646
1297947752
15807344
15720918
2680336646
250255621
290807606
2163089458
92645190
3077615801
20977776
373024636
624067510
2540715694
23938818
48074103
110799048
2319710954
479562736
1196391842
91948148
2619788139
185039684
178141430
797482897
2790326771
2808704623
2727284272
2731795602
2469711775
1942453848
38214128
24556105
24035547
118952409
70281455
365080399
86868280
250714374
3000173593
2517988075
16499965
1928268895
160273215
186568831
16074930
16533820
3161530804
413593863
91734908
373457904
97486299
485423388
376744269
564368350
124898913
24600048
378298356
254999238
244337006
217064621
558093419
385826640
140665935
293386073
23094875
755473626
43758222
999871038
26735112
374817258
557334459
16722475
189967523
912597391
246220722
18298094
387341952
885752504
503662020
317090188
67638477
314849636
1105102566
15983306
30231573
251554894
294991606
2968182964
28227391
2775892105
1584561876
3126551526
2205161185
2768922304
461827669
494306386
158426909
33276161
26993825
27512951
22873947
21253935
17312357
26648990
330319115
16146535
37990581
1490567144
2959915391
2479253517
2595366655
36459891
1114886305
163813257
858921774
319777415
403932208
18787733
2308720454
25423508
371974444
17834336
27649741
2804833183
864246434
12165872
193862929
35934245
20852175
3102530635
444819440
18220818
49021031
350336411
992081976
607622157
888650520
1183314973
16638933
463689095
2816440097
994053811
2466178825
2294553260
392601865
2398403977
316393025
2348889700
784875325
898533348
1419006355
850633633
350389927
1229007625
1244408377
19077091
34341362
168759825
3744281
128763579
53503202
26154150
62510409
57871450
114870386
17292055
155909582
123899746
427339922
14057461
25502169
121078710
138698159
117742185
1339316910
2283700272
827688120
436752655
202216517
820043012
23124458
2582983692
29309901
835227511
2960818186
212653721
27978179
29450962
214915839
2224644214
16214545
2844429955
276842152
87761584
3234512956
377117809
1610774125
113349253
1611519468
129962786
64302962
254340803
2356811959
294930153
2307481790
1551101437
347933477
811942160
14498484
387956439
34002725
45901207
53789862
12244082
21005767
201864200
306909253
17294950
28796289
14695985
18191927
108993692
15854702
10069612
16000856
302881437
259490295
124776946
582868865
1245409088
47855979
921824922
16672561
21705181
19088288
754135908
959596692
990627116
2329498706
166624682
16160943
196802928
43885159
577407017
1895637186
289118612
13784592
14240875
2264701152
61170418
2893297202
1634552636
244612695
232883968
3182440358
438693763
97732452
41223126
30554699
91369352
17389318
16220555
468840862
2600958984
37552089
310425304
1427757265
2929135816
14792049
4620451
291903954
2717857046
1870464230
34643610
543485759
278032161
382698473
233227011
48854106
245689692
3062351361
80353954
42052282
96838049
240904109
814054454
2414690072
6473022
1359226843
1155734424
247552110
2996570106
5513002
3098633816
1475143686
495088169
1578530490
2177887519
15442036
1604191448
30758317
213831149
371950796
337886919
45671898
588597181
17021597
1389824197
2709740826
17055162
229509740
153558139
33983012
26282046
50446226
62563028
17354555
293306471
1912521912
2484564181
43409523
334153057
179657772
22204106
75069067
69181624
2465283200
33960482
2476873176
1076790288
34082810
3070427221
17118903
91673645
19562042
1645680212
227837742
109328493
30488144
231475094
120267497
2289224868
174766835
1725346819
14940354
42641183
323998361
326945633
14364337
46045904
32649134
605858859
552292016
16239764
2498700303
112472551
68825587
18377624
322382076
21051388
38683121
20110424
23643572
58871793
118369820
1284956808
262872095
238319766
2943889465
4207961
136417827
22312331
14849562
15667291
214479694
71048726
456864723
16474992
104680637
2269106897
33369893
111712308
384923143
72198806
14109848
1484354562
2475266353
42311131
59386332
1120186334
15510407
265122237
2173646835
1928543654
221135570
24645871
165071554
1324999118
139823781
15195679
2853526214
37280980
15650636
110337247
424210801
197518793
17043155
316694292
2944265486
6107422
806726
166329578
612473
35606154
1380313111
360163238
483945013
2770934886
121872852
25605222
210427918
1093090866
22331129
809930550
17580892
2206224241
977472140
352570175
324042503
14647570
26593129
3029326756
43261344
103297393
53090314
25878169
223479834
15088481
2997191298
2329066872
313743136
2617471956
203683561
1627500043
20109343
512417432
793202815
14377605
2966975765
248505291
851711263
19417197
95493980
172081908
491196570
146620155
2711736046
1059592687
3077204956
511983611
15764644
14180577
102737967
15498567
44397881
60684098
583127113
2834152949
293303534
30815935
3153233060
15463610
247334603
2317351705
8953122
378206995
2352209758
91729248
21319341
504914052
3163113776
22971125
15681524
16041234
40386577
2882391828
757739089
38450857
36771809
16789970
293131808
486694111
172858784
109287731
249787913
308245641
290180065
21406834
808311565
38516217
105643144
124880527
15031515
763140955
1600188145
31251282
2151458671
10818272
2685655825
47285504
454127660
1530850933
6149912
237845487
524396430
251334314
86695935
97963881
519388948
2788887139
1892683062
3019681239
492545912
1965905755
1342629709
1709568792
2902438811
1259699329
1672816543
43326264
33932801
588598925
116871537
514526669
215501705
29946265
36116203
19786927
21634570
59362595
276281364
39189488
22058884
102592901
15935383
239509917
2318014982
480785251
551866085
2978962468
17686959
16619904
15822969
3154160697
148529707
91180720
939922981
1019735209
15458694
757303975
9300262
2991368880
970207298
2736697269
17220934
22271936
1220420276
581320261
812953368
1110162205
20597460
271216729
60919240
216065430
29417304
346111602
728604440
119972954
1639395961
68448126
24268066
1394399438
277170859
17468316
25732408
1520436068
372394387
974763624
79801697
166624872
3065966919
7334402
532531457
22162854
17011177
994453866
218176417
169198625
32011415
189288772
123631155
45564482
245784511
78201720
1426645165
38621432
60983635
275714700
772907868
41485349
748309862
42519569
2240756971
17789578
19079473
113439399
1671626342
26420906
31695301
281295074
395335393
17267143
2811455407
7829912
356010662
110230936
205935105
1944994963
3104389956
19539716
5515802
27681019
195419597
14050550
20068053
7215512
14786217
19918353
21866534
47331384
17793878
15458181
120181944
17862883
14150661
12626962
19255050
14634720
38625677
5360012
15473639
14325188
16029780
3554721
18689000
10286782
20329672
16550480
59460397
4012161
117662694
13201312
38146999
252233089
22029553
30568788
19344825
71019945
17596622
34113439
18713552
86141342
8839632
42958829
18812572
9245812
28785486
759251
742143
14159148
18213483
69231187
14700316
33933259
20596281
39511166
27830610
21303235
62780688
113062227
192942213
17463923
28657802
45577446
168259012
500704345
16686144
340279079
248805950
85426232
198584761
410462891
58352165
2497242884
976626354
1961394800
2173156765
1617057397
3459051
20582958
19534873
250603308
2518143973
2691811702
14266598
24919888
14091091
14627153
16012783
16042794
16664681
22685638
23995748
59145948
441389311
21982720
15279429
91478624
16336998
17623957
3963481
263884490
90556897
95255169
103770785
222953824
172020392
818212956
372575989
130649891
783214
17874544
87532773
30343716
121887978
329443994
21866842
123231225
19802879
15473958
11348282
37710752
19725644
1707545593
1646455254
16017475
17006157
14075928
552355237
18082945
894292836
20463418
16132087
1074229776
976907744
564947096
16958346
813286
115710058
5741722
14437914
12133382
14589511
149180925
13783772
15837023
22836511
28381011
21967813
15448304
15321466
16129920
30313925
41403955
350509998
15164565
35773039
1947301
18510860
55355654
2294559595
1330457336
1339835893
316389142
16303106
465158654
868856461
20150502
17072206
21918310
17423992
14062180
5392522
51241574
14511951
1877831
1652541
156651229
14697685
128555095
788524
5402612
87818409
782932826
44143871
29370428
389974502
50746928
755716560
2531091216
2469593672
1688599052
2776040782
487600344
204832963
53019309
88621782
112744382
221969181
16952174
25110374
23054053
15432179
766547376
849169945
1594679162
11866582
179732982
16711026
27754737
1345702129
231094495
1451559084
17028346
48886886
248768262
21786618
815404436
232966841
1672601
2755468825
18175743
452339383
363403209
58850472
36179757
25684717
