828742454
710495792
2949660816
619991097
2907979232
3031925408
407290211
83047008
707247980
750866902352818176
756457683998257152
2958585656
636103179
769996363325210625
2757920964
3104529390
231722844
545428554
35936474
458080999
733625841616199680
2423015028
3263012544
46475424
2592808538
741183208348229636
739965482535686145
2766136549
4288339393
1415008436
731126509411274753
1312126172
2972279965
1238454061
629975214
708615768641028096
208963885
494870616
769133964
723107517811679232
723140868354367488
717900995297054721
1598044544
1973392680
3605939539
3228811242
142227266
708586883232628736
4059882493
264238706
702128223405015040
4672886160
3227430860
713708061760823297
2761603800
707308044372348928
79122978
2569387916
2169809892
2905504254
3179318418
707940697689579521
2443333716
807642642
705095775118893056
4767183432
2536633219
32751684
3382706188
703730300648488960
1577425429
703032860224069632
4532972145
3269825360
701291363887767552
140410775
333439624
537930700
3301755052
3152255641
471686814
3401775674
3185739294
1369699224
3354955454
3318678344
750666637
37606314
3346398800
35364154
17874544
3442448478
106735655
3177468468
501583715
1315788511
3314717166
3223085772
2834657725
2655440743
3229447976
2861560742
3448611438
3195050658
4024450571
3548705053
2946827121
3475896379
3837879094
2877586777
3323475914
3718394654
228532030
3312757920
3614470573
3837564493
3472316834
2766464881
3544505773
3291613915
2435488910
3160885224
2562745921
3318267290
2895596173
3229422360
3322096663
440557340
2446728493
2838941826
3116106648
3310952353
943321483
3402005004
3145443025
1299266473
46388339
3809890753
2297172482
3524342358
2959737601
3316745174
3321309164
2663362218
3705262046
788563322
1384549530
3567957014
3072355645
2798919840
3225804529
2495590284
3691311494
3701826194
2401395326
2977730387
3412381623
2982187034
3255536359
2833346198
3219076346
3513095659
78855244
1359480804
3312112802
3411384194
3667085129
2825381334
402483632
2988649223
2467491079
1062544248
284980600
2611109622
3232289298
3371128754
3349921333
2386138428
3233252100
3421293177
3312251275
67832144
2208595565
2846417345
27185634
3105067412
3288685722
3311626123
3313417106
3283010144
3308866332
3303347689
3311395898
3013213848
3282312151
17790274
3278491915
3310964666
3310532732
461275704
1652832978
3228930360
2783303130
3261147450
1240595342
3280725086
984217309
2872991928
2479115568
3265891213
35072996
3294754548
2940426002
3225864786
2474552868
2841940602
2408889392
2748892838
2477239129
2951530447
3227062333
3219374000
2738799318
3245517758
3152076127
2534736967
17940110
3236685300
3242884422
2275558112
2405196426
3191897042
453706536
2738976320
381982214
3229635883
3219270781
2679221534
2529342296
1118678822
3227293046
3039691951
42562446
2923715036
3188320412
307788439
893080968
3004664018
2802026031
616005313
402148617
2425351748
2394838195
3185103338
2412138660
2791120238
87702194
749056128
1100957820
1863479400
1088414419
2191681327
420882272
2425344846
2318698596
199495509
1926554785
2187874818
2498804000
2890882855
3126871279
3113083071
3141152947
3151916766
3066771050
915090643
3104657069
597293960
255384702
9676152
284291853
2951523186
108345784
573315820
2425231
271285292
114454758
2311849074
1715123018
2419940917
500704345
1336083336
290127516
292805377
2349627750
139399835
2432303268
204151028
561813851
150178004
487393551
15872418
463632725
2530042058
1893154358
1143688362
1243521961
2388190848
418456286
1346413632
1481844534
2215055142
2296744021
186712788
249133899
2245030796
1291564723
257084687
1430973026
327858802
478537482
63137900
2174013415
40224817
346963660
250081479
500511955
2225915880
1438739545
1003438946
283558110
340271962
309502110
781872511
2184248708
1463968134
711998202
1271543756
2214005058
293932241
534063102
24512438
1607266723
485151416
1456278084
801489686
525215293
1462142706
404027167
325460931
812375461
388167403
325186039
2263863480
2288242092
1434529964
977468119
1459494786
896724480
121419183
372822501
327735418
