295705927
16829374
18800265
15639642
18665800
2884771
1598644159
1086485478
1582853809
17525171
14780915
15441074
15164565
524396430
112243365
621543
17393790
8963722
17471979
19658826
16973333
5988062
15566901
22708797
44698296
18735898
21237045
20802277
105358412
20431922
15066271
2722372381
63043
14983499
16727022
289431709
112236047
19811019
98335997
19380829
1729246746
1117086661
376115787
158506660
479315245
9695312
14089195
20106729
17230018
497340309
15008936
78336215
63901235
3224616765
499275959
817386
717313
23116280
218570536
6486602
14763734
42382372
2244340904
60642052
38267947
32468665
2870686497
15208246
42703075
73147282
14885549
11518842
209588395
7905122
15723971
1357903590
1344951
6017542
982659696
97329856
138749160
819800
9507322
13787352
8984292
41602160
26129571
241264504
263181569
110704683
20536157
17852343
17483878
3646911
11350892
62589395
20108560
17602896
14335144
7309052
742143
2890961
275686563
522473594
1068121346
14511951
5695632
14293310
14372486
30261067
10876852
972651
816653
7144422
7587032
612473
5402612
