629653192
756292709426475008
317009052
750857122968109056
2566129082
51814545
3632044517
736421819062714368
2685161437
2402393436
403436252
2246277270
49925262
711535251835629568
266084123
755186915981176833
754443182683910144
720593260264177664
721659014485057538
2796968620
159923933
111571153
1052040667
54245524
213404017
3259181138
3010730080
726857588168638467
478679663
4848582303
625142664
267225227
3906492314
203060129
42636516
155287490
716054156767678464
1965865170
2812263523
126534394
76507502
178999981
266372182
2736584002
245649240
1222639789
246500501
25429371
2908170952
22203756
721446222549147648
3098445577
753788318442225668
64643056
244743317
1626294277
707231479047315456
2566535282
787012
3352136417
314655619
2261726353
2749415246
141016227
350379608
34898084
1542293558
338608244
16139649
1669312890
4349621839
464857476
848334247
127941629
259808059
4389666737
2229667098
192230195
739804789651963904
3536963279
22473844
4744839074
764586908
551167783
2797521996
747807250819981312
47253057
276673850
586617002
3430121763
110855805
747112800678379520
204165034
4725041416
706934749
744289508695355392
3177406031
35039490
706959926879334400
863112138
4636203351
105503711
2921310362
1468548817
77540948
240454812
715238277431869440
2548985366
375721095
3692432178
18089606
379767285
128069969
3033685802
4634264358
742496613990604800
729019882688393217
2904739781
2368624716
744537539512459265
182362719
3143031091
1132726837
729776730597167110
3079976824
4224729994
2793066487
721806306290499586
739236654209196032
751403215485341696
725076871
4316769252
258025056
267385659
2717166421
2167674121
40082439
4681341252
750065439116525569
3795256100
2956069390
19152541
715937391245180929
2856271814
118845216
389830064
827200291
4311615622
65974890
295558154
567163576
2938261973
614517275
17223116
2765797423
2897874217
437814330
49151228
11134252
748195892
227720229
1497452629
750402714555867136
733105172369551361
47747075
1912576375
4578923921
18856867
2989761008
459390022
3983895389
1432053325
718715389316870144
738602818890653698
713408458473639936
318001410
805615368
3608555297
736162402635550720
75069067
25320639
2916305152
106118793
810372954
224079521
2908600727
4294742414
366243982
702650920497238016
217374596
747707127859417088
735827991067000832
1665991758
1949272500
226070187
2779948099
4520698393
44877071
3560599820
49133199
1424325936
128216887
747525358350647297
74696424
749296951875801090
2635672871
3368353559
2907153762
1854836239
2388688117
4097531721
3053878308
3654128967
314548237
54019702
23719684
748453510048518145
731317364399177728
2786194011
262707709
594470164
2328421
633075839
877551276
23299801
2252682360
748605492281352193
158305164
4841872634
2339238427
4121225056
930004364
362602301
3253926650
884930286
2855915617
349582502
532241033
14073022
2876029102
718475117853065216
2590854524
2851818728
185306056
12975572
36299938
712744488
122873848
222617763
60105736
125312818
312646837
85794542
735408625066246145
2542984139
2797681808
4914539795
17945263
14154272
25097735
35760904
746394323969802241
719360647713173504
1722795805
2446079094
7587032
531598877
741068891913261056
1341405523
705001163301715968
218307597
192149225
16088638
41455567
168644899
740398523770884096
2785663088
743155820834131969
3666187398
2904870923
743651896578060288
725534038275067904
3810681378
304382014
2835653131
38281180
19219879
1226167963
1269499213
3008301599
444800767
23125257
704847650663723008
973005421
975051860
3158393360
3370852301
2293889211
969072672
117259272
857001662
15075999
21822997
1485757849
225324935
117401797
498986721
1426400280
741830384422359040
1549066418
3946458353
4716938490
40195663
742779127053197313
247723476
461488164
554800351
19217369
24431556
743848278643576832
709599386334957568
3320712379
4403039254
405605548
720402693546577920
3385236489
722250960056283136
743525837274816512
2870315974
2818791815
94336415
47599899
19644592
370827550
4882866795
158815850
107448374
374052290
724268011125805058
734667736647770113
26792275
2835837491
2940323720
2882736641
2846877322
537518144
1146358172
2159335132
41778159
18244206
738092523906727936
703022164652511232
2583292039
393469195
27995424
711977155542921216
568909600
1388671387
3405505149
287843201
740894115227938817
3589273343
731569038145507329
25413556
384762719
4414868354
738988767847972865
237870401
135088714
2579803844
190823411
164605833
424071842
718844274482245633
19291441
90651198
734434540211425280
499923131
932053646
1713036884
97563021
715755739143413760
57307919
739811584680153090
3309406657
2879980954
798681264
4763317835
16710197
2411290603
279167748
3041438073
1155952808
374273323
701166529
791762474
3609378917
708635988059406337
2955460223
44054652
2153807785
4827199234
3131586555
2849119986
3017752532
109065990
3086789309
2623690121
126436450
3667785137
1278704839
3161760900
15212187
739956808865873920
2856918562
20098015
2546562188
4780605975
3225577627
12044602
733643652216545281
5797952
18020081
117777690
3320886334
507975361
896927635
1928786040
735117225087094784
4866614417
2600448846
718561802787930113
711244331957542912
711273343396278272
2391736202
559977174
2420931980
3368465157
72810542
175144654
3218985756
52751069
727320133794947072
123873223
2899361151
713814667424993280
4221480393
32258091
17336372
61822673
10720422
136004952
719255366140178432
760600202
3081792813
3022045469
18622869
2764770081
2943060805
3192554636
4858550655
24025673
2901809481
61391304
600781884
4770718583
1024446733
2858665159
719085745777065984
16948493
712396411896258561
3633049816
1065910826
240949604
599817378
40992172
3306793738
22657914
3250296265
1220360964
3914229792
734909375681171457
81897104
4731645692
326184301
4873857554
90552683
1611628309
348762407
22776133
502281810
19346439
1862443562
71627462
2803468956
174646175
47436923
713779197341147136
3008523740
735354108236947456
116835497
19084896
3707114773
55563359
179932936
3613261033
708840469816541184
4866533278
705469653737410561
970207298
357606935
4560728533
725197907981262848
3855272473
449603053
405769757
469194846
1379053122
4715345421
721455747901603841
4199314900
3100465077
2260293576
3271100184
610028948
22902652
18063173
3149556063
4843948642
712391107439665152
307436940
2924355748
2791121294
2902174159
3113037179
520449734
93552356
10810102
3022959643
63485337
717166352935567360
151101551
76684146
1443943477
3241779670
1125937411
700861286616158210
1025268686
730429078302539776
4018797755
2796723891
2998466930
9692022
24004172
3386165063
4724956086
15224867
3382121055
58661424
154555000
44317593
2175396739
954124423
6297852
25568597
63119285
3975018133
3958327401
4765953461
139292752
9532402
279390084
3316305037
15999738
1516445281
1957425091
92717138
2400329084
39349894
39344374
52544275
20713061
4818801089
4727899720
2575588321
3250962678
66827240
4729841604
611986351
230527949
181199293
565750361
933435002
525821517
843112550
13615722
2857499935
719290616367095808
4885361283
23433605
123496272
47837613
27984831
14792316
2470437846
730631422764027904
2803927925
4843548323
4852151439
780426085
4012878137
68034431
14260960
4857816142
374138602
3421382626
709073058993078272
4891229179
135577188
402181258
4727900659
14157134
117652722
28954941
2683249604
151633598
4744232172
3214547675
494109515
218946709
60417743
23007400
2918089872
4441613267
72192640
730901406056513538
721785130679996416
4563649034
3314758074
4744161374
4052958852
3092625141
1406385260
715723941722066944
600727000
814194944
59001488
901103376
3899497877
2706403100
44494953
313038011
9890492
4118568983
1855349863
180355912
932196612
1659221779
4717892303
4890072615
83396543
726770849773178880
2651207785
2979812205
115813614
3301742488
4236806414
19397942
3861567736
4049743339
3131144855
1920286333
2455171147
715549110967918592
3418210767
3158234814
60882049
4256851283
129636453
71036272
908483689
131926467
247981000
89934404
250831586
75974281
133880286
47786101
47285504
718237864958562304
3677742792
3983010093
3351241013
2503108880
774910376
3010312991
3112500137
4045918179
75896448
2285311688
2502895924
270412323
61888551
2544088874
138878267
726363430479761408
491461409
19211550
72931184
2823844460
4441546181
724528586661740544
305928252
38259087
24083901
702780246026752000
195271137
725898676460093441
1591767337
3539843302
724693074312458241
2303866117
62442091
720282412001861632
2826216461
2798125167
727469188286177280
705442898188210177
726846052888780800
705466975745654786
126102537
2959702121
1876680134
33495086
216299334
197610038
465973
2929718880
854853583
58869220
14669951
3268092572
3060693427
3390665254
2943064582
2393063119
3767387713
455983859
220842543
3232881455
2227097804
4462881555
21613794
29758446
24742040
5162861
2312637570
2871921043
69004966
3755693362
3239288246
16710420
3219461544
2846136124
500704345
275276082
2787720983
88090468
35231502
3459422594
3245259832
3003943979
142082006
358204197
3091302413
418730092
1705643179
22209201
16335102
962789539
218325695
19325034
3115862648
44196397
94607882
2849221607
19038534
287407012
45608857
724700620771323904
22448336
3089238207
12798922
3115846932
2822277833
21940632
1127286020
14338727
3301187533
3957056895
1656516662
714935758952370176
713233997023674369
3972215427
2832342387
1527461221
712400058403033088
60784269
2618545285
588742677
100029213
97282602
113987669
708973615291764736
3330128230
721529711139143680
715365952527970304
711620680278740992
3181978286
3600355459
14700117
4906058883
2301137402
2211047916
16661459
948554773
709948124383596545
2806258613
719124282
540326182
49109684
2780582999
4100017613
4312701160
393095898
225352208
3234065312
3031926490
2907937270
507005896
997864224
802844750
64857767
2835475103
29417304
108465379
3350114513
3376321847
3383733773
2953422203
506958753
3256876080
2795096952
3084972398
115485051
2317351705
16303106
316389142
16495008
3266521957
2300259498
712392661311877121
809743100
2680317103
48485771
2441732906
2850255627
425440651
2860119411
2903046783
2916604288
106819547
26727655
443904829
26582851
2896827218
3068159657
236487888
2631570888
138134405
92268292
3311911386
199152706
91099960
1253006274
2438724661
705566834913890305
197265911
3183329426
718189926148345856
20944649
244452577
521067102
620571475
2839233377
1712939281
248478594
2919308995
2336050548
704140539210424321
15707229
4287909815
1014432451
3600539122
2257115702
3065380127
4833074894
18847857
2569261
1738524913
2315266820
111556877
1265726480
22642788
2248872301
15647676
14294848
937915693
854203626
3121508429
18481908
557931634
376267732
2586377694
712046046147436544
2812908133
1603928257
3754921994
3257418852
463423541
4867141599
453221269
2239021130
3044949722
834104732
264993159
3412146239
540600123
1345580348
3110959497
3239123015
2402784480
1302674515
719622112995119105
2775492818
15819778
1349927587
3558809729
2889322139
3310591527
3018742509
74597082
236728688
334862183
83339474
2996797754
712064934318739456
2790105439
4679018610
16106584
2840594475
2765738045
234212106
904587308
39538010
3106787658
360627881
386520098
2750011512
1280737226
183993932
594594161
16906660
814661857
2834518025
2437486722
87750148
482388629
4832448179
4846869689
1733467884
4168534546
708747526824927232
3153324049
714920195400269826
339672215
3615621137
2951963678
2423373294
717492417046249472
47336979
143388925
713570709193121794
1379584350
4114180823
2209268101
17006157
251496825
2837370979
244905702
718193996309209088
3837965067
15846407
90420314
7861312
20029472
30447805
18010713
65289126
304679484
3607941972
2833820049
2719993806
2757067388
193698236
2492801743
27893275
2822493293
92727851
243662948
527526077
11665282
3886015993
2438202722
112614146
31353077
18393773
711012849212981248
1540486075
307584252
1957125536
262794965
2913722920
4327911434
715044396
4736829527
2373173014
770083716
2894544887
253351311
760122925
27049695
3258195498
718319754
2181929256
176502906
245598207
86330674
2372164754
25694156
276697454
2835451658
1686315325
275867267
370392866
4442765194
2571597287
106558293
791987130
4920839783
710178161938571264
2826731265
2845681325
859732688
166747718
1228881116
715955069422813184
3937354751
15070269
28096105
3193731648
4481622027
2798609018
2482090895
319525447
154376291
13687132
20472850
14691709
474227109
15976697
19091173
7702542
65356121
35787166
851493734
12
35066483
2276337589
42737663
3882726629
475447245
22079098
716859317622706176
3162989965
8966062
14867598
3803136317
1612789136
30849103
19899606
4207961
406207174
2305045994
1035407102
176909116
710605060254765058
3188853513
223539098
65826122
58569513
2454421164
3215235802
1256618628
23865085
259279916
108471631
20878297
139162440
2272138994
38333667
21316253
601064772
70883367
2449601442
5820642
347627434
467726691
3021856465
18839937
43740210
4919346743
1347654158
2766496962
3740098879
4795838269
3091637038
44008449
244161660
4179932914
2602117435
4248833539
4443049221
2871977708
2171650685
21381909
3098026668
2235067650
309197792
182370042
715404039651856384
4386946815
708559788641128448
424927514
2925519673
629892954
354665216
2997535909
88146443
37398878
3327736274
2914937290
4488800302
1676980292
3323986523
491715126
2252820434
3007423080
2274042164
100893218
2940358785
2945359946
711921811424870400
67240902
707018140534710272
1342544430
3266399016
4417231814
2920188925
2747746256
3405051077
1933042237
3313210497
503631243
1004731904
2812745721
1643871253
424806929
2355244596
147851744
695370267850199042
2164014962
2814040284
2818992403
15575528
59023240
2706312042
321830056
2789890544
4356430036
20608910
271902015
131773262
4887795772
3225668363
53979469
110396781
15077795
12223
33191389
14575846
18146977
3109639241
272107377
2281105998
295731821
1356030014
16955991
3084993203
1446408937
580097412
3361161689
1176994477
11866582
2263752400
4766663647
2807060009
1917731
23134543
1225530560
2914529775
2612305510
2882331822
713927316615864320
2705002822
613407540
322748311
65691824
350633389
33938700
3361152821
15877164
702572845541552129
384560959
265220205
311405077
24929621
16827173
357564628
2500587222
4800765462
18320938
95463107
16163639
347640382
76118161
2899566130
4056950181
4844934143
171403133
1531368576
312653402
4547869279
24165761
150281740
383646336
328878936
259970084
2281541334
266894776
32434738
14674729
240990050
3347003583
50055701
65493023
17454769
7871772
6393032
6990692
17980523
830356136
2806004678
154474160
85363141
310960217
13341022
713767119477837825
14529929
24447643
4463149992
38302930
19985444
19394186
2428796856
712904283231019009
46789306
703149621900488705
621185765
1109787168
121386685
3417441263
2352427760
4722565637
16024323
3230287543
2796651320
500240347
2833599255
40151031
385348343
6017542
15012486
51241574
2467791
14511951
20235032
19587390
162114946
46461762
972650893
14844867
10292132
19742034
149913262
3291772795
2756720878
2974063694
1251056551
338444460
3154508072
2769762638
24585498
225096034
226346115
1652541
1093090866
1536791610
1020058453
287871693
1955132936
2662956464
373783051
113047940
15745368
216881337
1180379185
23022687
2288462990
711024233204199426
257790013
21518829
22179835
732487722
3077124617
2800218703
143104075
171959794
416016530
14534066
2567716627
4105360354
1851498103
467283191
22166232
93478603
156411211
40699138
20891396
732393506
232363184
17537467
2347049341
4456278074
21439144
19530289
18643437
351120282
706518017686028288
6467332
14291684
14224719
61781260
103065157
19017675
27060744
419520517
1292002213
3837638457
2154028783
710946909339279361
709497411144523776
1853228562
4838532895
2800581040
2757523987
3317000782
3424005065
815680
22412929
3911216058
893630742
43133577
813286
25365536
287413569
114684274
374712154
1407762570
95713333
232403947
245396123
16747981
42345999
826261914
30364057
55117855
31080039
11928542
8936082
17372211
568437023
91279573
1500129642
18101713
18713254
18713314
16589206
20015311
44914646
18671559
391037985
169686021
3687721995
34868965
156557697
43669041
702307375823396864
2188711458
358545917
17020962
334565594
19742143
20632700
20155652
20204789
44874400
144112800
106638964
10671602
1367531
5402612
428333
742143
3108351
807095
2363288161
972651
19925121
18676177
5695632
16012783
347377539
48463622
113384767
3394758599
59684261
56768257
18208354
21514744
14957147
98992586
3272311177
2588337978
23865382
429227921
342887079
23970102
41634520
2859241221
262856460
130557513
2304906253
4472009777
16683666
759251
196168350
393588826
708518497119309824
3015811923
37876253
164070785
715015710
34546946
14587578
546197366
19566708
15271933
101903164
88074587
28144741
16955141
154350597
709142397737775104
709931744951017472
426837485
231356760
1569707556
1914506792
4216879030
3429305308
251452969
3096813726
2750803032
2666936809
147580943
83814679
2501522820
1074480192
1339835893
29442313
216776631
25073877
384625890
138304042
3179662599
457984599
17995040
78523300
334921581
116579971
18379614
84339577
15912890
46078438
556151596
15143478
997629601
116994659
19697415
19725644
113137765
18744815
32949727
2472399354
321456291
2958471801
368041857
123254870
3070114050
