1060406983
88184771
542062279
425658949
75860017
58533850
1965931321
3192883542
384018086
572082389
3246172460
3226952168
3224517535
3195850561
32812833
3082599941
124186521
1350796322
1422974280
628382388
95797800
3314765552
46606789
3107290903
3299569435
551111282
3716536934
3213267593
183078358
3196151551
301265865
3058220969
2880863389
2950307401
901088828
3265632858
3240051258
3153877992
367079919
230915917
255496332
39956328
2899353450
496098860
3182565115
3303903568
2333075571
2609239326
2879042539
3184785248
2714878718
2922792157
2988184697
3143402066
2975103566
413131376
2842156328
1249758332
2986754792
3019179840
2752228508
893963010
184464864
3102485054
550393070
2904359515
2920415408
3045845146
1429267152
2545879628
2790619617
1378418287
497449823
100410036
2974151828
3125022183
28968838
3085635651
2537934577
1521911449
1949594646
2429775030
2796951529
2927727816
2928767557
284291853
