703687610691149824
2549095884
47360358
522613841
1668592638
595025690
1477958569
772205383
3017919991
637290056
2363592409
2926258371
2491767320
102620895
428140751
2943625763
249753041
480160857
331625215
1566862603
2962806389
2218311080
2196406276
386906922
993577490
2518755247
424664881
2955065260
2516494681
382894769
2887785320
597073922
1954723958
4638759742
2712301236
167714664
112457675
174416608
272561314
23578046
343423809
2984775427
264959811
280163008
2282860219
1347316058
2823465755
2844206937
318587503
2797397038
184256575
2354662944
2388193038
1012412486
2948515569
2307285714
974512724
448485439
867394279
3117150172
4250138494
1122457788
2521519799
2747819308
445865375
1596655830
1724503189
2211066619
822336158
2266856875
345339530
702276581
2646336380
438763960
169814581
3957211816
1861090662
859041072
160369945
343679372
1485170431
370681967
1666197619
346610953
904393513
604433814
2183084407
1239347072
212087267
2925533991
1120563528
245926437
2732115227
2900687136
2323049154
278835752
3031975551
1242371071
2358703874
1244895439
3365228884
2497440614
2477506106
2728417118
166251626
2263212764
547917304
1626325038
900524178
455733286
1482216361
2955620294
2824254649
2548819320
135203258
1275607356
2477696912
546051405
384901072
2819920401
3165699024
2553733608
2900796355
634684445
2997120472
1020595448
586007204
3044174673
2290115084
1544362574
716209074
2933927231
3075726890
1015940042
849814080
4474615833
749906856
2411894083
2806418949
1935443490
737538878
14844715
2261808925
2335596212
2962792131
2376130014
809710519
556295741
588061545
233003196
3056223098
2457337694
1525269325
3291201645
2908115009
1325822119
2875953186
730757802
558799318
364765726
3179736308
725129550
118135543
2974231972
710259000
348823772
345967750
4093464495
1114618650
2994298031
436948936
135475540
2542707558
764359069
174811123
3873305362
2278145005
1050730286
2998162651
23212069
2342561069
1633838672
2878691273
459013267
1247567245
1582016312
390100182
606242355
2955410255
1430718600
2957277322
188956964
3077784184
1576245583
3168060669
560552012
1375507088
4033403782
36898521
456768982
2344477304
898810890
100130031
737886559
14619266
2544134302
1043930172
112586133
2822339707
3347381716
2987090467
209708391
1582271725
3196471910
1716730380
76220965
712956199
2568024647
3456953775
320584659
2260804255
301716502
2511296704
2935667421
719013199
2437766502
269971608
3182126845
1621545216
2391736686
45289506
3166151793
142859373
3285574350
309084573
4242585555
2390030562
2923903427
1582879699
2189918930
1331711070
870304548
1945027560
2918125965
4227536195
2489125362
333385939
3232150545
2814132798
428023711
2600567611
995071526
381339650
2389913916
2475816782
488986268
852162553
490620721
46328997
2472575672
1852013948
1249837921
3246541797
1674503671
226763326
3854655983
2880120528
2252283583
66277538
335668213
385007859
776730654
197561004
340597982
3312680293
2963979722
4166138123
1522977919
3131011918
3986937923
556312149
607444319
251803163
3102031427
3654004815
809919024
213361822
122675429
463215660
2235445244
3325518215
2443216154
872563616
4275391760
3320721330
1116258164
1472682056
749389208
87508878
3105228249
2484310712
528814150
1605096865
569358278
2869501533
2806003937
2834714817
2917017492
201552723
2261859302
1236596749
2864309745
563835668
2906012696
3372797650
3377460793
3436955115
433649560
2985026243
2962274674
2459385322
3928590087
2354042342
2979252364
4049316253
3834936137
3056052778
3333489208
453145796
2854934648
599397786
1573657987
713794710
2458442938
316536957
2449389512
29046629
3398640525
604859202
2789752467
2867918661
290596871
3115502270
2308929126
1325437910
141771870
3313995159
810110726
573126954
562266134
3396648063
2252166622
3598083615
2996509264
231926568
2252859811
1039900854
2892897899
349025969
2856395773
3429792838
3228491122
540055170
2372617897
260509895
3360674337
340031235
1212986144
31415680
860283643
3177678408
3304217443
4054545700
229676211
3380900842
3007957133
14724725
4026871216
2792776549
542800499
2973918478
279487203
3663314725
867212870
3026260020
996405763
177970785
789083611
1029211279
273227609
225155896
3102498550
2432476483
1664720118
2826373659
2672442886
3266552886
3346772655
3312879349
3338319287
242026741
737538252
1325972671
78121306
3054202297
1311852710
2690400691
1414382684
86847132
3392273835
1685780870
820516122
1913485238
81702379
270677119
3324808186
2783167105
342404997
355260364
3397641863
37241918
1478137110
108101276
2764303310
426207406
1030286576
1237178246
3000683461
1235702450
2952642623
2847205840
2600584627
3772764192
3675253459
3720160203
3729871812
76038813
1948377799
3327525832
375328980
2251206848
1051244748
3438127295
3245746438
3360695538
411900931
2826630053
2432803206
700022712
2540671148
334282974
37008385
235320641
131282204
785493949
109303622
2283919214
3243746280
3259610084
453300887
3225167166
319843084
794292404
31499232
943204351
3258117462
1634210942
1599828084
294249481
480945273
631403789
435287590
76159921
2252589650
3245307074
2389668012
3242822462
2465593140
1382123096
3134424448
1003045206
3292186113
3100022745
127099893
860326992
3218674590
248004538
205094610
1037764116
225109937
532398415
455397978
1606531400
295705148
3015482183
184078115
2872467603
626060713
3138348752
3196097070
253288257
2738346588
820722115
975137462
245997542
290147378
2274812496
782728668
2735159339
3037020122
2591305186
571273172
878359200
2924381975
1680300342
2273992814
142459286
90329963
260974316
2310810457
3145679818
32403877
787903946
2474311952
435277089
604228023
80563542
1870183256
1401012560
1608654553
521342649
1077880374
3121711117
271619361
3108767714
2567591407
374012516
1239981984
197552703
1945182211
1241910408
3041976294
3058285157
361484691
2830646901
3038165493
3008462535
2724627413
3007082587
348886067
2933456609
2923898003
2951465387
1368258734
2744922448
2230248690
93569156
2356570362
834261416
2913358462
2908600497
2564437212
2244430796
2897784845
1872210576
2896407741
175173081
2153081315
2899191409
2907606241
1450228442
1053065851
44312605
227390518
2772523193
2505432777
805632680
2882892833
2883984092
2503535082
1198796647
2226739506
2465312011
1573292652
2816192512
1665612494
450834665
305802030
2551069176
2410012369
1360069513
2402186714
2771271911
1870176168
117244109
2474228268
2759988431
1937909654
1961846982
2811002467
2629347509
2313970921
1213241167
2213325498
392432663
142693434
980164886
2786779922
2613776252
2183835127
2277992480
567950856
279623020
382886413
771953322
1360758120
633249155
706252796
2754298757
312956469
1112592559
189968765
954532820
554743070
616959166
766798051
1075272889
625702598
371245910
1515109760
496337989
1465437240
2614136460
2470240658
405574949
2528332805
553631875
788185812
580324645
602714946
2170805413
2751091186
635610235
349910153
2618851885
600546609
2166402633
858692024
396731446
2198064237
2289104877
81426503
2738417979
2671708436
2555111858
1049306666
2569599714
306539017
325217585
360651446
30054263
2223768656
2458560445
598749123
262746465
254577494
1105597886
2457196681
2429373188
1231775582
726054866
32831082
185342812
1475904104
561550126
443234656
491791230
1084646892
915699769
2377873777
260849143
2185656703
1711532658
1611785658
1869036847
2469464324
304690610
450612522
1248936192
2423060124
242131512
1075254757
2356431001
2302560378
1522406988
406721892
1562646620
2482066193
20835222
2189534018
2189384298
2447263673
408962969
435423001
883299217
1636637466
1726671793
229595295
1483449006
2385790118
610280058
1061423712
2409948690
2404892384
2400021655
626224525
2378082165
2382612206
2353614697
130244607
2374269042
1021481293
1490826096
2375823800
2337532236
851547828
816578480
527949972
2182614764
911164496
452365218
2347905667
2230720277
1578773322
792597319
2333922198
315200106
1049137706
493510563
900556098
520517766
1444389973
2340823242
283298928
235423798
2334781099
1090213866
349394346
557132010
1934756359
532424101
540166851
630537852
636814839
372661466
1855145275
246821048
489674507
731583228
930611610
1525703858
1145372040
1655620674
332654454
335698294
2308853331
902986188
2310919209
1554744691
128644330
2278201243
358345887
1417466358
1880067079
989854003
830104974
419523447
2263847015
2306884040
460515202
1684150369
1676859326
2298288127
270650953
178875045
238005494
172838715
724695956
1898657131
2286537954
2286881022
1365179468
1581589597
361937814
549570016
995446518
292451508
1639469934
746333946
2278025700
975147355
1633792328
573011615
247424594
2272306278
544621695
1719492578
2192996774
296534760
208051479
1000228158
1649610205
1609633681
325849936
184008506
63594892
1566934496
1864219873
576668866
529713056
779293975
1758817386
583596500
119802316
242946116
1049605968
1335225302
527996654
513700845
70321417
1934841728
516868322
260732870
201379676
1325649632
468755769
1935286110
534610474
865700714
2249014080
968504426
1683997789
629557883
453515227
626950717
2233708300
1679123785
236217299
1850439476
166178654
2249293381
1652174688
1689271908
438685998
2246479982
143595228
2224381533
2225153854
512501543
551176217
1578073982
351851748
559968985
798815413
751633898
768511860
610140307
866913264
1102581265
1671353083
1434013254
932269507
1480935624
1736160102
373683576
1104406279
2203851912
459377957
2167225290
1627657230
459776989
514405781
1729602066
1613277450
438030740
2181109512
2175264264
2181791102
544411204
1478212068
178417141
450501241
193148475
610280198
1431887486
1881779911
366536771
148899326
2157143467
322895871
940704403
599948397
1167409200
1646151774
478087067
1601993564
2148045121
427003270
264882949
331122575
764559169
487965643
1403414048
996241928
1539816960
1281733159
635748058
1593554052
394156154
1257889250
969248244
1570232905
1221235861
739491847
1490561102
1880726262
703307537
1375731979
314639204
1423348045
445917194
896214739
1031761100
1934857183
1287276450
371932493
308590325
309916555
421187982
1653782004
1398154003
1918126782
1525148792
1599826429
134885327
1220022355
1309038978
108340375
1680223843
349135110
456201505
910669418
330069522
364884306
1460535961
291289937
333966661
1563860886
305668974
710308508
389815166
254788736
343741125
718435633
622220855
277677037
175602507
457972913
571012136
633319268
1070024527
783378330
290577735
715616498
1398568818
974597755
744261746
448071812
1058624622
212832416
159284580
377592239
1056074702
1902557311
599636847
477078385
190842198
1697782248
1173593172
604870470
307008976
280989967
579325382
981528355
269531676
1120582741
1128869665
919198874
467910675
258548071
1320788526
505021033
1419720516
1884683527
809707152
324377526
433641433
260840449
827110538
283668726
277180155
1873268011
704262673
1569611017
298329879
485104268
396116868
1865631408
316716300
580218364
974192072
500255662
422691273
259766111
1169714659
1512008785
613754287
198257169
1789355828
1432799191
1392929557
719080945
1726405537
848175139
609538098
809687726
613922475
129841016
148101147
153570396
831737059
234571413
844257780
1674161624
96157076
1489177094
340665872
469535903
1666492458
276283584
814869637
1695560353
465267881
452045334
772479714
932744676
161137659
306830871
1541449844
1628357227
1354236252
756268950
1422448261
1282444909
1676041248
1226079091
1673943234
493595941
1367655229
471850536
450597919
63823069
480008287
174022917
440298597
577757967
1658799288
600529514
786155929
551183560
496139476
159291532
723117146
340863079
437165838
891510128
1382664264
1531375506
1024700288
278645847
1650376670
1368356491
377087382
1308583202
557386465
908921868
739591494
487644957
600552315
63752424
345850180
865290164
134716064
535798178
16275044
1387732676
68202623
1090521103
252965229
901084543
123956131
1129542512
1210346041
1236611484
1616145840
154399581
367318463
961443468
44141292
1621338308
1482209580
1031787938
760712053
1593907110
77423114
165130348
863760403
1579391250
1613550535
977093924
124884831
121770428
297078146
1072691966
358479868
1575660589
838110865
1482930295
1607191496
1603963135
1006241646
1608797478
148134688
527040506
117092770
860315281
1416810750
1598712085
140872086
760497043
231882241
280036073
123635571
597100215
429902763
206016673
334286825
422743516
517135105
749913108
624213051
629786975
1473647918
1594510645
1123007305
579021214
496259337
1592104814
950664104
578227591
1040761819
617480955
257924706
266714240
1526449003
1386823741
619391840
973020350
878877488
17018005
186856834
433115572
68523914
451195155
223532271
210738065
1532276640
101756062
739788432
420695345
1571559468
482555946
1025010133
566537950
319417954
306547299
357243270
843903402
1388067642
864872442
1433478523
174848648
187057235
917639383
1110377222
1561128012
189346546
1051284241
476867886
1029110058
1582087051
1020609492
388060738
967105201
1105372382
620210379
1358182345
205428779
400253057
1305435054
883319036
1570568252
1574013150
866007074
63606812
1191824358
202794265
178918671
780872876
114666920
509156012
1528832396
1046257884
1391069053
130800684
716579245
302435033
973177052
266219407
620401525
334429740
276616753
254371752
449197175
737361768
125059430
194936668
294435713
622169091
122748396
470868710
506579099
288551586
1009017098
848307270
904828568
61370388
228106870
600440229
1496313409
1050544794
304095630
405786168
64497450
588468904
246030037
892079730
84951525
1578712429
1013877144
1580651364
573389361
361919505
616373696
1579446727
228387697
1423762879
165236541
339226666
325139309
1228646881
87850423
1437086905
610728973
558159180
848188044
1526112860
128930332
1261364179
1307385950
781063429
237590338
128401671
463251206
1321006268
1335951950
489859886
246409266
413569726
841414608
147804396
1202549706
904597141
376454845
1042025652
707441766
354051015
1551831926
330933712
1551897416
1325469828
168298383
1487273251
325623301
713585803
957047713
295327987
1349783552
1500125803
570423457
412644704
50932464
306411111
447220351
345058782
282782922
1135526766
162121213
747632426
79435482
809985403
1486131270
1306993339
372486020
828599532
362312467
86173709
29206501
441737120
426765469
481681830
163989004
264528336
1030902122
1523783047
148014159
111294892
580775982
422585661
1332024858
472063226
1387342447
497957656
1304158886
456387657
855322874
122845646
313542633
1197460831
1192344036
1412019877
865341218
1135630460
286703523
398372479
131231899
95777654
515535925
376905248
26052994
79601914
164776059
47552367
105510040
523145214
401004551
18876796
379620457
56899181
840893461
413308935
606318197
451957320
241350440
373690221
1491177493
100859144
503477929
249811221
340314637
315716058
528134311
967254601
450857635
850495224
23547599
181748721
1014743378
1321137229
1449946160
1512411554
71082091
1461359378
426014724
1236773256
440879024
482593698
1471912825
743796386
1463446316
1038475238
380982652
980348972
1228153291
455936805
1442378342
1363245290
1433471334
552921364
334740357
1243929894
1393166395
1403570748
1167279445
1331238126
1071832087
1424207478
1053736088
1423254763
1424382872
1259857068
1046406228
121212063
1331082895
15730340
211489746
366063185
1036360440
827821010
550069506
1387241922
181561712
560096415
229702385
25970331
15460081
1177343138
360912882
1322780594
380966998
799404870
1152448646
1183226696
377618583
1129795921
1106465720
360924916
1043848369
1063956264
854245040
780679759
322687610
620473070
465968380
158777492
231237433
418084618
600572519
336576495
778912688
158314798
84279963
105119490
176566242
