1284956808
4181803874
36172574
2519690555
16690859
756231226638426112
4877136526
741335680379297795
2753743832
414083861
343141985
16744260
242299305
729370090022576128
100838706
199784543
32206125
2149910088
18874834
74508260
3663213984
542947234
18660521
126196081
4838235741
741037906249187328
337807078
16376937
728815969510957056
726173367066193920
524024759
50850617
4578050474
324228541
733032459357523972
102361602
628779834
750024293992529921
152672074
1005140833
1441673053
752882758175686656
3293008812
57107167
34310801
487449405
3019431692
242991940
471648820
706317600024702978
717412471741497344
715736663436042240
557492113
252353889
733437157591781377
139909832
2657001800
3004243629
71529455
374199331
235395935
1417296553
727875273585086465
22837004
4789980086
15538804
2588699732
15726120
586976360
161335306
982995216
701601375487004674
3892714043
15872716
56772461
3065967867
730097447700185089
14134204
52596376
16329199
69480815
3081659314
382685028
33310366
744347414413225984
728425654358704129
299790272
65947064
22106033
4656972496
742888642973077504
2270660737
4448656333
496559962
1075939369
586853452
2840915387
97253667
25428549
743601656097443840
23234992
707374707801071616
45850693
26346508
4719519395
1305818593
40720689
20071932
759251
158470209
128210898
7392352
29363230
15900384
72717049
84183248
928481
19086859
346711949
612086901
13493302
8370082
77852581
124490608
47794752
3192080325
714562647635705856
17348735
90224101
26184882
2871267303
2196774139
129352547
338298739
1232734633
22583583
16191106
41745189
20023919
114663456
1340758700
3068811118
3009487417
1534762878
741050639409635328
3653083512
2267700079
3088855679
740436212641595392
733278643007459328
730568102446931970
16815644
193365375
44397881
874846453
151107958
4826735173
2528590273
271038569
589448567
730148430681493504
737758598508335104
708477796796895232
160755106
4886779211
30657398
712691718353649664
2332749517
18678196
732229531382259712
250882048
246570766
164695128
713843816562880513
2730558604
49031157
28252981
20695280
16469809
35253573
16069119
703637991168737282
3237109164
14677919
51259550
259395895
16582131
5392522
14268812
19848466
16664681
53861909
704060092065423361
634676291
2884771
2156190929
705204465930887168
1602173694
14293310
297191567
248495200
230891509
428333
16028985
1909087813
3177445882
2732944034
4870478255
87957969
14173315
748761679
2467791
15012486
3344711285
4152066639
82016286
4861489005
163655954
561648188
18267698
726202801299161089
737679261335719936
2742312210
703536063881584640
14914492
161933872
268439864
717312364312330241
483429828
138168339
291249899
815871284
3914425845
244661419
3346488075
705155575135342592
3349937001
2393931408
25341604
217974888
2191568058
16528755
726872852968931328
4904668651
733651231579766784
4259652328
16600574
2289770467
275777152
731132367058968576
171395167
2186453322
570991688
720048569743331329
720054910184787968
20719345
728380341518503937
350805789
2471494160
339283438
721377004092657664
616623398
3307417512
727307313120313348
15939889
4301962823
710959152168902656
701466738802585600
3072239888
15141153
704809001884766209
549742082
3385951406
705119727216005120
1537590361
728714930430451712
900091915
261035490
3385065623
3920426061
282311572
367271007
15984495
69756680
717879977241391104
4900058284
3325435721
1599620792
4754328382
636652493
726604502082572292
712786914273660928
724487093137764352
4083661239
124003770
4868045159
3047938510
4204670069
4539288923
4830593062
4833128677
714973048185552897
3301624108
2338340929
468865743
31652154
1563164448
710522692189949956
227010728
2508827207
1663566744
167478588
18388812
3165245613
1278723385
705843242244255744
3179207340
22451908
27055034
1119245714
2349010292
59849033
3987161712
552753788
24435428
23394667
721209064844238850
2402709036
3932000235
400188508
3739987096
42841713
632284182
15893116
24720141
275743098
143663678
3214742725
722601957420994560
2792290323
3112335706
939921812
23957625
2405206632
887562596
33537161
15976705
3091521770
256295544
29679790
705531370974666752
2414913756
4893329892
2930060695
3247344656
1216852339
632873556
386258998
718375439367028737
3312840571
18714928
387914604
2975502085
238648688
4790585689
706666581741318144
705522154285064194
1600858730
717715502190174209
1352655942
712082828138319872
3536500937
67918705
4311393022
4476084275
21495530
720446894397333505
241839490
2430341433
362290415
44320262
710643313267716096
713091735140708352
3718748952
100949009
301854647
28201999
18543858
484158129
4157810853
1115440075
25281214
195510109
720770789398556672
296449773
4160470229
84685398
128956459
298298531
182722893
16106306
1924395420
549449739
20480704
2293340208
498402567
120877403
2349556285
4851966645
95934004
422974854
2834486477
851963809
4904126730
232851192
65401126
3217694460
25251838
714262400392761344
184424927
123386371
185680169
4821515421
4065475151
862131258
1228651723
716570246761603072
2843071465
717765437849780225
3237055402
16640037
4074792076
2907150081
3814387102
601065065
2768922304
314547624
16721452
711158759494721537
717946148896440320
2794552214
22807017
715704555565088768
611337173
629414388
3245135844
32820396
2717172436
475711677
490401229
24198882
4470226154
37074061
1539564943
2939160699
23825051
51522136
705471136344059904
126928542
462153820
27978179
27320992
40015782
16560956
637030270
385982380
26324254
92993885
3908374465
305017129
95763291
621394236
4921955894
17756037
31830249
17234928
899136540
815931824
1525841041
3102583561
32605697
4896399850
355683234
220561434
1873539488
1594151528
707552287519084544
1416898591
60684098
2354729094
46213956
19463681
715377808793538560
1955955908
16146603
2216532829
760017242
4467487240
17217502
399178595
74419021
26579339
1278144450
400352771
468900571
33713084
18914244
4899610029
707608113562554368
708009857958486016
513872434
2711397213
706876290595495936
4719054049
3089024884
123921028
704469311339962369
708277430402809857
2726275639
3244370974
509641330
714558978131255296
3448466178
3006487744
703040574862000128
706658301702971392
708768395987165184
343535198
86121008
170034104
456806128
3015101849
15741036
222622640
18697888
79364420
23860507
33253412
1477241472
21025381
107727858
259252751
255791035
3150098774
3188024820
75403792
708309848
753318572
73020234
923964859
16631904
4729801216
706990010042601473
3020137681
65272235
3392089679
129891935
27187343
3215172425
34648965
709906193918066688
4851312853
2834406335
1864755553
2871899817
2573480784
24757092
2166004434
709091543089414144
4541726055
15035209
701454656933761024
20824193
3010794575
701870457213947904
312317440
204587633
543331182
31601858
1455198979
1689243799
613538389
531864926
706563122602090496
1035807246
863469548
708337996475580417
24374097
35885825
695439278818488320
14246088
4916442753
3254866206
706639440467402752
707385966109925376
4354153941
3785297354
120172698
4176516076
1720345368
144402222
2785853141
4860675752
74211907
390871492
308376446
2971477709
3573336134
3150244351
1571542160
16671425
41837557
24287326
315413807
702261605703294976
410794657
3953695528
516659392
2796903343
265600371
1060590534
720902978
612057704
512076466
57712004
538248624
308501672
3298431304
3407839319
1350484801
4827926451
3229240678
4434221542
3085169824
4108112233
207609111
2964974777
3376763009
47467614
88539966
4005092840
2922173583
3223914997
57652432
2389729930
34344137
93777935
4164210783
3318208598
57750835
37590426
2275042470
18737621
18778653
16215350
6013272
702147673651027968
290445489
17684104
1223023370
554327696
177227260
4877191041
1548714900
4874896845
701170297701969920
868999994
4190897895
4721679323
46887082
17133231
4651872016
140842152
4879473316
4700354069
192698391
3062027302
4871218083
1229451474
2184797541
31516646
2313965082
555120449
32189132
49159747
700734327298981889
4159203832
63160617
4924751397
3856576054
482274576
286680865
4817772331
4017653352
497181988
469732090
799333976
60841112
3103213542
376876772
59702598
2378003013
4875126257
1263148512
23995748
4894095909
160310194
116960062
606907410
4876821796
79920140
489664816
772363478
3873467952
147712159
292684762
3080884331
1494027864
25077489
4893031932
4873761282
4808999989
4829975608
4794182534
21336298
2520814135
2495637565
751976443
19214412
2649357284
1455678973
199426090
4149690013
411392144
2245369181
596011347
78161129
3065348142
9480572
931391137
32168059
863929220
480900509
3053338062
321767799
19618562
459936259
4831215383
4585971972
24048473
235840781
4584282501
18138592
4453179972
370882820
37924671
4784696581
835364384
3921338913
344747525
4175155288
334984455
2514045312
860530914
1411284846
907186650
3436249294
33222598
3222432010
2832365528
2455252141
3082892500
4745318460
2417758741
813902060
20790346
4675697964
930160098
72719624
4759057768
1097274860
4739088137
3744158063
2350777004
4327242015
21156979
262343616
100485205
3010492622
2747103027
2570560126
134849548
241674327
244051583
34383891
46170476
422181027
448203900
16223927
4509383847
2782805711
361569788
3406500304
442911245
1005186638
158759480
2349065176
4623340371
4606946533
49448459
333022930
4372360522
801641258
93984069
3258133034
29839622
44207541
255869083
15551869
3320557224
518976012
3907341980
4502174178
4518810927
2367537494
751498676
22331129
4597684513
53689778
291211085
3308535203
580312540
214495170
28009377
22650211
1944865430
4152365195
97897738
2181169681
4469773454
4396872023
233291124
18412225
2920759605
3984743579
714479521
331281795
330319115
3229506722
115416936
60718655
878284831
2326576213
2284139588
194150366
47402168
4418090668
19377896
3856003817
552527556
2409501757
1965541164
2221979695
796470619
204561708
341432043
64009474
203650771
53076571
68291288
137369407
40788228
2730550162
4187444843
205796999
4353841283
2249083548
19462341
2358319206
3179493427
4003361968
976356878
3344005587
555288041
23198479
411033427
3153217190
322874617
107560034
2434294310
132918446
284788394
61369765
59225745
74829020
22789766
344805504
57002648
17634365
44363702
387707281
497530684
269129912
35129324
93969907
73050826
555814348
4249059552
3523088482
3278938615
291791340
20415005
3167183369
2367196999
4147751584
333667269
3398770055
27061115
593513239
792119786
630321272
840018332
2251082035
444283883
715014955
2922265150
2884549427
47554499
18353495
2229273212
38280671
32327832
2432221788
50833422
15381013
20371573
551239859
883421593
81406248
3344387495
549739575
2874309459
70279623
57485638
4166749971
3495163886
116630205
17643390
3854647334
361013165
45379019
3187175946
3479345307
381971674
2867764380
3730219515
369770746
1519723458
3424446287
783429787
60327737
4058267537
3509421138
250274707
2938467831
20663138
3644606595
21798936
26919151
23189508
4043100809
495511892
2975586611
3025939486
1429139120
3865335724
28577889
297447292
313449638
223810775
2478288668
3507173299
21326757
1115633996
1118211032
908834276
1901619300
900162056
3041355094
3237255511
2522001204
3431506205
1966921812
299220494
29184911
3400443747
206327748
133546344
444054117
3892405419
3045432623
274623671
7019512
3743652503
3859273932
15115280
1020626144
62549306
3301314368
83996633
169653345
33545336
775831849
1195684554
1152344581
3002922157
49207831
15726077
47462001
147821689
575998635
1626066301
506649185
748264116
3355141923
458395342
3893210375
1449625616
2382149646
82461128
44134773
2235214832
19968563
348963601
50611626
2798597559
15808113
3730595055
30758317
142445186
1388071411
21909984
22699560
212425012
122567822
15309072
104290832
3488471
11395432
15140227
16392181
16926933
18347732
24613245
31077933
48877038
52455088
55749675
83903186
87250241
116621693
420038314
119166916
221228044
221298491
252179319
281138384
281745953
283221716
283499967
302083418
321748989
355865104
377350150
390530361
414403516
633969866
712948758
1077365580
1950471799
2377247539
26538229
28785486
834370586
2816440097
423931126
3582344296
3169035458
204731800
358627733
3095810571
32649134
81765653
166329578
1173756973
462132518
2574904722
1184544560
22250215
47630337
183753455
2560148358
1405547580
567345950
2735569132
109404985
378844127
66914769
133946836
191525714
48438556
22765448
1278973044
22228637
212441692
10001212
3330295799
3144302421
476315898
124763921
165791468
479562736
41366385
24921910
2377977842
3390254459
3241763179
3398804409
3406193625
268286577
20522862
2330415198
239875056
190859741
2841747221
3164513660
39000115
3116047273
3426768574
2853815035
997682274
375183837
2729848740
27049619
382370203
3018778064
2251093879
71061209
18812994
118272507
128594349
3349433536
3425773630
560833871
620293201
429128178
2247924912
1683801943
1108521060
22454663
3288794432
2796381162
19216545
131543835
2670772172
704095868
2310565926
3354440327
2908985555
3398864554
2210917532
3421515076
3343850290
254054171
269940592
622024793
2172217141
2345145272
2376582930
2651126504
2938449262
2983151759
3115869044
3166924179
3167884713
3212845671
575470393
3154160697
3314649205
24880446
288981065
355145759
1659355182
2183715312
2580017064
2886412360
2946805270
3092455390
3096651607
3148736772
3161132279
3202832566
3223625856
3229233000
3254864460
3302973022
3303348317
3305129913
3309654696
3332057260
3354224537
3372741323
3381952967
3384006694
3382470375
3383426303
3394741149
159731706
221873073
3231942716
356859394
1173538664
59145948
447410369
1025521
2736697269
3146254697
769641584
15467700
18018355
3385931723
18464266
1049171
114474262
3174934312
3111889034
16225606
83668232
1399713804
3313706340
23636341
469815017
591297698
631816995
832541750
1246236312
41865730
2769668294
277805390
136102085
882315709
30333539
154002144
205392468
6351572
71048855
3198794045
48685276
103769342
17446907
28931314
2535349592
305680299
17532393
16132075
543780273
33098362
447552068
107290835
121817564
1074436872
2728581335
2884590455
3062962055
3098115975
17560471
547860279
253298557
2618486504
515034648
2654484923
2815142532
2936790183
3240543525
60692086
17469492
491350825
21218524
18703939
285578853
61206798
113127789
450941680
590198166
250276471
39922594
173190525
27221778
1865921316
14197213
1613223313
19186003
129679132
61226587
1203124412
3000661701
15483390
2238568044
39845278
3182287189
532531457
3317590708
211179849
17355480
1726628515
35127952
3281853858
31516565
171331846
597483262
163194830
3091316093
1308889207
824371736
2491964094
2497402308
599857189
514884959
3142839960
3281418701
3186888841
146160591
1554740496
26070572
373703345
108993692
2377342346
339206441
796757245
20272083
335505192
487770873
111561014
3273997009
2994951136
116850607
15822295
385412944
1934758369
27799333
478359113
31127446
1935600896
48742807
17167572
3269091415
2811838608
752472211
3272287644
2493324170
3003712539
7794142
75101299
239000570
2806004678
14548098
82110213
48316825
256209052
134604426
195829353
2738974778
1595564346
387162020
54243056
196370955
197253106
245919293
2293131060
2882978230
3325411071
3343002509
266403203
49633388
762869965
2360094613
3349773519
2581070247
2729977052
3035660929
1188259933
3118376798
2998798542
53176629
14240875
17836903
3290070855
471224317
143660061
281593711
3027286779
2211981675
2787699738
79784897
16369359
17064545
3023189481
2435938374
24320281
1518076123
3178987934
2223691094
379754341
1536791610
14688489
3232054991
42995067
833849810
2940964728
19734832
22771961
15908429
426802833
59331128
15765991
15446531
125453969
12897402
245424983
329622677
43972639
51796158
3149579266
3225924410
355515271
15952856
979621957
14099719
3224910340
3152112661
3246241522
2340698592
104039547
73992821
414257018
30306594
2336977752
817259
1409447442
14997156
3120700223
285097277
3234759167
48807945
192028431
21637503
65209619
1112486646
2225308854
1643789870
12916762
3122485277
1567785248
242597627
305415046
263809335
61863728
227139868
14246001
14345062
14434063
15250836
2478721572
2905129973
16992076
2293723555
3195553725
29753067
14994906
3063504955
3082275761
3098429515
3087218310
1573986336
3071644514
2176191584
2788630765
2996570106
3161993878
836232336
17400407
2940099646
1169683806
27279989
78776348
3156235015
49285444
3059045779
1291770157
29417304
2882391828
3183457009
2467720274
1711539175
417562267
214615758
415261677
30626499
21514744
2280143196
17159787
2371211173
270717589
2571932694
331206195
291231013
728725874
147425395
3091852264
45991436
15380529
126073393
3165033669
3161952049
2967544548
3196495805
952086582
28878752
53601471
2991368880
3171058074
54645961
3087391632
3150777746
32467426
1634110867
58915476
277719684
1665226998
401563492
2463663624
16898332
21316253
7259302
18982396
3065966919
16642424
2922928743
33435693
2332617303
22086608
2719729454
2314055840
236485849
30815935
1199596897
61170418
3071251042
3065753301
3056142064
3065900255
3040963421
463507958
1387956962
386076684
603688939
51308381
17969219
328225741
69042120
939247430
134296707
1164988836
37814845
926314244
85892107
166655653
37680340
68999404
540812894
3160926593
3158140996
715173504
75742264
325618929
14633767
1355218452
325057390
21352055
151106990
2911284075
3047717838
29094154
181309290
762435337
241273903
41980825
2792688591
11715042
339736269
3133064804
14811485
19867003
1665386791
90938831
47813521
41789292
1969699820
22185122
23255247
184259094
321502024
188236774
3012889718
455537870
2831671993
526621470
2716353480
81500659
2952930224
258987795
572008155
40499390
3124395114
3127833798
25707034
87761584
18398047
481762079
41859853
142492004
2471632388
58115655
182345452
724878049
56728838
16409618
551522917
906422418
485016008
2243030312
13182242
2891605635
138977055
57770539
82167518
36890646
43409523
45399148
126628076
309282144
115146080
113400037
7764672
113516847
454930108
1458949717
1410723450
148771088
2312829909
2375533844
2207716885
1945521174
40057701
3002952799
19691094
196262726
25082893
857160272
281282774
35459564
2835672253
551323901
268982264
919476812
868637460
54620194
612693490
2929135816
2867128625
1513958744
25346069
19417197
196802928
2407671002
456331554
976570982
2233488978
278032161
801328406
17466132
369232105
2903882167
2316272360
3086724705
1587648133
495454106
47421452
340952746
1518019460
1631539225
1145835572
1644805254
44615672
1249982359
1414627170
2984742158
68382570
2461810448
21857073
16178497
705564782
15209424
1626317942
2481146024
1494609860
2990514564
488799600
2233525334
413590655
46973247
2369233345
1135869716
2557974423
415082103
256159524
462928831
2785095528
423117326
41964836
2570940854
18845008
362625456
397393245
145328695
2985898489
22843167
190870444
2904627072
2886425261
3029326756
519610901
3063996411
2995080243
184517281
295421363
2846711961
21833815
2946769330
63563852
18906650
284709753
2840137345
300354212
17111550
211408235
852345234
255242666
495250080
2180075508
17426310
924776768
3044787023
2194543537
422217439
16119428
14513611
980611
325265073
3365
14630956
320810188
26909691
15446551
932800111
304643144
53309297
2926431265
445251843
2981584944
2469854654
486001691
2752307136
450266680
1127275604
169634370
26781439
20073589
34113439
321522551
17773720
119010935
14246055
16113639
228313809
22080850
18302938
308809136
1900539194
200553940
1710649668
368760126
16725972
16427734
38146999
21866534
20582958
16958346
14266598
45577446
28657802
120181944
17423992
24556105
402355096
850633633
2959610415
121544946
1154060610
281695815
755716560
15993333
138805554
2735359104
418991973
133283104
3002412889
261918703
30231573
14344823
1439570792
27318985
1408622646
115463768
901160826
2531775750
2332232651
14748002
113146003
2588860536
2207588833
1652541
51241574
26566469
1877831
23818581
1178700896
24506246
290061912
19568034
11333922
25159286
144569635
274422511
18928144
2750376542
1900708632
481346363
2190601830
2808378452
117983479
18251414
122574778
15135675
381666934
269454727
17503642
26323932
74529675
18456013
59029811
35346964
2254010214
911068772
69367377
731596345
197646173
21786618
2232049396
56107664
317396608
1392603529
14552725
272550180
27948604
227682918
289963138
817879710
150544798
359428392
1069987022
563281155
507874515
51317263
153444178
51335916
265122237
552037927
250433326
256686567
2366131412
795774918
111661620
16816972
305579552
177580692
50386536
18359503
2923296498
231497809
2897970594
308743028
2707106097
16609760
93879982
378365911
993275714
180889671
89547441
17004368
14337131
23369246
858718512
2562293557
2303751216
1648370773
424370015
326184086
16440035
53090314
168838692
2695002217
539865276
426911212
104459389
25108518
47479606
15964580
145883641
2427681409
1113291703
2627957597
65305830
20950239
55326534
18000919
2944415875
2956105127
1038630829
17072206
46671396
267603819
96399170
2813211061
16000856
10069612
509567773
817681957
1122650486
39319668
18725061
1972399777
42956761
14450409
2901384035
1673161999
1352623212
231744293
211955846
2858084609
15088481
435099091
386543802
349708100
517445951
2470347588
21819017
319139187
17787079
836525664
306314642
18775770
67022077
425464224
2167690909
499800496
2421469143
489475164
571194060
17004618
1071777608
360282270
1330457336
12858902
2359926157
82282572
21414576
94937541
35002876
245689692
311497771
211551088
1536696156
1924098218
14326805
386284351
1013889636
736026823
803672700
17547422
15166145
630381470
24357823
48771393
139974630
57040161
1120186334
85606078
15552773
177070701
2865249138
2927222132
28181835
297532865
2838283974
2704860182
1517757180
18645164
219445010
107120201
1240681
2398613540
328262569
2891364502
709234249
2800648561
554628175
2898574523
2411226085
150078976
2873829579
1244408377
18787733
20021325
1281011112
258174139
325832052
315355742
30706364
1944987026
591459541
270068926
2653186094
15996661
707488813
260997460
58379000
496629607
21355755
197518793
455662560
35556206
47961238
2153476724
2646527334
240975049
1069865743
2606459054
18210115
27264685
61139212
100920952
117403391
151277063
234114871
312964185
456255014
627807794
1217499242
1905328405
288584040
2866371717
21690812
1494070861
2321412630
13215382
2883324256
1537558634
2431254637
215891347
35847728
579870581
267449695
1630896181
15450660
33530012
233783568
59785531
20484934
15918708
17171111
2517854953
754111986
16164930
162153266
271381840
1257732554
1271483112
2496113664
139467518
113667788
487600344
849617886
18570701
1335804572
27583768
1125971209
15896464
41153898
21718571
94492750
22310677
525595860
15081182
213295930
32774989
19608297
2440019922
554758945
21964694
573445374
16462209
2720616408
438008481
232757559
34868965
322382076
2470149510
181731262
21868866
605661519
1921489896
735103080
342460234
2604665188
37144893
246220722
2433914972
842868962
387321930
241241243
68548942
33879063
1087007862
24451680
130962681
366764842
915720462
389768752
2546690178
2830790397
76058560
1568656350
130945778
47344403
7848802
1199418530
2168099170
2178748327
17099112
376364316
994453866
166348894
253017963
89770815
212323257
15492359
571202103
403838500
2347356044
22779036
22660806
193371072
254616154
242822343
2393872603
19828037
2241850407
463352013
16896548
2784098463
29388019
107175615
770301349
2315633689
2279295157
2373857028
24249547
28949187
43264119
1375289149
150240350
300893304
35027698
383085116
109645448
410249471
861408991
1018560540
628223910
860576268
196182278
16226652
2769973045
350886710
25909619
179815482
48481040
392371508
45867342
2735186996
62298650
2432416417
2811455407
2446595953
2367571697
2183959042
818705040
2350922096
372238387
534494917
46817943
545474475
1342861723
76348185
294799083
2199121362
1148468052
2542012027
65846554
528055712
455024343
2384330240
1325842705
562229863
14731096
20338242
12372812
1702571186
33998183
2252452489
178595022
23534104
21291875
2191135908
705252230
2305281787
1120537310
2519041406
1332619002
1087818049
1115611490
14588077
24750798
18586983
2280802962
343149402
136115840
2356820516
1726034510
2818361167
1137959010
141108912
58520492
263269829
21156659
10688432
59869729
14747825
96802970
19421938
53929374
1135388684
2148094130
27789217
586855139
43721859
87383875
17343896
2777087209
2356816730
2278389301
374900136
22799750
2734304898
1934992172
14868145
115228634
293634155
141055633
484158909
434286010
1551679248
615385315
1167701558
21871879
143083448
2535450204
902773724
17357759
2347362091
57567739
1394480418
1969346438
1616534946
1377345829
155986770
22181755
271024433
32294529
403095802
1511216448
116841782
564074974
15565931
32780218
473637671
403353373
74186243
2177055764
43473209
175102610
16351985
2774959393
1445282029
53056010
16224367
373457904
33237351
26946495
2493055722
2382117350
2577476334
2207573047
21539403
200263851
769480195
2670351241
216834759
179971182
1176994477
9252212
27901418
361342191
18097821
44935627
13850422
243490743
1477763287
1447890356
2458567464
1735969045
350545629
262872095
17093239
345629726
585725732
1445138454
403929334
267884847
796261392
2349119701
547233672
455394628
38104433
77782711
934662787
4347131
516024427
1704928634
340588050
2751379607
117104543
15099539
48123578
1472395142
2565489511
41984111
1107337357
1090558674
814655461
481293062
912597391
1286969072
1900813800
1901754541
1904734675
23114997
281151427
2715292604
518744362
89270975
284139213
1095558246
143829185
1137453541
29293808
22765150
117450157
1056718994
2361333834
829937227
24780734
30003003
257324228
14125897
1129029661
63803279
2291472870
227894751
849162614
613828859
16408484
323271922
2277098973
846023604
1107375859
1090494625
1317435056
1896975523
1385191651
155442314
509119304
543691320
291774022
1943161340
1646455254
1964991720
1019836922
286992566
333675022
191988919
1267869127
115724271
374648372
22660657
64302962
24620145
50747187
350255150
279390084
2363804264
1120264441
2231854194
1392927674
21008418
32492988
868621405
2695663285
22187085
2318192582
2353683726
40684090
14481453
2328599465
46176168
385503897
2521541502
124898913
15572155
754416690
329918977
15952589
18082945
15081378
178115946
194724974
126487000
2601873347
537472373
18533605
733230462
1151582216
349914011
209621926
347555346
513189647
24671422
512225400
48088063
186568831
18004650
71569841
252701314
19940085
284145973
32671625
2435605927
439549785
2369916919
61349535
18893580
861430652
2576318452
761783018
199924232
114585472
257748121
2296692775
594863522
835788253
21027715
67215899
2688003932
35934245
91478624
5330602
821372790
75416889
216344783
1170282277
120176950
186247998
2446261508
113349253
1226407285
272986795
20541832
465046121
16422679
2301556182
2285311688
2240756971
960967081
800721812
2396897652
2460559242
494474316
1084844803
626391901
1017817249
62623900
20457375
904523874
20303017
2300028637
17547817
123327472
134975165
26657119
17640422
820275259
2546360305
1202005458
14426645
22859238
145659451
2224644214
73829388
392372010
14924233
49733381
28113052
2548100012
391785748
18684068
22249842
825684601
19245896
530822447
80142054
97792916
271513600
329998786
20619120
117000826
24293544
15710384
27391292
319971600
23458597
259858913
1061723917
26372833
115204077
22997050
18122583
6700752
19601777
21465095
2200221
1073825472
19129405
818095
9367082
22293499
175841402
15991770
19428305
20545422
15987251
16133385
484399952
32156954
11805842
17580892
19625943
16192524
1307771388
2575303201
558093419
469371578
2591662076
1682157414
1163807618
2583109314
2616198164
55310956
350417210
1620921446
39294154
19481072
134917795
42790254
223958192
54300515
15545122
113108098
16060050
274645845
403932208
338608917
214746446
34814587
60903033
22694866
2581181720
197962366
227493387
144752652
1278587388
27446380
19400066
49790770
225189494
32909028
111690672
611952043
21584887
1016588101
24405200
1549231957
435564722
1914337062
487642650
30376035
228953944
567422544
149573732
20719498
29828251
15744281
15974320
51349792
25315088
319777415
16034560
51593556
81387499
16729240
15450520
15973356
13352392
32489614
34341362
17602434
17347693
55624598
343676150
15998753
21448718
11213502
18066812
475768360
27308199
2361556280
751947774
14226882
15691324
7383992
23676863
49208641
236639474
41722221
226954021
796493114
72122447
6185862
169626457
15964567
16226417
110014280
44686891
539206290
100880543
43261344
74175586
10371822
16238605
22804865
166707534
22077095
84208310
25785889
259957458
268648764
15866004
125935401
36373890
16359486
7573442
16163966
50056314
34491026
9836992
16407827
17692869
135593099
6284342
14987797
70590748
269170900
22312331
169175539
743092200
16487286
189967523
139155464
25757561
111044693
989509663
103550181
305376209
1246951472
79449976
862430010
230565769
2541942240
229175453
2332461674
62343633
21765244
2329498706
64027344
25033858
1548489476
1855582706
25564262
60627728
155784594
2560336640
66256515
1647718639
369238541
1967216306
161427200
2182794733
2160601645
243358625
19400197
23059424
41323876
271426558
274581613
162114001
7309052
14615871
760337274
93111391
128763579
326929954
62898834
2176046582
17294950
14856348
2478705061
2374587222
15784302
2347049341
2428117340
20284860
50757974
39253401
1610850560
28145061
16955870
799068469
378223565
2259646561
132028530
29770501
587875070
20463418
15219854
5744772
2382616801
1314617598
227374485
46478528
575363003
14140370
1392839124
1928973356
1955104237
1947800624
141667751
2350490634
25380005
16602284
286322844
136422425
2356811959
770759270
2320891830
276104863
1603787905
1267784124
960182947
405900344
291546336
404521341
20265203
59296465
212252163
377565477
196447106
817536720
40530245
18171600
382129509
2267729739
874828182
1277460384
2340608630
551411931
45079860
857205728
21099472
198357693
542190714
202121798
17890304
250346555
835953601
357461232
357331066
792172915
1262099252
302881437
2168863034
1488289063
60389317
448510429
104638713
37435889
2259765408
33596934
27031487
2291562564
2189164615
38214128
385478505
327078344
15466386
1030834184
26591324
31128730
33972882
463689095
188163864
634315004
2295040861
19539314
18382184
1364833267
1950378002
1154588840
861442146
860555190
4099171
331317907
22066415
65163785
20015188
132767262
783073308
403847985
405119861
17258301
1886186202
344687656
308929255
44947688
21048844
1934770050
260555829
19802846
1520390256
251216095
308861333
110781528
1581243024
426069517
94367917
37493475
31403779
20709499
179719307
551114699
146297323
731456323
565797499
525925642
836562037
32191282
456722136
1912521912
2291315696
462205941
22671152
56363520
7771842
853565910
63225109
60124068
14445897
16807285
302991001
569313451
242555999
729177876
45131693
16210522
21785044
93921487
15066876
262799941
751778144
243899518
803826720
125565867
354923164
457706092
473265732
92586415
1229971112
319634497
1628064787
1413995599
1478211248
198681334
45249201
822576654
240812994
2241003140
404472251
15049826
214565388
239664892
25896141
134924292
2173646835
192904801
887145463
27622898
1549705375
16001827
16415170
359382918
1380677004
15360709
97732452
16420515
1219198236
16225955
83901492
124540457
128664931
550532198
1090152973
462305473
125497871
1589002224
61585965
16571326
564028464
166624682
29960786
70144495
1278123914
1599545281
415694801
600444379
95281047
21043723
1566408362
1340093874
36197976
22103425
477277263
269579120
1571317760
16583468
1205219106
15727317
119491006
282545479
423758653
770128646
20655674
74256759
246977649
24031438
38970940
22975495
15893576
22532954
860687102
15328895
1410881130
1531980092
488019620
1706231244
838157258
85914443
25781141
41186732
250247983
1176088572
1465412564
996738152
1363713913
2196201139
76639716
933261786
237999088
396023286
49649403
364570373
104679412
1942786308
926536159
13393052
16041234
18851248
3497941
16942658
459287059
238862918
990627116
30380949
114833521
1543408094
1675845175
1895664961
1949907210
1624046510
72697263
329866683
16554084
776684886
1004409242
21461359
16082911
107146721
16227226
1032290077
1264688389
52530403
66714280
22744510
15949696
46739108
89466729
38196731
39311638
153558139
335326469
513775722
165507452
28427014
76981705
15174710
1157902490
969136586
1934787661
23501907
1138593368
347933477
921824922
23339292
244070445
136940919
16616476
2232005612
5513002
105764853
138846409
1352997307
743765600
376744269
350389927
38049495
374817258
512467606
216065430
524396430
71599731
197404857
547699457
2216560051
860792832
20508720
20818801
18372408
318568656
618584506
15355596
961214442
54042025
571461243
993358020
1059417708
2178638689
324761150
230459023
860415787
809897826
16130058
12272322
18678924
20776497
14925155
14618716
15159913
43572699
16700601
491196570
15170457
22322730
26648990
23817298
44498699
68219213
1226984407
23375172
20546592
19815846
15983306
367490061
2154899852
1733102622
1032982176
54314181
22080510
252531143
1086606259
49702592
47455112
1078469664
389841834
918242275
426824152
2187438246
405134461
405137225
59956410
396188102
18968858
203188066
403914863
403826954
404526801
22858466
256322163
404517784
404523392
266326338
16722475
531617211
1526148606
1953032718
53019309
14574380
868130508
520029915
426578718
93419194
15280845
1957187070
19512296
1352642953
117496435
126145029
14753225
160273215
206872748
51330975
1511133649
38507478
17375057
17086475
24467757
999871038
131018989
171531763
49697450
21879831
168759825
278005891
16849637
262410224
1337178174
221135570
1104425378
1198663765
249722522
26165922
16002085
319100065
1115348904
480140335
19834403
1641523784
1601549102
132285333
9589252
541175711
148315696
317090188
1214410454
15896350
345134536
1695286476
1571239068
624805598
405129964
437911286
294948776
853798002
1191507630
14355312
26237787
165071554
216385540
329985420
575925999
2147628530
110541296
160491983
1131736003
21984164
361321755
84614572
507890809
6450322
23824000
56681659
90926884
468907827
132646852
1979039203
1861751828
17372896
841218992
271219601
924483025
16892534
787601335
1100969137
49171042
414490910
1224824671
140612122
562981626
883428012
107536234
621533
515838635
47636400
11856032
138906158
32709143
1909296302
18267131
1423707932
930506466
17012173
21981984
1107398971
16254913
415826305
40874240
939623695
600714541
15195679
1712961397
1135399020
15837659
34401125
888650520
1335267692
19771446
73190286
765763200
1613732948
205895357
22970364
30122242
1725346819
130901013
998411348
381114870
21282579
418267587
16228479
1275369307
232992031
533469077
1043931564
120654458
950262462
367761569
1905391627
27234909
240939635
403840738
498372119
1906642382
37988104
121656667
1892315352
72732934
1707321486
21265109
14615094
48719150
365080399
69373202
1095548593
15368940
331602680
1210399537
217489193
17402533
142849883
919720122
15909226
328823653
1528362258
34377792
1223598763
289145118
19916171
32304094
44725196
278163308
16795212
36174745
70281915
70608023
91910696
5990782
11673352
30349661
35417467
61000954
22012091
34681981
1530850933
754135908
257801122
1051581829
26186655
70188601
754312458
197567344
286840556
74568060
15426668
1378231782
1854981890
437048841
116099364
435282321
168290603
165885518
17770086
18084583
19674502
12354832
603025587
402797279
227373977
35187768
455872282
1599507938
18159985
144927376
188803750
2836421
351302601
14159148
23201219
38370559
16072058
32845990
105572712
48854106
477485439
176315353
33715418
559260453
978841134
353919244
252348254
214112621
335996055
369245377
1258407685
166272944
15647676
774974118
18452386
1074229776
183876837
23094875
251769890
377188795
97106823
65698096
19523399
1578677388
1594679162
318036549
235475262
178088117
17347283
1017637447
14717197
54096130
898533348
24716381
14437914
37990581
16678793
991634754
1615463502
19360844
18220818
76967543
401625957
32955225
1347958754
974088932
1390640984
17001490
51640140
125833633
274990777
103157233
539448537
579481320
215207998
1078302476
145143819
7080552
56788628
111141045
59676104
19034656
21443773
14413466
97503010
80617430
203132018
59010637
8011072
20715936
125115830
5743162
21431618
11384102
16244449
50446226
200205177
294246919
14727040
72947117
63136498
24022663
515654445
500217624
15922687
102592901
16170115
17233573
1438602337
111067467
30396441
503792483
1106892008
839040121
37115859
231094495
73416019
26079180
1073947542
161338306
84077400
506505623
1556696790
44513878
17686959
191891492
625327037
1517927130
1485342474
414488432
1118018096
1335517206
116832720
94162934
98543618
22986148
22523091
18767699
1115694072
1118071550
1132176194
1090525556
1132135453
1118125297
1118123628
1087985372
719085576
1118236153
1115347116
41292079
1107263768
1105102566
18298094
350336411
20565828
871991101
355906128
56400696
29450962
1400008579
404518865
26251434
269977737
15754281
10067962
35773039
248768262
807095
14823499
533655745
15164565
24620662
868856461
357674108
16042794
61149653
334660170
53503202
1350039096
436439073
16533820
12542502
1339835893
1056202634
1143336860
14954882
401094657
1403399414
15891841
16548855
400431594
29125428
328260787
19088288
20480549
69193833
44638576
325340909
312248392
281909255
607622157
72372970
32965970
848518471
514009705
66369181
1012329853
20524332
1416435576
20707070
448788603
19957685
315577705
766547376
111138246
60622156
24958792
156651229
788524
5402612
120862649
87818409
16339901
15765560
329443994
398239057
1055907624
14080020
50889339
288289280
26564529
29580004
628753972
615443591
19077091
552355237
229993947
823738296
1117524499
583127113
255814815
206721200
858921774
263434499
547142960
47365516
1286312880
162056343
40173562
1114886305
1245409088
1158180602
942513829
15667291
30050899
63144098
21307076
17093617
130851044
812953368
156355446
50317463
91386979
21728303
475286355
295899118
11762572
205864193
338594583
123926189
17290902
24089735
894292836
16151138
194355896
310482542
25368960
21717987
849169945
22312552
909196237
310310133
76215237
242426145
442824717
15007149
360285166
32997592
17473289
7860902
34019261
851711263
441185909
38477209
959596692
17220934
960932186
343327974
21461995
1111940934
1071834306
815926284
344233703
970207298
18778634
479067937
23588075
1093090866
34371118
5405362
16172991
939922981
250386727
757303975
1029941184
25819140
16256826
168239508
22084332
15739097
258192372
27109121
182503471
59031230
5741722
258885469
15862440
242288569
17874544
82119397
369059154
386104689
950713231
16082787
50371921
858646280
69181624
15904911
123411969
14251225
1947301
25436193
33579450
20772763
16475202
48772945
48438566
188425657
16273029
326892463
196677276
29764564
37131103
148529707
15529625
787373558
28274392
310369636
138409823
15441965
540323688
198193231
842165618
11640472
365474528
149751818
356547951
18706202
16711026
32798569
87288616
157481189
534453829
829797714
15549482
173912177
59671665
778350614
71907621
703983715
121498173
17006157
50073507
168295477
16017475
18172905
14270650
230286463
37749235
136000161
545305702
177974542
281055314
31365396
233666428
62572454
179487856
39337069
575967375
17100556
88987674
485242725
466666300
69474390
148720003
587029442
171231477
436314047
358277172
24431892
173999134
92079350
184136149
559735489
24103596
91180720
415773425
755852694
321774180
183958809
44537636
403667375
112002661
203765012
32673296
609680430
210427918
326925972
20800328
206299865
406525423
197536380
120277096
272022357
299474606
613521891
27511061
22368382
295988417
336049934
489174529
24101774
20852175
14354985
67364035
15458694
286234486
1781551
153149305
89121408
461720060
558402294
20109439
441278262
470715251
16074930
19308529
272642804
236906754
14792049
10720622
182899372
31122582
39839409
372816217
15935383
33276161
17562569
295932014
564947096
7612272
22114231
161838875
18785467
5988062
8953122
226249905
16211002
217927832
358579266
228554424
6010622
369217848
27524286
307614918
24600048
494169005
367222420
531051642
16791931
21356559
18522327
15976740
20102717
78569026
36575786
593175315
328173159
219855077
122165841
407039290
334849468
104943342
33256849
488911358
349673442
21710345
57653510
219003149
156656964
294991606
15463671
17961164
204835448
33529422
91486319
602159998
22873947
467640977
544804036
5695632
19645229
375288793
462351266
24645871
18040475
115563859
460577661
481091097
358489917
44618911
181963259
16188476
431028809
93251080
598290421
296538197
305614280
356702573
148086041
573261922
349803020
482203404
97750537
19824430
403494577
288515819
166209813
76715676
73238146
278776049
403415466
69218324
105325168
80135232
87768088
21880237
202424267
15932313
446657012
540781285
533438621
43188998
531506070
269441846
33627610
285852662
465123413
26015031
531155549
21929250
27298118
61224947
67146757
127886596
595515713
396834875
22046753
21440866
316471699
389198122
290141136
167924801
508006873
131041833
78523434
333776810
301019006
340926209
537487691
75069067
117320467
302745757
415196079
366696485
66952587
95668275
407357774
453319164
14304462
58500096
28307383
28623510
15941955
242438723
11856892
132998391
123045703
55370049
145862955
21929320
17004139
17376893
281838182
56000383
421539827
438794270
20474813
172445467
37536623
43478103
14251765
21705181
59274071
18094552
210833051
17789578
18320874
20179628
100090702
14339587
24816848
177759074
71715641
31299925
262900807
35284567
16146535
430364646
13361922
355448517
19038210
375405313
387341952
51813493
375253987
74035510
19541375
22204106
521401849
318518392
16474992
14099695
298262093
361909715
16130075
63013144
324042503
46546783
217574712
63004503
27754737
14855001
18538833
14335586
164650525
242602560
340333435
334079075
354399766
114497182
19808920
21434933
390103810
210862462
232268199
396044297
218577256
15097615
413725276
939091
372022249
27793335
330483719
338037930
22677427
24891210
461720085
64507817
29761740
16967845
32708979
466519303
53715420
9532402
80446498
96886774
227837742
238259855
105184282
169921568
188055481
30064672
21867341
59609288
9907172
76771090
78449750
77231473
105324927
74921459
21337440
16674443
258900199
95981083
214924095
18856407
76691987
78419512
87017281
88019711
77062830
76389527
76996785
78671324
52180914
90694084
17011177
275162328
245539132
54918323
18788139
112811887
120153772
23103351
31855526
26792275
185684821
17006036
119250381
12925072
38474409
152627547
38692888
55049166
74479317
89743502
100538334
77064180
14695985
52419540
47694175
49021031
501750780
359167914
303359718
60760660
433960379
292374563
96922874
19719380
369505837
264192601
55355654
384031011
172867574
115183975
494583213
104198130
22714413
29232480
48269483
78495596
188478027
23024099
78599720
14177942
116957262
124234862
28348275
37978457
394741838
14056708
88012558
96184413
77005238
73181712
378890337
7004382
400307692
180562763
25535595
18686907
228155190
54311047
15662282
133003531
65686302
76692861
42174783
78139444
13524182
334332822
106275367
50310311
17944671
385736746
1917731
813286
247890865
27076325
212657985
21221064
132496568
61536959
58609913
15667802
76723247
45934467
16089738
409356941
89560236
40037388
16302354
55133916
54679731
76376525
325830217
337808606
76688036
112476696
15111202
426993305
216849060
17899109
325256889
77329593
260724365
57790392
284084834
95493980
36232215
166646215
59547153
14185317
23474111
30805637
108376246
11866582
193964199
14529929
19362341
222481411
155062488
22730557
43996908
55121922
45629254
54299209
352508648
85471123
57462295
125441928
45671898
114547989
70044565
163813257
49388157
97245137
48038030
44485555
325118816
179732982
373992671
148900525
50482949
22243491
91884709
271783971
87510313
85896319
51228973
212825417
177719112
364423298
245969534
379448850
333692333
44873497
76027332
23080711
15428227
9624742
41814169
15207668
224320485
14412533
14764240
21707098
42149685
367912761
304545063
22831232
339822881
212509329
357606935
70771229
16012783
75034445
122425966
14780915
10228272
160010755
18510860
239179026
76126379
188019606
361974780
20606810
297067961
14468942
45413198
334895643
76059158
282695074
19741048
57917441
222129328
36003225
171633471
125451356
14606079
24729040
59585616
15442036
21406834
18137749
18622869
14993272
352548417
16789970
306578099
34643610
169183368
217286126
118165671
225287917
24619328
21790801
15554922
20002401
15220768
14962779
40760296
16456599
49615301
293131808
42389136
22642788
259576400
25333609
61220477
133894361
43963249
17112878
259412348
242892689
15988710
14588748
21220931
17912982
742143
63169388
246088673
191477653
49663229
17325090
17074440
21844854
21111896
22162854
14676022
6092972
24195214
15750214
14466538
9300262
18227519
254117355
30000912
65786135
292051093
47438401
52070270
271030180
18978610
23944104
14135426
19608273
115979444
28599820
248825547
225313528
190890578
72198806
63262233
14377605
56700964
7402662
50325797
113420831
20608910
252223704
19733025
18916432
44177383
1106501
244655353
20242673
126629610
9855382
15764644
59159771
45931428
18023868
16129920
17301707
24913074
26083271
10342142
39187465
15675138
234826866
60919240
148572786
89820928
15224867
108617810
142740168
30043495
46450983
33862004
52775004
71294756
158426909
49204865
25280120
16157855
30313925
