81325162
58164656
4729802535
700885497837584385
3350399391
722680937293705217
758961366
2709927336
3239626682
738898889055580160
3260518932
62220210
4623111507
712093570581139456
3854493018
714322122
4632767603
706539895913881600
3171504332
4746887202
4735968792
3411442161
3837444073
136793031
3301931576
3318095221
701663394168897537
3795607333
3141282638
3458310313
4636631232
348934865
3306342980
156996221
3515025553
3446920885
233104818
4771859198
3716084538
4777152150
281376243
351516603
153337874
3297538885
3682588934
83047008
3324759132
3311561618
4355450476
3532702398
2223106591
635795434
3700776073
3677886492
77964454
3115178124
1513282604
3844278914
963647228
1374768830
834448326
3577132034
478131136
380648579
428333
5402612
69172612
3699097278
3308205776
4034460432
47059794
3282218791
109021974
147791622
752924209
122609727
39453212
199274986
54491455
63701775
1263292416
