3990880092
2859878305
1622145872
3807752112
1258561518
715795004422287361
1357339722
774403118
3001136915
85301561
34610588
20602149
237374872
736918497964531712
1642807382
3893211313
752175361555828736
750814556851691520
752408421018787840
3027225651
715642229352763392
752145201070739456
751904195851259904
4236881597
4784193926
3291985735
737238099491753984
4108455196
729942064188825600
732567190113816577
753259377277169664
753267914938191872
4791312077
750061010531323908
751176439060393984
3037565968
704640773250228224
726885147996475392
4823416061
753826784404058112
753880114174259200
2150733402
735601455202217984
2858099957
754350244645724161
513740403
2736533181
743507158713565185
4857177461
4853367586
712222971692240897
737002690400681984
723500071560556547
791996929
734397232380792834
1315348664
736497054839672836
734852141534318592
736899440355758080
346015838
2601532075
713263964143091712
734232704632360960
734230241565102080
740236177983348736
738766585603756032
1967268080
2370601909
2485607749
177662447
735853517408194560
706354188100485120
732001402969526272
78594117
103538323
727409168861282305
2732881262
732172396942123009
1584170041
706360016673046528
973864124
735091046137376768
16235666
4795739400
127617973
130607534
736946948930834433
724174220838744064
722025552887091201
718616511145996288
743189407243505664
708291469065506816
744825610363613184
2214114276
2598887394
177295282
50975991
747697244103655424
745563378249146369
3094266378
2429530548
2965035817
896229620
3064061176
299340212
2836271679
23422408
589102342
3177206696
4904087355
751504134369636352
456583851
724175021082447872
752175693421772800
3399600035
2862838318
748953138590277633
179285348
3416262856
754547313599737856
2932073609
737706539784544256
706358756075036673
3219822764
3891020806
53350266
73926118
728389519213465600
743804641729724416
716759703301320706
4921254358
725455769802563584
308446947
3242374953
2301827870
3425433760
431120997
720485407729823744
743410807040544768
2534503785
862969573
60734310
585423659
706201798130929664
744145659570315264
732856638948970496
3424383129
3141928986
729803877264957440
707349421680414721
3221175862
4861122336
346189526
4829057379
747741422661550080
703847063319027712
1693325851
4625760761
2921580627
3043619985
618407289
4634109387
1167707659
2754313168
4646692637
4655845545
3073195823
4137959919
4694890196
3079859008
3158777517
3553112117
3496789872
900699882
4704745529
3740008813
4696920925
2584412706
4247339782
2271415408
3438243562
2607356837
1191605468
4726264642
4763594777
771472626
3431273181
4784914576
2802395200
4823605846
3545140046
2192653915
4833256511
4794953618
4784848400
2845361392
4458322713
441647638
4773380902
4843476549
4851450327
2806450819
4857976547
4810138516
4658625612
4845335822
694425636492963841
460608620
3309629304
4877924110
3775820421
2971644249
4242017237
4887921917
4880957061
4706378586
4870279505
4907975381
4609483937
4906328445
4245925753
4775468751
3296728846
696661102558625793
3547228277
4877608149
173516245
700783870300573696
2506471550
2897514635
4925312075
4593522567
4449634647
3040121892
4866219345
3375887675
4704469285
471315205
3096100054
702195826764947456
4885370825
2724231649
2999374811
3383487167
702920909015879681
702040423728951296
4151298617
702516806708293633
3292704283
699993085510557696
703720545754484736
1352715564
991489718
704706554537316352
4734875729
537621278
700609619022852096
4874077641
107203902
4570045696
705505378545635331
706198441387532288
2984441176
3406751031
2705312865
4708557496
705980780397338624
706072546807058432
4360562356
4318732999
706925850399285252
707608981758451712
4241165243
707866245853540353
707849910805250048
2606037566
4884073161
707169603709968384
3644226796
4819596569
3014204032
894458666
561226401
703005945232822272
701214163922620416
709050471026180098
1329228799
703655258908655617
707631501291200512
707192696461516800
709685965464477696
4891516221
710603282130051072
710847410948407296
705940577641177088
300963074
2573105192
4919721165
4349486013
708635319977910273
712051240071352321
2682459197
3157673740
711309921875316736
712821056910794753
701843483414364160
706502664121618433
618101892
4552622113
712797748966215681
715274430730092545
3500935576
713765259044065280
2716605489
4807790940
714825057688821764
2730865996
712766291661164544
3944178449
2943596884
4008267021
717897184205791234
718695847639269376
718782636391575552
2443382914
3116598715
4562722097
719216680262639620
2229546852
3233362083
4763601382
3196955303
720261967492026369
708050352915005440
719955926959185920
720621670835335168
91016986
718503440142483456
713611229500145664
4863372394
336415495
720900512539938816
715490478607568896
3295106099
716048675827482626
3321451908
721304163045531649
721629536887119872
4908351875
2737914419
4292968660
722245872382119936
722686458449043456
2611548630
715971956089163777
748867204242935808
721496209978957825
721926865699659776
3460754423
719774813401804800
720188950082621440
701847352022274050
2149387235
724302659017166849
2462988021
724383455669293060
4419827991
724522917317488640
725219926387122177
724456482159398912
725289754284187648
4881796527
724308917812113409
724862253338603520
4025133322
723382266118836224
725221856853278720
2972943052
4878672796
2525176144
4891847140
1666799060
4260036317
4016617521
2791192390
721609208840527872
995824556
724337004352163842
3233896806
4842690544
54511661
725415094461599744
732101740888248320
710804034895138816
733882236978757632
2979760427
1268094282
4397731354
3203833936
731349624729026560
703327036794925056
737994136444407808
734636049742323712
728527302322225154
734314161245687808
204314902
278253235
4285027283
4885330984
739850617330503680
3020489567
3236307250
736903642188500992
2804379585
713371453136191488
342264363
734137483173212162
736635502988779522
742338765889343488
741642777868505088
742626363513786368
4429689383
727139352602632192
744591761436205056
744734448650969092
737283878877077504
719654252784848896
725371061315985408
745684018583212033
2653522468
746708729547067393
3350137235
256407631
3154618074
744995651902148608
1262224542
2469078397
747889789379174400
3165284935
2302019172
4155150795
749454386171113472
749570931425734657
473166525
750320334935564288
750215960355823616
702033313788256257
1467844873
740877982621937664
712027229945929728
3353946424
2240887787
751809342215712769
752092534034329600
2154329410
724358996946202625
811441537
731615361628442624
4336862601
748586622036418560
731540172970598401
4902493037
4735345468
383678009
1581420967
748881447046488065
2538467263
750473746352308224
1934962916
742833357529178116
419516790
2903559497
4579049597
740060953409163264
2460787146
729285929328873472
746096354380881920
3380603254
750730227664490498
750741512506540032
3025256163
4755363106
4874920889
4033604519
2871496567
1348009326
4427541453
2198212786
397411798
725733136454324224
708314698500972544
750728615411740672
3066108180
3500218336
2541087465
733373227821473793
738289811614760960
3069723465
909832640
2975383478
748835132967120896
706201721354240000
3306282056
3125377300
111698159
4188736339
980803663
747139804727492609
730334457316659201
742962845768417282
631593489
714245111954219008
751469665667391488
718464623415074816
744485723810709504
1099219801
703504566248153091
615100922
4121934183
752035864906170368
751633449073582080
2534959210
910814216
1723366524
745714256641916928
752113664241573892
706360066291732481
710753411407413248
3523029556
3326354783
709639650571325440
3598637961
3704918423
3908715863
744601685645983744
2688187253
710675080754372608
2981053251
745094259213238272
748835193516163073
3384685461
2717842649
729300660223680513
4047650559
2945444555
2499650645
2420704698
749533002053681152
707992699173998592
749463301499686912
716555824747909120
91253687
3059129254
2150621492
2370327593
4928491708
746713105976201218
468764949
3218158588
4927391195
210712188
716878131626422273
3502124061
749724286210932736
2837293084
746042027415048192
2582192646
2969732127
744920935539548160
742397826982903808
2862441271
746846414391640064
746088593823784960
4034489235
749236170672996352
721612164255977473
2730023760
1419212208
750689511638720512
750354185170907136
1595065165
136297074
4234680263
4798079115
2690016967
4775620703
141879095
4033560377
2305827899
2886839177
4872346341
747792976563281920
4110539589
751195259397341188
702235796305272832
740790518087585792
718350653802823680
748967721254031360
596871231
729644487140642816
715840244134887424
4823974655
3010352813
2715409734
2743658601
2339841693
728295365615734784
4299871341
715777569778495489
750548939456274432
4866495634
72171233
751450539062333440
736476740
3314558763
3001196242
705155374765232128
2552867792
750604501040656384
2267615958
702140527161040896
579212334
97915557
4828212287
3930873209
456383959
750949618364579840
4782682877
3599652196
174936479
702123270565400577
3386926683
722713824135090176
737816928438366208
737748025322446849
737973833697742848
2843698415
2270975907
2452630982
737650019474542593
2368005610
703938553693212673
733745811167711233
2738594315
735362808938926081
1887335552
2336960927
4477449735
739016779469578241
3388621624
3029427021
3313770016
3546550396
3563335643
739346565685448704
739399612679761920
3247084252
2352800236
3289778469
2829077115
4699732459
4118443396
739751079051677696
3313332137
738390905745461248
739139971282526212
1033349898
4759758857
737001887942082565
519686303
3436910542
2872349764
727410249708232704
718194286542655488
3413122893
736914894163988480
3300152578
2764694344
3876429441
740876315532922882
3214490334
708686112227778564
3077743297
2785977878
4154563522
39515441
3136190044
741719498084978692
2985888490
740861135763689472
741518481607233536
741305825453592576
727981884773371904
215932141
727484476855558145
742367152188100608
713927329169453056
4125604469
721864712825212928
709003684068384769
737635054403354624
4899453426
742694716442038272
3352036433
2986123048
3378554532
727420655017287680
741868059070173184
2472801811
743168976415428608
719839348775063552
710405743657230336
4018359135
718164399685570565
1867708482
4878487174
974404777
740386268077543424
743540633231589376
975697748
3297155098
3017095144
744004401166163968
835529724
724288111660937221
737632102603198464
733372808680640512
413096684
2251274298
956360772
743657043580555264
3019586853
3204872957
744639969789108224
225769898
743800265673957376
742774639538143232
4481810297
3102372675
451044944
2798265183
2359932879
3015184965
745473904752230400
2493830891
1856934098
701186009128681473
3241121129
744646043074191363
744591166490935300
4167119301
400643843
3937769835
724249371706032128
731811906793684993
4510582762
424316754
746184471129522177
746327718606835712
746333035419795456
157749145
284369774
713072157643902977
746750234739482626
4091661820
1140102372
744904274715549696
3081771423
746674339832016897
3110998385
2212322148
747345782404067329
745630233303330818
726093358230171648
711737128
3422988478
747465034620674048
54155610
747484601472454656
736528856128032768
713254649462190080
315973450
726568458348023808
2691659975
742225272670392321
3023885806
3050213053
748274985081384960
742988936776187904
746002546079203328
4266681375
742724911907655680
741679615077408769
2955143663
4692449479
748108971374968832
747374173723459584
739866151325437952
738297740921278464
4863453351
730811794789404672
726498865076142080
4851545187
3227246142
2182880074
749833566293487616
4818149867
3390723503
708596509168771072
749154552448942080
721217692892545024
728236509497835520
749989294027202564
725618214030479360
750050544878747648
750735588555448320
3320983084
751530338388701184
2257010148
3660916215
751590436838502400
751236472368496641
2879372550
2571588066
751708825716162560
3107239961
1017356347
2388970498
734979230635855872
2482326633
2728127440
3422899558
712667088968613888
229130142
734333466041589760
735339851772526592
194720394
737330586981961728
1127516143
2827129743
735734778301845504
3291701811
4882488869
1131576522
739026355753455616
3491616916
580027972
739499480014290944
1131745994
3434829628
2951129175
744129682090622976
2903722497
745282398380785664
2869165265
750271149217607680
3344663315
1015199222
3425633110
715936825244852224
967783411
728297533148106752
728296091972714496
728781937544986626
1673072306
730760156171096064
727222340887662592
3367326016
3350986427
732674924574322694
699994544763441152
734501478082187264
2264523931
738425837821792258
2738109790
1899210337
4594181427
2229651832
4768059736
600050775
734973523639296000
4298789673
743765956393074688
2628998032
748243541747503104
4862713739
2983993311
3436263729
1500000048
4310256567
744726362599075840
4480766913
2830106044
3395356917
2963856790
2466690212
369348239
3025175481
3074162336
711128653367808000
29553002
728532513912721408
433266447
1561452229
2547737143
720285581356322816
732674262880944128
2940992889
3546225436
4923311541
4340125996
3401725312
707609599373918208
2833751663
3229891227
722767249296109568
728477490612559872
3347355851
4871363841
720255753634889729
3946109487
706553778783313921
1253074532
94852406
4730476041
4735120348
2289633754
4781543477
4816411101
4820403473
4822780085
4550037591
4625277795
4204763741
4870380755
4867286999
4831542993
3328214787
695305538884755456
4613551455
4373609309
4756783534
4905140381
4284006256
4795798935
2404979180
4909466765
2734907483
4917463522
4773271275
699689669152370688
4923909952
1659710264
3423868203
701394758334164992
4625040315
4926037407
3856487474
4223452233
3348798081
702521700177604609
4188711790
4717651821
702811641256284164
714481625208332288
2974530862
3018770915
703332895046418434
4393321840
3305400639
702598865606873088
703855679186972672
3304658564
3059143619
701691132833566724
291353973
1367239022
2848844974
4852772092
704241468274245632
1722146750
3064402054
705083331097059328
710404734671298560
4858748293
710186829555900416
3362040597
3236567970
711548028826558464
711934596183678976
1169521225
3309104452
2993452582
536575441
713163793405198336
424353472
3045669559
2196532792
709040534187319296
2732219194
523053138
3815112569
703678042254737408
707136427721691136
40030099
714114345035304960
715078386381688832
3533253497
4301661556
715180730393952256
707333411506167808
716567635677298688
716712091571380224
3044474087
19072286
13951532
1095435674
23838588
2237992616
117098264
44851747
696279032753745920
1202304872
708983915839692800
119163310
718502443357581312
719044568725983232
3003587081
718882482230333440
4833168593
3175381195
706840114874417152
702919692307066880
710245592774144005
710469447253938176
4663933521
706178484796846080
2806410323
3305780801
2987540565
2274110242
241698963
3041283292
3389753854
816268806
61761548
359558650
51576261
246844358
205247423
4175993787
2951485450
4691178667
3899621355
2942370561
3290266624
271596712
4502408601
4774310603
3224631448
1658740849
3431458583
2896429462
3002118827
1956852199
3323899799
4786665502
90890328
4846560707
4776074237
1725720055
2581189886
3150424598
3438808943
3554434217
3558720016
3558357136
2885355971
533424666
3473175372
908164777
3325440975
3310184609
3600592215
2293987540
3623900117
3368617469
1956687120
2724826522
3438087929
3645052275
3558720432
1592302958
104387205
132977126
3245433455
3659172563
3388648864
3655585349
3014009279
518900363
3666053657
3623967448
716168016
2406716267
934396520
3668219057
3639719297
2884069224
3644903429
3524450896
3302811161
2621123752
1459516338
315288862
3053785389
3742101261
3731498777
2663504452
3148064951
2730710289
858880028
3748161983
3336170057
2389539325
3795520109
1660829641
3811976715
3807662253
1155153974
3437210266
3822278476
825231356
3293965166
3233929721
3376651024
3592352483
750370212
1155850554
2505700586
3764820076
3826630534
3123012777
2519031137
2914383052
3851168115
3851547801
3875659155
3390450226
2939978249
3895759606
3899345789
2876379804
48699796
2558062497
3182915376
301113886
3915199275
2851247416
3807078196
3916961475
2387102222
2175375249
3577874242
3648417137
3655701143
3342297663
3925195215
3427743005
3399289384
3956364617
3728202149
3383150254
543409913
3957597442
1979126694
540416683
1052571024
3964733955
3846429011
1416479382
3973143567
3631881316
3984927394
1931116250
2898026489
3957283589
3988214471
3536667082
2824706782
1462539800
2736917381
3084754013
3115016883
770330287
3402676300
3903862358
4006110977
3699545361
831587748
4029777922
3382279414
3850477881
2955094073
2753549457
3259394256
1184770628
4043923095
2515389780
4056151457
3438900731
2637264535
2208229488
3953556027
3030981060
365755793
4077456987
3942536172
783149160
2614226720
2194176773
2944793043
3086768732
252285572
2580625675
3892547961
3218026743
3423366682
1187206063
4113209122
317849143
4128328879
1027296236
3360821838
4119076709
3666168622
4132120696
3781886007
3070382539
3906987255
382855383
4188156793
3782164401
1665211364
3976603210
2798943023
3075876352
4177187059
4180857856
3948356363
3090159376
3124002982
2780419437
3110176162
4180693397
4212303214
157232152
4221353091
2723058418
3233427592
4228690359
4064343433
4224789778
4144207901
4160639601
4234128687
4187575396
4220252357
3577130721
110034622
4254226108
9979162
831193112
2517911189
83386895
3861006317
4258926083
2767967001
2975077097
4030395581
2380779637
3179967461
909100652
4266815176
4277964563
3090119356
4295342002
2482166363
321934532
4216050323
4169878213
4320080896
4127301723
709034693
953943572
4327435462
528946295
2898500885
460840843
1500801925
3403130479
3355328489
4341544941
2520885383
4332346337
1593054458
387281638
4344733539
4344801075
588445981
4361623223
4309888882
4033499535
4376771236
4386522322
2598611130
4399434455
4396483217
4401837142
1720821564
3365793351
4339692556
230103040
2250634918
3706291341
1052611856
4450224916
3960846448
4386234981
3137314584
2291463678
3090539489
1284588872
4480990593
3984714435
66933151
4491399268
4494503237
3310411985
1689669984
2216263329
2591991229
4208360116
4495537601
3079416468
2910614711
4545728135
4553356223
4572110477
3239412293
4569114095
1658401208
4237355908
131260376
2801602777
4585778955
4587955943
2469561204
3512344221
2381077374
179951407
4653876740
4211550220
999157363
3385929077
4250101036
2325468207
2969483661
273958157
2194827552
4364026577
2891237428
123213659
221433168
3368740618
1346912588
1546710800
700067392
2972542211
3776433443
4358705836
4321359449
4698887598
3565905497
3020537423
3302681423
4705685007
3205649626
4712261903
2923626467
4653237077
2588703997
3087064571
2961290855
2745308813
4221908356
2204538202
4732579941
3085115470
2152960851
581128999
1732088202
4716540004
2388489394
4725114147
70868885
2959188430
2287132712
1206174860
4772935954
2754449975
4820843932
4380813742
356079450
2956476041
3710854287
2719841129
2851558336
597796808
212855143
4819935345
4150883015
4405398262
4841221461
2948941463
4819849745
4108062568
1053468559
3323342896
1041023437
2630456223
3986616028
4870134826
266990915
3273230112
4001378714
4880938906
4882258467
2932220044
3607974135
4894259518
4892358267
3320537019
4898384975
4897559998
3613149135
4157470095
2337735245
4794057502
3430467987
3849247276
3444239549
977904438
3432027676
4474195978
4837730727
2979763793
3371975219
4554751954
4514112328
3064314249
3924753933
2685896274
1061684864
1464894144
4018557095
2194470447
1553830896
4124961803
3290030207
3598111336
3236495962
2885167581
3411680686
4116924514
4150004712
4123045907
2923203321
2326653511
3023644054
2881841758
4133322815
2188982220
97276383
493160491
4157124982
801344250
16824881
4171975731
2983801415
3297891883
764349792
3860897075
3304520250
4178293457
4172696189
2960162133
2845057792
2302261291
857598942
3363975579
2246005356
3999982473
3377024860
4200893782
92134787
3652310181
4202025213
4203184222
4204309240
3971929191
2418658950
3382379799
4207914873
3899845733
319901375
4182240689
1054812870
4133694959
3229432811
3711266554
703232027
3346028998
2967732225
2179407887
4257136469
4263549017
4267723941
128168052
2855055495
3685078397
4207847578
4174647376
4288476027
4371090014
4155019815
323632326
1712724740
2569643881
4315773195
4265246367
2825110046
2685921523
2447502977
1655461176
427678342
2981040808
128568628
2868891149
3367722323
4364017702
4374061942
3080997863
2680436265
4377004335
4357674496
2731931506
4142966721
3296277589
4386863915
3293315158
4309384275
591570502
3902851401
3176423395
2321107367
842222442
4419994703
1249313516
1556671320
559915637
2270364122
3147116513
3246118648
3349571429
46151739
2380601137
973743979
2148722340
2286447186
2502072930
45096112
371715591
2829921851
2611402746
2434357632
2484459506
2769212397
75224770
2303473515
2148984967
780107899
2464663498
2862733147
2582310554
1451777568
2852230764
1655784414
2445506100
2851685498
2346806059
2458471075
2192466697
2493293736
2444313031
1303934004
2189360870
418546963
2825446353
2841800699
703620156
2841960051
2844610367
1295843827
2837022037
2476923282
2836591355
2849897074
102053765
2849734354
254524112
2315429136
2571781991
2491507076
2856741429
251312832
2226954628
2859076251
2863317003
2867590432
2896042045
2895961837
1829407008
2874777640
2847265589
386650844
2860022436
2790638213
4350662129
2863771463
41487722
2562037661
1916866591
2888662804
2787506179
2746501436
2889100257
2885409303
2879290761
2887809723
2841021374
2493311387
394571513
2892759808
2874136205
2773932801
2738050390
2857044312
2918892440
2908212376
172711863
478693188
2827997566
2726370634
2853128469
1132451629
2717792421
854297450
2920391238
1025475636
2497707376
1448849000
55834410
2853268640
2871519445
2915160879
2868820367
2927029017
2933454210
968672010
2931060279
2844186483
2779792281
2667066214
1269547424
263227519
2937515385
101444016
585511371
2256372023
2953971382
2432563013
2784158566
2498076288
2951356474
2969545018
2267976404
1328584440
450990748
2975122823
788556888
2941720737
2930119427
286333295
2985005998
2991812806
155813689
2996234301
2644386065
2999252498
2995348161
2996087213
2696954702
3021129597
3023041936
2438727384
3034427789
2437285464
2437226100
3040409656
1506706656
2856991055
2194011163
1066522308
170648717
2170579607
2948765848
2232794085
2732752755
2353590826
2423474521
457855690
447283058
2745309154
2716557554
3035950350
1949070764
2656810298
2656831784
3056669845
3071995407
3044935678
3046761210
3040943667
2272881415
79965528
3066062164
3093938056
3086220620
2608505385
2289930819
469096228
464498995
700386305
2996876248
21020311
2833879168
3117799721
2320626259
3120770806
2792943839
3099237443
2796692960
1081550730
3091033750
219992598
2515236963
3054194582
525627525
2715600304
2958278385
3145126608
2943975549
3151330933
2889062250
18755483
1013292570
21250835
2607824148
3197140641
3142375433
1579906820
1978525735
2938012234
3340671735
3340706091
3340736739
3341902240
3342832719
550369662
3332373766
4067994622
139282200
449955456
3240106563
2475346419
2268968484
605861039
3008510639
3102980489
4245271523
3176225984
2207220894
4306842076
2361252791
178344631
4330566854
2824949135
2454423146
2500663380
546137441
83865956
392647278
3221971162
4215876743
4416874943
3229865674
2826773000
1724092626
278900901
1696123423
1974396878
3221099672
116766949
26223583
469169735
25360913
4255902440
98986414
3413373915
1450930002
2954767445
322544756
3419194571
375419676
4400831834
773872880
2844579661
4327056916
3654216689
3107831181
4343215041
808877198
1700243150
2924396038
1011274190
4367343023
4368280335
3421509575
3342339255
3343619949
2849240779
3266070769
2903605685
2975059774
226725089
3121251974
2577027752
2561523391
3070741893
3307018223
3139482416
2558386947
3039380758
1405954730
2576535337
1597977037
2504601841
3096776920
3120764760
3355560502
3094498719
3137832268
3280910388
3021416877
2666774466
3108255076
3283635554
3151242737
3382032611
323234222
1967565854
3260828388
1158115872
3235907249
2829804674
3387842025
3027865913
2644710630
2862324706
2322502224
3213079007
2528063001
3001097042
3392708933
3364557515
3388340753
3264722219
2992351984
3400218585
599467884
623782156
2431133882
3236504614
775906956
1652138660
2885055596
3381902584
522690940
3081304930
3389288027
770770783
3360336303
2399305799
2960993752
3290094809
1578206520
2531994750
3036679849
2294413615
3119821608
3685638375
1254240932
246652539
4052008277
2977963636
137073001
2660591379
3359759355
170042390
3404019801
2284260132
175014842
173841026
3242188816
3190886237
2988421377
2509611498
753224797
419647441
1355484350
60039168
2985162370
4104272417
44446489
2966225297
2611862969
1143543499
2991112288
4004737042
4164539374
3851022376
4027014933
177251761
4163307676
318008156
4069303779
4165006109
2951450440
3323166225
3033486226
637221847
3433088842
718584839
4163594776
4212857152
3297150405
4195537109
3699010817
4220285825
3428307778
3026689853
3300646661
2957986450
3731838557
2695608723
27308763
2569358951
2802273003
4265353588
3630422239
2944438260
195877584
2474938506
1591246740
4212137434
126621289
1382802120
4336013657
4218417196
3400428387
4016553563
4075138469
213142464
3001131241
829534464
110416363
607566464
3336423574
2847051195
4195126396
2305287539
3057673882
2402461210
1604340500
1860746707
3345117161
4081795523
4184652555
3957464909
2727157317
1306902655
3368238767
4202828320
939380125
4168497441
4213518131
4207821095
4216902521
4218604942
4195119545
3337946397
104758050
3436567049
4243123461
335790019
4194987736
4225146315
4140970282
4260058787
4259099387
4312773917
4259703868
15734691
4277311005
4062694030
3902321116
3410228853
81724639
2417252676
2879561541
2830074039
2755911568
4332220756
4328786902
4328700016
4328846416
4328838639
4328926281
4329092596
4328944599
4329096448
4328976735
4329174274
4311148701
4329257369
4329247773
4329321743
3410925928
4329473548
4329497296
4329563602
4329466155
4329636149
392864428
4329718649
4329959416
1101503664
3050941595
4330300995
4330265513
4330605136
712538649
4331089349
4331106514
4331196556
4331045715
4331445574
4299983489
4331375729
4331334261
4331293767
4331358747
4331378609
4196805525
4331387061
4331590581
4331609775
4331814316
4331838388
3362923433
4158259661
390694276
4332061703
4332068429
2210948431
4332176374
3946753275
4332261088
4332154581
4250501565
4332317248
4332223157
4332202899
4332365608
4332390076
4332370534
4332337157
4332558628
4332494237
2387654532
2765050224
4332542009
4332535235
4332617974
4332594557
4332620717
4332622451
4332636149
4332666736
4332605553
4332618513
4321599039
2728835052
4332778529
4332790413
4332850833
4332863355
4332993263
4333178302
4333184668
4333184261
4333214835
4333410580
4193031767
4333344405
4333389683
4333354953
4173456443
4333403415
4333396767
4333587688
4333591234
701273141
1348123826
4332036622
3827133077
4333640595
4333697843
4333655421
4333717761
4333823739
4334184389
2181847059
4322608275
3621115463
760212475
449784016
4334794161
2889856211
4336192937
4336302021
4336631740
4315943428
4336703902
4336844968
4336940176
521771509
4337411548
4337471669
4337597428
4337586675
4418534233
4337935821
4338215596
4338118157
4338293549
3124739341
4338429268
887265624
4338662422
4338782615
4338961517
2965944885
983256062
4339270654
170988466
4339205303
4339296507
4339445363
4185194188
4339563442
4339453335
3675059895
9330912
9330802
2649988607
93142950
4266303561
2847914943
1046285905
4289478496
105123570
2981818060
2868701847
50713840
4308297215
3373570131
4252831996
3773909182
2722893556
1070394410
1480495093
59255436
284929283
167385518
169456405
3258234997
4292229923
4324640836
4324650387
4308276741
3358729792
31110028
3315559951
4326256937
4326352960
3019257668
4326434836
4326442517
4326865775
342599843
789605024
8159472
165699676
627673190
773069256
61433111
454165818
4158421582
441241027
2397598741
2871266195
4061060842
3730775961
236778684
1562590956
3079921491
2188830031
1252187844
4016395432
549404135
2296118491
1180894664
347225919
868048417
604075629
3433202963
3801699622
2277535243
5875022
2821913994
2988116470
2889461927
942347293
342864030
3004205797
2283915710
3027167968
4026790299
4019191414
4034423121
1491450931
2904299177
3311522267
4037734161
248534873
4114408167
17002597
4186733649
618957976
3979039576
88715482
3948846436
3406250560
3746057363
272015425
3438164741
3445552695
2715670930
3311065533
3331605502
3643913123
91867208
3490962796
3740816721
2315095856
1708198957
128822265
593986680
3911982017
90966445
1074327398
3952101683
3710372055
64693901
60032224
947367566
4267073433
1066247335
2877479111
542041825
831059155
4065899596
3854667792
1322503742
87208580
4233768340
2375769415
37625371
2941107989
3852811157
4052245156
197766812
3368452359
3996241995
4083923987
3413419943
3903807326
3769079355
2210654672
359451562
3401589239
126231591
4038595768
3564760515
2623182135
1323880429
4082538201
48301021
3907488861
2923242406
3423106342
4065643162
3656664273
3854585476
67759447
546363921
2917296262
4203024953
606306946
514245286
2734168579
2909460669
2995799705
2733449374
1415860098
1349862691
123530795
3565495877
3882985167
3338181442
2755840947
1280918994
347805538
2727912321
1573296061
3422021379
3531330255
3741418407
1257720170
3969583247
4045672996
603083126
192033273
3862977987
1072391624
3420485890
1895088301
2905029899
470052086
635360770
2882732884
2520990899
3574962437
2783952001
713513384
3786878175
3050934670
4034272463
3895246453
2751856203
2641262909
712813221
4108447462
3817613416
382319565
491395446
3071202257
4114366942
3543809303
3259648489
4117088476
851095350
3305613715
2959254936
3301804392
3178689532
325316311
4081850849
3724341193
2447117892
291949407
2278128943
4239920661
2886366520
2405228087
2279702135
2845022997
471367185
3336718061
179299014
2170581531
2963307822
3214621492
2471990407
2911813881
3156228549
2254214723
3426007433
3315283176
169640234
2872997543
3297220948
1902636902
3367130240
2765529752
2865536467
350843226
3077124470
2614327363
3011480838
2887265615
2984489793
2934692540
1648823383
632718092
825187171
2846339016
3131093012
3354917747
1945475384
3123643593
715029815
2768699627
3610085602
3226372509
3678548185
4042507096
3431586087
810891152
3973535056
3688193415
2937964113
2812888616
4003140683
1683632418
3715994597
1646594820
4224161652
2860547223
2881942204
80869185
1606835401
1070412234
3172663295
3313266575
2800378211
2761863840
483104985
3180165190
531610733
3254930181
1580609707
1538487728
2984418003
850532118
1710910620
2721188921
3349377239
1538680111
1513709197
1145169876
2953308016
2924495168
2950089809
1294769797
2428202274
3529780337
608864228
2724291579
3166311552
1380126265
203272105
2342390410
3007613636
4160125763
2964212782
3415957750
4193597158
340812158
3338325771
865641163
94513869
290678151
423804241
401739747
146444743
311829351
176699921
69621496
3289142814
47964397
3032681975
276599783
2976459783
2761343889
4109396716
103636985
3429874047
58215810
3924027629
1665101984
2371103688
1186769738
1373722896
448013094
3943304777
2532235228
2752076711
2465684440
3259963888
2560767201
4129527585
2882552765
2803976535
4151549781
2899895525
3565164376
4132755243
2394429066
2392888604
3425642206
2906335612
4129741334
4105172416
2965714377
3032742201
3300179487
3026135890
4105875629
3704547677
2968226303
2439741634
526399592
3302548475
4175021842
3417794254
1651437012
3092120493
4200652094
3872990883
2868552935
2693568955
1691720094
2575887652
3372769529
1009104277
4191678269
2809812492
187480481
3897782181
116768639
3888443174
4203384628
2749295559
3289777627
4166515630
3995355897
2843603922
363738475
3788499679
4221527680
3300976727
3885764361
2670370113
3405704055
2595827202
4224579137
4211450980
3078387749
3285167574
3840937054
3497799562
3084508123
3609544643
3618972556
3836416163
3390918335
2567135045
2663463111
3589028475
392187151
3299962435
3084810174
3247264224
2770722991
3150614065
2184935123
4235199132
2379846009
4182699826
3196210493
2276170412
3380514399
1461122563
497150975
3348881892
310490402
4188359175
2280340258
3317305470
906160447
3020546213
2939061524
3311061993
1347957889
3113342470
329384232
1677122563
3229298939
3360862587
3256310714
4264761620
1856446200
2964609166
2760399142
2373721687
2795641089
2453352668
2428158804
504901501
343086046
105056014
4211137335
1467571195
2320552354
3299174548
2356750533
3832754773
3215246771
2612192070
253019657
3523080029
247046051
4071156509
3860605217
3079144692
238044297
3199105351
352161004
354054614
73178838
266712497
333219322
2762001874
395146182
3217119516
303675911
3818151139
868218656
1228147226
3426172378
357045431
4096506813
2607046097
3502803262
3846781846
3190737741
2830031103
3293545900
253719202
353620166
2863559122
3435894605
595860584
1120206884
2936982562
4067875275
2789799168
1662249302
3091287933
3348707319
3372223870
3999064991
3380929313
2781759542
2183305978
2215409087
2526108396
161062192
2341850189
101006764
4076119397
2911932629
4042024965
702616184
3368741113
2365856883
3609857787
2433607999
3340730313
1140523586
1477222098
2726298537
2950108974
2359760016
1848993307
3150327189
2723117831
2955358251
786325471
960443857
2522995304
2978624992
4096040937
3599492537
2837984229
3133868187
393988121
2277927576
2254672908
4060555973
1291917895
3419958844
2512387191
2744690018
4089418823
724294596
3596347761
4025467307
3835438815
624134229
3308674255
4085962588
1106840306
3350611425
2196391422
242938443
3012063352
2758215521
4016271807
3601453455
3178891756
2873654920
4106615729
3575337495
2349473469
710230081
2860013968
1326607747
3235691801
4121297122
50445392
576602274
3290404733
3414892443
3011924657
2309956994
3146036663
881112499
3595273756
1150049054
945431665
3171807370
381622765
2573450444
3312938708
2922841523
3342761337
795769808
3322641700
842263532
4128591017
3348931151
433002616
4092011895
2975442277
3434371797
2462266513
30013404
3083151288
2741594758
3332530271
2323404692
2790813043
3982309455
1245423691
2806087894
387821115
3415808081
74346931
3657096388
2865103958
2499885384
3331282925
3377569151
3846416745
4142515925
2482506684
2918840500
3329117273
2378070635
4068221600
3764783842
3693084321
1126165537
4119386892
1069225327
3299709181
4147108605
3568189949
3579847637
2353531552
4149314931
3611087182
2369499317
3297444158
3067574709
1862640012
3068065677
3173958353
3335807854
2259424896
4029976215
2735251791
2163319505
3302302211
3731065096
1545834368
2885883370
3319524713
320709170
3840761188
1481908296
2829660118
2539802242
2966684651
3438048399
2784285368
3364887964
3557735675
3005957398
1152524900
241095679
2637036399
3092823184
487418617
2882623067
2988917645
4154880880
2444027648
3046941125
3377302846
2462305604
3732427576
3302806035
4144574121
179490031
3495632417
3316077469
3343943704
2957340559
978669842
2707430402
365535419
725659026
3275031356
859009969
3296552661
2871825593
2849698619
2685167775
3212972973
3219182073
3237647960
1015605894
3234693112
3318903484
3318495827
3324196263
1191103015
2559888378
3039332997
3327360209
1147234903
2492334917
3291461333
3340259302
254472238
3346462383
240553583
3349846925
3265476126
3266326591
2946549015
3356712893
966517416
3259674843
3359767989
3002138198
2489009130
3230492584
3342539925
3372473896
2599613089
3343643511
3368390374
753721651
3255889750
3280743625
130152936
3380358634
3384799905
2472358304
3303041818
2937152427
3295183374
3295467462
3392851899
238675244
2272909390
452225459
2815794937
1375903440
3340764825
2876225500
2869708492
2856307168
2249854022
72003455
3408029289
1129235090
3024452665
2998567469
3024369984
3024402258
3024346560
2997821074
3229346018
2240314520
2354473626
3402562504
3360738863
3418897864
3417337397
1417843320
2158048611
3308378487
3421913067
188247733
598685963
3026781704
3439094644
3439264701
34928678
3059075884
2695744939
715169307
3340556176
3044502827
2541669072
3538544895
3247220990
1668390884
567507041
2876387690
3664493902
2607420379
3187951513
2825946642
461237065
2832797715
2207337773
3772810582
2709431395
3148238217
3741976769
77727447
3048865959
3848004735
1312201358
3864371669
3884881487
3020536575
2317280989
3900383673
49908168
51490250
144967503
53112612
3369459527
4022750788
3537069433
3963756347
3929366621
178275459
2669610847
4069492701
2889271353
1354504560
2196557504
3078369661
2970429202
4089489297
1975003682
4126004956
3074055427
3372929153
2987282746
3020539055
2481542111
3235635040
131187671
4015771083
3979972818
1328192923
3620356392
3053832401
4021917471
4022057416
1050012025
3244966096
1642247184
87736618
4035102579
4040488173
202565720
4045888095
4030841418
4051129461
3163672754
4011826888
3902842468
602280957
3221190759
122430794
3312778355
3380837871
4090416801
1163194530
187859092
1628038896
4094094028
4092841593
3467885619
3040128308
4126574956
4130267183
271085721
1875524732
3882100702
2317630763
4119056271
1693615879
3399932429
4151180615
3045328486
703199899
3424608929
577037032
4045566111
4152125001
3934611436
3313165983
111629503
2957570092
4166757718
4167403709
727367562
485058175
2346740475
4171326681
2374290056
4100895514
15841369
3152057017
2943222820
4187381778
3379265182
3748758914
366674250
1560795594
3420261717
4151781897
3293030294
3301693572
406785808
551662064
2493024110
1413597302
374871819
2715345396
2766314719
3304535974
2659950960
3023298399
2217190664
1070894083
498142512
983377572
4158809811
2534584345
3897541595
3026922553
2356621300
2928733689
3142185802
2723255079
2940996927
2563176396
2876147170
1428517818
3721592245
1926240584
185530861
905659182
3830310753
2723034891
3854247322
2478924778
3854998936
2826915307
3870381027
3422565772
110461716
2492758579
3215205171
3928465935
3469087517
3943966403
1381971596
3704891055
3856968017
3903571238
2765913893
2381865263
543784177
3732245783
2514386299
1682242351
3862930997
3433438847
3137738169
4022988088
3136827365
3289329887
3078493406
4004602819
3918847522
3159374509
3406557131
3989783777
4054302922
4068483495
3573402014
2266614845
3948677717
3416064399
2871175034
3358638674
4084471817
4115930841
2809789041
4076655689
3405338403
4125955354
3239554631
4128735460
3010011761
3366479458
3652152443
2920311135
2337215680
4148263570
2736767089
3251872565
3076438652
3063889677
4074821116
2598823681
3293362801
2859916873
3272401465
3218645880
2980008837
154146564
2605697964
4032858613
500285921
4045292712
3159981052
3235643524
749259409
49440030
2174582689
3531532157
4022363896
3963966439
3991786516
3077658465
2809287349
2775721426
3297909867
4090626651
4098781335
2268864497
1729663154
3127179903
2960065949
3461891069
2949099622
3208866142
3996751340
2208684196
1538516762
1632332887
2714460447
4025671935
3239972493
3036064100
2875356083
3432892096
1897238862
3389278937
2605217018
4082535933
3556069763
1239735373
2516725084
3348167801
3994656982
2324337290
3251161467
1228755866
1669036051
3090153006
4016194725
3235915956
2631598079
3300321341
2970535001
3318525313
3344120746
43866331
3246545518
4128745343
4113110291
229851636
1370804502
401926318
629594449
4026376174
2738546115
2172133702
2570362254
4124354477
1499280338
3310349433
3153474907
3436017651
992093910
3194965779
1101375403
1464908378
534907887
256568411
3439029197
2888854160
22707777
3432042651
2814855673
4074337131
88444666
4074543621
2592974728
4037897296
1856935976
3940674915
1515076507
352924241
2706073404
2514438195
2558346839
211628933
1725247669
3002867621
4096905435
3306919765
3551247555
3081712860
2309603351
3936274715
2431854144
203956590
282965794
2454662558
459573404
3024750729
3022839772
2799426533
487951299
2795964257
3234287794
4065054736
2446514214
29432005
4074910155
2353216370
2909143176
249519259
1091699282
3136768419
3142754841
3947008097
2819737396
2494966572
3544814595
3883178069
1640178320
2192872719
3347049255
3238126355
2901542918
2237025544
2736011429
855588295
4084526021
1025167897
4086219813
2866430081
3907751673
3123699718
19588473
1175875207
2841757066
2357457332
4088397687
2980921833
2259546025
716208105
3650414175
3017530691
3870946036
3387423215
3225637432
3888162077
3598332383
839451416
607705487
3655450701
2929538920
3431581655
1546475251
2974731771
3917494313
546833514
626349556
320649056
57896861
2594477615
3913124536
2893114917
2247775155
170249891
4053722542
3598977135
4038305173
2971683543
58299981
3207918017
3557799255
3687180912
3909342436
3190795120
3504479716
2988727527
3377161264
618065623
2575554594
2535801761
2506154825
3803427197
3673603276
2946172523
2416011265
2600542813
3092401000
826135530
4070007503
4070149624
2647366932
175477840
398281581
2736925679
2319056466
3194394010
3020048863
1468055736
272429729
3107310267
2713625209
861368070
3275762805
3357956452
3373494508
2579749968
3448789995
2206799671
3119585949
3058489896
2486628508
3303187749
2763242708
4077611295
3431339177
3124937585
3506410522
3632138413
2683840681
852351776
2902537785
2532296992
138994212
1886570784
2827349602
4063297468
3790839556
2589786612
1252074152
3405148984
3481816696
1470133357
605424679
909952770
77762915
3863702363
3354664055
3406226945
1011952429
3078136601
3041603949
2920588354
2192675782
3125720961
857063167
3413125708
2662680474
3888542716
3339548315
2288323324
3025468856
2986959298
1884520099
3953432121
3647214315
389834165
3988044771
3371638373
2911637741
2265597568
3230578954
1880425496
2352091437
2716461043
1924796713
1732611294
2900590164
4081965268
2424595601
902818442
3360451252
2466408746
4093037764
2411317381
3317465805
2165382801
2692440549
49454331
2977910901
1863811723
3461837254
393051489
4023613767
3587481255
3404240895
2758056787
3354626843
268166587
2530794745
3740452033
869386603
1645681976
2854828342
3308147243
3492720328
518319868
47638100
3055187952
2888369949
3296192798
3034478325
2848834511
2949174933
406067361
1916446422
127045967
3788779767
123026437
3997105996
84143677
562895623
3607557857
3970925321
3398909062
2937775268
546032646
4063363247
3493773857
2578335552
4015525276
3179081817
48829629
2772120521
2908881909
2276260770
868662090
2630190178
876166615
3473879056
3887267674
2344853026
387736803
3351957083
3300114103
3059447236
3561673034
915494526
3419789619
4044554483
1694197297
296042042
3997233561
2218116433
3289509659
35436858
3961809557
2251566084
3413062514
1216569235
789769188
3191748604
4039198042
2832121030
166304673
4062368248
2602240141
2970697563
4062221721
3558929063
3427987271
3956639176
4064474039
3377482618
3060438938
2726198722
4046947307
49553934
1298282989
871559713
3478866753
4064623985
3632423715
3346323525
369886446
2831790633
1256301307
4012546515
3401898154
387159952
3893230061
4025698775
4068695774
4064994863
2944124882
4077885323
165352661
3927542240
3480951867
170021740
1734974328
3929634563
4073992764
90253627
319951253
2367902910
2612445194
1346051516
3532212437
1700401962
1963428439
3198043524
1501285686
2857414566
973357933
2234222944
134620915
192628558
3551193193
2423888245
2764573541
2935096001
3665482155
3300498982
3166079002
3331727835
3229635838
1317407838
3585855260
3401316490
3676509388
2813102259
2776813939
2580645025
1295528162
287447299
3680890277
3332638901
2981274976
2999318901
2788743529
2880439050
1137258578
880924622
3517107017
1114642273
3224890832
67965525
3700392436
3367106807
3277111826
3517676473
2151590255
3394353346
3417146349
3732597196
3091227665
3288446050
2861261914
775931948
2285005658
3509766256
3617954599
3102756104
2818756720
2155616019
3332711687
94890171
1979484936
475632366
3210379607
3788495662
507275158
350232043
2539080707
3439355434
75856589
3198962755
2290224972
2228809231
87063658
2631002495
3081470225
2646031351
3400220722
930416563
3230183891
1868614260
2907605219
2591224609
557422907
68526383
408101884
701450286
2155199659
2925483082
70936012
2513819396
3750980628
3299623295
61004121
48636022
3395171871
1711964233
2951670573
3325594762
3398461709
23288246
3859102041
3860018062
538254757
3864068596
3333671285
2921340082
3015766300
3062456488
734932159
57952781
2645503576
971915353
3881337999
717428030
2272911208
3075228305
2764923974
3893648727
3732443356
1116095419
2762646471
3902820855
3903087868
3897653973
3403214187
1525854686
3911637435
212257508
3922210935
3062690991
3077940654
3401364927
623545447
2403028071
2959621577
3956206995
3716256553
3904605914
3909092664
3240841011
3982452364
3981947075
2750570022
426195098
3003683597
3948468855
2516438348
265602674
2358452637
2291596861
294516831
2420413466
2254323461
2846770035
3992964143
71864365
3908713618
269841225
3166873390
210931324
3748034956
1376941602
3399311901
4011224296
173244449
3979655170
3297163195
3054193340
2980552852
3829505363
1425951067
4033540335
173054275
547449556
964974554
3333359807
230667679
1922741826
3279206321
203718869
161429863
3429371842
39729028
3252783360
376248211
3892667068
2926449928
3419780435
4005539117
345103006
4036716072
4018061536
2799647685
1035401486
3432187823
3537555675
3435137086
168794582
3963633143
3294376982
3795436168
2185861650
3238538852
84686014
322227862
200957500
2248266907
3130860629
3736034476
3739674376
3657797292
3427975683
3439918528
3761926697
3749186541
3421987961
3790442374
2234749613
3335560948
2989299886
3363192742
53498818
3044514926
832918730
3864433702
3609952348
3891392969
976909531
766048862
3437001527
219076254
2894125653
2887359736
2765424184
2881644130
193462622
2986663119
3318577929
3382835338
3424712398
3246336688
3535271477
2764969029
371705388
3504555027
3513069443
3378313055
171959794
587728927
3514337609
3217364422
3487095672
3187172465
3150234500
3026984962
945284450
354854260
1975663256
3586982967
3443656452
3323305678
3596578642
3319842242
999806250
3299589576
862148684
2949786118
3314480133
1930267566
3312823637
3397500544
3376201822
3241595033
3250720982
3301393394
3062151874
2467675390
2997559528
2700088373
3400511260
2777410492
2545294371
2817418360
1604545081
3023270896
2751567327
2218364004
2717956882
1250041064
512256670
2706449636
3364153282
3306182172
815325222
3403427559
3357870345
3405510208
2758190924
2983114677
2564704487
3307113379
2823552251
1219773504
2181296405
3408482189
3395753925
405472063
3311198329
3410362048
174709890
3121354113
3386767665
280747337
3364447623
3400709223
254753536
3286108819
3416788654
3306501430
2675852066
625284644
2367563279
3314921240
1418242886
3276795043
427070521
3019929807
3424458922
2266435736
3424205723
3425095301
3221681360
2418278459
3421409614
3247689972
231401594
3427318943
3428009667
2515812003
3428929755
311204767
2414672277
3404681957
79114908
3430429583
3337024882
1312099332
2958395229
3432382925
3093096078
3305906608
3435127804
112164406
3035608773
3295237872
467850072
3387928882
3422453639
3437867301
3332185033
2892413247
3094779862
3450337455
3456450862
1470543307
2992200789
582319756
3422021619
1071714823
3364081092
3463583836
3420955307
2370223589
118172543
225906630
3318583594
3189560941
3480217780
3377385723
3054523632
3379298734
3224849210
3290924041
2919981040
3244827111
2582924904
2321889631
3501817588
3504159135
2593753777
538100916
3388188976
2309227552
2602533077
3513399855
2809698596
3467583375
1015242811
1540596704
2299288131
358694539
3295551983
3227770402
3524885363
3291726084
3426633858
3052831456
3408125638
1911673386
3526883243
3314664493
615860673
3397847547
3439908734
3539772502
3545243057
3546807441
3025385811
3464630249
2970119344
2939383977
3554752894
3424662147
2928260027
2956045054
571966041
3583666875
3358543059
3450291018
3061429899
2791706957
532520861
578235128
3396206884
3423590337
2907033827
2504453647
2220181878
1877884574
1729641134
3489191069
792694314
2172272332
3435255700
2471377610
703873515
342204621
3364777203
1428965132
3208477516
2522883319
3266926754
3306835363
3205944729
3376152207
3290716831
1056250070
64021979
2463810762
3307948052
3405622167
1374661704
3290232052
3305696160
339443597
3407378884
2261987649
3346123204
3311812223
3407816351
3408054400
3295759003
3390767673
3377901035
2889014781
3408679341
2778970139
350344248
795592027
3410208694
67568676
2577082578
3410647389
3347584155
2301969992
3411046539
2286414693
3412270109
2293989117
3412269544
43877652
2864790755
3312550958
3311648562
1974271345
1114918604
3407584637
2867344103
2774617655
3418142650
759232092
771285270
3401231721
2855515804
1080854923
3420038812
3420252202
3373664793
3384806398
2371648065
2778014662
2798965901
2949924425
3314736426
3237926094
3244382336
2201986920
117164037
970853358
3248839492
2660327405
2689953226
3297626151
2926736043
3424160890
712906460
2431698189
3316275864
358294635
1390942687
3409447132
3314160403
3317563531
3301586852
2742056658
332445975
2281831930
2578416712
3318026906
3426319263
3427145441
2752052081
1064986256
3313702681
2523659590
950915766
382610505
430910957
2351204037
3430483493
2183816255
903417668
2294002336
2931046360
16087140
1485122936
3323457021
3331245467
3434684607
3434147729
779787758
1484464255
3082626229
3372421684
120054025
2983642444
3432515201
757710979
305065161
2677980445
3028776946
1652904758
3436974094
846223237
3436481031
3437621145
2926964030
3293536668
62669944
253743661
2998340495
1855936052
976013544
3321740832
2964857392
3430183558
324065639
3242409778
1921096836
3479549363
1695996936
3201921478
340480050
3427084673
403742374
3247454721
77841462
3017538647
496496951
3500164036
336750126
3362252537
1110263786
3409587496
3526605267
3551971335
3305116975
2756453092
1317410754
2404920588
3295359936
2151544241
2859463545
444587730
481806384
1239360566
2878612773
3544833377
3513445997
47207056
2743400512
612825156
45240594
3174741677
1908826190
1273032674
3328142345
3370717173
3303607035
716720331
2653580488
3350634905
3371593841
1198968553
554893476
3411726669
3401341785
2960648531
2746141647
3390439300
2968481025
2849665135
1688596081
3122721738
3450077423
171561445
3369983427
3410848611
3362795086
2863783397
255531522
3164170122
1618340448
3438779007
3428193575
254964248
30421496
3077583238
3488608037
3533776157
924024240
3158615759
3317097781
3355827437
728691156
983111822
193846414
501086436
3236251027
2287132503
1583767724
2751535186
3350668138
109589318
54032223
398974211
568598195
1931703384
702543992
3302537897
42416602
3369229931
2499053178
3378320721
23418856
77020709
1904595096
424940435
417797402
773164314
2696161908
554267414
88698555
3147261766
69730953
2851682664
3074815247
335900182
2936679442
944401729
2268962407
1674829519
3243963615
3239023354
3045135809
3345138466
2355087983
2896588960
3291800135
606118201
3314549441
3289799153
2466228225
3311504613
3334745231
1681720808
2507746075
852590262
3206168530
3288680584
2912930403
2415460347
3294250006
3334246774
2980007716
3331199578
2435799267
2912945499
2737172643
3226371657
1613839699
2330490549
3245446219
162882935
1617824431
1042956516
303119981
82994528
3315634078
3365755775
3368027205
2813675956
2902035201
3253656634
2756059065
2899251939
2398144611
2891688789
2751961425
565720055
2322211013
382004695
382101795
3151065639
3313519571
31714267
394716839
2773038302
619548187
518669819
491728792
113446709
2160507380
388408948
963830706
588200722
588421594
2446016377
2203449642
630329573
3074595544
745418281
3311873651
70708577
337098260
3027625851
730847946
464595360
523294596
1648938925
102350816
2482518242
2401485102
2871473483
2838629757
536184576
3031401710
2978051541
3241764489
3078251987
105678104
51222098
166532485
147126034
3296209084
60283640
267229653
3138629157
237674209
2572441816
2771625881
2428007002
312557059
3188589880
3012357970
1655268830
3128114968
3246004077
2368864023
3157947835
1633138213
2986076722
2482230998
2294822339
3133616655
2567951188
3194420300
2428503498
3232972024
3193097246
2731198511
2540588013
291288942
3018319229
2919692321
3059011780
3059259929
3014729031
1014036224
2783654156
2841024831
3253890544
2726666292
369645247
3247432895
2808308974
3103684480
2469278687
3255846406
2999440539
242708032
2760474970
3179130035
3264893145
2774532395
342001839
3173458252
2798974359
3293839396
3230302997
304470013
3196245680
3202204573
3298275315
2388830801
2810574459
3226731222
3089445650
3212697334
3254617829
127889372
3199649867
2570650643
861948854
1053187723
1583260806
3221227971
2739647898
3228709939
3221482012
2921708051
47877350
3224809192
3305678567
2871411404
3111595924
1472036052
785558227
2951519692
134599834
135428510
613672780
3246189406
1958301614
2919926594
3168979791
3055513191
2586478375
2782279082
2861134140
3186620684
3159215129
2950088200
559332125
3239195373
257848998
2674035233
2870725372
1380899215
359637016
578819711
2787694913
2777675332
2256193281
2797336174
2837368038
2738638785
2737081803
2802301527
2807438741
2261936945
2809921792
2580396569
1005351126
2802385630
2826875223
2231590267
65486237
404117987
2829993964
2702168519
22489617
2773303336
2668794571
343871153
2843928706
2771546775
2845345618
2834103731
2714117835
2718099729
1040570424
437757171
2189767491
2884783837
2809686748
599444104
49551991
2856815920
2856605674
1696083103
2887050728
2859632338
2747416187
2177936243
2773468504
2866258420
426096508
42286280
2865598108
2872996259
2872811823
2767827519
89988864
1029008924
2865494740
994121166
2889083194
894504618
2560564953
2515783686
2778172452
2802965177
2996618098
2897482432
220836061
2645305597
231755802
2739167669
2888863125
393261269
2854779720
2460015413
2597696381
2930090211
2821291432
2950108547
228436229
230194819
2590457976
2342546501
103971983
2969852271
2973235372
2983838160
2968146189
2948674961
2720852729
2991832023
2992982709
1237271904
2800258293
2815398714
337459710
2999554805
1215794006
2625805983
2784595262
2727431829
2979668571
1640702054
1266631933
320135266
1600630975
2858621966
2582753157
275888309
1438712610
2821088583
2785452365
2580941350
150213053
3068360248
2984259303
3075219568
2739746267
2869200467
2987563074
3095534678
3100779741
3125110936
541150742
3046914906
2451933623
2954586838
2614445386
1459678508
2951054231
989801942
2916023025
2926744060
3225978543
1275156516
2166435869
1244196757
439977056
1000016221
1702175772
2228509113
25198291
1712180310
1693189507
1373609107
814870484
2246710089
323866441
2254678095
2274548911
1251449712
2302801155
315380063
2322892904
1960328575
386770623
2254498305
1376730980
2494750519
1145455987
134139292
1901315923
2983448543
102931865
3034123264
3167508605
849433866
2634214939
1444329690
3245594860
2690258345
54847359
2925291251
2469056169
3094071033
1628399881
2559775295
3008196424
3074121167
3153828723
3073952565
3225347482
3240866979
3240930627
3129341661
39270229
2457076276
2612145932
204843582
2868804671
2892480700
2938357351
375627485
103370206
2525093625
2814559544
393644793
1057157474
3076693674
55334399
585499808
2973386773
2391582310
155700020
575290134
2532717147
2230070176
2897029251
3012115643
2793619593
2676403966
2998400530
1645105801
2709664063
1115259254
1276343688
2973008450
2994170734
3013835467
3014520834
2894749905
2871120567
186250619
3021236205
2996234150
846193272
3028638519
2902912164
3027830356
2465902201
3033217019
392538674
151513906
3018965035
3038938126
3040614551
3040525642
2348098592
2788990761
3043821899
3013730186
3044555596
3025136172
528869454
3027889966
2892105386
3009403746
1325245609
2429867552
3027973172
3031061763
2962709567
2994674126
2935462331
546857465
2353786875
3036206030
2159239949
213030486
3055398261
1008794863
2230791948
1379851789
554240734
3036384270
2912114867
2303383078
3043156910
3023495759
2762153341
2977909911
3006169749
3047744462
2989296101
3050201143
2246900326
438854904
2878798275
2908423402
3057225757
3057686155
711149027
3042029744
2936538886
966398245
304127813
2602372505
2314271460
3071288722
3022055230
2817024640
2979125136
3020554291
2342037386
3024345308
3063302834
3076000131
3072784864
2657623258
2596898113
2239521064
3079323520
1031661978
3080329907
2304767679
1615525411
1590703400
40179349
2713163794
2514082901
3026570433
3073975304
3075499400
780632965
3078357216
883221631
2641881243
3079995606
3068569645
2351297076
3080291862
3078664585
3068773172
3061789268
2981215589
3084585554
2430486501
2923298397
2733300000
3089557391
3088927629
3045804480
420572641
3087829852
2422221216
3093905615
3085516219
3095789625
1978554091
2729664626
1705469304
3095999358
2735527905
3080969368
3000285476
3103550445
2271005920
2700228892
3028977443
3107116673
3107428773
3105019236
3107626709
3043233805
3108387610
3103945878
631323271
1264643948
2735895885
3100231149
415644634
766230397
3117650279
2773402905
2612190331
3119042211
2875823534
954433525
3106823910
208758832
3122633668
3037704559
3123369617
2519864478
3126934587
2496446731
3123542547
3119922289
2733856970
2839259094
2972352407
3111689074
3134218370
3129371407
3128421391
3094785524
358542204
40532269
3131532257
409904876
3138539175
3135352559
3139180514
2869066509
703483828
403459059
2390465498
3054070541
1031524374
3043388573
2208413529
495211572
1572419090
2271248172
3148215111
3091557523
3148637797
3029464533
3014178184
3142378850
3151001978
3149441352
549294687
390138609
2859119950
59096639
3100643789
2731442001
3177570761
3173006074
1057511388
3181147661
3145444445
2894997573
3090756202
3133214440
2212336117
3200008587
3126473085
3149085395
2613869107
3186723664
1093110769
3025859531
2480088546
545390650
2901206638
2876282236
1494272761
3098886115
2426636789
1126489328
2801373032
3239267981
3072127941
3008305751
2594325421
2372558075
3197798056
2808606462
2358596211
2798777296
2486459241
2783814380
3210630566
2942654680
3254741783
2731044433
3190892060
3151859285
3157747772
3290751699
780007573
3209541411
134395296
3222479714
16632275
217805697
186775286
18821431
226141653
276509619
272922049
275576871
294775124
294584935
289270153
284561261
282166350
279973773
273569457
262374136
318529279
288822408
313854765
310741673
308958764
308478218
305716729
305456402
230697530
303795212
299787398
299781434
276189298
43319498
328619310
325260550
325994103
176364706
326048495
324946377
333308060
330987624
275235564
33216354
346168367
350564413
350845129
356054286
354896358
197940064
354007775
355004520
245705539
279727672
357428627
354934523
183132666
363269166
361431466
359525650
360757558
201315903
292755273
371373081
369018442
362016999
384479496
383984390
216990375
374466350
377259454
375479728
173929068
390957551
394074287
378109032
394749264
65630309
199769677
119371997
406462095
410157205
203412410
404845913
384257572
402398118
402984381
286801828
424417233
87098120
65007640
405493848
435767948
345324044
439143055
399285100
436650803
459598374
459550751
457665604
456973633
454172961
456641972
16810267
454479827
434799059
463663563
109488650
411704222
461959524
461125835
466368408
466263325
476889599
470562882
21030333
472458830
248133615
472340009
471737548
471349828
470994494
470306310
478314692
487679601
291817406
484699971
483713005
481129283
482271225
493030134
245464403
496837243
495393967
504867318
504868875
504843563
504210291
505913337
48146132
432774990
514626068
467371112
513477998
509101456
518382574
484015793
517930761
248194652
245446291
527754827
527623520
529559100
534388111
533672787
537392615
536713925
536201576
535896255
507986609
541835800
541802029
539296183
544632635
549554014
549192851
549044874
548762648
546835690
552547831
550822243
560685939
560464090
559910761
559441051
559099995
548779172
554505584
554223149
553893954
39733380
192680389
1399402836
2181954769
939916538
2373070054
2367483750
2371244917
1342050296
1394081768
113599059
1050020544
1832841750
1845007160
1884883549
1943503345
1952632508
634785516
409146548
2197999746
2203447628
497751779
2233016905
957734436
2244376890
411666522
2271695323
2282201118
1938210000
2281037760
2295082772
2301410606
2308275768
2296774896
1971484519
2512944370
2548426544
2576054994
2707798093
2745591131
2500713549
2757627477
598343717
151448428
2808392289
2843803468
2218242662
2865953631
1937613283
2798559281
2890885709
2309064409
2972119558
2849838514
2980149802
942953353
3018470962
2789128007
3069414497
2976902218
90224830
1693319706
1675830253
3124522594
37629629
3116285541
2425543272
1557416988
3262185771
