4382753428
100220864
135246634
2300302814
16376355
3516222976
596055192
630893681
4798770132
4856268136
4827760129
207720041
148703262
4291735034
222483743
321979917
3335384518
714710281
3181124167
33302619
2958642883
134541854
607397828
1484734753
624221546
254283518
184910040
2522856380
620537344
319282381
62023221
208346256
2998715144
58618023
119776110
38385943
604042375
90852659
46763712
84300530
59239135
528318464
3065239306
14579608
1351909735
1625508054
2638735523
102278356
228158953
16380610
459264607
65186457
31239408
457554412
19768204
42538668
176566242
376799037
2946074261
85991171
10228272
255019163
2289239521
1074570990
85603854
79245232
236426733
175528434
342000552
214543190
23205844
34507480
2594729460
159566960
382296252
79293791
44409004
1389879212
194327389
586671909
370262503
243711677
302377126
63443063
419924039
188103460
186684967
350285272
259419387
2153847566
273692315
347492967
321679178
268414482
127873874
393071679
314943793
308154606
251922978
26565946
17919972
27260086
740996630
2197954526
277180205
1190363180
1606507645
1853668633
221394758
35787166
119509520
27195114
116362700
22733444
20322929
21447363
22940219
