150236869
166853059
96723407
771282787814998016
800055231044321280
1111503164
744722716364705797
786503552956891137
206500951
147806621
323949233
2464956546
401393367
3117736222
228722020
2869593001
2238438613
733265550521073664
92908574
758375032468934656
1533095702
2539225040
890161758
3258006279
4713484212
2426456370
3346043818
4877950943
1122457788
521220562
1636786040
2952232311
796854260
741664382032044032
1630710990
279649369
551468457
323550640
1335527317
77922321
757525018657992704
1391620196
931630044
742392365336256514
1052719345
2877842600
2526955516
1566964872
4837566766
710531538526543872
445357518
2420316794
2914564820
175291767
4486227859
2269860146
2843076988
1357922737
1494007872
87102355
2923641430
2177115748
3309704587
723009660286959616
959214073
421593505
4633257017
4617225269
994109750
558552428
203681658
3230309873
864102540
1152977814
3238607000
4808729507
2433101432
594161906
922107414
4069542329
98799691
4325337319
2932839564
458237291
2180027584
1136346966
1969123970
715063956360921088
2198701026
1368382921
294991153
764160270
2299635385
1249714813
3309576446
3263111742
2958946517
2303038945
2171569688
727923942351089664
1258516447
1611623401
2693786340
1668114096
1644321426
995036946
4463307553
3089492705
1616199301
4830810657
2613459727
1468982172
4299946413
2245498968
265730401
476866912
718349350708113408
3903618990
4793379302
3155017064
4842912976
1308816750
1005352434
715153006308646912
3004504476
284665608
728518850442989568
2647232491
879521077
3189566142
1691221495
719182837287530497
2202856777
597342503
738206125
930551222
482864520
1425306361
164529653
2921617178
1515473270
955800571
1688854022
4317921928
1716301224
1424385547
4102401438
566282353
2195646697
2420513622
581995688
701276415979757568
1660189806
460778378
2262329196
2334663271
4796924318
1280032046
36056076
1204035366
622101551
1170502675
2368058748
3105611909
908220944
713239582590902273
1640066502
1567016744
949469136
475030613
717604968056762368
1884164034
2373759775
544910893
743070612
1690340036
705701937744736256
1358310996
839999353
880969717
599850800
703539674996838400
1685071086
1971093247
2319733769
2833758096
2329510742
360196468
3375947894
2265828463
980698752
589606240
4843009631
3612798674
1937324196
3465458053
709698002592477186
2483229936
1404990764
374538409
1386809365
2267841745
1860550380
4332964273
1136734238
2198572466
2545354653
1029201534
2922613898
1400743836
2742023508
4852898416
300171676
709787076
1876816189
2553458882
1277941627
712650060
1521800604
2539528610
471180228
4812527181
3121591105
2865846131
3172449505
396220679
232152147
2272371204
2569660329
2221803195
3189845756
91734640
80263435
4440459852
965423516
2877819332
2833597470
3306991237
4749481653
1257733316
1510793742
2533140052
2835278717
959348940
4010850612
2318454199
874714981
3236666258
197604743
464139666
4332803300
2249541355
1399836973
112457675
3118539551
2784557404
2211139047
3203259200
358878481
4814013374
2858915920
4841825493
4079946327
514431689
2368363284
4735815115
2412359378
4788881646
2667290006
1665679850
3154139854
871387297
2517089107
558312640
4715720536
3247136030
2646435534
3592560319
604887690
2833398164
4395958215
1033480484
4406602514
558411936
4566290534
218801513
4251296007
2408411246
53338746
45709328
231767854
3080979992
4706692702
2936720233
235400111
4308259812
4222549875
2646339827
3021982705
2896441789
424868000
4256022198
3221219438
3023746946
3160895444
1381621196
2456414106
2585034253
2970932634
3180151292
4089498345
4690065186
1715144420
1855839163
2908308132
1642727197
2385049374
3624521894
476711949
4653757154
296700589
2954804646
3294816536
3244890074
2452413271
4064584392
2562622573
1433038796
443915770
1494438576
2773408551
2210404248
2968959066
4390537709
2719827707
3056168131
444739446
2913937238
382886413
4453436899
4390294461
4142219165
4226720113
2309156060
4381264043
2963979722
702012372
2494063320
4422018192
2497896372
2909783540
3222123870
2196241442
860782284
1489104768
3097520322
203021016
3023970793
4008261494
1690839092
1518780030
2924061021
2466148064
2458717050
1381687333
3190667839
3106123890
556644749
4153125742
1079463438
315048634
859700737
3114070722
3272841072
2185969616
212099355
2878733851
598132013
515175632
2477676366
1615016696
4258421412
739609207
1720857422
2743243712
1100101062
3514319776
2285477358
3323666719
763855196
799716254
3372549585
103767905
3131490624
1626812874
2189918930
1964150370
4124499213
737683554
581428975
2932670867
3084271363
2789270468
893213209
2870113467
4146315185
768577742
3148734920
167645934
3315540055
3226524246
323577784
511027956
2612975059
2308360927
3310501268
4144276719
2521028647
3192969990
1403966784
3412756605
2207387221
2795990127
2394110077
2959214556
920220031
2309629610
2764212107
1315277316
1618488032
499810043
397906046
476786925
2585034681
497656614
2812239964
885704766
604344117
1614399648
2395218719
2315270862
1570441255
334073196
340759818
2881570234
2845976807
302446079
206100640
1700628901
513214897
1275068234
438086716
2718747045
2376207063
1697199644
2466039530
3132920490
2927533040
749979156
3370084633
2635064652
2604884319
1663571677
324218697
620786302
3301423611
3269957532
1687239013
769025048
85002062
2724588393
915861048
1105902966
2447312804
3178897368
764645672
797336274
2313456326
3277439732
483790553
1861910107
2425919340
4184503768
3891050232
3194132850
2257816867
3316674932
512895583
3140152892
2459469708
3177851521
2762405592
3192941222
2532147913
2994483631
2257245499
742741033
3923056393
2805752012
3096778747
3230598439
2388867302
3196404421
543195168
3423985992
1023686754
2528897316
541626305
2435807348
2780216964
2893601780
1389545660
4101014174
2877954678
899932176
75950762
2297793830
1250071940
3312680293
4320076127
1217797146
3104731362
2750895032
3953275932
2987808250
3920394800
3187251516
2321877949
2498324393
1854583729
3399696743
2788760592
2985396908
3770360666
2186950964
860691764
3239331380
2790553109
2817641383
1607067512
348298742
802570003
1311595026
2374756011
3048571775
2896571067
4173519089
3247627669
3237637914
1535427235
3317027196
2746596285
2409459038
1715969538
2801646829
395926233
2784049942
471299066
2732227221
1131872533
2919800502
1407576810
2375975699
363003531
1582104528
2170520887
1530983778
794789748
3118551741
4268212752
1143738470
1041867421
1573729926
3250869956
3104901272
2479687417
3928590087
4254680721
923230104
4032592084
1161429138
523799523
3400390661
999165319
183192149
128041355
1062207097
2253461786
721026888
959630172
2211563424
1655586013
3388819934
3669387918
3243052699
2952794592
296555805
1431218694
1606718358
2729218573
4260380620
2186518493
527116930
1364996186
584397507
2749946068
2184199796
900642284
96775426
2899120916
2992136957
1291655017
2518100671
3061921364
1074030451
708806557
3480453864
2715097315
324529409
292762083
633322342
1081305860
3326303335
2244751061
4348642214
586678959
2658096192
4380253932
4297507637
1184436386
3104524031
2188269942
2921858929
2969313554
4377324252
4108762160
2916475009
296716062
784415791
283811202
299458404
4007804174
2417246185
3133860332
2554082196
780607772
3241985784
307757663
924953076
2164917918
1279905271
3724464794
2346346214
461088574
2313461558
2793154383
3234868340
2888126854
3099259242
1896656418
1255216854
2821439802
2309650370
1672914456
374187580
1391226642
882270414
2736414092
883901034
1354337556
268452328
2564384953
1713250586
2409706608
3917827995
2983875361
2489369198
3311542526
974512724
2909657731
877065774
2649683738
2597933828
2157804347
3239419451
1044760104
2217717026
2915640155
167983973
1539507510
3513565222
1601537755
3266403348
702564308
1571969796
2825175601
4097313825
809440100
2455252963
2943959055
2959369433
1122523158
165160803
2290402228
2540422706
1122970770
721730180
2298993817
2429977807
2542601186
1230764610
321124029
230019311
602937313
1904259552
480827191
2430733550
2925686176
1198879232
551214227
602354989
1636302930
314326811
1502792347
774078097
331737243
1449382752
1887755852
758621191
568471208
3161056017
2448049935
371703571
66053645
2945472797
262370156
2268708510
547146296
577575653
2183901397
3281580848
2460965443
2235176846
1408998704
2166656237
3846214340
2614171969
2901873495
3059009772
3294093235
2477514266
1681341644
1961215890
508993915
1895711714
2719816067
2315090164
3084810889
2408678670
162098351
727485427
350575552
1882632816
577564501
3221757851
3131175923
2886677838
3632770634
2910537778
2843632002
336886508
3244415054
3806066434
2411136446
3402878657
1685428026
3429080362
2235399797
1611852211
1056260876
2279676925
855364430
1320140508
1103594539
792724574
465126338
232327366
2724491919
635620289
2355744986
1039965074
1073882977
2478873990
449761504
2956275924
2345381006
2352821773
393923283
1707026334
2959793179
2720878351
363040376
843629556
635560402
3286165236
2766037880
376826809
3171775428
479183273
2902942981
2544686306
2809132499
3112070071
3317841980
3279650047
3094165511
2940693326
550389314
2538122977
1332312559
322257238
3122540983
3290358664
2935997738
4048108102
2749130043
1971719910
4197227836
4190412809
3389682694
1489003603
174260016
619466766
4099572334
3421098729
2540023866
2946693763
2923307054
1034724140
4252849221
2572897888
2314011590
2984999479
2367885996
1696612591
805987476
80033606
389839176
2887613990
1469423713
3667758676
2957283284
3952860193
3727410800
2957625479
2819726191
3076916726
2686943711
749906856
3366216699
2543789232
2449636274
1596177380
1049162390
1220878843
1253580956
1688622799
2423527549
2467805400
1029280993
2894330123
2190102026
605307773
2523077510
483549728
1567753074
2547046593
2274106466
2560906746
2591148612
2592863863
2605277293
2716569026
2739145538
2754021798
2785141506
2783417354
2814718837
2821632864
2879232360
2901401996
2902723046
2910867115
2923780513
2962679300
2956935408
2985808165
2990464092
3012179744
3029700006
3032798748
3065652096
3110175078
3108334028
3128933016
3154045658
3190872740
4162496054
2993918600
3968159294
222123592
3915047172
2943601326
736066111
4237145427
743075718
3013450776
4343518814
3140397516
1399165705
284208306
391185149
352404380
777581324
868113415
930277345
947413028
968824968
950684839
980570358
1086668509
1163065369
1217608730
1241490888
1468910642
1624035312
1898532902
2286203480
2350802402
2413025098
2515378518
2583494196
2589742475
2708497234
2714517095
2762814022
2763484185
2834529592
2853696854
2990040398
3008741293
3014779068
3020909224
3071044658
3081578180
3114938736
3115457186
3157866965
3191710034
3195008492
3245063506
3295562477
3304891708
3382375263
3485647697
3654004815
3831727792
1185728136
510580564
1321996182
450661391
3196160516
2965131138
2923076826
2964725349
1389583454
2957107761
2463942522
1612974534
2231202391
3052126800
2922477480
3651017412
277739731
548667936
3753773592
713176164
1264311894
2958010565
3039473956
2930631331
323860129
321970500
4317758834
4084594588
2372317400
315769723
1609491756
2431087821
489074106
2258831052
702837265
209761065
611438418
112586133
14844715
2211651640
577312347
3291739051
872563616
484905805
1081951453
2223757731
3008308619
3687993439
2553265586
3590354296
1164900367
4158268704
4096341254
3126992389
795151128
3045201545
4107951034
4120483726
2225984652
3040772290
1889403552
1564082124
99645341
1626384805
855691862
3178285118
2151420502
2688104725
2867125859
4110617147
4252695677
3920282482
4093800317
3338508285
2974139759
4098930794
1109363486
286854487
3891919033
3101641952
3825783977
2988364296
3180593287
382337820
2355294164
930137210
1715532372
150634159
4212181143
631633398
1625254490
3177553341
444166731
1569556597
1411569704
2912817938
128157780
3010918704
2503328172
2563411855
2468612462
2729296123
2993065308
2996825334
3112432790
3155482404
3244700718
2316322941
2560068749
394956572
3925894167
470792186
60016123
339057875
4037065872
2265447462
2897310102
1407725599
3934997358
1353676826
3139718664
3141142423
3618001093
3769439899
1663214054
3018089879
949577641
863107441
138677835
748059500
1327078675
709399680
1226156102
297643718
2465372892
2526442188
2875526434
2221834888
2720128957
1305445321
3335741392
100368083
2490828504
3230496192
2840807020
863815062
2896329467
4324161019
3214509608
2893244869
1285406102
834322987
3309659474
147938593
546621681
2193219250
1318351950
2669159374
863730487
713415882
459682016
555919682
713748734
130869940
1671082939
3546434115
189395176
2727294694
3040631072
4179019851
423249816
873267464
1253168330
2260857056
1005327384
3381271959
2937151036
3243383471
4152058600
589545920
865010022
3202398789
1065877482
2986999909
1356970584
1894190952
1365992304
2222980296
636283082
382125014
1049347213
2860527911
253327300
463845926
3385432055
635060339
3119733869
2861294062
1547847331
583565917
3114421250
1962733159
2853936016
4130674878
1061334254
3160697576
4001697386
623905594
905575051
4309882154
1693450873
2905882746
4244970497
877244564
1388899490
1364483420
2822253232
92390437
2388282938
3237697598
1290411030
2989549660
2940166503
564449867
2494298059
3147192376
616974151
228740314
3100288386
2593391870
1899041526
1465052328
1271584705
787939596
719825863
2165497495
3582961995
3093684027
3198059100
2206952010
788727188
4313598672
2819212921
1052121048
2295880770
3031942293
1138018500
4210956619
3196471910
612132335
1354172508
944792923
2419317950
2996604705
3222948510
2526783176
1153850869
3193188486
3182117600
982312494
1559084460
2453300875
412195496
1593128599
287076503
1672592058
2895418078
797068016
1349315898
1691040290
876633852
3064897839
2867724715
2879042317
710982334
2386833176
1887496470
1494867926
2223639866
2736883283
2416271948
3718375696
3318433471
3004404974
3828519376
1381523894
1709800417
3037598634
4129346773
916772106
2946722216
2340483271
3402846467
718279038
1042442292
925099796
2559391869
2305956799
1360523707
1090711915
1347328464
2839172064
514351633
100892749
127040231
3366982933
547636420
428413900
195213557
3428834411
583380960
3037582158
4085339656
1616008855
3803438074
2211799316
385007859
994240418
2651659232
3124617005
68727307
413547296
771852907
637396218
1653579692
2174326483
425687980
3112234707
2510812410
3164251520
428380849
3933795081
36585967
2721398505
789718075
1555912933
3706954637
4107653352
2356141262
3200043462
2848313739
3128475080
2692756200
3015992959
1869798007
1663144147
2573559133
1487619240
3149473237
2799314889
4266633806
1618136316
3407538633
310385711
2393820123
519463678
1617598051
795612098
553599531
411693053
3331395133
709902277
2941482563
2242511409
3398164919
2316659962
1679110556
355439453
2436357885
1090858471
156936573
402699639
194495812
2738036585
552177110
989079054
620135780
3282574244
2545746918
2807288784
2916212357
469668478
80513071
597449912
3082632630
2199531700
1873315896
3183243753
2281438940
3402622864
2834362336
3263739821
594122612
2846228897
2954669570
1699977308
3191899832
2914307947
2250022173
3193767752
1194766729
4239038355
239246106
296678422
331234579
335911262
377413048
463150322
487906908
635805835
722860381
754436726
824411840
769974607
989310140
1052311982
1123813016
1139575968
1140898176
1258128109
1269670286
1286449213
1343620303
1396092794
1415775690
1619282670
1666645231
1852867471
2288336187
2310222750
2708857711
2746643633
2851535489
2893711977
3059105586
3232366722
3299829942
3470257454
3924341085
2394620358
1675160785
2787221631
352193037
1011358147
1545255559
2203298973
813999997
2921753283
4010931929
2410719972
1054366610
2583555751
279461963
1589507582
3235127444
2569018825
602867139
536425107
3345128614
1592119897
635653005
1415523120
927859513
1725473586
2265117213
609705866
3321270902
835618002
3174630682
2893038613
633699806
4311937334
2393364327
1641897451
1624224031
303729351
4131294803
485564233
2427152092
905828736
1211207414
1581509264
1083779496
2301557444
1011766652
551292871
4013944359
494689099
722528322
3381747550
1696480244
1338944281
636125465
1693657004
156373095
3397617856
817615171
2542064827
603502852
3329435110
2287518120
499719829
998991218
1861469443
1212388056
409778652
1548331634
552126384
3247986577
545002873
3137060570
2961190655
1904491987
255856270
2598777590
575967868
1634465798
2937993762
730517053
2885735846
1537804958
253497466
2840317380
1354558364
2832810449
2811864601
1276289804
2261217266
2598738247
3148721964
1424539111
399406266
3191810186
2457877422
3228974513
1642021489
242599663
2279453111
632401542
2870954926
3297572867
2862803975
1622189670
3300762798
3396151331
935983320
923620952
1471992114
1689212821
2463236197
2737836236
3007820588
356343424
2705532216
1367688967
3243251972
178640480
482373342
2749577647
1200735937
99157066
919052749
301716502
61114561
1092477114
2882984601
2869325745
1401249300
1615833372
827648058
1662187832
1615398223
66021800
3255021199
2425538161
356916223
595410526
1345354416
2556717775
410716066
566597404
1278474722
1464572245
211211308
128610050
1908688687
2758675341
1639386126
241962917
3606047653
1678197955
1683817382
520062662
966428586
2598625604
338592150
604169106
2900944068
620532780
2697473377
964664342
3871209562
2194437104
2448284964
178747798
1199488164
761880319
3141551844
3053588147
2220976295
4254885439
3234930290
945864014
854302584
2187092652
1340685174
2973880306
4111427607
3023631928
4091092311
4307098159
3763682963
2213623519
3293083614
251281060
1423159662
427550700
2401356342
2546864790
635719708
3848062032
4166508321
3106483297
3881151376
315701105
122949202
3099994875
2606878211
2187209616
3245231198
2944945859
3763027995
153539226
4137882915
4242060314
1716139520
4165874542
2869926135
4157403807
546292315
2981049644
75857669
1405544827
857294244
2536019273
2272957010
3099744314
3902115136
3433300791
2914395554
2423193030
2225667444
2802153604
2921303857
2595198883
3401863169
350364688
2842640038
477868561
3325240881
3115962338
1187957184
3114316928
527196186
3260641933
319832208
2444632477
1283131477
2210137002
2294058369
761575274
3121575853
3239443691
2614799360
3004658028
1225080684
2844211696
1674119508
2922041476
3688901967
216229526
2250004387
1077789433
843119605
2571819026
3381225554
2170818560
3937779074
4142263042
2723128270
1716956222
4066428779
2488018172
2369376380
430202186
246083184
2841097887
1495454030
1975372598
1417151329
2847485779
404496257
2260453603
3162588374
383289736
633315684
1693174506
2881890708
894206082
3166215563
2959964621
1579402532
2277529803
151203912
147137165
2635771884
591371545
551685418
1617541880
4256660839
86456736
2840350771
521382429
2597101626
2984008577
386148211
1418819623
4206522028
3196214251
2818810896
4278156194
76454918
79903788
3163245989
1933663297
733152072
364728687
2800668499
414257832
1553308788
3644556376
430280519
616921558
996722341
711621542
800047788
549366343
537261469
2229239126
2790144281
2207647876
1145452658
2206185650
1352750316
984190086
1597976474
2749172524
3128369153
3193464401
800610462
729600614
2896892976
3140103332
3144276585
38766796
3980183937
397161270
763471531
330810567
3177891416
1920346778
174289450
1592671106
89513110
1249718328
556947666
2996166689
3146210545
3128934756
1217658326
555589586
2164020490
528908076
2623085701
4153544956
90893314
1087189100
1535370078
3194803856
3160520267
2583606566
2163324139
2756241681
1095775304
491833378
3040733415
3084014103
2862946133
444990386
2252377077
1102311326
30416742
302790190
2161701842
2960274987
2635290370
2716849628
1280523588
2891340394
321498225
2755933851
1461168661
2543121356
1237877192
2941764420
2591825430
302841368
243086475
2359585281
282369405
3071765443
2182388328
3182778618
1654928191
1684068444
3022948972
1629774554
2968736338
3121533839
2436384744
2486999974
3136314660
3185368973
2766096635
1097193955
296795668
1098175772
3398077685
1232851986
1292295511
1601693815
1608647041
2149025034
3132391129
1693394780
745732418
2347185259
364190716
1708674032
3395844315
4158160393
2162234676
320610160
533042727
3140221987
616878397
2268522343
2350089110
299150034
956272626
389187234
1328994458
181427456
2448804770
3614893278
4219402392
2635590704
3103923080
3109928750
2941725584
375071010
297515820
3103340480
3084802182
2942353944
3123954535
825650078
3234152702
2609674801
153640002
593227745
423590412
411478416
229463761
2760639602
1629784309
3121199674
3155146368
1518898656
1558177926
3229034990
130696910
2526068388
1259125232
1936558226
3035227003
3220293522
3110264215
2894782260
1590816205
623528590
35176219
262596850
2489068790
374589689
95382955
287694411
3189619262
3184901108
2557577779
1409893400
619679320
2409693114
2442922488
345779507
31107444
3317179278
3009265940
1050015948
548337310
414878842
1663298180
1842463086
2179684052
1030403311
2457735367
2271111454
2152579404
2428454486
3146013567
4030229248
2877785832
3706640173
3269022973
736844875
307501387
3186715735
1677664932
555961299
747043188
3115123730
4244027713
1635777948
558680832
1369113517
2479787354
2184021768
2791931470
3105684457
1693957532
2467380024
395268335
4221205278
715517898
2842505380
1200067657
2240739433
2963916335
1927803872
53808974
1614900169
2322175453
2907159896
1122623263
3065955991
1293633085
1329772938
2841947360
3130892525
2788244052
360771468
360485831
4222829234
4033482859
1164677096
1940839069
2336903037
3318467982
1069263103
357417094
4039616387
3812581933
1429310863
2791181334
4145200463
4199830213
3592849153
969809408
565981539
2986375605
2796842769
1891210374
3186862632
831358771
541464996
541803909
544140193
548102265
556598759
596817323
602336094
622533657
623326546
717806162
731313511
750136892
765682621
767408690
791555556
819272786
852311840
964602552
992666856
1114223155
1129986697
1146832651
1171633735
1261487670
1265947910
1275822362
1280392340
1290170702
1338731852
1378911708
1411591314
1452826374
1572808242
1589982356
1669602480
1725650809
1894329732
1913485238
1924700024
1954011128
1958613966
2209990950
2232560050
2237396263
2337052614
2439709441
3143125302
3240970051
4077028752
3220510243
1354177224
1632756158
148264122
1921980480
620546782
1084743746
3247519260
2418998054
552420145
3223015088
1448682584
1687425415
2160703573
358510282
1552932590
535910414
1391520558
476646102
396461747
3249506412
2261307225
789162187
601755189
780191970
356245986
2258635782
4236222733
2604821678
706681549
1255645746
2819289912
97893558
2444589720
1943191075
3116892781
3012100068
3913166777
3671645540
4031801294
1624386708
244422106
79690293
2397082555
969648289
1630201800
1607615101
2888392740
438212850
553873483
3112724655
886686012
2506575417
2158835551
1389239898
2473237244
4244910793
86202882
2731059495
3019068578
459182912
2718740521
1633465214
2297011670
3212705469
765293040
4149164112
1534111050
3801953540
1001918310
2278145005
1361188213
562424356
2256191994
2884685747
2475168036
1894730402
342731561
1409144414
4016171713
218147085
4031583029
3369032373
2536478285
114958137
2367559046
2923945739
3409486372
2470196667
2603089586
555712473
1668293989
2243358798
808643496
1103763050
312031971
4192008017
3925588392
1114618650
1336727028
3777778452
2373828008
4098121394
3309975985
1628523498
1395008233
584851660
2651632535
2845705185
1520871859
3050941316
2896944665
3124778511
203760682
1907965290
589600838
1907913967
26591947
175695583
1394290081
410059835
1852672028
1581590774
2529844722
2600329951
1875109687
2650982934
1462344793
257507295
123145978
194908180
938533406
3306289811
392242927
484952528
2887415144
1363998078
610760394
2867487316
592684010
1244608292
2486046441
2609356842
596503350
3197348606
2735535863
4178596978
1950362881
1099690411
2809025697
2331095002
298322882
209867869
552122385
3915142654
375034735
2480061292
2531817966
2189815015
3396598049
3153605008
1695802015
3296702745
2340329717
3325857164
3298742874
1376591760
2213492727
2895029347
3230474725
2269378795
2935660249
1855412832
2171662934
2477417777
3223128408
1712425644
2391882379
1540970802
1385754812
1660220444
913451384
3324057661
2958114923
127378408
2344346419
3285607344
3007942988
2624871267
1592968951
2337759729
590589637
3117599292
2934301307
269421466
2371001245
2889800735
2430963642
480229887
538521509
186892570
1939185470
4085520549
133086832
220834042
3318238620
1900971168
966729476
1317180846
3311168144
2698937789
2615597876
1914947066
4013110815
3108735239
2987033453
1457716242
867940040
3882863237
2797823599
629906324
2220380455
1648863175
625345500
3820704192
1050978625
999966560
2273371032
612069457
549218410
419815431
1555409701
3238478327
3227052961
3135840314
3978214220
1719033085
4153188259
381330006
2777026093
3223798441
3020382059
2751820596
3796830314
1308941634
3251520571
1862028259
1578905942
245125796
399823534
475615831
2998313268
2325347683
295018616
354103720
1674190129
349564654
3801839714
2514550364
3555898153
2970586433
2259071558
2902466274
3245243771
2412061862
296432513
519294622
2343274634
1340228401
1398461754
127556635
2927915612
3249754496
3349149493
3848810893
1723524199
4031769615
160702036
1056112214
3292503959
800902128
2942122243
2217759025
578043887
3042680407
232100027
224956714
1271797766
3179342151
3118952983
513224461
3281001152
2707417239
3066497223
2905966576
3396785236
1954309170
4194599653
4084515850
2945700867
1798106942
4087429813
3108744547
2942888053
3242963815
2210133630
96617738
4173141136
944286265
24515483
2355243351
3374653281
4175371096
3558521661
4111721337
508184300
3457292776
4212333793
3034544600
3112727335
3382536857
2766175712
2212078980
284664292
316536957
895375148
710598732
297423082
2843418300
442654980
3548359095
3320162527
3936962717
1409177659
4190518094
3837628282
4107497052
3237599108
484174186
524077287
3551460373
302615752
751030951
3648024073
343139083
3312164996
484953957
3855519345
3893113699
242013829
1939927945
3931472540
2300311715
3414030916
4143789869
3075840507
3045369146
3246546189
3721693213
2376004705
2790297073
3075552211
3235818466
1551807373
3134424726
4150948239
1063053512
2282013662
2155562288
2236265180
188224504
3012218157
2311548336
1577323658
2513334938
3290725814
3039415446
2242990561
2974551829
421713799
114632561
84917101
2796485922
2331851069
766306424
3422377167
3085521893
1674534469
172453137
983493642
1273465148
717092088
3854894369
3304663814
1857834444
1505765924
3044852281
1977892249
2758492313
890660161
2492035530
3415513905
1595941171
625790781
2413591143
1202109764
95093989
1477590584
948642985
2603833429
2964039371
539979899
193116017
1873922942
610199663
3183561031
532591868
2601832182
247378971
3050099166
3095415545
3163208238
3308833865
3236816942
2163798923
1536790225
1643612660
1319774533
263101381
610900286
109065635
2855174783
1731586454
2391283543
2955813296
490180664
3284067176
2799677004
378497293
888034519
158927578
3198774019
2645978874
299674049
3250470361
2615860194
439967424
3342574371
572854936
1520429784
914150286
170173092
2853138044
248098614
3321619939
326964226
3021472743
2310599929
1595574656
1386237984
3106227469
2846022229
3036163342
455510931
3105666061
1526307470
729454777
1495221379
518443622
740569022
2794964168
3136275842
2630027763
1969757120
2840568702
590996574
1140152346
284231227
2203814549
2397810565
2367315843
2888441090
1684393982
2194450203
2625659638
2948057578
1308709093
1331865624
3196010331
489233476
1527383508
96514227
2794308863
1276273068
320615479
1704452821
3321485711
2760306092
1715979025
2305768440
827820265
2732967054
2319086116
1899181225
2880718816
2280218270
3066128898
547496289
3264130921
1388778804
2738892648
876725425
3247968979
1349208638
3181258591
3558059960
142647632
3251501568
1107846036
2895934003
2862044192
820516122
588061545
1040478518
3913352472
713978305
1637682781
1328947069
3020256169
544283466
1975392343
1676261755
99108738
1554962664
1855551565
139432500
258752037
286573895
101411364
180494375
2165587717
1575028628
744834072
2360172781
635242102
957529932
3292284486
1675380103
557781723
2968108830
85336936
115500705
2911139463
3272653910
325524246
3138782096
2209057831
2940408464
533030997
1741002206
3169290375
4089712767
3735114086
2810818136
3125141982
396534064
156625068
3268071320
4177958054
627374182
2887581907
3392278859
2432357431
1165658107
2888568765
323944058
139371577
2969718472
456876837
550056458
991766989
3115502270
2893976330
3106226149
1637177570
2969098363
2907190059
1692676273
1097685967
3381806165
2790175677
3231039586
1559306388
3198451926
3288112555
112006378
390710147
2911067200
3120229693
3099697492
1701883538
2686691227
2593035423
1200976908
2942864341
2577375987
2724268419
1950156187
624036661
2715416263
414952982
3383181916
592584019
1030218949
1479572780
3197602915
3080413241
2879628583
3292343215
423050883
2158848211
315541261
2984092350
990398516
1248669666
2432073996
2383636717
1925559270
3225848834
542999789
3195976158
470056098
1148188964
746152956
3186188930
1376186467
2647553642
486976200
2891119427
1073404572
993408985
2160209893
2962807673
2870946259
3588134474
544157975
3171740527
1317359371
3191896212
1686633068
3301954691
2541626341
3150184243
1592426162
1055671562
535050715
4040386277
4084110652
2630359210
1975031918
333549343
3493304362
602461490
3271211070
3726880933
1714261309
98985519
2641732443
4136645662
4055290949
1624056253
2833267125
4149893239
2964562793
2312662659
4170890053
4064685382
3300174053
1100684886
1714258592
992436523
1514198910
3917767168
3257430859
3677737452
3236116081
2914645257
2735107303
3837082397
4061407822
75394168
1325169913
2880955693
1694510576
335043806
2911523455
38821567
3305444186
365125600
527315986
4185045972
491791230
525265282
2244987634
1291530823
244947049
216241103
950457757
728691660
3221400264
3295785335
3112743969
710957275
1141106508
2342208960
439143664
174811123
1022134549
522336334
3238005094
3270900332
2399097247
3188549390
462811485
992629297
592399596
2559729089
2983983132
2890809619
740184014
3222685398
469810733
2890677637
3392792063
3794055795
1956832580
1386918901
561550126
3302071951
633173430
1239645768
1722859448
2254111346
785722849
66664787
2420009491
1109686645
1091848555
292059790
480328133
1453937472
2525451182
1323845160
468856535
2270662194
1679637546
937019989
2574842604
287466385
945795553
1462145000
856172576
532979294
2274284432
2281420578
2284852099
2285225544
2287664826
2287712016
2290525260
2302644116
2306117754
2311359127
2322373675
2346656348
2352896780
2354858796
2359456069
2371564123
2374635709
2377008662
2377833548
2378376630
2380049162
2381969516
2397400928
2399987545
2402506614
2406658634
2410933278
2412108554
2414031367
2418756265
2421870152
2427104455
2428809390
2437040082
2443621363
2444728861
2449841910
2459129918
2459585340
2460906614
2461038654
2462697259
2462927102
2470052734
2473320588
2473368907
2476442514
2477098364
2478357631
2479798902
2490724123
2493576650
2497578613
2506143942
2507266507
2508630204
2507560735
2510230272
2511707304
2512786160
2522333280
2532722262
2536396859
2537063959
2537155614
2538897996
2541178598
2541469860
2542890781
2549194940
2566648580
2578787324
2587043281
2605514390
2613441458
2617226472
2620070251
2652896401
2670986396
2683992199
2713593141
2733926390
2739112802
2739196874
2748592614
2755233319
2769795758
2776258808
2772499267
2791623727
2793489175
2795432593
2801604834
2811173046
2819488238
2818899716
2819671046
2831655571
2834990905
2838891836
2858316512
2863626756
2873505198
2878094850
2878873711
2882695988
2882796432
2884883732
2886279535
2886457200
2887002691
2888260092
2890790078
2892108422
2896621112
2902689109
2905944014
2907119124
2919333116
2920306663
2920762263
2922200676
2935554746
2942360341
2951763242
2991047066
3006688308
3009224845
3010218410
3013029276
3022508108
3036391272
3049685136
3050544661
3056276370
3097712048
3099398238
3102412873
3104733013
3105212540
3108328969
3111967824
3113310711
3116991756
3119371710
3139946179
3141238164
3143347232
3143449669
3148066244
3152077760
3155379811
3155676378
3160313413
3168824672
3169366403
3172502101
3176472061
3177966523
3180132116
3188883452
3190855490
3234759524
3225138842
3235979022
3239759453
3250715160
2554614164
2566083968
1250497490
529051038
1357159152
882942326
925758126
787711280
565294448
2773881405
3418203058
789720913
292492420
2929924160
3934402273
2402541912
501677962
1687856911
1662509918
2584542890
1320137658
2522319810
469794026
3108231746
2292649796
580664339
1378761703
1709652644
412219859
3154457752
1664434788
3251390773
2596281908
3005666278
1344223106
3374298207
2783851916
605274942
488368605
3827524943
737063340
2188426640
547393424
578849272
2311679120
1215603606
3824848213
111234701
3267032065
4142080993
1330680530
2312670334
2963319822
150600928
810074334
1019363983
2831521712
3091486101
2805488542
3241188990
3178875701
2444905992
465433192
2149126580
635468126
770212256
3313834109
3396316487
2574372263
4030885457
2473160547
2180696150
3101662705
3117968062
1348718586
2345267899
2254828496
3075836702
2826409431
3361562237
2740192628
1253665058
2487681355
612290343
2621054733
702767046
2446594586
2248124089
3946389618
1410151478
1168117489
358617450
472006483
2156134525
3823571472
3957707714
2372143494
3870934703
3989125828
3401983084
3296705915
824681336
1478141527
1162839254
3733781593
3858772350
1631043193
3345376205
3074450863
2963252324
2235653180
2991507917
1524856172
799714699
2590264291
940340792
3019924007
2288623572
516935931
511184600
2779917307
1598904282
2248858029
361373917
259636327
3139044734
3236166851
1631067554
4101060376
3874329197
2666091666
564727951
3027381467
1675864435
514577996
929689944
949501938
1116258164
1565279809
938665008
2310913219
1913022493
1087504969
3318247140
2971137242
2598916174
912252151
1548632498
595557681
1099068463
2180547992
1326464744
2879562733
3243408948
1271796374
2654222170
2355245207
2660702355
833174803
111243284
633305314
2174607012
1900591098
272252864
1387565982
3112278985
911849797
1473653114
777479732
3157707258
1731024374
4096999745
1282643652
2779507255
1665925184
207880514
3348938039
2930899577
2996347339
2972588517
3089096504
409333256
2919037008
607797590
2285774779
790153861
2341433989
468208535
103801646
620398851
1359546667
3543483498
559222863
1886097894
2461020241
598269464
983533806
3273993373
3192133128
3192221341
3193993146
3193995810
3194680116
1460846809
3107580216
2312949115
2864445097
3224118042
2374553076
3277259492
3277308247
3202516514
802181336
2160658392
1108908908
2302976425
2481681775
1612306219
311313958
1034075658
1425513300
2583713065
631889466
534991566
2522556956
592612705
3413677392
497619562
2815021108
2293941570
2885933654
635956982
3245870454
3246309442
603454294
2907913273
3282752521
465550806
555099908
3112502823
554966423
794260813
1533046968
1690651950
2296387029
2365818098
3280120358
1065428953
2536739941
3104466714
2511296704
911937642
396360691
1720668402
96655484
2751699555
2530041032
292606408
2191309586
2910677857
198003032
2559165079
788185812
1435535028
2516408534
965926472
3237855154
3182473075
2809316046
1386536042
287123970
306053403
623463671
2262764358
1879298250
580461034
264139182
2168005560
2918500970
2726097073
1356123295
2360614826
783866366
2881966273
774742610
1228795664
943492422
3102849164
3269338112
1036370366
3271345170
1667718156
3852198509
3023456728
2382909949
606173773
4040530702
2187262916
3768716054
1220554561
3116291905
3300439674
1571706672
1067789113
2548946678
1187170189
1477705214
1336439508
1722174878
1585670479
2345952564
619805056
1734809215
1349351154
1696782476
592155963
303007386
2394148447
2878338031
1349002488
81054898
1957892143
1896801498
579014340
570827288
720159265
3160745382
2603341669
257242640
2781674348
875541330
577229250
1896613453
510074806
2516968711
2395300507
730657633
3033793430
3246650930
754814748
3223284314
549667637
2415861109
439391067
2359351104
288236063
3164680933
2725644057
1420633537
3092615270
3401227092
2311270459
2903556680
3275150665
1419221785
2492378821
30264744
1269616807
3020271194
3229337860
3280594484
2782324616
3289625492
3843138380
3350901712
2301296498
2383460775
295078218
2243506671
1635469920
1739101776
2532805879
2272187874
2993944579
923111750
637290056
312276772
543535098
2912028979
2198645672
2531505512
574078191
955097827
2996662801
3117410920
1896697838
1253889576
290968434
476552714
293793948
572015970
1581952316
3109472023
2464827139
2408516875
527241463
1450349940
136190190
893815873
941076397
767248303
2531914693
2730848537
3067286509
3138548330
1953952278
2804443784
940985948
304439219
994816074
2695671882
898742622
501446446
742701468
165317525
751616718
1602351668
518465031
498113416
202318866
1393538730
327089799
1014435121
1380665401
3097889240
2527117676
1684589911
610146103
2402289932
632320622
2202403658
2199157808
3316061208
2257772263
3279493194
1360700336
2515991882
145349084
547235801
155384121
2792354325
3147269232
1440312666
1662590263
93180226
2224462243
2899737812
1030449246
3146526233
3096645818
62524626
1681929578
2474865048
2776046406
475411159
264025194
817388863
3232707493
287123794
2486933834
2309288858
3016083782
1574646284
604219355
2769831522
2297167591
2877911017
3119001086
1253615504
3237948919
3105822524
2752026720
3013333357
3142013318
1491787183
2659405412
482655097
1057261796
2622379471
406147486
556569274
1384349414
370612466
2821710380
3122529835
917471286
551804577
706297567
492194850
2215500956
2520501534
2272733485
3103111614
73807734
514342195
3193391460
2547573282
3134822652
2556588360
1267247648
2621118309
1238098362
2320526960
422309251
492984846
751135022
3026754561
3418292417
1240453338
1626241808
616828952
811008506
3798216267
2211597218
2823209178
228162358
597176763
2913035478
73380970
1513750490
1135100671
1617426686
3277728326
2459246948
103228421
954297553
1043611950
2202457381
497020670
2880459374
548284367
2718245494
338349114
3183744363
2925293391
103121841
805688510
1026713282
1577056484
3255610699
2880440360
1044144511
127215911
823412922
1643762378
3105913891
2279436613
2551952868
2382017339
2398701715
120962502
428094562
1874315299
1031673296
415359950
2540078388
1312469047
772898424
2286091494
857274516
2154879523
1574681815
303572947
128733760
3126221264
708826496
3231204366
1474018153
3107365933
2370273139
589016864
437523246
3396785114
45580061
86154573
3278239790
2661683926
1446949903
2696706612
637420041
204889783
553516776
3416931460
2397173175
3383504901
32886224
702276581
2248601385
1944105578
3309774489
1667760102
558453542
596774564
3320994313
1883896698
304027097
1875176366
2857782384
2511774205
500610599
2634228665
3161701824
955511846
1662828270
1534010084
1321536296
286652416
948731370
1071913832
552484685
615105867
1196330406
231589625
2753350084
1966733797
2793493646
1612504604
3192924307
2445041203
149792085
4089234923
575920195
294009096
3238123658
2910934128
349023772
4083372245
2331809965
2418782107
582314164
942224671
2488374078
1045550640
3338898604
3102454728
3233127631
1963607378
368267971
418751264
3024353621
1037037541
2777804495
2555491807
2259450781
2629566671
2697554539
3053653270
1612806091
1186690286
230830317
3157186500
1659268075
1402842252
389100043
2271202490
1002512100
461424625
2866374604
3371127911
3259969758
1280611238
556819525
129668558
2440749180
142784399
2556687395
324557595
2721315225
1483830229
1043317243
3290040065
4030744379
2704201637
3308347938
3011062521
451607685
1328114886
2511431576
167777552
3121690989
2730981870
2585127873
2744206756
577293183
284457764
3115693483
233671285
764843587
2277221575
563341840
3118590095
2474958896
2177905514
2567099066
1336872852
3167749010
1346416586
2661352975
3274252092
2840999970
2830794715
1542301795
340671834
283902804
2481574914
2347147129
133235284
1678639374
3281041111
476815873
3177466183
3166107949
3223527662
1420087447
440630449
2872065648
296250973
1081799431
3228956522
3278370450
3302962050
3322335979
3188894869
2817194696
327324913
1084461572
2820974582
3159566408
498110466
1346213066
1667530374
239297649
171688099
3844859896
3196286880
1957798219
3268997371
2596843363
1343099648
1004823816
3996006733
4073029092
258292835
570764286
637196021
3107572140
592694503
3320080988
2410113025
3265791655
731426569
716146832
2376884229
3279730170
2329179422
2509230475
2995029272
3722519656
2202985876
3213799222
187742960
2216539409
3832739356
3104762779
2700551749
3978576677
1697133140
749190212
3357946695
2939211231
521586886
3002840163
1581094496
301252444
2963556639
3364410545
151397280
3344337125
2483905903
523779374
3275341615
270482789
1581702192
3801394637
363002061
2867570145
3917391563
3297858651
2955843728
1851877784
19817820
2771266094
942062916
2829384810
2873980965
3079800161
2957985518
3304022055
1458203053
471243860
513515090
2499993442
3117983748
1689921012
2959738466
2267609839
2745002732
3372515459
703875758
1735007064
1629655158
745077956
2933046648
2884736957
603090125
2859537881
549098575
1315582148
74441372
752380561
3280131613
2212149790
2859749550
1674616088
1664093874
1497584419
2795381591
1035773382
2757138047
562251505
2159943012
2787879820
622525854
1923798818
2244041472
891734528
3147941204
3296307309
613672497
217846953
2878535044
2489422437
1594006380
1974585726
3709558757
475143353
1185807146
2375806903
301618595
1587642074
477150309
1024278966
2789201362
116521468
268813512
293960294
939481236
225483296
1124014466
2694248735
2700781577
2834031107
634688201
2923903427
1972703431
933583976
2820947616
2824869503
709685141
2236050788
2540341396
2926326111
391387538
2239935415
376373627
797825881
3068361066
2875711719
598900767
216494908
3874984394
332290346
601598014
2453509410
1445342828
69549218
2405063684
3185311982
2552755339
1376842890
710864149
3224052344
994630706
3062507436
1920314160
549418873
2156916729
55517080
2896361373
2841547838
3011421857
292621077
962186467
984720608
1972708159
3411272506
2206161174
2739487488
2276223636
2154495222
2499050425
2503627789
3310250442
443802049
2884996041
3281444570
3271441886
1687351189
605969348
553491234
2472389580
2703693632
2496129848
1955687851
1028282119
625443721
490296707
3010170758
3016934968
1396271900
288229700
3087662061
950432401
1977530220
2943422743
3419852294
3893845457
2721891039
2417544354
3288462992
126218333
3908501064
971542152
1618496964
2887356416
2418204420
2298175842
629824240
2185481728
2858218728
1135877646
2905180117
4087195875
602272903
2222622170
1632181034
388438160
3190452667
2477893376
2217029942
152459251
453096117
2753566373
1927684688
2684480515
3065855608
132677959
1163718781
1155146388
1902237086
720556071
711468804
1404673316
3379830215
560411184
975000510
3065974106
3622923682
2913362619
2901397486
480315402
2241751735
2323158768
2583348708
1061943306
753748333
3667047683
3670178596
2282663580
712774827
821852335
2838783825
3399514901
3696897076
3343832773
3115897709
296803605
279623020
199472729
2264959962
3486533657
2698407066
3335367460
3033449635
3930304512
3414251653
2853415494
2720409898
3198330362
3198234968
360731808
2260876284
2749249691
388361100
1702277600
30256707
3100565163
341634037
532047530
275543616
2821620020
1565266560
1294965571
549187920
448664226
1403731117
2803527048
1657393412
2676311222
428886659
2348465713
3003174378
3020600033
3215518978
28673549
2716902365
3474104594
3099516929
323636818
2898286988
2369855184
1910855617
2264429229
1125091219
939572852
2985822254
1618504345
3111975125
2318873876
730027710
2838115826
170193236
2414206400
97920630
541750773
1694111846
2524582226
840127951
2428441669
920877564
2157351640
2883492076
3139203102
176507431
615511676
635011388
3227394869
1319887632
2528915550
796277892
3215695300
762795044
1890377220
2238358774
584239214
2739135409
3338579114
520921332
2700680921
1553098794
2277397715
1458770504
2915204342
617368797
176694177
1685516802
501174118
344466427
567201711
1510494607
926566087
1107145142
635913601
3401280676
482037864
781702327
995595187
2319662955
460030663
326807889
1578845408
236316958
1308668881
148291794
861130141
3205184533
349537274
581626067
558486078
3030028498
101193905
320436872
1591618208
3141544526
2616680473
3117486378
2211057090
1899058718
468048321
1959676670
2555566788
2482709270
1192541906
132774626
2956735375
1120631822
2623541560
2989915619
2569377674
354449946
2575951738
536471373
2872649679
1598983100
1132950462
3080448820
1650784902
2996417017
2803048793
3028824259
304510126
306378203
175103518
2415892228
527969132
2481945184
1707889790
1381679048
3234221032
3060560125
2423785962
3974866693
254554037
113496018
1728650522
3187202427
590317196
3074620455
2906302525
3125093915
1246321440
3317654307
1327086752
145621772
304172559
727721366
4031484321
3391786576
296714031
284649323
3582395777
197271949
3381951853
185585454
2853182012
2471790394
1632253640
2252386739
2366263853
3289569272
3357145645
3163448291
1960480531
151728266
3018036336
577171980
2923391618
482732819
2319924326
3163875632
2198870342
309567403
2832591757
737886559
2361880644
3022758857
1014425382
2792891226
3438364923
2838327766
2570965945
1711166528
2265757140
2404975298
3355448735
3396878915
748678315
564580517
402401015
111501085
3139641860
296595564
1305895201
1521427045
709221331
1903549572
1647888734
176566242
1589990814
16933337
484127692
299698474
3354144040
42202183
2534918562
387885711
3180504954
543445173
79038770
3102950332
2284729876
2308083117
3237890190
2516709384
2284039989
609058371
3129385301
560925171
189264135
584290595
1248723708
2880234678
472728561
568089582
2787058139
2848306072
2202073190
2906391017
3165055395
2318453659
2202408966
1177000123
33261404
150999292
224071464
601175685
2841298188
1308554239
458244102
2757489860
1903702970
2428670893
2586255218
3232301403
3022356291
1722534122
2478198132
598234192
430604535
3740205352
2872727894
2234315040
2979323562
2218311080
2388708870
1669926368
2806634149
3192682068
1281005899
2754438153
2666754187
420962898
2884565378
882221414
2880179425
2611964946
1579138502
1618254163
575526769
499703544
2402997349
133198672
3143407039
1130832722
2975323884
468499164
614012173
350259659
581951955
1622193482
3245931475
3886440983
1640019781
2853404310
289644871
416842759
2924984478
2911883163
929861430
1387431474
1605338299
1094480778
2237157554
1209404966
2904295744
1556113933
581715314
3112425242
1407815166
161524242
453691110
708759020
371212170
821258430
3012005124
3278253228
446173050
3597750734
2943625763
481601262
591770473
4019332217
611771671
2875840302
2509696869
338438881
776958949
708041294
953888118
3043036335
2284597386
1342605283
2728287214
601742818
488380084
84279963
1166520162
1616335801
461467658
2347932656
2809707573
386125006
3561408380
1260412832
1949504336
2511368929
109921126
1350526764
2258136411
2483220787
2912781384
3281938158
2887562848
604640116
2871498843
3421055884
1871663791
1608654553
3187955796
3317852265
284882017
1550059381
2839674173
2434876796
2867725234
1544724236
2900543641
3088405732
3239535380
2320864886
584503969
594577793
2920253682
1105184551
979622618
3787917193
546412966
611653221
427748930
2877210257
614871198
2293376034
2906653885
2912859321
2519795999
4003120169
1055049295
2718637935
2900954744
3109311007
567123813
320683885
552660299
3226000160
2526829823
4061301681
860015227
3250549688
3380803512
2309759712
562799909
524957772
584773087
601962060
736738110
1446369012
3146975640
232180524
3043385191
3253744349
2459518316
2318469115
2187245016
1465106268
708893702
105119490
2753915802
1645094712
1324118443
990781735
2491424018
2829985153
133134477
2556999981
3232525388
1414827318
332716468
986810448
2308096434
1219948274
2617263332
949487442
2221099046
1084759032
447164641
2192884167
1353736800
540584599
2995339273
1947971814
1434667333
261859505
1709666089
3055720730
2809434233
624292292
549806782
3430179281
880943462
2422177902
3228503082
3919962312
1647734006
1705422776
3650210597
3372663867
3136309682
1383755749
3398172101
531773540
3368148729
3260032455
3516132686
1028706985
1052749182
2726349521
2439173970
3973046537
3742867520
3921165027
2950540258
2386995317
1260162548
3207561827
3034246184
2451832832
2907859281
222670691
480945273
902592038
1557081138
2412431536
3021478691
225973855
833647976
352090056
385405404
1528442072
160714475
2386496281
3378511234
1252558052
2918547663
2538089023
3120643288
1351109444
753993212
2909835219
891291492
579196239
610278385
3198922331
604142194
1226954460
3291549227
3120399392
1864198094
3506265502
2983028004
3148966637
4007695214
757145125
3989567884
3921206603
3297503265
3434479445
3383545983
3252913084
3960995956
3606274512
2593519266
4032373394
3930862812
3239528123
2195624090
3141760688
1459581624
1534348562
3423422517
3548117236
4053569806
2247274987
323877780
3096764265
4054237815
2255630234
591622060
2996312350
3394641203
1868925512
4054760561
411609942
2654418303
2562049455
2258654111
446278922
604139873
552907561
365709922
4016797213
4018027703
729339259
1408970204
4035039677
3505185621
1482697946
4018440684
3190634150
2957137424
2191490252
2276008009
2980744061
3307639069
3304792445
811399897
3930566662
3430544297
544135292
2718747115
3190944104
526722072
527642360
542867887
2562134687
2373498591
126564423
521942390
1733539070
468802863
3330536026
580067689
86424816
3918038114
2551943814
4050332361
1149104545
963531096
2808368353
3484932022
3195703010
2931629704
2577709045
3156978707
1118245693
1322607176
2314469838
3314412011
2460676688
3267447308
2983698107
2247828303
2258089981
1202101609
3955628178
1584981991
3806291715
3111154230
3017982239
1730050573
2845773774
3435247059
4053844036
3434984446
547929672
3427797466
1030831285
629706472
3008309733
2326956726
3311769027
3104176713
2757450106
1617815736
204278600
3341893159
2244772423
95440193
2597161092
1043371141
407098503
2311248381
433649560
3105497604
184086201
436138106
2209513045
2999749699
1918458637
2343989052
2750515541
2279174384
2999597115
1581820896
2850291407
2258175419
895208996
450826148
2674853165
363640677
158314798
2833213458
2623852786
2995623403
787728006
1009284571
2771755435
499673523
2178170240
235541568
2672588055
2806911005
2829681249
2767535525
2696180443
2999080242
2804827370
2856395773
164931843
2816513592
1903033555
3323730772
323011941
258383007
1039900854
499647433
387742134
185357982
189499985
583784183
2159521167
562266134
2839910227
1161836096
2529185012
1031646362
396023171
1711039909
2794933420
1409992286
2414693598
2768882967
482687876
2917688598
2604523264
382194540
1901795912
2262396318
2996993100
928029290
2416271167
450854567
2165430026
2691877707
284507085
416148876
290909154
425116010
1081324430
414573312
376583112
99722237
3839278273
179756181
1114869991
605093834
3312253734
3005298434
1694625991
1073330503
1610212418
2157046599
2701964874
825507889
1280452146
775475514
447243258
2477860082
3196994522
3186833208
537352103
2554714356
2232135210
266153868
326376207
2575185779
1038319218
326717016
556312149
1406539518
1615472791
181631962
1669781240
481947100
2603640338
2151505206
2873578259
2919851067
3181064258
517316037
397400299
607858464
612924569
3264557770
591661900
3198722935
1163993420
1493277379
483695616
1576077139
2568737258
2904967104
2965958343
621720090
1032583464
586129497
44700124
2831732888
1217272591
956538625
1968166200
723089942
281439713
2264462352
902757211
627893034
1722994074
2563468025
869366660
1966606086
1430516215
591743479
599751648
1640826032
981144420
184584255
747378432
2460452136
151558809
745143055
2597517788
1877880043
2668429728
728548626
3151143392
2957499148
2990903196
625178544
1116053544
3011828869
471596128
534077258
2375771978
869479322
794237436
51464167
3015294849
1173662634
1516644649
2893684610
470085798
2429570119
558405226
298447990
3034501530
2894999773
2261808925
1493905896
2824110636
197909819
359770675
136931604
1664352133
483465121
2782068452
1598589668
3011782856
1628148404
367136122
3229144911
295705148
2227234153
2388669966
2953345962
3097359264
2156921544
2235354218
1644587030
1181972377
1537571418
1111306530
635168996
1147538318
2522133320
3139870508
3123934244
142612742
496444740
348354769
551805815
477919735
1360960026
341953976
2601258566
1160943187
955282508
724258080
581994177
1593027846
2849839338
2160638335
2564401191
377769814
2323325011
284786867
1851740701
3153609540
2291900938
3243264274
2790673257
2730340174
256054106
764935987
112289040
604512856
2563289041
1732776422
735086305
2362102687
3312773608
2592208578
411112055
532204034
455264253
1282422596
23578046
2868852614
299721584
725886408
66392105
1963914216
559856350
721791308
152842656
2912710824
1538766650
1375507088
2861751982
174416608
990434610
3289329748
2783017963
3018259502
2844302509
573078668
254732368
601862797
2773868449
2880347718
72996154
558284323
603377382
3196526912
241462917
3047780634
48502930
625811981
1187086080
808624783
2540849958
2423870774
595801802
574231860
1693220072
3143207142
3373931021
3278469164
3233402826
496880482
345307563
2420836148
1486929326
611206552
526657984
175982367
2830978043
1923427368
1419259537
1616960748
293448859
524352015
1439776549
170090280
967467697
2373695989
2918641941
375044890
3387245195
2309780815
3347275398
181561712
283317171
98310564
154814910
86492181
464353133
2354128850
830946276
235854295
122294468
2843134291
209708391
264107729
439125710
403246803
403255314
403245020
284291853
614131037
62764427
1649958450
62216533
23563916
36008570
100220864
457554412
85452649
259195959
155891389
255384702
87702194
186712788
46602211
501583715
64038747
62786191
134657984
428333
22096068
39453212
62724059
32751684
34252332
171574926
15846407
69209858
202890266
44728980
183078358
15872418
330826792
99050904
