754930749720055808
63247343
155659213
143882311
32485730
568143078
4266063759
136004952
66336739
19017675
737138840004005888
17266725
2305206506
309889648
4555269266
562784876
3085579588
2517360192
34949757
17292498
188902928
1166934248
298168543
280411147
1583261034
1903382054
102206444
26850858
2862807113
4348237453
27570729
4707013036
2537540933
385473825
2541397107
296322792
3891179794
227626917
1490927714
3980687776
1543669128
46343990
214153705
183387449
51813392
346380319
533475949
284441324
1433410734
131102007
834988327
2581087213
2729308806
256645639
2657289133
3247497561
749952350
1372975219
855305725
187579374
141944292
1409952565
2385749072
2804993833
253028281
90884369
25213378
1322319715
429222254
559675462
2727237768
125148375
1264788474
532497627
927662736
96951800
3241715212
49432303
29761798
385056910
476199422
376283958
156132825
315778356
525060895
2416220143
631213621
247653244
2302139671
30047168
250831586
1438162062
127245578
544679772
2223592103
2196840571
325451111
1251417968
1708651578
1305995330
2939363129
1681324362
525208028
214413743
23060739
461922813
223165982
125099468
843112550
1546836727
255752036
37515477
22113929
269486713
487736815
2226467971
2785194610
257799442
43042353
73593143
91454381
92613196
620800994
543533194
366592246
473780212
2960062013
423284156
864251336
489229249
572225652
383124537
760546868
283894108
2851960793
559513891
2333308686
146950195
2449388754
225972119
602576462
42274437
41624381
2595144029
2176781462
3020302804
44874400
1335877429
1451083940
611986351
3025450914
2369189581
915908654
410811457
2548714770
3028204528
2601590160
1156820016
2353113420
1408509804
17336372
1707855049
384951307
580967619
1372726615
213745334
435800771
365511006
948847088
14321767
76336580
2321418476
326814657
2892243401
2674054092
238255391
44606764
95023423
1308829592
586671909
370140896
310250796
395261800
185827887
538031518
471436748
2517731852
38703158
898640923
1073466799
2541999628
213969309
2268399099
1432977446
96513226
569858803
944574764
212973087
17387495
16839347
26759984
991417442
2585396407
122729202
2555862950
15332636
19230601
39360648
108568373
2330299633
154490405
713993413
1457171660
34625042
533085085
7589572
84625307
1030726256
51427676
435225922
105297123
3141101
18060630
262602714
239723203
185344587
107244305
16824146
484815388
558706051
136668622
38592915
19562228
278175819
118739566
54387680
382560919
240697291
471287735
40837929
124189302
216264820
287834630
343627165
69008563
92727851
243662948
527526077
23440052
507672047
116757352
131227609
19583545
268400722
