601596423
40638800
343547084
71236490
745022774
1211516430
1006162320
235086370
3580795218
3440604432
488358729
4044835152
3319564003
217978641
2986643580
2300931408
3723675620
4330308978
4003568832
3732239778
3019749528
3160409948
2466702978
1964255264
3321174625
890891
2894545724
3185712026
64375989
47597040
367487050
1725263520
3095786946
3025312242
1297408232
3944176454
3659821094
15371662
42557227
727249232
1526439727
412713702
26466927
488246652
2850461168
3253661827
316878955
3648774686
3618705972
3627701497
4124285892
3879549132
4013652380
4200346993
4168286952
3836492418
3898145953
4058015714
3935067680
3867512125
4080403934
4013930592
3890066654
3676634894
3627992773
316168519
4253462892
3910256360
125801750
3687018674
491291762
2473875462
3466330393
3324024114
3134551419
4069763240
2313533714
3854493018
3633461667
3580661712
4135873286
3833016553
2962749746
3268478048
3226914684
2945566533
2936685267
2949093383
3709912213
2296744021
360594706
4224298458
144444104
1256698304
335207081
395675360
3425144713
849817422
1429767164
2222657485
2222621527
1493044410
140634278
34297314
2222230140
1306199972
1466757889
1338934567
1062493903
144877587
419314261
3591059478
765709334
2321055421
433858791
1181180035
3987210011
3180346112
2474740201
3242228155
3987094619
2312825520
3245923828
3814413919
4003361009
3590582652
3683158213
3918237794
3197029688
2995561064
3578587045
2721640038
3583728552
3182407711
3949253533
2988070416
302984084
3274059709
142227266
2850292796
3236059567
3604323674
3827051713
3728680333
4037763673
2877746598
3450038354
2984270410
4049111410
3345235045
3960520092
1026148580
245764214
414569155
822995552
141530668
356194423
451934292
151386970
333213343
268041528
117242739
90360536
165957526
28766853
45076518
507151718
227728944
302751139
3048425629
206405864
301318718
1641937212
64668825
3701142793
113579908
3231834613
2816245309
3001108686
1189783890
1350963476
1481764032
750909956
1374357668
362787961
3228230659
306087956
2758878942
1459331293
2665890624
1970383980
3511931413
107738933
504930127
1141329229
2191587416
592397412
3244642260
3612825852
50265158
1574968153
3232355852
3664928600
1555669380
3300423942
85896351
300188518
3277371366
3223263546
2755447058
1632687440
2983853406
395672999
3275672868
3231385974
422541453
2615594774
171399418
3196969434
9268382
36799948
3535652179
3305996989
3035319242
4087048820
121419183
1286250198
3870563001
81492904
195261592
314512920
745831531
3668862792
3643357042
2697609974
87370283
559678242
87426339
353018464
270247086
48977490
288275737
86719962
943037539
437431172
1477236192
361010190
3914496312
2204475495
315178503
3826524145
455606631
1957034563
570702421
393536850
853857840
382267114
258229373
197401830
188740840
297169759
392765652
49927300
568908148
2661891198
2510487248
3234939174
3131519021
3168686281
1657780098
2546978245
2526660728
2608255158
2572873639
2988143242
2556984527
3168738536
3185068104
2377265923
3112013276
3111976493
2311749620
3646829060
2793822764
1263961812
3671457554
3072262680
3280260470
89411294
1960372723
3177807348
3741714792
1422967658
2160222685
2431109815
60854625
20685688
3224101213
3245912197
3492950892
2882808504
3303255218
3245883626
403926910
2772905802
3068183936
153667518
19564719
3637024333
19263978
19409270
3635181254
120700595
16212685
3679179744
11026952
20346956
990945252
402231461
96106726
346946896
385802148
384287774
784215026
233474016
336955232
3273688916
3646743313
3682873399
44164398
3945860414
3258486517
3667442532
3271162213
3469966334
3720744313
2989221102
3537387378
3392731334
3357080189
5497152
2880502561
3401138952
3317274170
1464582337
2417746870
846808268
3626337072
2801890531
1163848740
78650423
75526581
180990505
297357738
72362869
2800115959
279464095
81265771
3094189567
108562706
591040305
1378940972
3379616352
3292665016
349103163
78084802
3659780296
1659581994
501769635
3315650851
730147807
1291895641
576886704
48347775
363796471
1956648968
417901041
1572721500
710049086
2368126098
2188226005
2398964154
2498011278
710711316
2409976730
2973088523
2511500408
2910885961
1693456430
2402501028
3304010804
39944048
393954646
424876752
295980288
2322117894
2920032174
2512499407
1973392680
1253308748
3322408633
3568748233
3679173314
3751989243
3599866518
3531080659
2390545717
488465333
63387871
239864766
365971788
27660312
221385227
352357840
70124130
130074968
269319717
176334478
240693368
2868553741
2264564761
3753540074
3613920494
2874830833
316473532
3094015501
2537656116
184391763
3325274840
106915372
74409069
15092616
25461505
2461005962
240121566
383006446
245697549
1147202442
3040944008
3246839538
3149614735
3713630419
724474272
3279192962
3452409076
3701138112
3287677777
3272635752
2899425102
3673349840
3448866558
3562139053
1391325445
3528232154
153690195
2283058694
596278245
3582630673
253807945
3907949841
283332165
3625672692
636340646
465283497
279420564
1105141916
592628887
2545432254
1319974255
1043772068
2481732534
247330856
954995377
857545177
183124682
1355735623
34562023
2302088053
244192272
78218963
126847657
4202781
612091868
39962482
41991527
36641356
27618907
14123558
62446391
253560036
825223626
879763110
32730667
195764368
74652075
880322196
1615398084
47211842
9871342
233454094
1353674485
102019151
573736105
259279305
149488393
3649507525
35703000
173564232
2280406147
251401172
362541606
2291970980
61392601
3493418718
204734516
259695436
1968194946
150545002
30449359
1398759848
316977660
428003666
777845118
210409513
30196583
25681580
24699208
137036509
3241783851
2184151681
378197959
345880515
378002814
588695201
3311150258
1288289510
289295956
3434131393
3401373212
3389459060
3611971578
3257733169
2665286869
3559488732
1166248249
3733304475
1141888850
3146907500
3719696366
3236829385
3147554125
2210144268
3655271358
3366965420
3791604974
3799930874
3821650940
3768315916
737861268
2880842045
3280609915
715756940
405728790
64643056
187159802
25967168
3803296394
3038892644
3365158633
439901836
53381278
64173753
37177807
977287716
154475795
955190844
866081274
304797735
296583646
534199657
297266990
424051728
2506537094
1614251683
603505230
982546872
1003513729
595411712
500889259
97847711
95152897
153735828
3560558130
2950450814
3083247690
3039521552
1903684716
2697234068
3555970699
631031758
1003438946
328323165
1538125579
30905614
62527817
2388929988
418456286
2260016071
242696106
55118669
133152120
17122938
363613604
3190599175
529438451
79037263
208506172
48899204
170292467
40677226
69129044
50627014
155110443
77553638
33872505
34103518
206119796
871963218
33827636
9160182
165289700
384331504
22465833
113341451
519470605
398018384
101496514
82548454
454676366
425573156
55753842
121154669
428258461
104448662
89142507
456697074
91100171
171553344
63903543
75444699
58155585
70689475
35447989
39982611
27429989
16893886
50294543
136881984
101108297
58152290
26395676
35142205
43091992
14571301
86565815
38815052
61507091
54907431
1277670002
1153617380
544226904
2547389847
28164897
286533189
60817954
1369699224
1282180854
203162990
21904217
15291335
24019308
82652901
82978967
74594552
66515223
74580436
28201743
92367751
2367911
29840295
35762475
40076725
35094637
24929621
268439864
16409683
85603854
17919972
119012299
169321411
158197244
3307511144
3566865612
227972835
522133913
572213848
82774252
70758581
42591978
495689204
118559407
2494201519
42254762
325141267
3183855414
3041455969
1749290316
328900821
210409003
81608533
3218012834
354823590
177863521
3585533479
2870106614
264058981
292892865
1498628336
1664306738
761246743
305513515
1170817123
48668434
3561899004
88968026
620874155
632985898
131060750
293653435
29432859
115303404
341373423
81733562
553507606
86492181
185314895
1228615292
43509906
1068310386
1372665186
400841443
2539736719
133570350
63433208
36312154
273715364
83055581
92573831
236033901
587813088
145222041
249185680
37397874
130204595
329345024
309124864
198175318
87702194
1113320196
56323520
15749825
284291853
113468457
180741633
109813090
417598230
100932815
42007488
122294468
146299154
15629005
34195205
409062152
46388339
39956328
472122299
77888423
118620115
3369783402
3418920144
462659825
156185633
2569387916
342689845
76915929
147898131
230465260
300133945
854562236
3557330414
25814483
25976458
2217530371
61127855
3557561774
1014545814
24143580
354092535
2437798814
383206851
2336103510
216224260
3005030773
89137989
3103328274
3242145068
387434325
308855396
55981473
34280723
280283037
404516233
39988143
398011037
116343031
34664371
38799543
895120952
343194413
32343509
330826792
573315820
265839657
1493121277
268857217
54491455
33590001
145858778
2390769691
25927406
614403579
198061480
83853555
241420010
14808309
116784989
2311849074
3588841759
106344746
3558006974
201634376
118552439
1008769416
589875313
57546012
1411770787
395950533
2939665066
96968430
22745684
24153293
346647437
2533660548
30802623
62724059
108281230
1457071694
115278825
122607870
197807757
1895454650
1271633490
418403689
963777708
1346413632
555834580
82139514
540045440
350954035
272906777
266971912
223846397
348546370
1409415222
921177090
173346654
622553611
237293787
310932018
250140985
177885125
304990377
310427634
592324022
327858802
506429053
35391464
711998202
293372914
277427737
3535231820
162638903
485548675
2922830540
480062811
2479809890
302629534
240127907
86432824
530851007
346963660
309502110
29423383
57550165
534087821
1430973026
2592808538
2373691070
1888519465
2379972204
2458961020
1481844534
2510903360
1715123018
2510015707
2184248708
2509912897
2509798135
54866152
2900426395
102011312
183876299
97533128
23294489
156918895
76589464
23850428
20503999
60583926
79650494
83613107
144380789
42179718
165770335
24742957
273516926
462489802
116077660
349592043
364120356
3010667414
3051696174
459612808
754580922
478537482
3290400868
1461373069
3314362991
3431989929
3231157055
548652968
2942024217
341569260
1715373858
2958442818
3412768463
2769414674
20322929
200913899
23976386
20565284
16303106
321970500
31869934
742143
171682730
386244525
34738598
14293310
23613479
216444984
23617610
30973
157140968
759251
10228272
14920785
169686021
115485051
32959253
28706024
24886570
31927467
45266183
184910040
153694176
36008570
21111883
1480251510
18091904
73992972
274119641
492399548
23375688
34507480
268414482
90420314
428333
26565946
23151437
25365536
2557521
27195114
813286
31313277
160135735
154426751
237638517
458440876
344598704
106327634
435372214
544187255
474763492
999748736
52977655
16125042
350246921
339620073
74666509
33995409
30194318
150178004
614131037
258092886
113603164
340271962
255368170
26257166
231073435
22096068
43032508
236699098
17461978
31685653
134657984
140264077
1649958450
22801835
69068481
274607094
35400566
130307120
464353133
155891389
62216533
43847271
135901326
76905107
328918379
109213578
100220864
110674921
73314590
64701971
113577061
238126312
215825897
180836362
218040966
542625394
102395023
23924581
300548967
259195959
30184143
14380925
134936026
218421917
86961988
62764427
222003155
562362408
99050904
45461766
183078358
188528753
32751684
64038747
72207316
47376596
338971993
44764205
94713472
78035324
92717927
190955393
156097483
306818072
147156867
208326472
27260086
14230524
46602211
15846407
381380899
45568123
486589118
1363842936
1271543756
1200266719
1458478830
1161654318
1212299972
1256657749
1111084292
1336725193
553340876
1919523594
994654862
2174013415
317658726
2433311376
2374518836
3186521996
1353424044
501583715
19923144
126400767
92174767
316491683
15872418
44728980
16548023
500704345
2218044223
23083404
44409004
35936474
79293791
150599587
271285292
1059194370
21447363
49268407
282911655
1152887562
292922923
927480366
161122466
295014823
979470534
371589987
521345049
568641827
310228360
219979106
458286871
1568249731
145528167
1555329991
293492212
561813851
284029873
198067636
534063102
109498457
40224817
270278055
257084687
285451726
102230123
540362357
267921844
21969693
275215221
102600381
63137900
69416504
283558110
249133899
188006067
293932241
186712788
204151028
