3321185645
2673995912
2798125167
2816524116
38281180
753920045017919488
21439144
43554444
2797521996
2611515013
57107167
701866563268378626
6312362
16139649
136004952
3128272477
3390728889
459390022
1668992125
4857021987
707251123124445184
3367319315
4113724119
27839828
926363354
222762589
896927635
4920711940
620893984
2787914913
4795940253
3596683995
865412954
3053910947
374712154
3398606452
2989834030
3642696316
233726316
123962559
22657914
2875501614
3666979696
1921197674
1284146730
471151645
150557711
331538014
107029948
3362016513
3096012087
3295217836
2292454922
24234737
85794542
88297885
18219254
1638091962
288909699
2891284953
788938734
2453263154
1305807127
744743599
947992086
351009963
66774405
1171792194
478679663
278673208
866252216
22800916
18101609
121171051
130190749
209020126
1539233137
221795831
158021529
358204197
19017675
