4512850707
724429339090014208
3433037475
3239535380
1596733628
1332960775
3996836716
1253376079
160743744
361953746
793912591647137792
732809146488262657
62513246
714588073556779008
781372326399139840
1669128619
793694706416885761
519919907
780086429078519808
423781033
2305150285
310072711
355795737
35005888
283161604
2694687984
2578889807
2253322138
2955065260
2733331011
744442508176932864
2879172063
4928202353
211911455
753043186587697154
718971631142596608
1387749018
710512344531513344
312276772
2628996646
3184785137
4140277889
716201448216924160
715501494657748992
602849716
3017465567
107300673
2904727191
78974752
184685070
54260419
462533057
157382577
721680125776027648
96655484
2613407476
2171351862
3245397274
3130087515
756545108481339396
171228816
2864975201
17471459
17344075
89018574
2592506182
610207820
2249142839
3149720205
4587474912
715199479822098432
1715840756
2800885387
3348048140
1451887225
1117115006
2873243556
746734106629804032
2440610964
723920006
3371513739
121254571
176101363
2326948424
1252151778
2474666940
2467546140
487678829
970942356
237634998
2524652576
292897857
628005464
1253157858
2979380387
275120994
2245775322
4610421747
573725965
2757438868
4134446123
493421266
2286161232
1864129057
2976861016
565820695
2492017795
728712778907668480
727597715245293568
726162414497046529
2531732440
727761312906915841
722465591165108224
1528625353
2457998753
3238961517
278328390
419021826
2967933009
546109609
700707503068176388
2704806547
3307311406
2454268522
265017370
2365374916
2277421803
726158090618302464
1198671901
570959126
858156499
43326860
3355543745
1617378038
3296369189
1428400662
2754440994
155773476
1616352889
2217029947
89003506
4924541847
1105338264
4184203096
2183157493
4753852890
2713662223
716471132568748032
4867420845
1923986191
3389452312
405728790
722108228373450752
2734214951
3354150449
2917830109
334320217
719989951266430977
1316367420
2502667225
2322266431
719110550697984000
236699098
157140968
308716304
112457675
171682730
701188548372865025
3344400550
136956091
352160899
3383840005
2310787438
716743625116356609
316549023
703815171647516673
552047809
716414950424645632
2975956115
2677948916
489573915
2854265694
715150888143347713
1612009074
2794444106
495698749
2155631643
2881981276
787754372
713927424325652480
713822828198551553
3010122387
3025819823
3251197568
975257468
3750951271
713087426403700740
2346190530
701855181013651456
4897539567
2651175351
1649807450
709774778383654912
274932621
3376657089
3244608284
3248478648
2437766502
4332203357
3294403253
2823134044
2913217346
3988259657
703867005502361600
2336331906
1068707288
4540858347
4894705397
3456510440
4785944007
1705037618
1358236951
595531705
4238841003
4180018323
1356179054
2448432786
180949358
53338746
216430965
72064417
37972440
4896597415
1341479708
96879107
196415460
4062995113
2870579749
1369956937
3165030635
4842506851
2434043868
604142194
229660143
954427716
2858144633
3146762390
4798374819
442859294
200774563
37391170
4846489553
523946524
541387514
713317677
39538010
1932595447
18364879
3401997251
782250506
27466653
81825702
14222536
551967600
2767325440
1310502132
4394920932
18354721
414426267
781477662
14631115
40059553
3160097884
2607163646
4610712135
4622947882
2592254539
1360277780
16540829
3215811061
17635904
33329113
43534925
3507260114
2864509847
948699222
4431645742
790759932
2230859492
2555047382
2687627611
1351275324
4064036419
467048692
4153417894
3566833396
1584176382
56783491
1386971485
4418807254
4315616367
2606513699
225178155
4005234685
2289070975
894527202
2877999787
2872724089
853697768
86983772
2940226192
110575285
771762608
739784130
104249727
4312396755
3419896894
318585202
714484104
384047557
2982689231
3497342894
3538287503
1699715124
326359913
2766275672
386162520
2939761558
2939531610
3124704851
15986551
22453641
114035804
3412996421
1014139784
2906388953
54938604
623991151
2205618662
545443555
4196007119
3063032281
1480251510
167361989
2305473636
66732606
305916419
521924047
340688801
69523166
2895240630
2937692079
16510838
35762475
840495458
1873561998
349390574
3986428161
2566039982
457744995
18378446
18734884
1583344189
2852687211
46116615
134234000
62591415
2861153902
2916452104
946429950
421557956
70054190
552831088
16212952
87781747
16679529
19679611
140195719
781480009
3173120903
16193578
166739404
321970500
45709328
3038295012
122482029
281766200
209708391
176566242
75670153
15846407
154280902
102401151
380399508
128023009
872374136
268414482
23375688
21111883
379408088
114354410
233183631
21447363
17919972
84279963
158314798
105119490
181561712
34507480
85452649
27260086
403245020
403246803
439125710
403255314
264107729
