4199914212
2344403899
2949175532
103726588
4123582513
4132008854
542215368
3345031099
3770856380
3644501359
3996138327
3481213513
596241563
466814461
3627570194
4066590881
2874692479
3846536423
63119391
3945288975
144556106
3956045352
1428730266
3702900074
2370548814
3227268037
4069121369
4124765361
3780791235
93092768
156586408
2382109578
3866190266
4148697614
3466263492
3605460680
1130290908
409264516
3482722038
1892447562
948919692
307050692
3315836118
3993864793
3997674072
3656457133
3381061334
754580922
3185082217
97600174
2781771684
3728680333
3673349840
2248396747
31083047
3999370097
3960448034
3611909785
186712788
478537482
1026148580
1014545814
197598287
21447363
3353566654
17919972
15846407
6480682
25365536
2883841
55117855
21111883
15224867
