4814079569
3233981838
4317755398
113842072
1873561998
2654955514
2402813069
478705079
1964732690
2178212156
326918765
2912061139
1555435638
3436518477
3436623988
3436568693
3436617112
1582764745
349390574
2991122943
271171295
3171605730
3395909722
2295717331
1339973588
98489919
3193571801
2365629218
2982285211
2726664493
146859444
3215023439
2360731609
2987935536
1157326340
2535940492
621707295
2949631386
3013356816
2428446548
2459569632
2258306854
2938804952
883873796
971627058
1254117762
713988019
2695685029
2345310428
439125710
403255314
403246803
403245020
264107729
3120699545
2898099134
2416450807
3225446834
3097965596
229971674
