4436320633
2674638409
746349284203855872
725634537464553472
21387734
3327736274
162876920
313427517
3290729322
738527003888910337
95705320
2290924114
215293961
286243372
257890154
2931232017
220331590
4858608039
719939067136385024
4715345421
341730948
4717892303
2369506560
2850450148
389281501
3159275365
358545917
329323059
475811383
274679887
66033904
109065990
17936412
1675128804
14669951
18643437
19222164
25743339
27915028
39349894
39570346
219540733
223970563
433462889
473279639
620571475
1106307541
1228881116
1245951042
1329817428
1720757281
2167525794
2288462990
2329471501
2596827180
2732672766
2819973756
2915187060
3101504400
3154508072
3181956360
3368465157
4121225056
714968903105941504
4332784889
815576228
594886554
39344374
139823781
717474068685987840
2276761669
3428565077
2791121294
3312748369
122141448
341027410
3365988797
3323943190
710098131627544576
627820732
2853741102
4840436542
3923762177
27695678
1424470393
189376144
18823611
2164291925
2398263498
3234397549
3294519901
3347987716
1623977834
4832583171
404553582
22022665
1401411
85080487
25560344
3283629240
4065570080
711450720
605844446
1020954092
408902268
422641831
3410396065
579187283
3796864698
705636641847676928
4907777471
268931953
4427266643
4851844111
402181258
987590311
32384729
248878026
21060711
370901348
4424776881
1512098724
1154209735
4657250113
2940380720
3362593689
15300388
2945954062
799052299
1186808365
705645123606966272
2291062934
2573824759
367860799
2865930995
3588630916
43852792
1578095880
4862076872
2795274284
1546172389
129559686
3097122456
1206526830
1343300730
4072455314
47083884
4170092773
1036325418
3022045469
43673147
2764980981
3267227767
4475009533
705521535264514048
2766120643
705482579877564416
3130392645
3984670333
4179932914
16849264
1322789743
1265052086
4914246239
3600539122
3351523397
702218307366039552
3033520264
601251040
2523313824
3361972786
2303047585
3291369402
119214449
632277575
57221061
528016266
1480406790
2867649753
3217059953
3307670633
2421019135
1092045126
1638435241
3562854075
969456510
3300671415
3031924753
1688814204
41905954
2994634058
125466639
3266602596
4027220187
4764775536
218082596
3409680646
3324594827
3240523526
2257182427
2310928508
54704213
4690997322
4507057601
2984973176
183114110
60420690
3234554156
3173651177
1876680134
2274646646
802844750
3304695469
3351067785
1561634388
200301533
1938753968
328243175
4737453197
4755200973
4673962992
4606753152
2908293891
4798405535
3642876553
4731736157
4633251613
706934749
1710147264
2937635744
3482130022
3050444026
47064235
1880640066
8966062
254496536
534434172
154891961
1062018775
3111909523
4049743339
113047940
4051105637
3321919887
135284140
409053479
3355995095
3392632425
3347234823
3259181138
2154127219
2594626578
3476832795
3426736079
3168560418
2953422203
4010226440
3225602858
3300587775
3276257160
2840430491
3016015905
2311128258
2738155487
3395721712
3888439092
2913769696
80728561
4539679819
3225790231
4550647832
1125937411
1687123081
2681735878
3304835283
2318245345
3494479281
3021274802
3509259854
2335549002
2999643543
3103625553
3128276925
191395439
2895618422
3052144801
3852088761
3739775000
26065921
4063268720
905870191
3009997726
1363431912
2314793880
3299975372
194663746
3096936397
2432792486
3223083523
3534282977
2253052367
4303942637
4248833539
4201269555
4216289299
2908157164
219976460
3151193198
564752645
3424521514
4039902539
4011871818
825941641
3223499449
1032432954
3191073937
3878272812
3596501833
3092111249
2761344864
4033326610
3709302072
516859030
3179698566
3884851097
3461578812
3172803427
2615188230
3262189247
3200060140
2931608331
906473184
20798563
15707229
1221855379
3837638457
3964746981
3298014613
3233794745
150158919
2915952233
3785428276
115618332
51241574
248811404
295216750
109825229
128195806
608155378
2851607153
2259101023
180631163
104832420
636757424
29695330
34262462
2739596257
64643056
255471924
19527964
633794939
205622130
153810519
932196612
14862190
2921310362
2465032116
2829869598
590564414
566273326
3138898644
562739106
507215394
3027215637
1691795179
3308768647
3257803530
1090999268
2614673107
277732246
237483089
282804888
429021730
2341399530
1265040458
1484256702
2422267465
25073877
3348460882
3394671405
589446610
2319124477
265066319
2595693222
1030694736
3406016031
2336151079
3227400208
2809256199
2927110385
1457805708
263358545
2493246408
438132665
3382541435
27188645
3222676980
78523300
1024446733
454007547
2541357239
1595064032
76311005
2988388635
3229373377
508067360
43661233
1014432451
65260474
2363203740
322027737
2432310906
3019097842
220495003
3235222537
557125271
3316268159
216427165
2265345620
716214780
3004839077
3116214838
633150966
235968434
69736289
27522964
343631202
2345512368
2178519878
1305324672
196168350
1680658237
2991100738
2902445481
708888523
93687642
2565259660
1173722990
888171721
355752178
3153417528
455435419
3100465077
3102013813
2293873393
277125802
3090759468
3105864599
568088930
53979469
890619511
3013853792
2253372247
1663622287
2507264242
3178049755
2761410968
2843090711
2883135230
2729763172
1702689662
2803669340
2396475103
2842177893
154549318
2240969177
1323202016
235261633
128851309
161599654
87229781
1206108030
217749896
586256469
263479742
1012182098
39750464
2379961994
2351198118
589194482
2677949662
2427837830
707205644
1833789710
2676322082
2721360805
2314750706
2402257837
2693341045
2883372724
3037309777
72931184
2672575764
1238238938
167072281
2405537916
94336415
2618159698
2260849986
271397818
2787250985
2470437846
145953421
24800710
449298869
809743100
876556669
83382182
2349347329
2231109295
178655399
2180934732
886318374
751513441
52352820
3089155533
3174034754
3225975615
2951889245
3253877457
1694643314
191213034
2257115702
1244645004
2312501143
2821279653
2709386286
1122994002
441330704
75561107
494758799
449285701
412838388
