4891297546
3225773358
2894617063
3009457339
2887310564
2854620710
3081184225
2853497137
3008253926
2923472268
2856712254
4492654573
2826870407
1181271210
4397114304
4556044032
35704829
2868656641
2873695630
2854148972
2853412626
2854029985
2853019044
2853896869
2856773940
2885068920
2965304714
2855264677
2885912528
2853583711
2853584274
2896202976
2888208588
3319950661
2988448207
2895672566
2920171904
3310439713
3239310498
2835428126
2316104705
2853171559
4135155013
2994803539
2938022424
557030147
2924205217
3286422433
2613390937
3626104932
4089417985
3193170891
3749720359
1274442782
1316548398
2868561901
3284130732
3368191339
2854298322
260294196
2853020376
3300666614
2853003896
3229337228
2915499288
2886070531
2857024758
2933760331
2169448229
2890728116
2966070794
2872669518
481299303
2916810979
2855483089
2887331714
2915465371
2853870702
3243503845
576820256
2943879588
91324551
2899488452
2945161266
4330822512
2785301121
3139146073
3400178482
2871116947
3248397644
2853943386
2853389084
2815505677
3072608485
2895729096
2855680772
2865581077
3321330127
2941436556
3182127939
3297858812
3549254534
3279782366
2881627748
3219125232
3076853324
3147270939
3239565432
2894443772
2915504453
2527361078
2950173414
2912781048
2942898877
3642820223
2942972161
184719452
2827346283
2952288878
3011163014
2872048675
3954418873
2868799682
3263039154
2853902592
2929738441
2987290244
216441200
4310051784
2853275270
2895441968
2997882338
2866576986
196194396
2899637041
328074426
2856719948
391905969
2854589418
3284984569
2853239935
1606160892
2860692162
2798580150
2853350815
1916564341
2862433490
3592051633
2791188251
3301339711
2857532017
2856440724
2857618934
2999106026
3701047639
2853006300
3336165034
3999636914
3251614918
2892815803
3170612838
2917645651
2297263822
2989283422
3346399464
2880653761
2937635658
2862868746
3398282062
118399940
2868745380
2856275881
3311379733
2925258212
3532912338
2814746442
2720580682
2835826892
3567355392
2890599356
2856717522
3001725811
2659036308
3332636774
3315364631
2920351146
2853096120
2885191442
3304234309
2853811134
3305341657
162651163
3455538973
2853353024
2904576163
2890925250
2875227482
1105485943
2854041582
2856691466
2910898878
2864894902
19282409
4000291942
2888425411
2853033338
3252370814
2863889880
2824767497
2934915240
3222174355
3304490215
2889470696
3198410100
3671284392
3100708910
2886482696
2177168021
2578960633
3276945194
3012724273
2874202449
4083560174
2867751955
3319627452
2857909585
1952093796
3267175315
1704765697
3304100544
556754379
2856470012
3237951921
3227354966
3030549927
1607404381
3842064613
4103692694
3726081192
2929511442
2841945092
3305958780
3876054432
2897264432
3359899623
3067632330
3871544176
3937317975
2863131030
2880839971
2854036332
2856836149
3490750932
4127326392
2898285704
2853164972
2894049780
2825260109
2853240986
2889507210
2900399127
2831974585
3281784019
2855387209
3405907377
220897006
4286823014
4065686178
2804636358
2976489175
2928400615
3946992378
2867278932
3305745763
3307580971
2887259047
4080844040
2986043888
2989905469
2853139688
2774467954
3436958774
3233483612
3467448732
3391705814
2887586935
3018016752
2883470540
3294509966
2853393631
2853668958
2778901157
3029260684
2853205058
2998055642
3130546188
3347119694
604619347
4043256854
2941046346
3270228842
1348679605
2870536290
2807339056
146768668
2843759530
3753875832
1731726398
3062960714
2907885613
2765295160
3263350812
2855584134
2917784928
3235163851
3579499577
2934681288
3901652834
2881114701
3878674640
2857818242
2853061590
2898619603
2907099422
2892842497
2871225638
2856530119
2866833986
3052241468
1471816201
3508814240
3243256356
2892505746
2658352962
2892010464
2996768360
3926528120
2911943594
3311383135
2853067434
4113883880
2853100105
2861685050
2871104041
3309653472
2982916974
2854534602
3284263369
2893843328
2931431324
3313626372
2915338321
2889271286
295021638
2868668252
2828874629
3277477848
3010140084
3238169629
3009099367
4279884918
2883101425
3260082606
2882381702
2917720149
2148253009
2868761985
2825485711
2889478194
2873140254
3246451428
2271512778
2829557777
3198411576
3244067870
3299672402
2866285260
2854332090
2902956685
2869049678
2575003592
387742278
124079169
2809198764
4023304038
3142951713
3166151994
4258636453
4222447579
4201609272
3433595843
3160518583
598982570
3292257822
2942779088
2868448406
3245759377
2911695660
2856840286
2417307896
2864232356
3787716492
3196578380
2904083522
2853863648
2893474350
3224848610
2866381842
2861800596
2901973318
3197780545
1029877074
2855413303
2853360403
3013433816
2867524720
2730683010
3460264274
3182563249
2930949074
3151346742
3768760213
2919495534
3236879786
623886220
2937885163
1616390322
3309795374
3677311092
2859505854
2832683313
3317888456
358669317
3300305876
2831639374
2854122762
2914623072
1049876918
2583631478
2894018694
2489781678
4248101953
1427808674
2858138496
2853405182
3992606052
3245508546
3236722603
3067609344
3226712131
3927603145
2880028488
3306725792
4012087764
3017423504
4265299032
2843098904
2856216493
2853394879
2843971687
2895502927
3523338674
2855284963
3767383334
3956282779
3045949474
2829062830
2879071686
3309707034
2868745254
2856780506
3017611235
3303057540
2853287340
2915672772
2870129202
2854045932
3184596972
2910549408
3774468072
3157473084
2957409530
2908339100
2853078374
3450918074
3468100753
3277329420
2844064483
3024699769
449579814
2853081817
3037799688
2856334188
2952276949
2906231602
3526203074
3083995886
3096495870
2990599982
2831175447
3544648578
2904816697
2583492817
3705808033
2823303428
2829278467
631832898
3185491777
2853958452
627078916
2853100962
3435426493
3449263694
2905085250
3033230473
3437962797
3903421098
3427091472
2989306954
2881660256
2902560313
3157132668
2888597288
3237926653
2824859531
3095790140
2876575418
3247783796
3869574376
4199530758
3425843714
2869124852
2949288439
2853684878
2856435689
2876607217
2536938165
2957500946
2943614071
2840517418
2834828560
1136799362
3699639194
2871598460
560944352
2862666614
3348405080
596307253
3878697737
3804181280
3277527697
4127209214
2853477055
2895506678
2983054068
2874999254
2853341275
3105939888
3143100703
3933043994
3488162954
2856228019
2890419912
3501878232
2892315463
3010296991
2858532136
2829348847
2932013808
2853190483
2866676912
2856738733
2854449871
3180101851
2892278629
2854567926
3188306786
3001898491
3417545835
2853404678
1467155670
2856488342
18839785
2888883686
3012621222
2949094112
2853011358
2831484232
2843870649
2870649919
2827517740
4257952278
2893397084
2853065965
2825277286
2855338514
2853229028
2711645594
3400182913
3227130228
2824888833
2893765027
2899633724
2788952625
3369166573
2824755263
2888471634
2966030460
143449831
3436153520
2299895264
2881002102
3146954297
2848515871
521430966
2856215076
3017310353
295833852
2833108943
151751283
1964763408
986656184
3285449365
102599349
2853365675
2789940715
2935770067
2865631861
2853144625
3318387126
3172029264
350299774
3561951134
2848320276
2885848086
995287154
2885959472
2853045164
2855233376
2827322860
316988147
2853279944
2829499015
2967871392
2862399042
834896556
3255777912
2576388673
2852972178
1314135373
2921788748
381067472
3883862112
2857651038
3756283880
2874756858
4189058532
2855582982
2829806007
3309643574
2910865165
3860934853
2876212357
2897287620
2853206550
2939595259
2915330910
3322517736
4246517054
2868593942
2877863080
2864372364
2909916841
1719916574
2854354327
90861335
2880554612
2938178839
3410262203
2825137234
2854533900
2846593052
2713113798
2834509828
2853265117
2907578821
2853155570
2853228822
2853076639
2774363566
2918141024
2555457956
276917857
2889455690
2853842216
2814908030
2853078955
461279316
223786993
2831291753
2824987642
2853340573
2866582638
2866419175
334770866
2835783602
2727651490
706448896
2853260809
3284288660
2881951194
2914336148
2856673791
2893530846
3309436164
315651238
2928184566
2515226820
2862144710
2853009378
2454414156
2481681367
2856878179
1235154583
2853166418
2853134544
2408532487
2853207764
2853293497
446897195
2897636006
2853120986
500711588
82613482
2801626267
2809032265
1681185319
761742038
2824765205
2852398328
2853136279
3012589890
2852359916
2867339192
3001238274
