584952938
991334568
767312492
3296379895
782584243373301760
353620565
2490986509
742344463041757184
603330948
2538598344
395800284
34315631
728450634576371714
1527688350
1692691326
1957826269
405385151
476536650
33326861
4813203807
2934423981
1946947410
142382021
3011588454
154497854
2485461236
3126690418
2479030434
3813954498
2661574874
2217761978
2810910283
327933749
35162965
1726926372
718151060167213058
2877627180
3291523489
2309870042
3324347603
739617812642074624
412948496
3918861567
2607163646
1068253284
717905524444889088
438447883
984004537
257626957
733289937278140416
1896934632
2664617785
528192971
3168272239
156914310
2565172142
1650060362
2847202303
1689754963
268876422
493030869
290007940
371798244
2583690722
2249471029
2967674466
2838656180
2598279942
3301394914
4747539042
1878450026
78244130
926992675
186871054
113259902
3963735087
422709422
3343867677
219638671
3041408437
631480141
2974827060
4619470758
969977096
3269900275
4149684088
408529831
3131557841
4433703822
710682282
67826204
1588169419
3175149420
169892761
237647581
728233547463426049
575437171
2669946973
2934697057
346897889
3267131857
721394130639687680
2587916678
2754726918
3304680122
3131529752
3631104379
728100861126139904
715724678350831617
3064724045
2932934466
1964208978
2731019059
2669013829
228691276
2920392169
2472336674
2955375288
1323259868
539193038
331725392
4585802054
1121529739
228718289
2165180152
4184489173
2329782576
269467541
637313893
728135633705689093
3021276098
1582411400
2254933596
3383992455
1591131403
3727961233
2936991853
3366124972
2608135738
1110311538
3921716413
2803297546
1513854438
4004109912
2402418018
4779615541
3326798036
955393784
403869889
1563985212
2271865489
2472738966
3109244095
1321765501
3282185924
2280834240
2912336186
2296563338
1173787748
3251971543
3331865830
3346984365
3288899213
2547233548
3889536500
3041409234
4742835462
2953031903
4874167220
4529605878
2437262834
307803812
2392775984
3070988401
2556400231
3261228108
2929240939
3393171432
128479879
2514313141
2183987364
1122445868
165033159
168683422
3459884186
2261722358
2467992500
3271654760
223007139
1409798257
335141638
2251700803
339620073
2274351630
1388495522
553251661
62216533
1102880798
3978573074
2646019278
575366440
1203595152
258258006
2695242188
287053104
554966743
101709406
2401359144
2350135898
544864887
183330367
163358966
115357623
1353987547
73354478
18753751
113563907
1271633490
2877852074
819657181
2215815847
257415479
1150434206
2301946686
2420405503
85363584
155498646
2265112046
744193471
199975796
2902418029
167775554
833240851
2884443208
333089518
266536599
609205048
60278794
257867545
529307944
84867536
3159906583
2930585298
70726319
2906930756
2411894870
296121461
1882868738
2893670738
1363783022
4111602073
162728717
180836362
149961725
27869888
292056844
48712791
355021649
180848003
2210137771
144796386
4575762434
470032644
480260278
2522768979
2959751262
3060560125
2820270529
2896105004
1318414956
2456496109
216666633
286672178
400553022
3329031427
3014270480
1561923072
1843902427
2237163090
996702691
233077093
2906175175
2526902732
4071237133
2371829004
2850333198
324874777
461074467
3170813484
2907040452
832384722
66315661
1245846902
3458772912
3891846679
3272762120
3468550579
364692972
303767304
588229611
1641646446
358597866
1313560033
3063343722
313192123
1336204015
281368989
3493071511
554419871
3221028978
3149724950
3325860552
3176701345
1508551807
93166741
1248433962
1366024699
2253321283
3235519579
725122123
1683024223
463556691
544893805
717558871
368954367
1538125579
378515015
3326300690
2415690864
3304043953
1309165608
1545344174
2921199780
1103513154
278927870
417738363
1174717002
328918379
197807757
1298660672
