2448471086
292444943
2502199704
595253784
2879515714
3064119587
4579249415
2296550116
1894181414
2743153249
2749481013
714610928906403840
2834592295
3379430115
2875185511
4928202353
293600481
3036842156
2870772136
2613723889
742579003
1093916882
2680381869
3177174576
4673785356
480300936
1096538029
754275224850427904
2164706228
3085258939
887324880
2265819537
610943851
2236672864
557065237
2752689419
1669128619
2235952896
704341739
1397513378
2436762148
3365804596
535609360
394883029
741051166927257600
757717895518547970
1530135164
3192694695
312276772
224349756
2950791188
2320048631
569536711
2749224899
280374127
2907904917
314041426
2429556452
1061292589
631391349
2840576669
3255163449
162536706
1602242119
2502056337
3187303981
753742285557395456
753742758247067648
753729042
706033482900774912
3763259414
2999965583
247869518
2553586724
2685145828
1313145673
2956029934
4279787535
2203696879
33261404
1456631047
174571959
3065604720
2305701183
1320506720
2494598081
3226538496
330561602
613203340
714230726418239489
625766359
481488817
2732256743
283448174
2861439838
3006209319
893927167
741797937001418753
2757045365
2757559701
1355116291
3677572163
3469909635
2272516045
714862018193408000
3936779659
2520375992
2496769586
3795004306
738828003409571840
726562926
600303664
386580863
1666459794
2547929001
4610421747
4842728149
1942410696
2268431484
57107167
1253376079
3105913891
2919393722
3396359000
565745058
358757941
2992800682
1346863632
4785944007
133122832
737977196
1052643252
2182244158
821570600
2788873504
628005464
2722111944
635271109
63271829
3280138498
393202103
1721133524
332551962
3841758674
136956091
1925851448
715954489
2155631643
295800345
2967933009
2578972494
726746435899805696
2849042125
717366878247718912
1857654290
193872867
1252151778
3247663928
547005812
51694255
2765098306
2887895847
386162520
2330954055
4389457349
2828882961
2426572867
713064192
2783276232
2602262066
715354123479171072
885748742
1699218643
3320976752
184402036
349390574
4134446123
1905292297
4612786454
1831081130
342902075
3148803925
2969908431
871005500
2237486671
3300976183
770991686
2313701397
2958789184
3154018979
1345780147
2293540393
2727366197
830044364
2302611844
191590491
2282617908
4537472535
2823094687
2969750145
504458031
2879172063
2280898815
569275761
3234899308
1296299390
2913385880
2790226826
4140141252
904368092
498281842
627615698
167361989
62011489
2474666940
2472055267
1640353381
548756169
2724558143
2885368564
617239514
4020762136
602849716
1551034903
981058160
1352821573
962399208
3295851520
2949280451
618721130
2457526496
259896414
3008563910
1581919824
1654276296
3003720437
3344400550
827664115
405523709
66631510
580301570
3284300166
2735159344
631607838
580796282
1723113738
3054785761
148194296
354081848
863978310
355229714
2204823540
1583888803
176759525
1397766541
3731901503
3054172309
1711620738
2501857824
2277243383
3982122844
2201755210
60131643
2937371440
1061188597
852055032
2312341406
308611022
2746556469
3145789728
3008105596
3385967933
2949496378
2955154407
521309289
598483240
2354662944
779611812
2703910761
2820962179
597944076
4221190041
448048567
2658233711
910246578
1292074508
162283347
556222371
1164602112
1366857620
2476936399
2774270449
1335080233
3305159254
3044210988
162254701
709949987
2211133831
709633296
402254232
1673235540
1658494680
4346458215
189597625
1954188186
2490472033
4177351512
866721583
2955632284
2419731236
592626441
262300343
1178379374
155773476
2587085462
3193667282
1912690778
2575124178
257423429
2778708860
1412446454
2771666161
3160794642
1104953364
144199118
3107385534
885958639
2855694310
2975567138
3363342014
85479588
328214455
2910763988
245459665
2758482224
2780218242
2825284989
1166858786
3384498563
2528430570
2273398248
2708267332
2582461745
2592315696
1011947574
1418782110
3343184669
535883965
2578986968
2157205121
731592564
608940590
1665896731
3254773574
2765208911
358179497
614623794
2735813870
306798824
1571142114
2559590534
3244608284
2477772690
3645890602
840462212
176101363
2241053078
2931592050
2945742743
2797858756
232376381
2683826243
2288950015
774221281
3245397274
970624489
2696380886
155981788
2160581575
3286435142
2262820542
891363156
2570580089
3680403556
3085683041
2434354622
3185787514
917444586
2275891697
3021706181
1548346274
4470914833
566806758
4198693882
3990281653
3048332215
3364270083
2958976686
586678959
948014508
2752915488
489573915
234927544
2996256373
318546465
2539992749
2492241626
1528937586
2288518688
258871281
354276635
2733817360
372529525
2897129959
3230521367
570552808
3277676646
2523323586
2940202191
619905252
3194779129
2256995570
1050902720
2852149292
226534125
3475433716
147697374
2917967407
3249222488
3361934475
637019812
892904341
1374165152
3390274066
444641466
2371381767
3406333846
2160875698
192612188
3324893339
3319140948
2687512777
2594250100
407260626
1615729938
2582317362
2644755382
64043731
4054703926
560459688
2598516061
713317677
96655484
1241576659
2873243556
2955539111
309981390
2666090391
1392236496
439125710
403255314
403245020
403246803
264107729
