1329827274
21401523
260907612
10937622
240497813
383033475
2911274870
2699243144
336165225
7040932
2785787301
2807990789
14125152
1262555935
343507951
2300497376
14800270
276987268
61924958
142272067
84897361
2396672443
2293565997
1636938433
17351601
934095842
103881928
624413
141205604
312211666
180498749
14179819
20536157
14372486
73147282
2890961
14293310
91478624
34713362
742143
3108351
5988062
9695312
222969188
111341364
83822763
15209036
135305086
84680466
50351759
253559729
222186145
240062302
2161765759
194366298
2156387247
1897848872
90484508
813286
28103121
407300933
31165000
31126587
23824467
