17045606
428458376
712806517150384129
199507396
1142845795
34284605
14107752
37918083
348493254
3244020089
432817802
143598852
383762408
3460571121
3021472661
253092693
29277210
201956066
103588035
415034664
705267768
37619280
188077784
43151307
14547912
724605366164684800
2167299661
2255065950
636974804
1203321828
20719650
81656506
51871450
1593353210
527884815
344895816
1425528859
139176562
1725254772
624058284
569164762
47105394
27843595
607504934
2284354461
2186806441
3360098919
133430119
346155548
2610794191
267354022
4651688535
3558375627
2323891223
401538109
38021088
761406187
3220981054
546127996
20036699
15413998
972929755
2578441260
1015707553
65803092
2386726717
1029086305
375093748
731530994889674752
319849883
2541543787
49391388
381727771
1470824509
14378529
310371036
2962986863
307219440
775298065
224769797
734683899872317440
364762860
712337812218105856
3234198062
295072809
176934183
23737056
2546034916
228133597
3132841351
1483433587
858406400
123974877
600133667
158456678
2298677678
4705100893
20666623
378122807
20848498
46546293
1255667941
3301962015
600447373
2487512366
2304520357
17874327
703503244077735937
1266323203
27725199
955065859
700766469936779265
4626912975
2730762677
716731709
2476708144
833317171
731858874345652224
3402637000
3243412756
442933456
154143435
2264806045
401589171
456076068
2553329262
738529758
709879227391332353
2373522846
410957093
614275300
27512269
3145999798
429381176
3138391415
1594207632
2882647026
2987153672
18582806
704431964456091648
4210319009
739847456586895361
1384939795
147237139
559339583
457740917
2449857786
438390734
1465085894
2579011039
447207395
1384353295
362299695
566607151
2846965479
59414610
162751567
1686809258
362007518
80370470
759783074
20729091
317358634
2344074930
1469986524
457512218
2884736728
200884011
3353037274
547911880
333438364
1354529294
125670235
66776416
552158272
2607352319
253727374
714035369382125568
717805054288392192
4892871474
444087668
417163397
2296225580
155603751
2483356799
349636885
123086039
485523406
522448197
600346944
316357018
63118617
1240601
2690561179
939319291
107364407
478483060
82392096
709780338696912896
100800484
91773178
399446715
99608965
182734659
209581350
5861282
603743117
22626288
15556688
26981570
2946207863
2738382819
21443102
19644371
236450532
4746845656
617243
1083980065
873156229
312309154
298681433
1102012507
1349404645
599704775
516788607
3178065763
946528255
1563283832
2393156431
1171999909
1592772925
1668881264
3037791795
942861920
44134853
2900222980
1076181612
259409196
2665146337
4335233422
229244572
397142632
700044387
216856231
3168879549
20391539
14409295
4884463253
40255497
723183770476621824
4099973776
298782598
2659254259
66169172
41479129
223586285
4335269730
16419611
18982359
322157120
743352503341719552
272959003
2503228447
1432665858
3420183233
4651943062
1934915095
241318921
580247496
1244745661
27722003
343356391
494463572
820325010
3973566252
2906798842
1662063954
20684694
565876920
570059412
393954978
136377322
359920994
421082591
1360150794
714244604267245568
309899740
995641212
1828893108
2377245132
1625519809
40450927
620311475
1976162804
82058375
37759905
130878669
164497203
874179840
15190567
312151202
146816850
43380032
448810347
7007582
855039032
318622832
167538673
147217654
226947790
22084480
397526149
546869695
1707117192
443257004
26710312
486007089
20845983
2201732224
1210077786
434315303
4609188075
3428202551
739613433847500801
989204508
1052518207
117362032
615321671
85147836
29102210
2934860519
315038130
251058048
46369170
2457869153
78015122
106241365
726144541162627072
2829200807
17707903
701804482129215489
43321534
2841869716
501453921
1473232662
333055993
307470879
823980397
294514169
257149964
2420936184
760436395
700504676
189943655
288439212
74528407
22281426
2299301427
268741062
2578582500
742511366
276854052
545878135
627665823
586695000
18292309
71771760
415959942
129142131
342868059
34982589
103653945
66491143
384214038
24258850
15023475
381215643
98188992
2283877518
26076402
387743748
1397798197
1854602916
163182721
200838693
325770367
3929899752
2221220027
140424580
311377364
633117222
103083418
434966558
248347358
846238411
4040549837
410901906
392959588
278653795
3129111226
98432314
184541952
229252183
2922172126
3145393995
588452689
2564900188
156320754
23488424
4859069799
28631579
701524895205822465
260430045
940815864
183801804
138053754
2396030791
66442658
351044175
1320799730
40644933
27292538
1339830126
1900320356
30484802
728326316093804544
224729380
801084954
796785264
144143089
2941613302
22268224
558958203
276434219
95414379
20223211
111664742
238473823
418882190
2894910605
1534687646
374121390
1573667118
742311167687839744
16957231
1511648245
2157370387
255797504
879850759
90960722
583742063
4202585243
235931975
145587947
384357493
1593207420
467338178
2328941692
180096539
432853055
383458619
79022920
4276316128
121497010
146926308
833242442
254254921
2787739465
376964482
318681786
304350255
238507083
21788095
130610420
1900835514
94755078
4767052347
1675743330
2345525221
709001407802818560
315478338
574284967
3247344656
626318558
2476728210
198236393
456563213
218631802
787125764
93728134
589197539
2301541064
40062572
158690397
1037374376
706915263699161088
203514714
2293413739
752965202421936128
2754587208
22316928
617064843
210417708
23527854
1321157120
296932906
615549317
2513357536
403690348
2191130738
285739838
2787508455
3047472000
264720403
4871206819
963114048
1159836343
245366772
2910989007
1426162284
26254986
4038557693
20360533
1228441586
449569260
2944242622
426516667
174410236
262761172
1686516276
2450286504
308386238
19833763
1482707508
2431682614
3317577652
3579680120
2383421403
237354300
202141861
2782687804
2995921797
440127536
4515759329
211160228
27089621
1612667510
84109185
101027134
35531601
2880711252
2188196646
536236733
709877882596757504
91137322
752914789500907520
119694341
1092189720
19415410
34248544
2527408068
2232819189
301850119
2606173485
2380562191
301012300
3218525913
272926719
53118191
709708606
933161300
3224488348
21305429
18121693
3381736095
731780791
103079967
966425228
3026356023
2849617575
22606405
32144904
9111872
2210931802
160264291
89715049
721836811308437504
3086010641
918915552
409283838
139105965
2440092296
525219137
147287015
2951260372
3291396577
361482926
170633663
196772027
2893215289
1910785398
254237582
706986648
70032819
102533570
380447780
3871163066
482301257
714720425801084930
820097196
254784676
710270461
80694385
2919870471
1068102985
38469221
751459310
752540675829338112
532428867
60103328
2532227606
176214510
701494237783859200
48847866
119678888
467436789
29085888
2653228389
561518037
295191363
247788478
15563306
1332623515
563735654
17967185
22425603
1318180657
21519788
3192129405
731854499485077506
2510380832
729113989
342201944
470471270
2769473641
4103855579
2951304849
451581151
412282427
796515661
729732404143919104
729414358158049280
1130399708
2227526898
734371644089749506
196468713
913205126
1538561918
2748248591
31660576
2282126898
1071614946
22011746
2844655902
1286839398
702645154344140800
324497580
191940325
2333889121
271954517
340359339
1623419568
3194177855
202150353
371872162
172834115
3395653419
740842643589103616
4037579121
503377983
19114697
562178253
576682647
595758544
4833103582
282789128
4200301725
734302218
276389622
528687422
708072525
269542029
3029119118
350970568
713406028537266178
3297636856
1517747870
122904124
2712445593
316508696
86128489
1963026385
2562534281
164326969
205851840
171573540
58429787
2936070119
143169470
210096713
2339314650
214169860
142230479
242270781
3928992256
2537862234
307079965
3138316239
957613716
2285834275
1146391261
4918974911
116457767
4771938266
2512566866
3122409107
731417374801448960
15885551
1322921964
41262995
2598169269
601759693
3748675409
386170107
3493924701
701040171265957889
4026140092
721131705709539332
1971530642
4386414346
175764670
714737241206161409
111407523
24542218
30634288
182875601
14847163
92141032
1344552446
228067711
15586609
3003677907
423502247
2428962398
331208915
365687533
3048633342
1022401405
3002239744
2763538247
11796762
4855447199
280189778
62544039
550859552
401718858
375839053
29893765
1274759053
524748970
1355974140
168096780
4905767247
2564929428
1362552462
28543406
1498583304
350440511
226978358
20977513
2357290468
32438597
147512819
21515558
2788926267
168211633
1308579650
65295918
1679243718
496273134
267345651
3141374690
265035021
747352538597457920
4409680912
317941050
1087282772
236089125
1428555547
3403963997
233182257
345901069
996068214
2423821445
3501599356
291807523
354560033
3257472406
2744409063
518819812
380366974
1528314692
2935404087
38038090
2685951914
135619624
2392156133
985961203
968755892
532083974
199336106
2827975324
3880986502
206290800
2509852068
3382541776
576156096
2711175284
2905555072
4419158368
2298774324
572148726
3400940229
3310469668
2808523113
625579269
2815609441
2874990259
503698555
3347464114
600211545
908815663
364020105
703615920
1428245454
87730797
960400664
2246891206
2956812325
49287242
117816226
2875016022
2346979473
1170061687
3661820236
1528221613
1186923708
3295597382
3082172078
3700303583
32159916
130118883
32881781
2300067195
548405666
306322408
359029768
1635663948
556744150
748876326585700352
3019807510
3585746849
284681283
747940076685041664
592552870
4557032002
61278605
2393709089
131302367
275168870
390328070
1572907326
1103608308
387322492
162095196
91645474
173915718
351202237
1011683252
579286986
3224397340
3247081350
2166684386
41885692
540730427
102331948
18759463
3402510663
46406607
2445027341
401493560
722614442
351635365
2735289711
713804566962257921
41792496
19816812
184775207
4313516127
1640609540
115706550
16468815
721631665165090817
605252585
1382627982
844371133
824027172
2611493180
1329270162
410643497
715822607338184704
2794900574
464941384
19882654
4416140243
423032541
37168245
3439488083
744947873377312768
4835999877
4717165097
4599975683
2418715688
2173337015
3801745153
75988645
3883250500
52469876
277532176
161605444
1037745752
4913366567
103963088
26781477
73898510
401892884
2735180282
3304765865
745291505603051520
332795738
279957816
182543687
556583189
141606509
435269651
1946626764
1065531595
1002914149
1187039443
2403928034
138227442
3028481326
702607836711407616
3141748449
1106780522
29157481
717911401499471873
73717605
246842298
358742360
3484499122
204003237
2283715949
20087846
3184020058
1887552433
1412270546
1545734509
136017411
369706926
2570766289
151912552
4874596585
2882916938
3663914055
2582304178
3319105154
187141411
987030884
591946472
1496018766
612865013
26450749
510736402
704065879
748100985889918976
348943754
43300000
2245451939
3484781057
2626082860
250788040
85495832
1369081957
189137892
242434173
255764501
1283371231
594847135
748250868722573312
422007876
51391217
978697712
302855257
3291388144
14844086
44486947
259988486
1868678738
2747774800
2885261742
4562937375
20772151
923456178
71516476
2189100552
25494101
2931608331
3750013587
387707090
2883782152
594319192
712743766155767808
2161792868
1926741446
1273573814
747139610510237696
302814203
583089567
89565746
499043131
14121084
21363569
247196798
267751666
31204061
1316942052
706547465743441920
577045362
17814949
169523949
3472823242
1315233775
3362414981
431132315
1407761876
58823533
39219090
27055622
2559227596
3299800700
753145152
2576789395
2755298034
156742234
628675942
271851676
197831511
241998735
120554181
22130371
743493559081377792
1012851504
1976614310
3343881
2473053800
22330800
19350033
1438318034
747747779905204224
2186263196
737914297070813184
555808552
435739874
2509497630
552107986
3259375172
38760443
1898322888
3227577171
309132445
731985470
4273933513
2175633089
309915051
213051614
23768120
20641187
2756357224
721587805873377280
766013149
210949887
199705926
1547983279
622262681
3115617851
740775047460179968
1365112465
60901987
54026430
83855128
47731191
115817930
142446419
18841418
2802836314
2659194896
236472080
35017754
745978530433998848
16668042
1056832406
1636227823
553598120
1109837083
2485947065
2426510379
22284338
385505762
747216047552479233
94071578
1556067786
1681580642
719545211660144640
301967736
1935169812
431404271
366484359
18001197
372536288
2319429357
4404560896
393922575
2756848986
190327015
57026952
247562672
510801058
955908230
114495032
610151168
21476838
2722956761
325678485
570596357
318957698
2432765000
315665781
1710941094
20507183
747398062990106624
3029371592
61871706
20849492
83811813
747395561393881088
3094714457
3302422718
627017602
746776445419159553
2600191099
428612791
431094222
2560685903
208052002
69596507
977221651
3092446809
745626444018049026
723953205483307008
233700123
4076764455
1513454484
2776047542
330921361
91174429
582076490
1627896932
78589778
296497459
290485531
747110106593103873
319023555
2653588636
3608132653
2355505489
208737471
2442042827
631037920
496144415
839588024
747076202653974529
269272897
1226247950
2661828862
746584232173113344
2368655880
4925917429
2498492672
1966496689
3128811688
30676480
2972918110
367578934
3044377163
536484128
1952440856
4895079850
142716265
383831611
340581916
1707607224
4756978599
1338457596
19763005
2419045200
726445605468393472
4792391722
2166795302
470569138
2801667100
2176065738
2868153693
2273313954
704158936438591489
220761337
721034335776862208
3846898642
2400749963
409918934
2866494045
464177809
2523824771
87459069
2217021564
465744023
46518225
742352959225335808
120735825
113477178
2900250157
20241902
3221029797
1565665268
438449254
746395616377462784
746775407530213376
550988463
2959513847
45001632
450844757
179053641
746736616211943425
2935986955
1873124683
4910479617
28603353
485395457
382894519
637379379
595800372
4747457189
593023621
84970263
2447911069
2781674848
3064435726
739700728332095488
2361437195
2498863531
615867556
51447410
736834334401798144
2721693461
2506493200
46912029
19447126
2573952964
1175532852
738351844745973761
331144597
238094946
1315261082
3141717604
298360697
23764053
730840899605909505
724181796
18066876
1371754225
30878194
4005053417
536444014
1946750186
2517976199
581184148
225475756
717254324687147008
221656046
94152108
2968133086
2177110709
852710173
2178814483
743855400878022656
568101883
4827999772
715079988748353537
817616052
601577619
524733583
1283888545
263592293
3385716550
4657729905
793632763
730406306
138337638
114494345
147895492
376537088
1128330894
3215834483
887369420
38688852
153521932
3323194799
24256307
59458445
263722524
568887013
865972428
4589408789
705507631125929988
2468490086
231883122
2598964419
1687064046
215434354
723355713729339392
774528018
4722394026
976146138
622273591
2771099015
292285891
1517264509
35856884
61895483
3303693352
3366064175
2261054200
2866491658
1003155462
562814761
729805697635000322
3134774660
45435956
2800474960
4647717677
595800427
2781499906
131225870
446553483
2967997469
4825665400
805148060
183586364
356376608
3039559180
944049673
47606115
1045829347
97287792
740014970411220992
317353335
200673359
37523341
365969454
1046073326
255704595
366660947
4441201888
45808704
255131510
2964555603
568495588
4070916915
968415096
137473289
52066800
2466743257
2730521902
260156141
45325353
4664577857
519906742
24857856
2282325169
2148208468
563078818
742571754
1109506074
279041652
740681439201636352
26267987
146211802
521156006
93933793
464243992
41503
1731863725
2743300869
1113920359
305687738
66113642
56339365
937858658
3119404486
74874252
29310596
2964124073
21285932
18678196
451514907
91293587
232922708
2881747815
1899569796
2327095159
600943805
2829929944
48830809
144402222
1901805571
715219447
1118432066
522074042
205342456
296559345
827752232
252742290
2293977262
3273212184
610091908
627462134
2233137974
148467603
4083345322
861106778
92014836
2267891154
378091568
4305622275
3516862997
738806254148177920
1376739390
60432791
705800186212253697
41114530
183607241
15644310
97703900
83153169
65174814
1905076574
2180077060
928473696
2527853132
2206391023
352666196
2844682538
34904126
116890415
65410982
38516689
546974313
25662166
712280801803522049
1277779112
304087317
1385185447
53798526
39817493
2205008908
314168841
743497795856961536
33138974
104932428
704818308080599041
2861398994
281443741
706275235318861824
383436195
375191184
3799209621
2583758533
715534329020084224
2244568969
1441973485
206330090
744935047036309504
22285702
2172682244
4010516399
296342293
171093458
2216636346
2984852751
29329914
581113639
4292539453
2245962438
2739769397
743903604721975297
21453229
107392757
221879271
422224838
15569336
342796063
633174022
36707981
3025338714
303342809
4819143280
3347531093
2969570217
744791412701433856
3100305257
127630062
32368497
43295068
483707861
331653968
465797835
281196414
3335719246
2887033829
109523372
2405600349
2656927988
232398832
3057922787
2384314538
2382337636
2840415765
157299449
3063022203
35769534
38699749
437623164
18594951
544294439
1687486382
50314561
741762251498115072
713348948040265728
159789429
22803105
1550260369
25833691
3066066143
197843604
20845455
712257122348765184
2984008942
2607376200
173247001
272475335
135890804
744411948725452800
72928651
219819350
2812049402
3171479855
1355403932
137953825
4555461688
24773253
610330377
40226225
733729331088887808
3920249232
211109134
29165724
40971140
703910401
308682185
611200124
3225448114
190733447
2579832931
276448817
1089320576
19707696
73875597
104598878
3285587256
182491034
296488087
2269160868
761778661
1932051282
454183996
253340878
149480121
158128745
3184136223
214430326
113997503
904873177
22110622
331784589
822965844
359367895
210908679
2289779070
968106918
735574690413072384
329042153
2940199911
2790218996
278965424
404415839
380588839
463268437
1967116500
2960053037
732838222875766784
2564262742
429289139
282748854
742714809939075072
203666037
1036619071
141551405
925722523
2425270901
704380756072607744
15230698
111854993
97560727
4112607921
25065774
2436582194
727864025405636609
2516013102
511522177
61526729
23925743
923535654
361842768
2675356905
449297401
4084380622
1628582053
19546061
817748161
71917879
4757133617
149017177
17692272
741634472622297088
264409941
189912636
335231618
31214301
725429044754452480
29223470
4286096428
145366029
304018989
1244777336
3533108955
2756758494
101004868
1575877765
279712968
78552309
500109617
3062903075
25859554
1071089544
116167839
710958245934923781
49216754
257925470
1556280006
573426283
3335131665
355786311
1005791928
40640591
4605181887
27117538
729460172633018368
261194183
69549003
2370016871
557985059
15658148
48774528
1516656360
127526874
264715056
222399404
77528520
2157704211
1073883092
3038582997
37477383
618592029
20727282
302152152
1499262445
859471706
52020962
1519289760
2921708193
636313195
2647898881
446562813
73123737
727554633334411269
275757729
109005018
222520757
2566919207
753615085
556026940
209720710
220642781
1157607529
142698328
22622603
30437773
467411959
80104835
2927420295
14541794
710442892146429955
237831256
269775390
24923173
3154143329
50338182
2175926977
92805937
535141153
37910730
341180641
141176695
609915916
3058701
605338300
718518515934867456
737049621411692545
68141680
3235431271
220182378
1428687068
215289838
2494270542
36718502
436663600
1068289200
3409076470
570819830
3389387561
498807294
215259089
18474493
47598058
2484611612
1593705841
713991258843254785
1097239916
1516074391
2860918688
2653495750
552663222
1693145976
3321579586
424178766
280983157
2256757847
411838732
172529334
4427775077
1562708090
351104866
456030506
3254638967
851799828
1595344146
747559554
95096236
4459846414
861338929
84440344
373470754
34747058
732581671367790594
181722361
2459038992
59016942
87820993
2985057719
202388514
47056173
3034455977
498168629
145629755
894024468
2848241187
18719174
111335981
383414623
710752053
725078689814331392
91970951
728774744
801435054
2778175941
3092166225
496455858
626013255
855561139
2883160337
3940810281
75546649
216282376
742475305231613952
23306557
222747621
247411887
567588921
1447442894
2493167477
534702677
115187823
2709641461
2853594741
92099758
1685209489
320228723
4689677052
3847071893
39029548
8056212
27699168
240810877
1731634856
738103476270596096
21514203
115389800
2955472858
27311495
3996565335
2469172010
2445474685
301396308
2792022123
250758464
21297298
279974512
23610088
112217165
48508697
88271339
1851852362
716054518287495169
49905481
234157789
2231877656
246026603
3345715882
714799059815497732
714541039
19623638
134196574
856974816
2977381519
408684495
2912116595
4150665629
2851086096
20622423
431450365
453476690
107516324
1355658734
202801051
520781000
40979176
1020361044
3375499960
4899517018
2984268267
292282924
23431906
66873
2770404011
312216288
1273133683
302621410
136228795
741187409279324160
826147056
571140887
196336626
16594263
971752194
1865669016
1303916635
4166765855
3014346627
742263641609797632
47412067
1912397948
3298195196
1681814060
980120262
2262287206
2725396884
155007460
81564168
2176670048
450626289
23999768
2333734570
876429613
2806205453
212095325
60690547
3651891076
1549279375
208200739
93600148
456449488
1544300772
19940585
130847013
1346817248
23831891
22607674
122060905
54264227
555342296
2516845228
2161011608
2420839610
741933318770413568
1000599978
47678650
722192118958137344
301692393
4692128532
581634292
503581872
52483961
1941594630
2345148185
264840540
19938015
741608917331902464
4166394137
159232735
715613484059344896
20400324
3322677364
3152549541
20937305
2200248479
39022746
3301004339
733716133841375232
238465847
1854813624
34659077
1382708192
741609133024104448
323891062
45610785
741694273754660864
234838967
2951409353
2204739529
79128230
1732853088
739504245729288192
730484429882310656
739054182305550337
3348178510
706927670530019330
1724936154
880559701
303326914
3025235123
487569673
269216725
129458568
504265967
454398804
2827551
344733983
14510296
3902866630
740609262603341826
317118144
280893527
19355270
220669402
241682384
380379543
320356634
363902481
2485982338
541282575
4472758468
27645239
709879230121824257
1375570776
21117930
75371868
598797207
1066329816
40213578
533595770
190219859
2982601510
600182567
1275759283
17538263
60297540
347778159
407064559
4780462409
2867227330
1321056338
1609040082
2267861653
2290537827
3414581475
537207393
719632474490433536
20468785
694876010513371136
736295862792491008
309932050
3439218406
740998354163879936
2348989980
104963223
2168238821
1351214232
2171227403
4361009602
19304167
52815725
541815276
290470743
1380089682
368361214
1433402820
280435630
383172858
1535937890
19297762
125143408
85318529
1077775832
575512442
1961076018
44447528
2589361761
22534780
454274963
546333583
281628104
101538883
1470631992
39130815
15915055
740644817059872768
2245951949
25704914
109055326
392275233
754189801
22315879
740951464495976450
1044423907
50635696
3931489523
238513115
740903403006615553
185586051
25485415
158175333
737411841031311360
34996930
2444980605
487259828
533057104
88524882
1904257236
433661491
53719991
46377664
627555129
839779261
152690089
20056849
121227951
1582625142
168086898
241976936
102181780
2206608581
2525017267
417328126
268324678
2199484560
3051048804
95085462
4841554299
708750286718947328
35266594
735834681522982912
99972635
162438013
14190593
50450901
159388962
1250209789
107835586
2747002488
85093197
4851160505
2284208131
2512808996
209449271
2787827798
396439354
150415208
1055020854
4810512147
198823022
3214762587
26863489
484031114
2465952667
707025176
30200087
83674292
19707932
20430762
2770193447
1690960651
3057119449
521587657
1653325574
168655936
390976869
42916620
3054321085
306981326
546937488
3233168009
153530471
894939414
291957772
2808833373
2274763260
122967721
2805955493
43119982
295279396
189240950
1224576229
287067120
736952414713024512
627276357
19611218
210453088
392942248
179603323
22139318
4080511754
77830170
383151338
3646269561
618480447
15300331
3825163479
14150382
1978117548
894035726
19356161
2434221790
133035993
260739797
3073625209
3151016726
739764816827518976
199418921
28644793
315989062
160999394
2225289911
2363254081
539424938
771698
340292472
351560982
68108520
20233184
453409810
309724439
103924833
192517366
855158468
1249872930
4882353865
23583808
19340295
1397388086
356254634
30686390
2977403645
951844008
341983918
113570361
15724519
2897977700
167603204
410971426
2891477268
345715168
1191058584
724857918307328000
242869709
431028558
2446147332
941653776
427785670
594908413
2733258652
727605361574731777
3232042516
155485841
83552893
309605202
247646468
254930204
134015892
3307410326
20104360
1540845163
861760262
3396116080
295283056
141121348
18881684
381461925
257927934
44382005
1647785989
444108887
815579670
272394958
2497524527
494870213
2888055465
71601470
342138494
1308452814
31554309
840451784
471134433
21293960
272314285
261866485
66395248
2458167027
3770755101
848351214
18700576
782200543
24663251
257927322
331535752
44871018
737132205198217216
247487214
16009928
224685047
19658667
469305986
3131806241
3311607237
30274064
2825945285
269252372
18202405
23976603
420383183
1387589623
18863186
517949393
836242932
66824626
455197948
738025896523759616
3607493774
1166425788
339242319
351706579
972892932
1360692703
514558151
1151529355
365389397
36404923
24154470
2264188760
17940734
1436601709
767524136
194602808
2589275959
1601863453
1219856118
325148024
292599251
24189459
2700141376
618286043
356181950
133457114
20761884
34442197
4795011116
18365890
20087944
3038233909
145999425
471045471
2235191251
360832427
2795864802
3980656251
227376549
95334431
3911313863
274261801
5371602
718760365
103052162
1568151648
148697242
1107124442
513132288
388307289
126403543
430962353
2972829579
1058954924
3331335129
735494216151764993
750734558
23331848
400620163
729892552921337856
233702728
2634081279
2723900472
167109929
1622980202
573556634
706387779660414976
2513274493
4438933882
251540273
4009114779
42023566
29190096
19127735
1317327631
164978687
3409784121
624761978
1897147387
388081187
20445070
231951598
85059192
41558863
19935209
1263871698
355533734
2315553882
48765562
6415442
68200427
204456717
3420863867
2978919971
610984835
204864391
2333274337
3107523467
1333829496
70945429
210747366
28813876
2602277616
843311178
265613662
1957574972
3243892264
27058114
147943829
2328396112
3291778131
3308215270
390324823
738475987768356864
2965120607
2847781366
3341671271
611805746
416954757
37299571
1160803650
944780454
1360265197
17580308
2392196663
3298817422
28383615
132534327
365752751
2726013407
2186354902
846097202
427745861
3114848459
334702023
211639555
514300003
592094310
713033535548952577
169565156
183554559
501001385
1417983990
4056085643
2447044464
18914379
3091497771
20266002
21019510
2889364467
729344185187356674
86805411
338938389
19677201
544762044
4649106135
3018275674
236886636
865170330
20439317
621301617
4734336653
147179158
19436162
356964669
454171602
2563916707
967634335
131887363
140467741
298015898
732428143345049600
20184619
133222402
498965191
1057645927
721749284195012610
3526654415
421867502
2667650653
623097903
2377348430
94811454
456813123
94152234
710913518036492288
1020333474
107474916
414916035
915437959
265531488
148315951
15791185
893290304
302099811
2301214351
20698265
21544316
4498776677
371320294
293030852
196763544
201485374
21286807
1323095618
100523157
295116467
4587940649
705614177
3378930838
780656598
187908917
1729085472
552234067
2549178149
434856247
1020788340
237686364
737734508552855552
191910866
1632250956
708807094942748672
279046390
94054694
150707948
42636516
4016286136
220197973
242278406
219319490
425358488
61469709
756995510
294149040
1070689334
19491780
19698191
516947034
233302360
188143601
165199698
425679784
2937063087
130561606
2872790224
294130276
29875002
4348991429
3243647722
809234048
3125229772
28842075
4871836624
33985458
522176119
18718444
71904340
344180712
172787572
2382100536
315326824
270347262
109316932
59409837
2865160579
720959797
4876986197
49466535
212940268
143450010
65656121
3291263751
226950861
226128868
2217401528
737290434901377024
334249230
449604286
1296939096
703327701642387456
714495787498078209
2414853241
35585695
2466792789
2165560730
298156574
1272119743
735380578883796992
717449844630142978
339588773
372267092
417001727
1420745724
734062425792774144
332718371
140541736
354476922
2930394369
56126887
55928606
340961193
232678279
3130262306
135895379
736509495518564352
21323445
136907130
232904808
585743498
2936819559
779868810
733310838040350721
111799205
437751408
221106890
407904114
3291848746
20393816
716986869033091072
3294965590
2431346509
472105019
724993890504286208
20198236
1903542049
732942246673317888
19937076
325088336
3260524093
715567482724032512
417346150
164212122
62421151
264106403
2884079855
1292887693
4874289819
694991652943953925
77591734
368522824
725311206874071041
1320859868
280879335
4168045504
390660440
111083480
23299659
4233331288
415662030
158130430
3401107852
149249558
1736273936
2257035344
557154551
90399292
999614750
2664805324
20274660
731492482303840256
58045729
3001783239
36032739
736671153314529282
2904950889
2998613020
712123542
390971934
226981418
727768394
413010642
733970250409123840
3012196575
717840815876399108
302095536
710182798691332099
115547016
463017102
273616716
19192221
2889742755
55248954
2691357904
26141748
2409525138
104416438
19742250
365995195
3863012833
701804140675072000
204186405
108074347
705299120
526625527
1399830804
2312154570
46359538
1519619815
394069998
390914751
294141816
874160094
44668755
27844518
598225449
761465239
734786904172826624
163110055
95903032
2860117299
304450076
623132586
2815370161
59085998
122810135
32491529
2640526078
2355353706
721711879
1219285818
2891124796
2869293189
95342182
98693676
2513836238
2067761
3434366362
47710707
19419662
1519176144
140576310
1514258707
150975177
74722280
23665679
89293722
2596501422
133507637
352365196
865361665
17120611
19928836
219403442
729078948974465024
18309601
600392527
18758463
2303296542
1318205053
732319035745009664
707181521
1115465748
568437023
330196261
2498902771
306195848
257575363
40680010
55569926
1154777431
2428733371
558006979
626615128
3313062525
181141322
736135580673843200
130640704
3524734041
3060403579
3044869781
3365784285
1686552499
361888509
79169165
2433704364
50039397
2427306662
2412818184
37751441
3014234895
703668513920172032
466434370
215765784
4466304873
714820312219664384
89927693
28805353
3027971289
67297047
2569193581
51213279
29296237
820134289
2416314137
709343868970475520
762042924
592565816
4796735357
416477640
321288349
244042913
2444367467
458900908
702185161929179138
2851145094
53042302
1428854809
13340732
68698806
2905082535
2351478066
19236489
127296601
360049173
541002182
24719891
2779333756
229110809
714508451037192192
555281966
717756974
2473311
1148610157
620429733
281752377
270287767
3400613865
241687632
2982939826
272930351
289310949
348301209
4878161117
54710120
738134660
3089851438
2979784594
3843246394
936377724
749497375
1077406988
23084631
33177639
283195193
366610743
339888225
293171099
79659367
37965132
3134697017
733358990990659585
999734545
65750906
299929232
2191481728
2818791815
3308665527
20410680
225566789
340596948
3930820641
581386893
479641007
970413582
4842372993
62006216
315507174
25873465
23745448
1036646486
2545900439
22650004
2302837568
735428110917722112
40054474
51573223
2964011776
3390853785
211470072
139523601
117382161
297954089
3505824617
917105298
735087572280594432
58038410
3385028919
711148013998182400
728639497
194659403
2245219983
2986324431
2970569441
920443088
544493671
168127073
3465762317
3407093518
3221105471
269445132
1096586868
228415679
619227494
448853803
595378643
718919426
505033083
273582456
4042846955
3026854080
735228732596707333
2316913664
2726241365
428748485
2199782890
1266261955
2378172953
1367538986
919381514
2923544535
495043092
4509900738
2256469700
542322040
294075128
2675910384
1648307312
3381852741
285150518
154479746
357431915
411734503
104464893
2265753759
594397721
48904796
3342807946
591538799
482164086
65577137
579808127
280581960
60640662
57358226
294276920
183850062
2546008068
87834293
1872245198
1183412024
2371858808
2421874070
17939865
1332230832
612837971
500834725
734516370600251393
726054996169609216
2860969208
3002232128
925717644
39219295
2440750086
2831681215
21297878
74581886
4192636125
1348937088
4217783116
4897482573
1471178664
711479677496463360
42202400
727514279012917248
2824815730
1306220892
465832618
712187539226910720
394190381
734394223550697472
2448004304
1709939797
252535437
302701427
403275379
2412926268
236811381
3119523454
734723605209186305
218300437
344347135
2942422534
4845031167
713147549658521601
19529292
36634949
30986633
2310032311
70104455
22003305
20373578
47693163
61260065
2974627510
4866451906
20063020
166731156
286723230
134933740
314134621
70973133
726478839765958656
2213840824
114598868
452927895
30015904
173596456
268862229
570976123
156680202
2684229292
3660127753
1491249631
198525207
4171713190
201796698
162657722
251638527
18629308
69310274
3139669787
353289972
2887663011
3403094093
459954125
367273527
3258546885
158145764
87651811
319591512
1204001018
3008521247
16680421
19347286
1015212848
2957862936
117391165
22282262
268762600
341677354
4832738709
521438929
319545557
2581603226
471963479
711834587111038976
1860399912
581914827
298677977
2182197452
252205407
726336579770433536
191146992
2521593976
2317678279
19142847
72053676
138507424
269995194
49157283
567405245
2157745426
246103470
2724548170
50805915
76684146
258945409
20326538
39718247
169440289
463051839
37928746
29191089
1022147078
4921118189
615226540
238298521
889573830
110160171
182273573
60034595
1206012114
2303382470
3222318767
715010454
540740530
303162979
40105189
1932213319
2622619169
3246572241
199294154
2984774753
245742125
1404087277
897054140
711348444183588866
2269948631
1093346808
189283997
726886205913223168
51175773
138155662
93054398
34259797
220660844
923470736
156992025
1865005212
2225711774
2606044383
3230189266
189637229
42051315
422461282
212242072
1338854180
2909436593
3056392245
3092110295
208166202
400583994
21023508
2195504660
1354954604
57293852
3989451862
712158376034226176
2782301414
2159353829
215615409
71211212
374036416
139012934
703728059678072832
74186213
726395905226727424
58784259
490419761
273557823
69678451
2528020694
27313203
19441244
245549768
19992008
2432402623
4569125721
304628678
1731986832
128069529
117393891
213707205
394509001
46862150
2700018842
2542406149
882839354
46246055
4785055514
1077873228
4473852820
460178045
24202652
23182594
732682423176200192
318351499
2644269548
354567110
186854449
97644019
936998610
993541596
264155836
28533871
51829519
560481984
76062469
625921405
89568827
712000889427521537
35472161
382255111
4129875719
118457123
1206074353
3156234798
600117552
731490271733686272
233879574
247972867
8017162
20081680
4794756612
2892068073
293588362
22914617
2598531913
3394205296
2947593911
142851520
228686656
2819502153
2659387508
332332128
1608584028
453360582
372373925
724902842344067072
708573166700990465
2686892396
293452555
3588272236
2948564697
249353130
722442242229710848
241485471
833336864
256451488
33962139
217705537
375004670
90784014
2169996677
186547842
23934700
3119352707
338449533
29022042
15403720
236112925
585626954
3065445670
8905482
732468799933288450
2571972370
2483097797
2809199665
203179490
302869965
474285174
121140192
169839810
4186306797
228121926
549354990
3065793293
47111947
364491370
3233633442
102172687
2831758837
326972221
1858093328
720950350899978241
54694493
109191054
707324205075984384
20609567
1255828142
2884969384
3439137719
215154964
2288462990
143257803
1608384800
589971411
48982364
551467497
561310857
227117166
466504508
260979286
481662271
4459129949
3710985329
3111482895
102472540
401638137
529307284
563814929
709635055
41620898
617229755
308694266
3234280432
3038078693
27062907
1362795199
3644339301
26071463
3534145156
721660299355557888
2457530775
330406637
148344309
426060097
600419630
4854318359
278132418
206501348
730514125156171778
2417232973
144491788
433482267
1191343537
302301391
21350367
431643826
1246714526
2714606404
173692166
2843638851
2464647194
14327309
1036846206
974796170
434899582
4484411002
1109125117
15144674
2292157589
27718108
720664077878603776
15594857
3390061349
88560613
1395260150
2460749166
2370724255
711696765251133440
25060466
908519516
18249646
259446274
39047986
731441978211192833
1892910552
465574088
2983935035
2924524964
303593922
731909022970941442
297474121
26973058
174672235
2734291692
718117291569840129
363724934
2537014331
492029642
2637300398
729202336619474944
22634280
315187617
731150781915762688
51876702
979036910
14441761
20252263
245517168
38775745
776643973
16805438
2530948763
3082261332
4855220345
580150706
1086018350
396100594
23046345
20380579
489865275
708426867745923076
716510182
56357262
1332256230
112696701
342105433
726922107649687552
136576927
117535970
4165273288
2950123732
958416602
218123157
3296583214
478554927
19839045
139806280
1403337457
86625358
53535141
2753793825
19960296
2202052600
315926848
3484321577
468421747
729014320831602688
54954147
394164221
300499591
18838687
207261185
196188460
219670311
26309133
1400345472
109527788
2791341725
3026398912
3244970475
1198734289
729257795753783296
309750590
20317337
3177197411
3254524037
4557681555
715882955588157440
529961793
30956013
22693224
20162928
1573138050
500308729
197425503
304968346
91637000
4009450228
728866126315323392
74165080
383486561
298745117
722407306227486721
24855700
3115316716
65990435
237984820
262302919
4197610678
1463611489
30708817
2211360548
703743142772744193
248905682
318072585
707160955432656897
19388017
1280094038
3359261344
272647301
264120850
21868093
89534556
2736172558
2754265150
303414800
2700947632
3833172664
860173224
2511886550
2731065827
2996675495
721037573343326208
1888056626
741677083
507062585
245957854
63679191
40134811
26381115
4517739747
417916672
966214322
364763851
33058317
118355122
67881834
603788468
2788937187
182793197
2964211145
1376366696
2252017892
204076727
29960222
81607832
448974596
1538183054
151577034
84448379
17616581
354419300
269902962
116847269
913310209
376407000
762141314
21930401
479351538
28641770
729781265914843136
773276311
3165577929
713058193
3184376085
349939733
407933180
448839661
447466878
721642815458058240
454002551
216424222
185553226
138182156
31153607
269713306
734845488
302755288
19190068
2773891929
20124662
559389590
124776105
1633645525
4805402415
410650472
14685697
456058756
103229218
723365032667418625
730581540103655424
254071578
725152240160350211
2780582003
449115403
522490128
405794966
115681686
430019208
45218255
21750761
342121734
21082854
1398561
147308696
711215497396797440
861431089
110525656
40851808
21706126
4096528071
114762680
3564091395
98186678
570693830
915421814
961980751
434184087
265556439
315184730
14934886
3291918538
428936303
2957468243
167191788
3127732945
496881111
246932736
496949367
205842850
267736427
2275106422
93604679
610223344
729962497587974144
180287537
729407381344497670
151101551
21862594
3431724099
2731242646
622741875
117767383
3241071671
43874073
337598451
385286498
917733559
193290168
4664436735
296212947
21790700
1222151
97636012
268850210
1277740466
2753142960
408677436
701075702314045445
1183646353
362577318
1042221134
420441592
3945156076
2371300757
248157364
3418036983
1354789608
4891553673
728627392189706240
62413804
1975775394
538330611
1180610341
3026147206
111048814
254531993
728589896689065984
620103177
805515175
383866157
154350597
728976735899897856
305502754
700953973667340288
57065664
80935472
133385126
2889640870
4866757625
21333176
209536300
337371575
20979015
3329090541
390924953
22064111
2203049614
563413317
53071699
61223380
3028072109
2165990573
402008389
720703100500250625
130811704
2997203458
600440053
36022589
2994192851
284201137
2875804354
159279611
727209431566565376
166260252
20214757
2273751676
138454537
3672049996
733031324
629441920
19915728
2178484671
3366587476
405418871
59887490
92612015
563271108
23670524
4870877745
54957474
1719931573
2917051994
272575388
2564302860
29070322
715368524256923650
191383270
417812149
1719385400
20990007
182023453
266006051
1696166857
2318119938
235461039
3233557410
1264602662
350881483
3375751623
4899026043
727182822423846912
23970338
104266152
29400624
729457382275874821
1697614992
2367017985
635804991
25671636
1198818805
566314903
294025106
915475428
53620920
15689936
4195891936
876526854
711159050826862592
879038035
2391474088
2202251015
231841672
408445751
867653760
2978306963
1907248850
414747821
2714320727
83889685
241892154
3365669039
720098948736790528
987130032
609583161
4600661663
196580812
306214253
402996340
237488620
3425604166
58033602
1380604926
300187752
56978179
2424278549
2804061972
22157542
1554985800
3041229568
28180221
515619662
2527492397
6829892
47435872
227034516
2765571
3965029786
498296732
3004212106
114904239
4739525837
728727021149405184
19443658
716714962857627649
215565623
35884443
2294294902
32132970
222825451
235172442
4385104707
1733127098
19656438
443683473
27851796
3067739225
1452169772
38999649
337456521
153894447
27209619
2650589720
608033428
77437422
2737998983
228412147
723903587915538432
1304836548
164424319
3387271385
68500617
1079240786
50228468
437635075
302533972
475705479
860487290
144096365
19604028
232805732
4507376313
2228440362
943363039
20230381
3085297142
1696063290
32456965
55554468
2424615233
930789798
561558519
1632728941
3082496471
721429908447227904
1428018374
878383982
1264030476
153781569
300253836
169461472
21009103
2359452691
90821638
127816218
1333033202
20184115
40045276
615096472
3343738493
3004608405
587414782
50297938
249913005
55182051
16181564
710258294
27233066
2509356237
722799955
3379444079
718229799152545792
28434402
472475366
2466043429
127492619
302897562
61739127
338728866
2782882699
2849948908
727606762929541120
1944843248
62953026
249613529
616052394
3070914034
3368965553
218132696
238738326
468736390
3219740900
175021308
1307136865
4005289401
41482051
2803913821
2748240700
20459456
83682653
1116266016
726865333030666244
2823992569
966220742
18395578
398737585
19063664
4077381023
724687724242984961
725755206978383873
920143598
2611596146
714873542261743616
483113670
2168155795
2319921096
247684341
625562499
3302527504
2683110150
19483115
1185928453
570431268
362120442
724753970422534145
1010917406
1354570123
2522828272
96571134
321228233
163856493
338323806
2322316765
706473410583461888
845903804
327048027
2432156038
251709220
18551433
1645411039
3037725953
103016428
2807237023
3365780781
410178343
707569257626931200
259216174
2350847462
204257209
3471529588
2622559649
1888629146
707382088459292672
142075795
2175655715
703324622
19548906
710672962261614592
177220368
701862450270961664
1533559862
1242229584
2447038212
460265393
705674442412793856
19705286
441378703
566487841
30114811
432518748
39092975
99571437
1490322847
718544259104829440
1618325365
302635950
2226887111
2905396475
489865470
402772998
4122850011
1128454070
715453276947349504
321327151
1441666975
4469074996
543410327
1448355728
498897993
61731781
55291199
720391314580357120
2447341464
19602568
122700135
93659431
4684661136
4707074956
176733810
480660323
470508203
19493537
1853951839
20449481
381637433
226526093
200585997
254690122
418807486
2456773782
715763888734748675
599145252
323962554
2728618711
257701094
571698399
2892560753
3686925383
383843801
3197424982
2358924225
484963673
581740925
583804541
2901033340
2863783371
2729783909
1280657982
3072932218
726107836703494144
455206929
393271504
444816987
2907319072
3084885544
3179688406
720861832924106752
276028266
1259021791
3179168410
1606954561
3138405987
1465746666
1863591786
2929788994
101256555
157629377
565711617
4849464101
2316846631
105838665
2886813317
25722510
1491167329
3306904283
3411721563
1659507583
1398315468
618217109
629993330
612473
304461516
2838333676
3400702817
3284023044
556818121
70934368
275899327
4892556327
2336495137
13088272
623534030
715497064843464704
2196260365
3151585601
56265562
268516306
2654356639
54691902
4289590399
191372530
623119894
45006057
4867512113
38474832
4528912528
31695264
243339474
296915285
162014864
474988416
203610289
425193622
4687265533
4850561243
554737788
728588534
221909724
150406449
268878971
3102748469
2263658081
1066376958
845440538
50761364
1486981
2253809280
2533394120
389563243
978262248
219461471
248428726
400807880
575685590
263859228
274206539
328440716
119098578
2989776491
49625939
4459416448
358874917
596527396
311326933
1363963873
2155759051
1613660467
37381180
356774898
20368493
4688913822
352665805
389365635
17427912
526280942
225566841
1697215020
24056989
4788847399
152202865
1058008080
144121324
391922980
28421331
2810600273
16388715
2544723491
2505190266
4476727527
250629354
1340622774
21744028
140961677
373881484
778885008
1443474542
1941298062
3873775035
223782598
46900014
2721270781
3349530545
2977993431
1365572076
722347303
319283239
2821199591
29093208
4744484008
1361486748
566383009
870804655
719645820950286336
1832776729
2960454177
79408564
216622104
251555640
50675132
4708909987
920895180
1635209210
331827216
414853156
720489186776760323
1691801
2566787750
2513069426
4177413016
2203471135
286243372
458319504
22059063
4913835843
72859010
3303793935
57888466
19605323
130857126
433571322
19543854
854446688
19715865
17409489
3817896615
1978165356
19073529
586613020
150819421
4728759886
289823265
3740032894
976352346
714200103544877058
294824895
187214222
2708122608
33006742
205959805
326101787
2542812312
1510181773
725774529436471296
61472610
1695147684
63681843
720733526761598976
2831379947
1164066816
23227936
587554286
1886991750
1860013098
422426986
79012964
21448228
463749076
1152572244
173920972
2455210460
248777189
4187634075
110823249
337179997
2942852879
3311641737
238113388
185328327
798880106
21577220
705649854723203072
498149448
2466073838
722055850572062720
723262663892054017
598154089
4559862993
254185468
435489945
142088047
70677330
42964068
725666889209384960
53356219
149160446
166939718
79687464
299109747
1425036402
2651620154
3033169325
111025506
373625763
331681388
1108577893
285060395
3068186927
1185477031
119078916
576680441
210393854
908876389
271821173
1668371516
74794056
82609377
292986815
92241137
1347250338
2872803867
498859780
96126505
48462574
15815025
3918992189
380861974
22287602
2913726159
529962885
705171385
297678871
150397699
990802033
3083809798
21707498
20362880
4874954758
66106109
27688865
562236448
241922595
2157705814
722170198531432454
180884026
407490941
570902319
2505484243
721402925113810944
72562983
342618648
33921661
708947197161766912
1072583418
3192196072
706866125624180736
716962945352278016
26729526
1291528194
142762311
286857288
3395358839
41185457
2807059170
2781105215
1242631568
635729217
2191984092
88252860
582998154
431590274
725286773073567744
440260593
259293248
413365626
96531323
3243100613
2815118726
723827407002714112
724699764
2465185994
1510390338
4830759484
880961635
2319643507
723464780569255936
576217957
2412580496
3233864708
533578801
1131922818
504281253
1927667856
705002577595867136
354864234
696975765829767168
3243279161
275053137
178822676
319624605
863602134
23428948
1384496280
269886871
385430372
261349194
2889236933
295861028
20377329
3002821677
351009963
708661995441152000
3263253388
725004218705256448
66173189
19490006
399521244
4746239045
43910287
468542789
711259465316569088
38461961
2396070000
158071978
4027091295
3073204097
456080311
451744963
846078295
2491232172
23222229
3026900717
884302994
718478091732021248
542643049
2869480527
2291181
247468717
2712999488
248182269
1155144398
19457471
42910254
426124263
20276017
480603709
32965648
256676266
356909416
4823590463
2830600891
15248617
269910752
942402750
368299461
2360810699
2740871066
57920735
58058688
2744192412
2830326970
409210532
2492552898
625035796
165113123
1872529650
397990778
2769922481
300658946
273190130
43557178
2946784707
340567327
619136804
712700846128160768
70548171
197202604
232335155
435198956
23713069
77894399
620191916
2973482799
1190619092
90463579
1048632992
1920611665
1975182726
115142697
487917398
350416899
16807371
942850260
2533094488
346778903
26717286
966364752
274643529
3234015038
3065694667
118015925
723788552090312704
1024744160
285040719
2429210984
713094782483042304
566536507
3353703262
86788348
28106048
4881107351
724250208666812416
384732475
426148586
456536128
211991046
473108973
3240354741
718469005447716864
32916898
332281035
4098447160
2591719868
577854784
767566980
1004425164
1941159986
1088756190
3511990155
1240108044
2716100047
4905096683
602673974
2975585836
3221011798
220794069
3167566834
80948391
809212045
406310895
4808515275
346650872
5407582
2194029233
574856172
492478151
3421352872
231390130
28640933
159895276
3376085296
2425418960
3105308795
47733149
1403085170
623233938
2429012651
80943338
1007359958
25734482
27640649
766622924
720885289745387520
2979616480
2499819283
2874850263
1223389308
3126162236
2785382428
329203510
75713026
521713321
2282011757
3337501067
586826311
2770231725
22613279
288333829
4846813625
251346972
634805150
823547468
1346350202
4921104063
579196406
724231131873333250
54599829
170270479
2167619705
3420740753
1063076700
516493122
4332726616
3298051942
27485335
9570042
3228178671
2221907575
2482264020
471043083
22472880
3635573596
21400221
1354697688
943712773
113309450
241843227
1452720702
718052214967767040
3240124383
410313865
719637459794051073
35576240
4477476861
66402183
228953339
723917605644451840
20841930
207886993
2796707943
417726266
4497810863
615985459
191018886
849786283
2804447746
353872365
198836236
29189299
141147000
319860569
702200373172428800
17166900
345401648
44547422
1080207836
381708853
205843793
2730103281
351638920
2413077298
54895280
1886935304
134058637
716009929
221699666
131151891
407958791
1442292626
1040570978
631523545
1452081888
513072146
4819317449
4818655593
139158404
233364770
20585449
2999986390
707980992569413633
493396997
55896584
73453978
761452525
122508689
305818864
1849274167
19484003
67000962
21666641
4892425227
302237917
18891281
2745367729
241567641
2807030808
3381851595
3366081063
704708518667030528
106440613
1296377024
22135000
702624107624579074
2244783936
249623582
545060300
501139438
702250695265808384
937019478
1320007608
21111483
726807296
4022223623
21088402
876006139
2845071124
569872967
147479994
2183855244
3221312014
220439934
554611431
551727207
2995699426
4265745381
350398171
1581764647
2984970719
566688127
553578608
66109042
142788841
227490287
17800138
2496761904
4436157194
364842479
717303062277259264
57172322
3381329679
105884085
736567500
103930553
41326943
475136287
1924165885
566054281
722756367891628034
37258066
23126884
420326282
698558387408207872
81585046
351430642
9692232
72271128
334220117
2154503807
1259906438
4502521007
22738918
20718012
3399023392
2323919746
28407302
363919311
1943978378
91457408
2614115418
110386763
3243392015
405101548
68452043
226297110
211626586
240739147
194681383
249634320
34919823
701879937645600768
111966379
188411123
701397373000556544
713040477717659649
723061606930763777
77809126
700605327146770432
2782749923
861036739
2695377696
620336247
16134483
296991343
52731955
1466988828
709716856643395585
219805337
46890437
101033865
2428873537
277496722
109997374
20781568
961706424
3289989677
829694792
21185222
391740160
18898153
2791134113
53756721
1607630048
587436173
787012
31371688
45644706
2556984030
2508479948
2250489164
723069532051398657
26463334
728039018
432536952
3420193798
4870710705
185215596
350492162
116743921
2392520408
15849931
99333493
155539653
870499412
171601424
294542390
71294767
700824972298739713
3062132620
168086103
21178239
107122589
18020811
41128559
104217434
7377622
720187280867123200
150650920
110550982
173986892
705339238947155968
4076115688
945831805
14621024
138321092
837213306
3935464941
15082866
4111013895
1026030337
4912226817
289889315
1111203660
175786071
14490056
2837244053
376195275
441193606
454437294
607245206
574843567
19759950
19292046
778394024
3228339754
250306638
3293873937
481356392
102071469
4853235815
58836363
75626724
2159266508
2431660760
460342171
16450754
498980661
229083445
149921892
194488533
52383345
1915001826
3585528803
381180083
26983392
9109122
83130849
20141496
3058582366
155968675
20099286
2343558074
405860335
1014025146
4252846115
20256635
2240793109
17443185
1915214856
175004356
172687156
1198211095
721280020199665664
3222096079
160865889
96429355
2338318285
580942331
118080620
847517054
57560212
778430372
4519101694
569999238
186393791
337162698
464787508
192214926
4739167201
133236916
2222873396
2354347587
132136847
2656977731
159968966
22347141
2545581353
2452797633
324336650
950535960
219256816
3173624315
4747746462
156772237
1221260545
266167439
723049528492957696
1734717404
1320937494
1040697157
91858986
1134262608
259409834
31724273
575320662
910637672
310805852
533647675
352597163
19016758
3248881547
273659472
21199408
2254731012
3258350187
268430219
3292733958
2990529982
2609201187
343629474
1618647182
1439569298
2662418768
23769448
454779231
4860301318
703999861314691072
719991354370232323
4143395536
1428792992
3135565264
169579676
79744736
2846809907
20084464
72588170
3003898965
461561507
2182009999
19904982
2734662527
409283000
40006693
1136651300
595473415
93038198
131263544
168995856
254079426
275896693
54323291
253941749
3339127744
306405992
2981054716
176411130
2452970067
558770692
287278342
632915700
249541320
2388189796
2476166022
1201792831
80713844
21235736
423631989
2585525250
544990828
59430896
1530472884
21772748
295899072
245743741
2468753555
106110469
2525601571
808662330
237730716
608430079
3377406406
