1446376116
2525333305
271339406
114536766
53074540
25275453
2829234094
75896448
249645086
614295278
920078678
322584889
47583917
382183909
704325850217447425
1305556297
901645195
61183568
237700394
34294667
4018950569
271080643
368495759
252531143
37877460
2927080755
1567967160
3072190684
220993394
103338299
1513350326
57140290
394500556
2280386702
56517232
279496023
16421475
3095689218
205376780
1001747150
4849464101
3254781994
1090129658
1197604950
146407746
245499504
134558127
28405465
59083893
2251768224
185116885
112961086
2485037430
18009307
20058335
78034330
59417574
107048196
14856951
3654152537
114718372
390027882
574531972
494311090
361830564
200057646
34280196
67301110
20859391
47646874
95148130
275673712
1860013098
557227024
3292941550
475678078
459395880
169864622
1963312058
2729705377
15342208
481489755
703248583500439554
56372605
22368856
26538913
278427495
254069879
15318242
14476016
399330493
429155715
2809611224
37072353
700989420648927232
460163041
623097417
160145323
334777310
15309153
84290320
594768018
218812123
2348259726
153810216
14998564
3394187758
47978602
1524280776
441863428
448798907
850859796
1424218459
224415973
36383320
331523226
2795660401
24758341
329818631
507666277
351450023
9176452
301356662
282978287
16681111
233918728
1389085424
301336546
326071800
701681308058128384
159045003
342644076
918766670
83167966
413148416
15134277
1923776676
994037996
1489945472
1860699690
4897392039
274027851
486695763
213722937
240339489
85332038
2408785536
33315010
4053142828
3429845457
6107422
20508535
20504043
532247573
721588955989307392
740424272
15529670
192231325
192993369
401926357
81838067
1280712997
1934463319
601086356
95721440
265951480
2343445811
2158597844
556837762
608941142
598783710
2591446506
581738834
437408545
390749526
138075752
399394432
601310965
3151723815
22916527
726322861
116729780
114473650
534791948
19150863
3014868653
272019676
33683331
628286960
361302333
18319313
31424112
123979525
115865898
789548360
351524987
380448495
20237435
411066644
65447322
3241971477
1086800462
16396695
69549823
3129707609
56209697
380226093
90627994
62958239
283450222
100520303
227478974
2160968579
837846908
216690085
80862758
2166828715
1897437001
707191709306851328
415534154
710369297600790528
165140934
16080000
709413460065570816
20652930
1652541
1241258612
16973333
161307853
2429068484
2599604072
17680372
3044880371
204279080
256172543
257516506
45542386
16047639
20596957
4832545726
125995973
217752780
1060264448
2650351980
98367934
329719507
287734326
66978776
46114448
484013613
19908335
112729477
1363949995
257625577
4469878469
270440189
137113968
3159395719
206157395
52418188
130120037
93007974
2838483254
459092531
491327447
123109597
2348343486
161636184
458223867
1372087674
4860301318
265486447
34898791
49950808
2474044632
312755174
138353256
4265287995
38675236
304876789
43001521
14569869
20543416
24154407
20699709
16558943
2420265349
3241779670
3253963887
2180126766
2977900810
3291113548
4337331629
67329580
1324782410
199196447
206717989
2421073909
3063825971
385430372
17284228
234786485
515558769
14085096
19855612
2491959660
4634702369
78904559
25667702
3178981493
2289956294
305520246
462125535
117773253
44408141
14514804
138717046
94529866
48994998
162473641
2194570908
419495021
415463107
67845090
517527227
462747348
48163821
23768867
21334179
271993135
314132586
1869245412
2982467134
125604902
309824548
20668369
150400398
19037859
3749486309
3092753140
354199495
56386566
140824901
175397167
260169297
1001408503
191797566
829315062
591776330
23563830
141952418
421041651
239957663
1400804851
25091518
160597709
2716631893
163395395
4481499677
476796527
60611314
385666260
2974636437
43095041
225022310
6307572
57912620
263083479
175072012
523054177
966202105
299638999
80848486
34247411
125351426
201631606
16003760
79231168
1240391047
1374378014
207424440
48743135
733031324
19534873
366655100
580822933
14897963
3302715419
20103834
400179690
119679411
2263353482
3044834795
3243888064
2161536768
532337396
432339268
3330128230
2603295182
420974358
537416525
22558481
439437576
1563454808
193866353
3391699133
3309139420
24444965
209487731
44336107
633914814
84339577
2328672877
2382598057
15662428
18519972
33465375
59394443
18020811
245446650
73760208
128874159
19916763
872376721
2306574068
1951664846
423010904
17442320
1428538106
1624966351
1285819704
252087644
49355689
222185996
326709395
2275376897
1615291392
381120198
97392827
620086556
384397845
58765530
775639562
407790463
157760297
2239208599
546011305
325439798
292983306
2209479792
20770862
92719494
575499163
31105169
227799049
1192644307
11588922
43081691
1328867023
465965880
290999229
1391776140
288893704
44411598
318332175
3300566601
32429400
2969760609
121715841
613276643
19232649
145956794
372182708
287591575
3246237245
202159797
852123008
1343714233
3341404331
216122857
1109136248
194526166
56644534
570762775
1911003842
89484699
247037647
381089016
510499013
1326653898
268363951
107101086
97425457
1482470534
57039654
3994332165
937417056
550500821
219062174
2708821297
397192187
19976630
870591852
467551928
3189001238
3290064989
2802543058
225119083
3044592773
136004952
144483627
52000483
1198617325
316348903
13112582
2949294321
318972251
575160556
107398834
2383804802
25115550
400053935
1927411670
67974646
29956924
187965811
3313828853
410070653
80024060
260682807
94131301
174226598
321256898
202180887
2148928388
603126135
326563809
138363206
2603889039
480837171
348977450
3058828367
434525445
1289061062
246459126
4054238057
21390756
211812390
4002354815
3257067453
61454352
3390868931
1886390604
3074521792
3349158753
266857134
3434343825
1891806212
260654380
388814440
290015769
149060372
3246996364
740665783
22667478
1179383574
58533551
469182585
146794087
2999447739
362731476
57288354
259335127
84292444
876465750
819843415
1114675538
224639696
3299765189
3224176660
1120095236
14803203
344621545
103822311
40010267
116808837
2334732225
538328523
130250408
28073305
1454690916
66740930
3048021519
393637870
726074215
115359025
1392172747
2880915094
2189317336
2248860205
20399735
1259139739
188736341
23317826
3108922581
1513718124
65322179
226628399
2429476574
103875019
2970282549
31353721
15119529
871623109
13939772
988869438
21749071
2813156977
21517010
1685960502
2474568630
2795634919
181926007
17133897
386630251
225874946
634496564
253221820
81812518
132491467
34590070
1052734094
161243998
79219047
773437207
1071214099
570836581
241196451
626593463
116063765
1580771017
23746425
20840441
36329597
14808226
2292602882
871591902
292907121
1445924880
23956528
562813459
1147673598
2282740694
20588284
2706155498
1352586998
356093768
22459761
1341332485
795891246
601000227
588990700
8170292
23937508
20715956
716529672
1722640027
259781984
2978223430
2882822051
25269863
134793154
567157163
1222717968
22411140
262846232
250053977
263724998
463053348
122383497
122411538
87299315
21185158
82898546
75256411
1907339202
2306534791
279456269
198926513
413517115
56687115
483107974
343654777
1182376855
2618274769
2814868401
2561762529
1412766098
230725056
1704802272
1536229334
19446296
26203004
253230343
22124859
1328674116
12134862
414112057
574375192
1092222690
95071372
2903632683
352542511
2858735211
26029730
21856304
2182345454
2478838057
2749572932
81813264
2794417823
1460350147
2899340391
276904771
141137711
143397784
1630431750
2472172578
39219035
2653806667
217016444
553821529
269873463
2786988640
455027134
2698174471
171000782
50591603
111554274
38398195
44706837
390641663
196690048
481348615
575582166
438336142
14235503
1309747447
566585184
2503259915
2425192465
273993353
348469637
477969923
231151512
398034771
2188283340
709046802
637087464
61624078
241728130
2192178913
533160828
2394261703
2579201972
16343974
2280742957
325029776
30985664
21189705
1129132609
53237386
577047809
342810895
1365129632
2831541294
244013273
41135460
304475820
19837528
21417687
26237170
28567809
86020242
555195877
16471361
320826619
2320540429
2813522277
289596905
2178143084
2242393493
2804830889
1890925297
1270632354
1965073513
179488192
439367760
568122033
21800246
23053162
846111708
159052174
292231826
1008903236
68787846
298012429
304366925
142395300
99706504
20760637
251578895
844303778
55078954
28798667
831383954
274071475
482046883
2545546440
21304758
537087203
1269511416
485769932
860367632
49993320
68384103
418725314
2797612838
103065157
1225696320
555883934
950249762
2653613168
525258967
977250697
17469492
132577455
68349969
976485301
625595451
469280888
255542457
1020007537
26227666
384213142
1967115348
2410864592
759133507
110299961
850888387
2438234042
1150831512
62340455
3094531
322501870
400014554
279614869
494162337
889178276
1965000560
945668010
42378721
253543621
253214148
243588341
253233603
253207939
253206879
253211618
88903041
191167631
69963112
275582669
435969548
56782688
496278040
2494275865
912166686
182130508
1398205892
240262055
2446856730
962086502
220624198
2383565838
32626353
880875872
217749896
180820427
18762875
26748235
168619698
69032746
490126636
18814998
70385068
322576004
188063559
1489985874
1976143068
381062532
95399173
15947602
300868924
28114871
38863092
1696253262
433667482
720979394
164235860
2196197844
234422995
821495558
728039018
611859333
318489159
32357365
85340133
1415009264
169426475
253471591
288909699
258790331
392741474
1229952996
24150634
1709864132
1011129121
1388794680
28139873
2195728093
19590009
1337268097
1185928453
294028805
233978509
119056068
873777758
114429252
1591278776
43317911
36048614
33869695
17813899
17369110
248795646
24723695
19003991
1671486960
5694822
18036441
5695032
39585367
33474655
2194764925
48289662
127345230
472076849
143039548
14732889
18175018
257415817
38630618
40234732
80803819
1009273134
22627258
73438957
1100545699
14157134
225038441
19818348
637227338
825369480
1014267936
16432083
28565356
135514272
419622371
118680576
376775023
5120691
715839908
317018025
21986082
1929968702
26792275
19606528
25983654
923263237
4898091
219275799
41118393
18448883
185143342
113388430
18904582
382527632
47331384
1344951
20536157
50393960
15492359
783214
32456955
19645203
507600619
134887728
972257048
77965664
35704812
97633564
188291887
123946173
520259121
223622176
234743489
1278931579
83910586
2193197946
334085451
887492629
80606026
45205091
1227160118
132839879
107540002
87695857
14353202
17481977
138037459
143478208
56999787
348974190
122994639
5680622
47636400
61781260
15010349
14700117
621533
813286
6467332
95087286
586943527
1288778468
14224719
111388931
621563
1946628625
897403670
216633730
83466368
26538229
858234572
304909941
1968485966
472009727
111416652
356521068
44391701
45199793
271452947
301967736
488357978
134709477
239767060
198618575
177179008
176752492
226140727
50344099
216117520
191973989
17675072
376819013
32359921
109215299
18949452
65319775
86921024
991186650
1435739402
14159148
1004715751
742143
21527573
19904718
14293310
301454297
252124716
376186410
23602600
11478792
179888345
25348607
390686728
296171455
474163035
20584984
189090262
14810076
95617760
34365047
215755127
243602935
36908459
20214495
36974428
1347250338
36843988
108631068
990802033
904251031
133385126
21861323
144851263
207534677
19393236
157981564
1475279870
303823238
304061163
1973891071
532172035
800575249
17387332
1280976728
467890060
1260213817
795521690
273935884
473863406
93687642
418590070
2194742244
53347647
339566414
22125489
175402323
493370166
57044449
409655680
1859915634
125071209
621881413
409996301
227818863
121171958
1667467351
612473
128216887
5402612
87818409
788524
5988062
21643972
22906929
545015527
74159604
36691271
145637907
278617398
237225532
26465977
415655206
1200727465
64001425
16200676
23457487
155924984
14275083
