38143450
2547936181
1626294277
3094511231
718351697031098368
2600336263
2970373378
712277810447032321
365967401
748442297210142720
308056681
748061178602135552
82473850
750429257457930241
2644902171
267336759
1962730376
3162521825
3064435726
829060856
19980134
112500591
1904667710
209536300
732232980970737664
20178039
3094292199
2580636774
21910500
3010375853
2869380898
747110106593103873
1213341955
107975788
749537738802728960
223281772
748864401852145665
76671106
534414713
750269781761200128
919944787
57912620
144299276
35751003
746626334592405505
225245149
748558787984916480
385396355
2341266996
599904751
748250868722573312
746703559639564289
21003404
318951712
20992801
747948594255241216
746310143046975488
747075656429735936
746128189546704897
80021045
746226180928372736
746334477874495488
20675681
569872967
746430000111321089
262345867
378062929
2660542681
43323512
121891243
431012446
457838168
459484424
466443447
840003307
316033600
20504043
120521974
4882743003
16596200
735772947688759297
2879760845
22607674
4467825388
291294103
65045121
21927677
726510678073311233
1354570123
39266464
3190249186
212052023
38474832
381106127
1347250338
188332701
111388931
4818358553
702185705091571712
734394223550697472
1242631568
547600919
454779231
735228732596707333
2347646468
2513510719
2785305083
263164539
268771584
727825988206395392
2519189106
350507190
700683024149643265
4845385642
4835052855
723251262398054400
5402612
274672026
44617484
19659004
565509706
2910874529
2364669548
493063948
294241401
698184521301303296
69733004
1183232168
2826561438
1098272216
3152042415
111966379
2904886691
4568772141
3342929843
1305865530
4853486651
299160581
3020070844
2860847451
19430780
2560256271
413100605
622707172
382214611
953189870
199292289
3105163589
2833998694
3329435056
3988121745
710420318
2442547030
740352290
3618536777
24254884
2151784741
3022219565
1394173254
132905572
3430401915
2301641438
3002056342
376137829
47593061
132748637
2174606192
2998241152
3438126016
3364906905
20768539
2422735554
3377803227
26979081
18138592
3381629031
3250705197
1851435146
2955379023
884639222
276896647
2583914761
3379848088
20447743
745937246
1378596505
184524354
3239049705
337725867
15500649
1920559099
312635850
266273071
1075324656
20242805
2202178524
20686582
3243100613
240202308
162044153
15066876
109288334
161243998
3233469166
16786833
1642612782
529293208
39972057
280043022
3128518497
1294850592
2223592112
219289141
41814702
211994193
2881728295
2911289897
87032917
426168339
950072724
1087304082
2527952420
140404561
32522100
3207240287
2892075779
15116230
2371910443
488981714
727073472
2903866205
294799083
582921553
2829895029
3097010379
1016018412
305131063
480548839
14193105
869349355
25356462
19925839
59440137
121444826
2875305646
18874097
61781260
88012316
968226457
77224096
631865146
15134277
107132989
3012191938
534201784
3001499573
524743559
207632907
496468236
2998020136
3025174799
3075252076
23515857
2555181392
1412611220
335573972
2937392144
27426996
18200604
2391105248
397349361
3094092827
2967678731
2190689612
425339936
102205850
3009270061
320903052
1182556212
2584659632
140489134
806133
104498794
2567876685
177546627
818231382
1114917500
1951819237
112099070
2338584960
73369097
2153791381
516672726
180463340
2810489691
3014527876
2485108506
72572646
2987494054
3004046927
3003366683
119384544
56776984
224695229
2829688452
569402257
15687962
1603796952
17571885
501683012
732924265
294803580
467885779
89472609
1639926254
459409738
927459596
2501924501
2584463059
24781358
274295451
221106381
175439376
2510930190
55527489
19158571
53958301
220148828
912789488
407079792
48653473
1260589843
1910695800
509718823
282555587
2436133592
460100711
48743186
351547030
275212985
813002346
1627406942
21010712
1360898695
2437548163
2824696634
713529601
2242820197
2923655902
2887330767
82853372
518891781
512025730
225902793
277120302
2351512766
424935276
2917586103
128287803
2528099156
2420941269
456107604
406868695
2788602837
2893390959
1947761804
239538502
978814298
349031217
2202869202
132887265
270579158
234712502
1598748463
567342714
2466735356
2458042640
1109341447
315846713
276616746
333542622
135927386
471151645
1972781827
2463014616
2445054085
76589806
21744554
326514316
455834810
85563515
76635157
21436960
253536357
2569281655
19768990
266178979
618996329
2868690011
835608547
430550449
418902974
2866404117
1375528230
21183885
1541364193
2210081850
2822479079
2201455621
154073751
494218943
1279175893
2603779611
487748931
2461887810
92795930
583956117
817923
583879937
2458782775
2828627455
319748327
186390961
201109966
2858255548
320823204
2192047621
2695447736
2430045192
2739572425
392099981
1028477252
119125693
574339508
2855852819
1974017821
118080576
1563024769
2285521946
32049493
33465824
77965315
119035535
2783879880
2829615362
2333914695
2314464974
2351420861
97486299
15115549
2180135409
492991594
17260074
39489799
1399871112
375886998
2532061172
2818773580
2205409970
319852393
2814843072
220624198
18479903
59399240
538078599
1414729064
480420325
406532392
20547642
2797988851
39523927
66167252
1707427058
1845123960
20517269
1469311790
2246103217
1950674282
88059720
288855421
703324622
453815351
18617082
2499094898
769850520
46156948
120513326
1907435192
2596599356
2707946019
2569045848
894180960
75649456
1012157300
960872473
351634651
72304093
300948557
1186086276
22831663
559840256
38466098
2283607932
2472702312
91189330
349242145
2384178474
1611339324
88664173
23591154
351960206
557676090
335942141
557801745
456984052
192340339
2690009936
534206852
86034295
2617760556
2249745696
2194035462
24141542
2541016134
171404842
95176766
157997359
2296391227
148438596
36711363
310917929
2481731814
16044025
2362314668
553074507
1186447268
17680050
565669979
163995479
174159698
2340108558
722312533
763538052
2158850443
496800843
831500821
2474242253
1137946508
16717978
27301618
268218306
2394297457
366014500
1707224935
1863894733
113018934
2362916395
32373193
212233104
477668336
2356140852
6889982
83529162
1686160777
111272744
267739641
1428423776
271468722
347465017
10838032
53659962
20867257
718076284
2298019592
1907725934
1310300023
391320739
2163183834
21131744
920834532
39997810
234399791
592118626
613789378
178026223
2214416654
424189942
870544610
78975312
27660239
562802479
110140954
358718770
1100547770
309548951
1871388894
111065488
1382527184
2186808044
22625278
828119474
274931442
1152051553
297935946
68843876
222817180
21225188
358687243
571790242
174357608
1570516812
562904641
1734639108
42714891
36927815
1872683107
79199981
1575547741
20938985
88703900
413019210
1552734265
83865890
1216472298
17447210
15249946
15155752
1579855158
1596089281
248917352
297060976
1192934509
393868799
19086674
1611241286
142980929
1487573899
463177225
202765082
952591710
1237044919
1003978141
567401036
720665712
1088642653
163997570
220262034
222479693
235932381
299608609
1104391674
1412347968
1187774496
30500340
17483462
146017931
261697116
230916724
970801938
923608766
1262057802
317758106
178508013
391906015
260189556
270869723
110170447
113180383
89483276
123398501
434266991
233884120
261442780
442159032
1187569074
19396648
19247378
751893662
1019407560
30188005
322629076
37653495
580591810
73980804
106779124
974700907
291646971
78648493
359035936
15465153
1026645548
29272012
906852535
165840783
280484514
355486247
137316607
387807318
32343404
555851927
250064732
17195792
25489250
164242095
37889793
194972137
55459700
382094689
52422878
213698911
37927334
301059533
580920374
268285133
19900778
14291684
287163355
568376130
806897335
20582992
22643590
312106406
9650222
