2884156127
395035926
3032294919
4690029493
2865729339
108698830
2809434797
52268679
3119180427
2939706370
36977068
253351311
42609957
17907265
507568633
1617703520
135577188
174413414
2898806113
19312265
3064870865
3313166832
2430843984
3311309578
273596565
69800408
334984455
1490683939
4717936273
3053402550
159906522
4885344227
236346272
2904389591
327184784
86177206
4905540401
3130731453
614627531
3854038335
3092129199
627673190
300392950
160926944
34713362
45112524
15332636
15110357
783214
46403451
88856792
14857290
101311381
95465386
19397785
2508111144
386654472
26565946
262881419
17919972
15485441
14123683
39360648
50393960
15846407
109705251
713993413
14780915
15872418
134758540
17471979
108568373
19230601
555370896
51052182
4102893647
1426603976
27042513
1330457336
91478624
61781260
328484372
103065157
3938488695
526844844
1090327280
4893740618
618633729
1975814814
302606042
2917805117
2509970240
2456606185
253428481
512597348
495826510
2462621143
2838333676
2560611382
277125802
868345896
4775399367
415455132
429758347
523085134
2535446095
3247139042
3104824572
3958783761
492740026
97897343
36789608
16079448
158510351
25204251
571731304
769566853
1548934706
18104198
1578528031
4858832001
860892020
3240120058
206871846
321455371
19345311
734987635
217158737
4764864927
3090379654
526755879
17422015
714926261
1120211587
173309241
862150610
1466982145
299199852
20987050
521789247
229546269
1197206322
2340942556
2265776908
3433236178
728117916
490698084
23577259
3385961908
17427729
948670369
1348710313
2185485662
1387846178
2738155487
2421057199
777687276
23926495
604894776
976528424
601161788
2416413086
3431521949
114583210
536524126
608093835
2232256762
624855663
585903763
1104840192
193381705
174720334
14370613
287794228
198494684
166990746
37896651
23970102
38495835
196168350
860025756
371465104
17064801
46343990
788862888
50769180
2541216938
126093055
27744185
117006605
15976697
442782547
82313393
2798977804
1154958079
19946122
182824991
41634520
36452050
27311044
34391205
1494655406
254218142
813417452
1622324250
28628850
18646108
223970563
14839147
46681100
25101996
334053327
246124588
56749157
21010214
22739949
133790890
43406294
15498797
22055109
598579413
43919633
42873384
215728045
2208798888
813104557
830984887
236967002
275686563
136004952
2227403496
269855186
19644592
304909941
24733117
19184457
260592800
227021376
31925790
363623079
291690583
854762246
268285133
1371803480
627711322
479127285
246459126
300266772
19977759
16847082
80862758
216978882
36058478
96230203
3162521825
112150907
73720593
104811393
552582271
19064312
305073570
353655591
317173156
27101173
138141969
704359340988350464
2964323014
483301480
28837078
123593520
1568711869
1117901695
16887175
2999447739
219275799
8541802
22295841
17483381
15710120
390029781
1116371754
309228963
579960663
14569869
3114696412
39662277
351009963
2823088335
2155759051
234923843
1733061054
25412522
133107161
2222673457
97217966
44588485
347035710
37034483
19927627
15898172
19612725
801273002
68977380
1447949844
23000450
60937837
405427035
78606921
1346439824
1613102274
402557613
2183816041
714561496412360704
130104041
31412674
18839785
471741741
17174685
51241574
411763307
947688295
219617448
16612585
1434251
470094658
196111284
158305164
15016209
25073877
36670025
83557646
16950889
831789974
42614508
509194310
74117081
93957809
5392522
2890961
2362618909
95721440
279912054
347511105
786764
15813140
428333
242346557
2679229453
873636367
411469404
351797903
17020962
20624709
21311075
816653
46345843
248965136
15828408
59196235
57042959
283894108
55542332
17336417
119172241
300304187
252753618
230845588
117442705
471287735
26461381
140750163
233335916
618420295
607967382
216264820
34291077
139092348
3327659988
265982289
287834630
24977244
2425485638
342028286
215952307
202193356
54351001
41380650
202240843
43343554
294756257
39735654
196968085
1428774326
333931934
2399782628
45313759
206116818
150984795
426069182
82575271
1091499103
44581779
285332860
36795220
204737702
12874852
225857392
154132370
146958275
58432824
24713719
569238628
143039548
102976802
468406293
2507539748
138419416
180765073
93419198
492285158
121193566
235180806
2166804313
2376856884
2841139677
253702916
196093572
7589572
366497984
117047389
194238226
78874095
200234050
125656811
14496224
2600442362
16456081
384235495
467359822
2976180725
221702605
4857970894
223881230
3394027876
41424907
500814187
104456887
250286230
1562935142
263160998
1003690062
20157152
20520172
72841956
78994681
49976129
22473844
2885396058
576333786
1875422509
2575302870
295652971
833005237
25732544
3300273117
107093334
58163478
2190056023
157044469
333955457
3367773177
123888054
82312386
26477224
123265068
487763953
224684497
19085798
26629499
81840413
25982509
24880366
20519838
89726963
295653609
14072931
21389750
97170019
97405172
1038758546
2556787734
87650496
16980982
114765763
397177298
300846601
277153239
113050195
29729052
1299769218
622123
92771309
1359951792
181936890
19491614
111348067
93591508
155946118
740589414
19874960
4022920624
215935252
3833777182
65601969
50240265
22356817
309601044
15579360
41073224
621583
1193211493
15776587
14154272
48737698
20388784
236909222
29462762
285641584
77724070
56453799
14293301
14411725
7400702
207667494
21642976
8170292
247767932
2476761393
219586638
14157134
2831494990
2533622706
191862712
327602105
2546286852
219638943
309929507
488683847
110305642
106118793
20845866
316994994
166942410
143415291
145251660
15179672
16804482
622143
41874178
117662694
3585343572
29079189
3082499172
289431709
2961908831
306197611
3060519686
18780567
56706849
409941587
1344951
31285982
27830610
51023770
79292795
4901234357
56838529
1262385356
972651
14697685
1124816718
374585620
19964034
3072190684
2232721860
6066552
2924427001
243261193
9624742
17753033
19982092
103920201
621523
2427421832
2878812992
22919206
30315557
146513211
61183568
23937508
2858241258
3452756296
207773069
425989199
14130366
43901113
15687507
15307151
351615284
13
3307218826
16864209
30313925
1642135962
2798536752
18953259
245405834
4483327348
3270420139
30835585
44101412
19543936
20693661
378197959
995848285
1600400100
14159148
16153562
33933259
19818494
20678866
338406279
4880026169
20508222
702806896747610112
21857067
347177678
622113
813286
2823307517
160537016
18213483
17386885
503264763
478482249
155927976
18765021
69231187
526817958
14361155
25484531
142614009
721292561541939200
1247478108
21751830
27613071
14700316
158079127
17487733
17632266
173195708
2327625956
110365072
70968175
40078375
22917508
20622594
35749264
18807671
1440641
5225991
22009731
136361303
47459700
16913418
14399483
27844479
16193578
17481977
14700117
36042554
14224719
6467332
138037459
34613288
558797310
19583545
14573900
22910295
338237494
63681020
47319664
59742254
15589815
33546465
373416209
14123751
21744554
18055737
22001973
427475002
3165817215
166739404
443215941
104969057
6427882
14824849
384951307
343627165
153403071
155659213
32453930
1903382054
14230524
27260086
44409004
21447363
18863815
209708391
86925202
15820664
16807528
85626267
15308478
15308443
24447643
20015311
10810102
19562228
20155652
5402612
612473
5988062
1652541
87818409
4898091
18216277
297169759
52586630
265902729
6253282
109562200
8884522
16339196
50090898
281319379
11348282
25589979
18385533
18577574
33838201
138103530
20292942
32468665
315261005
36912401
154661114
144509738
3282859598
93711247
17003765
382267114
2142731
243381107
38267947
56505125
38679388
37060788
31311757
20536157
205437050
239760107
10228272
6375322
