1496272663
187261718
733104516967464960
3756105252
4713428247
722421879219163137
1536128010
3288264268
4852910937
563709405
545917976
837398856
519463678
2870722798
229105526
1221318908
976043425
1897997736
3717768072
1679656952
716528404535779328
3237866012
2295807092
2882980932
2900010895
546773810
1396381358
1059922514
94806131
865939904
2856822023
367727128
973594124
628699753
2472634159
2880377228
717641241215823872
2652261235
1250121390
180146514
2320821132
3025256943
3819691414
294667906
372657155
1286382823
1103208649
3178177380
3825691824
2327932016
1583421247
715317798256435200
223790306
3068904585
612048939
402355447
2211563424
707092487593021440
1573556287
1562535186
701744596900950017
585411011
2529342296
4801722398
3196994522
4609077792
830387713
2195207635
283559707
2401243459
238823507
3236409274
3301300884
3987847932
3219255228
432378620
3597750734
469070157
3304334335
4356863300
3138797228
1666596708
4652174533
4829690445
4184615720
3310274012
4825085346
2884223570
2834026260
524669140
2490711763
4195911873
3024844372
603573776
789195456
635802302
3638105113
4688615072
226100800
4133475015
400350446
1081324430
1102662343
2330675220
3194432798
561114411
4844840544
2481559399
869028901
3298590474
1081521516
3185969336
4806736399
2277748767
2834373891
2235234559
158553088
400891189
3024518237
756868243
1672882154
1329683431
1359526273
3192977989
3483622706
3589750756
2770894125
4661932348
1615472791
3218872279
3762307035
3043363687
3105212540
4556154914
604142194
3157050806
1948700352
4832307544
227653115
2429293778
3222910358
4778265883
1326487687
241466487
1534010084
2750579201
2577328060
1178817277
503759553
2984914150
768424358
4259787132
2973714117
517523884
144218506
454528708
1609107704
2505224349
2242296056
769385306
2187084458
2563468225
4143165134
2791559495
3003798622
621243352
2264961782
2503046050
4801694629
4149548388
1079063894
1558744706
3005856253
826806696
4417734132
3014148434
1169293052
3140796020
2546600119
3141104911
3778733478
3149652969
2584301451
1384568144
1398902766
967092343
4717354220
1629632544
559219973
3076094653
3151279375
1067692454
4803703212
709209740
1858862725
1062485042
3406177191
3373031038
2504712135
967700864
2606811080
591371545
744984918
3429499943
1565316516
3868649539
1695500772
184513844
2481416563
1118016348
868880509
1727292175
2611805637
1573657987
3303206490
4292695219
3121199674
3234722514
2915368002
2771266094
4690177800
150301455
4419141434
1973249838
549180809
4266018525
1692180336
2596281908
336992846
3620367681
210307137
3246415777
2876370294
1552431679
1940211187
619974834
1687457192
3181198147
3062507436
3237865141
3284086164
1690280540
1001132287
4722131117
2808976208
3017457586
1184842314
2460634224
3148296088
1316448090
3135790575
1184913206
3317441601
3282983120
3215297663
395799188
480293243
4166049672
335979863
2273150556
194179741
2419853233
3292950104
376830057
274320452
2858899154
2875073801
1449246151
3183655738
3188449784
2554008428
2908084343
1207941972
4659598898
1893327535
4591180213
836178602
4688242819
2782715044
231948259
2520458384
3100485825
2404965463
2232442915
209271175
4358363057
3406556943
4562968457
2862217236
1054505737
2843764529
2179548362
1890436093
2824001185
38647134
3237667782
3303720500
4662815114
865696550
636060185
3734138657
4664923674
2925227575
495818281
746684354
4573936274
3251485127
1721864232
448281950
551797818
2926050088
538218971
71519957
2485028617
1962859850
1343593386
2677186179
1637783616
3866998817
4528042408
4156794493
1192703822
447405756
3845692574
2429713782
3539367316
2805935106
117618085
2291687517
1486732332
749838656
2828057380
356094755
1359480804
4477565180
3269825360
4460654174
4443019992
606199748
4444280840
4418768234
769303532
2578321868
87702194
3258549739
2905504254
1121124284
2738976320
2987148901
3266923122
1036274990
4300539013
1318642328
249122741
2188269942
3170743214
4240624452
2814704071
2463058362
2406328892
4200450492
3933029232
2901031872
2962570874
3030028498
3447382514
3301755052
438086716
1346550800
2221099046
2459830171
1290170702
1241355625
964004779
729846007
3239254693
120881987
2834785303
4243658833
4012121834
3405663673
2852543930
584693105
2263567314
2861323186
2507089207
569032658
3258513469
3228778214
1706220824
443915770
2311270459
2415369656
2878272253
3251255552
2838941826
2549143008
2204112777
271133846
2689422362
2415425761
1490677357
4098128486
562577695
2862662551
2754832458
45518276
710495792
2449728404
2986851102
905895330
3207533068
3315197833
3455667918
2951270841
3635154314
248022394
1468524847
758055858
488964538
3232329673
2920253682
1411282502
2258218532
3064901494
2898359470
862499940
2825421764
2441515584
521037729
1319341501
378981599
1666293162
1893835622
3184052067
135496872
3296822492
2954433223
3859842194
728785142
1411493749
2852462022
609058371
1275222414
1418611135
1358858047
483549092
2861560742
2765934512
1165369692
2873911918
148299965
2378162312
404590361
2879628583
2761603800
453706536
2795896748
2578452505
2377133137
1698852666
2320277715
980785322
1638314448
798445790
2353022648
1971342518
435520403
743181344
2382250879
2223895449
1313692056
2395667176
1974202404
572908723
292942042
1351705128
1487568103
742561411
1373136872
457696587
1051049240
833607050
1270460328
2250370366
2198214117
610733459
2243846113
