724473
360844323
708541303810875392
2978959010
729200932089671680
724621917093826560
20265323
2912101390
3305317126
98619267
2288659153
3071557340
2650383460
193873652
3184740359
1446493026
3096783318
727624769865195524
343171200
1144690224
60555592
250994933
712274990247182336
702846764362158080
2982848165
1239891960
2920280589
703703923706691584
4901875492
508754276
4578925520
549091291
886299098
750442956
717055842932142081
4081887733
4921872860
3142938300
776399935
1925768984
3373623641
278620328
2705231
3316026987
729455921391386625
388260801
2388208488
1671592932
48591465
534635289
3241275206
2313374306
58360485
2571528409
3382691
236345780
1908023209
2451084578
186165839
3296323006
4110639544
1205936070
2513759408
720647749520224256
89905712
711848330943447041
3731796436
452681012
825875376
1658476075
1861420502
127247622
3122526479
24357860
3253886444
1206048518
2902617426
4831386857
2865980245
3167829979
347739319
1496803566
983157481
157443576
549939164
3239217237
3461302468
3141764268
538048468
2358215833
2423751516
565396992
3718351786
3037654734
295805671
3174701874
60933578
3146613962
727089531388846080
726567428487008256
98811380
1965488952
579380414
1546095702
323305899
723295380528599040
2351989028
2147782778
2223416682
2339858484
2489727552
3309539667
2218125996
218063449
4594277055
1131675942
703030559342088192
3238473011
36588455
3431846309
3361362339
3993137776
79263345
707350845663354881
2526662419
727439309926748160
1359712292
4484816234
2918378348
2340718820
1334669328
316184079
850356804
85993870
3106270617
350228822
3361117271
1488596653
708421920920834053
4786677502
713425695251148800
178512955
1041943711
114462530
3143408122
720388936720261120
221932352
1662094405
2299886412
2316146448
328050035
2149683661
131289155
2222320957
2848625259
135181599
373401211
3570238035
194243943
510443542
817176374
2433812095
3290037651
3302896534
2278910785
3241948211
4097835808
2800913258
597694626
2352786541
722123333119164417
200318024
774116480
2585145530
4135806279
3948491128
2343165276
3147351580
725414461738213376
1416432348
440754310
109011881
519494678
2717108125
2980972798
4784766213
494146210
1002137144
413469543
284682595
3220111733
959917038
715193337402298368
1388047549
2161284319
4152475757
714269686075154432
3183779889
195263641
2542131901
269645538
2224574102
2807910952
725359776146841600
2253309325
58723759
717355449444605953
48429779
2758724300
708604874989166592
858291103
2477893626
1921898876
725588689527693312
4469447783
741095736
701842510377783296
717412252123471876
237335393
725020147858214912
716237018028707840
3509935102
2738776142
1675738327
3952755269
3590202927
4896308963
3235182487
996402464
4859861625
717092217584750594
1978976011
4820440600
2866983665
714951157752406016
1319469954
232628051
717175923410386945
909105410
2184862694
181321010
3092461390
962617422
54343277
3794159172
2835434288
126430086
1066409845
3122073128
586051691
707489991308345344
716265001049165826
721809781
3000697025
2588772296
348942827
2998134915
351716751
1711741981
588236009
3394091103
1920201391
1700222748
4927780185
1227060374
3255328456
212319234
4274561417
383043730
722233067298009091
346222084
3127053489
3771121347
126184154
3220864495
2748978883
723917539525427200
251813982
