723495927235780608
4699973695
3050988252
721343738165919744
3193861333
725183472147427328
883766689
3639888977
3306730099
122609727
3309489938
3312307154
183339186
3954571034
702586346385199104
3713867052
364078490
717290403016286208
2430523532
3438051497
347808561
3433797753
3664446382
116158637
718671646102433792
718702757364899840
4437347353
201095003
4031242825
2348543795
1582651327
3219864589
713863055055003649
703976299635671040
4376943140
1374768830
3230730643
709485828527919104
17581955
4925053797
712204889334611968
711968395005038593
3029810871
3532702398
4363330580
707466483715219462
4711013964
708806041933205504
3413125159
121893908
704925928145743872
4856667103
3277645189
707378409005973504
705371401813774336
3940902014
3606348433
76611267
2604625585
3305321959
2482046167
270431062
4875134292
1014690656
3925186512
3065607126
3368742552
4661831837
3638310745
2419983054
4900833954
4168148118
3031486031
3505113387
702471163134382080
3603732920
3987837794
701735984212234240
4678522591
4805160067
3569750173
3275715554
83047008
209554904
3582840673
3387410113
4486108279
4815493827
1240895894
4464679634
2927540317
3312379117
4505560661
4830360687
4408205712
3636827412
4923933232
4602577272
4760697462
4914981966
3856360033
4878038397
4886500170
4410245358
3465386719
4842460954
705148694
3299469926
3302944458
4662122556
1196895931
4385150598
316066635
4878168988
3311112547
479084604
243625231
213922935
364939626
4890461792
430678078
3314090420
3841880894
4857373506
3130193865
3611483173
3796509613
4880547524
4658256679
3618387433
1226885178
3164936960
3708870852
4833656418
1095085753
4836620952
3658936880
2376814470
4846521462
3314762503
4871122727
4857552758
4857002208
32348256
4837436730
2365745630
4846745654
4844838296
4846995132
2432872078
4847623244
4192051394
4847526552
2430259670
2399270268
2327577836
58309829
3631912693
4670860621
292712682
4837531766
4839257251
3311758393
3011771016
4832703733
4030979667
4363348039
132835900
4838547870
192139228
636112974
190192517
4848831204
2269815878
3317089906
3310710816
136245680
134499706
4833704773
521190304
2741674358
3005895403
3996232453
4830894936
4862619910
1543109654
3479251274
4133393292
3160669789
4833140401
4830529513
3634304472
3172165217
2901189421
226807668
3668425392
852348517
4569229935
3435753765
4111027174
3309868902
4439624954
3458562618
4585038014
3481680614
1696790894
99279888
3515025553
121011302
3310278930
1116600596
3393176986
3312002701
3699097278
3391666394
3334126993
3325222734
4343577544
3085892084
3356556859
3733665386
4246180236
1246365529
152856447
3466294934
2843190511
3380601858
3446920885
1731754537
4375570874
3309711732
3366560293
4592559980
3294599257
4014043518
3650387652
1605731636
1127926933
3297856381
17363090
145040806
3572667680
2336057191
4109919231
3161163805
268371982
38908587
25272149
452648567
2326883628
4185987199
3313366232
3536759892
2275097308
3608098212
3300837883
143478020
2148729806
3708732613
4010131934
3427308134
124721190
2565168722
189503518
279798313
769797708
4434725834
2977777741
3572818220
3291940628
564606966
2826339097
3842037613
3308699810
1562027946
3576681620
429616467
1604012420
3867984313
3665822772
3912585972
3852168492
3312451956
3587015834
3815682552
3901819936
3813199278
192635922
3328604762
3881236875
3723576335
3479759954
3483527052
3678007334
3481067904
3723876680
1023132396
3954581474
48642575
3947035993
258254881
3486912374
3903866005
3994928129
3954139350
3957948139
2527257840
3297538885
3297081092
3388965316
3301396250
3288465684
3281368988
3130440619
3815163493
3388814473
3589749200
26243698
145514541
3311561618
199274986
3854493018
270176702
79355995
2810654929
1263292416
67309732
147791622
63701775
2840233489
501583715
18091904
330826792
5520952
2951628284
1200985478
236699098
195764368
62452990
58233603
130307120
723468241
2979093313
402492344
428333
443580317
802064401
384287774
73443014
3309419478
15872418
62216533
293300646
759251
571029695
21281712
19058681
16548023
358268526
3189213306
118552439
34312352
62786191
2596261687
157140968
3106471328
21447363
472122299
44728980
98636896
2871308461
53153263
46602211
166739404
14159148
16190898
156918895
23850428
43032508
85603854
39453212
48284511
302745919
99050904
203343685
183078358
19397785
186712788
98310564
23563059
38492736
24929621
76905107
60583926
500704345
15224867
14293310
525996653
492399548
1306597692
134657984
11348282
197807757
54149214
32751684
279967425
171574926
141052723
202890266
40204534
108345784
69251421
122278704
154453512
64038747
258092886
21185473
154426751
76589464
15448383
135901326
25954814
229660972
61507091
35703000
69209858
186347409
78489442
170965705
32684900
14808309
23563916
65694131
84109416
356062484
508434918
348671748
18874940
45461766
31685653
254098644
22096068
74409069
106344746
204151028
22801835
461831322
271272652
52977655
312110695
