3969530725
121313659
717077093595627520
2376185485
21360280
1621868402
14984662
39344374
710272012766281728
2535215670
37252440
736606756026109952
2581758266
3266856037
241252324
71629071
823112684
632544849
4416625097
703069843906400256
1638600068
4821135339
4734316675
714403639075274753
24358319
709492573421764608
151633598
367273527
2891474527
709388957046280192
19341224
443670861
3330086242
721679207546400768
1693697522
38264092
3920109441
2782638680
356163950
1356992605
301588004
358135077
1241482806
131538331
753727262634246145
740327668898516994
862329896
1129661486
1023829232
318766190
230474638
711393889731657732
1428659995
53606937
229139732
455869849
1707369648
633857502
94470163
174613767
1686416857
3105723744
1293232651
632448453
892111028
414003816
299066548
3019966110
617692639
4490011753
4364693417
453649812
13283002
17772269
712300111888568320
4445821040
738402785268367361
993934674
734029863380766721
255490859
3379164785
733370906
719880137752330240
4818036499
2184024872
1407855932
338291677
289661760
27897429
4175166177
437136022
3908662753
20791372
753647772948127744
18025377
23074025
4098843443
714460837625237505
4207800573
2746979823
1565939916
3389073989
591973307
68270085
19899606
3559153233
2570631118
413491182
746837040583540737
18544958
634330366
714947334
729022640313106432
26344615
371311150
1531974344
46860972
1658157224
425061632
55381358
20876390
2200851425
40189359
731508554834804737
707239740811124736
37557953
4519799173
358440442
2666598398
4417764312
3013763125
1696453794
2841405708
449110269
3649522392
1330791132
141422795
1626294277
144612867
38779635
569606994
372570563
2855136498
3229908828
2288526260
16495811
3298095060
2239864518
613799740
2172274432
4827286170
93096478
48481821
703196744255938560
973256724
4340265133
2233329630
45617221
23476838
25928003
460848738
755256301
973983732
213879102
4530555202
26007626
3430362195
1090556088
47685083
15650882
1209148250
343958576
86989456
2282180466
732840019551981568
1176537264
1669492729
1128075277
19515059
339832905
2511302358
379962842
3308456234
4924384695
249368015
18983793
162301746
3750265342
3080607261
2553788552
2388815168
181199293
720008230412410885
706991220510175232
13115682
713392710346866688
4077111
718855997914279937
121574367
930808560
2686010270
39790265
1932204139
4314361272
3476751073
553126021
21647998
314016613
19921268
877699334
3468586467
701661430978891776
3937790773
18166549
288283415
112047591
36459231
304646849
4129925714
1916227254
89277004
522132942
3277949354
3312832171
115681686
217575068
4262146367
705989655091544065
524159710
2822407526
3153844428
16589206
42825230
1338047336
2889322139
4862031445
494999217
3293118434
3677742792
32146629
1033057364
371573470
43630962
13527262
1453418317
1551661933
2559756184
3427200023
708838526121484288
58152567
2353742575
22302400
624795117
557468072
1411272246
754484867539185664
15972765
2781126390
3026610844
1169679674
15408692
18077086
3068587067
17602802
109192303
17192613
4845908734
453210266
950498635
4327911434
3435940588
2407411801
69666298
1020857448
923985200
38043735
746142736080900096
730415316166168576
702346243
4800862086
341194704
168541923
2201961761
19985444
22677427
473523572
527658453
355085595
771708205
24212955
1954611157
816058736
182505017
2735511486
457712573
10207502
249918934
713622387
2295343929
2315583427
36444487
3285819409
460357747
951008132
3481965513
39327538
2650823504
394392730
245953646
21598656
6017542
2955091368
16459325
720638621087363072
732873175768305665
193158134
103121228
3290881694
1046023987
3418637039
2834208271
350362817
900355423
335455570
4289460455
3317055925
4438143382
292777349
710990834972233728
4681341252
1873568736
2315698776
4435806134
392848208
4122056133
14828860
1258161890
298685340
2919116665
15766082
727472528
1525476445
752868667596083200
3250840256
390202608
28873611
19533349
356629824
2214318990
90841218
23658557
15679641
15096096
779093905
449850814
182503471
540122045
361342191
14401607
95604478
4538011588
18957055
885733974
709505904
25634203
84457849
561802635
64916983
593360775
2330662620
4444519815
27689907
2938420485
21150492
25539759
1412827658
906620078
51333535
2730969312
711364542304010241
2847221717
534882348
43736365
527823754
1883356866
162126945
35039490
474464413
496608682
60234915
6782762
3997346243
612129565
424610500
1668453396
372372537
28033140
120295432
23477691
26040780
270055627
16187637
103121811
18155174
724702259712499713
715212559318691840
627545884
377742397
418991627
19550464
727810348112330754
4814612193
234497162
461317248
739601740488544256
3065829424
23041680
3065872938
510752036
2846552432
700550382062346241
836305999
4569690923
703386186715258881
2314437523
703664961688457217
1379584350
2722723999
705223032139345920
2826520046
2577523154
2916305152
18280993
44482542
213795411
1468278608
1250705515
375721095
16364399
234370900
56749157
2468214192
1675907197
2645181774
94784682
281610530
64229716
86378821
18635250
533014463
1901916354
3795292154
629482056
1429518410
258596578
708522042
4328609234
272107377
183301058
283194963
506864606
3428780493
1713036884
2241013195
16232940
95450915
3162043071
381108914
78688997
394420238
766273862
1925001980
3839832620
190905427
66054233
44914646
2308954104
868805886
338896699
4445095872
581650176
49115079
17723632
2625174307
15063486
258025056
407130574
2211351810
3260529926
2893187232
173435768
961486051
22253744
192997868
540951991
497369817
713218818
450919703
56404059
17297166
738804119029350401
733754578093629440
49732083
342289303
370491805
557444210
744995394971701248
217543151
968650362
464027884
19217369
17066022
95713333
31464977
11595372
34310801
48012011
14913547
908555298
358928183
288629888
4376782693
31540671
622969430
946261009
3060388144
1209721597
229278838
702614969922138112
742585255094329344
16155881
515154835
785830202
797557909
559977174
620451650
460848476
284542517
551644827
2505217933
632985793
290097255
3256232534
603708824
2259012509
174046229
2832392629
1400943320
2882972224
1287482665
1614203108
2946008326
50479074
406439640
2302175430
480500298
722796474
24465244
188857501
15335534
757893380
1542184387
2148299336
3221357514
247981000
20733972
18309196
20686232
458909659
26487169
127941629
4851473943
37593470
3094529588
510409753
515846981
22456513
334053327
25101996
3454726154
22409500
56401482
821842872
67949479
313038011
182362719
3956055689
2960772875
90480218
341248752
59133139
3288074557
3672584544
21794030
158820629
26876136
2490500690
710908350398111745
56469022
202282048
2963445730
2206912764
346924655
549602180
364884563
731707601847717889
3685465332
390910877
334211333
613654095
79884891
4182688875
53544165
863082703
1209936918
16552921
744238530679840768
4855667260
1065897642
993951428
21957047
715868721923944448
18209323
744741449741238272
201820555
1523084330
4816310008
903122724
164070785
3304679295
3617142252
600581009
384913290
937704163
21348880
86674165
1408487016
869176992
16732982
76848978
27703934
531486752
3004439539
21612122
2751081982
2984727962
557822951
3298684151
46681100
16906530
4224729994
343007213
259932636
1884344498
38520853
714575249128423424
43513640
740994598756093952
1216957579
109034782
27404671
3309854312
121656624
4897039492
30117361
28645214
252398355
186646579
565780879
14717197
700525145069395968
3948272452
707726839742124032
633948144
3411523552
28243015
2843980425
1393877221
1849938847
801367260
34701889
4850163500
435035276
4664372353
608471241
604486877
22049571
70992939
2323149134
368007690
194663746
30699754
3163292551
495132092
1416972583
155971820
3422158725
19948559
374138602
531636273
550029547
2464756524
4272870988
2693070990
250521575
30726383
18916432
349027514
1920286333
1955586540
75592503
706959926879334400
3015769804
2873683010
100303868
25770408
233761277
18358219
119837703
2935489123
233842454
4799702183
4320996201
57249443
568678633
734912345491832833
3403553859
32058824
2743733201
2355447596
2375559542
61630178
1190825605
4910496196
3028727361
1337799019
18029328
1432029667
9567972
55091456
129235890
393190233
718467028181495809
104313486
20118767
42670638
1684207818
123899931
1703641686
86374592
22099720
348551536
770521927
1206885618
23332495
16317079
1548975014
379767285
1480852568
2962923040
3140848178
41393941
724599002
860808168
122455671
55539703
893338705
714503451338792960
933653886
4853820677
24580009
27995424
717427533419913216
43297756
16955991
18493147
380285402
915137490
80380326
234128524
229291732
234022257
4880627812
411863302
449705931
386751965
49610918
800582840
2997677960
306371920
3270559782
726434071476207616
3115898899
533358812
4675561130
417390501
722863800324493312
4676283740
3047673636
1048446804
2242085304
3530718374
1618641848
22956220
716320154892677120
56149176
702826401947254784
788352756
630717039
415646327
169209848
532198406
208732393
2525675331
208155240
1720336338
2273909467
21308831
15976697
1177100305
1119758522
14662354
4717892303
3120903722
2906962900
219429281
2178922148
61734492
846493376
561654065
20015903
4096530674
1254490128
846447662
454119389
71036272
1966931240
1446408937
2966375290
2980186012
503734549
30865013
3374126201
70804774
423561145
704015377366433794
3020399208
728915523585507328
3424521514
14855994
870654146
1146349951
2863774500
3239954048
2849543985
16007460
62876780
1421960875
2716100047
6724252
3364589120
631310817
721411987561963520
1285788608
158950134
100091223
525954207
16007872
2302327181
783046681
15745368
65493023
3246183487
4289431230
453537985
718561802787930113
559623797
708199243
4810135299
1265204137
23268382
52559087
3243583146
704774715987070976
2996533537
3368733712
64432312
339156186
913138123
211445666
437896506
3101613139
234074628
78523300
501709599
42824699
60121599
249219716
235312723
3303268660
2864458497
2369949012
240393970
43969372
228735126
380088686
755958397
1360615250
905714204
17900421
742143
28774609
16012783
16001195
1418532182
1948670011
274679887
1625690348
4411338135
23195603
1331975682
29789909
49140008
2321122291
2673939949
18166778
2990729241
3139416397
3406327217
4053675374
366517094
4282978574
531351424
25562002
635608354
53297881
355144150
192538987
26238887
21707592
2558273076
4218156466
3949049181
20537468
1074480192
532457567
38021361
527007725
617246776
266084180
2232332600
2570448593
17701099
462104542
88784440
343171266
42447922
18810387
63291287
118756393
542962969
17205449
158060289
84132272
705415096978178048
2941152158
512919196
106031477
525005120
16698389
3043352032
547969112
2211590005
25826256
19844621
343041182
244167280
3242715859
402216337
30681986
2571867992
53629976
605762052
2217181338
9855382
2302134816
22181836
22577886
3060338524
14270650
1163615947
3300205033
34109146
2960045220
4498771938
297517713
318136173
975200486
39000115
33529092
132789518
700401994633256960
1058807868
74198348
17896154
921573337
4857947718
2409084032
1852488133
38531413
338467659
25816369
171632862
40116885
640893
304140582
435704007
2838450295
841039189
18089606
433044243
4859377717
41758974
811942160
1431873422
255645890
728739688320774145
369452317
3598411873
253813547
107980048
176573604
21829541
26490658
2931202575
1332558948
347976255
2978053367
21771686
1018194906
2733469417
9624742
29762617
588544032
705001163301715968
69800408
342894187
792985038
514697198
861759409
18583055
4703002206
575747486
38777274
480071237
539684179
4912725674
16523910
4229124804
40986998
706586611975196672
226168436
2177442220
2926128044
4904813893
580041801
10113582
573863902
2695810070
28628850
158769098
15450996
3256712243
4765028258
526960836
821923680
10168082
728099242401652737
18513241
1872523242
1419629526
487636923
363761111
567626521
66602794
15923226
71926170
3097169659
4857980391
274017531
728310044245295104
452047490
714791179158691845
19634872
329323059
2786564756
22089567
1075681177
291192260
31127446
4015551859
2550078404
54294356
14515799
15731368
42645839
219997270
3404609992
1697294472
69519762
603936668
4551720146
2452037234
360173012
76855943
321685749
719166927713636352
1213046682
345001664
1969426021
57819134
2817362840
2287887180
17712142
721029611543511041
35787166
31492271
2996035033
524024759
503400523
55066811
4429709805
438813268
3012894163
3053280354
2573792732
19850687
905828148
3533740698
972909709
2882331822
19939645
1693763233
3013635301
1890308449
192959969
490732528
604076513
20635633
17993620
36452050
27311044
48029066
885149478
570295074
1668248820
807201294
2764921236
19211550
736098319
889980282
3832070481
582123803
76064527
2290551968
3493352534
303383978
16031927
39308549
34927577
45190383
2314105303
30508936
217258486
3948562637
4439085256
724875404
20009204
2331151852
245076551
15207668
913228118
306402067
317837140
4852175399
3000619402
54253578
408219053
86942017
714999382664482816
794994679
15363308
214693898
709136716335083520
274258400
3120820724
12797112
882996836
4765070485
4323735923
32772630
16843460
40999469
69641315
1375289149
22298089
3135733601
1909281625
28146479
35955424
2818371775
152102546
17881467
2294705519
2712941675
31512585
3452391747
23617145
2559111110
1652541
5402612
51241574
109770153
141794229
467932000
4855348395
2177020681
321708469
458767709
709499317661343744
74762883
3473549662
2827682557
1408003598
611461710
191575386
2502895924
927746353
198222526
23007177
56610211
18843752
716829421072748544
1928805007
38415895
1368478189
2451145803
3301187533
28666344
170025854
725295042013872128
713074005503250432
4753634666
302245185
1084375028
2284326278
513704992
3951927013
2319536118
3103954375
541385453
2211112023
3075297566
2559717975
3414559738
131675689
3521599994
20709117
1931562048
487191523
2810486159
50940086
466910067
708473261097689088
38872645
2969180325
2149325455
801191888
399770251
27345982
21725017
2827836148
3104064109
2172753872
790850852
3897774140
302244545
16672662
717077983895248896
1334676336
245216538
92318197
130021260
22362095
3309644231
529559476
394011295
3229912764
28885875
236928181
61084697
73099646
19315260
722939035140952064
518248323
1669405957
49462016
1969676414
2316246829
42822396
370324628
2216300058
30888542
509303924
1917731
4054168392
17074440
2845849081
43490582
36529101
17418183
383418826
587865313
37505298
74247774
3165502039
218150364
1415789017
605635673
3988483934
4071435065
144257495
4692357168
1287668414
167862232
476409279
10697522
2381326580
2304192678
3624357496
181984612
4888305379
29610854
4877540662
133585733
2831673466
3075931313
1324067964
631298141
4180885953
3061041133
1140585948
4715948496
3281706252
4871863612
4851300087
108491083
25511878
2377312303
703393441649139712
130455461
1184682378
71272041
832685406
702218190525313024
706180554673106944
3301565504
566764847
927386262
22143749
3993492314
3603476537
1635639588
3395874526
22296001
568661390
2300169582
3309629455
153608660
26507794
2934267055
4019065804
989538176
2845528876
24367741
874749554
797445656
488222271
2957834513
351801146
318024826
2973994169
725895275575951360
1661392244
201483390
1961466318
2888721058
864584708
2988785197
708688555464368128
710467366518394880
21009217
702618218431643649
14844867
467726691
534917312
485310129
2166917448
2191416554
697060107750875137
72664613
716773730626744320
34082620
363405423
2272367377
387769793
112769454
1186114015
23578274
23010592
14146270
4043281573
542249173
2584687789
22407074
428979873
1067266550
4012734315
705163411085271042
470311095
1165055844
940368062
2312490275
487953217
526346146
18018958
704407724088541185
4862040499
885928032
2942920938
3303230253
15757578
169629177
54769979
408078598
2900103136
42834939
3195389591
2993377468
40980613
3413385029
3311754342
20830344
3488018354
536803217
2347601189
444319455
16017996
529604764
15401019
709961712020099074
15815996
196611495
790727005
14236800
2903996475
2790869677
520377920
534903573
410076442
134595948
288337039
2312597335
1556853488
1177632823
723914111147491328
130567951
528581970
29854321
53818115
539453078
3234400785
478007109
41980930
994237208
405710258
345644480
701825647
36789992
2929217543
223970563
311140916
33186808
713159635
93902984
9641832
3021613929
582927693
3199810979
18315727
3287097216
2513120042
31435069
3247623957
706199160517746688
3952887313
524071067
375958001
33750798
3223670971
32071013
581942529
263431625
2985906429
508211969
716720902897926145
1829672388
110483214
4495923140
62850757
307175159
49118459
2530039118
955607688
4799920032
3343248674
84467350
52759650
705060931487686656
297561618
1388864646
81424380
4180736069
4827984385
280732354
4729714512
196410062
2410866554
3352726210
2569487083
1225689498
2874387150
23837667
708999904354557952
15454339
1571215093
36564017
53853651
73829585
704454997480644609
91269329
26064207
2597417060
334753435
2493503479
234531577
515628334
418064015
612373254
3406228787
214257117
22448505
410180923
124175717
4836725855
2209420577
2993959370
2926064450
22513016
16814727
438050333
2935608063
485265056
547839797
2914822804
506461573
417451460
475439103
1429299380
4886272079
589702477
1613020878
4515014477
413495031
65068441
457593949
398886217
826537184
24935003
254732884
585373512
1911916754
713436772399718400
378054350
400417753
3063978530
33946024
491380536
319337461
35904361
725008390502682627
201269815
488060497
233861094
3179662599
270112367
127546379
3352346254
17666104
49465713
51654704
4849891627
4897861874
1948322714
4221892522
41917361
242618658
432788601
2809434797
23974021
475409039
15669672
1064782591
2362035078
4725506001
39959975
17694306
4223772134
713527697142472704
24125045
720020078041804800
534714740
488031378
934644187
111054675
374074124
80447352
1679970553
19691570
701471076958732288
43583486
330605466
1924775376
2866365452
2457535674
22029634
69903037
37234376
2227540266
3434177986
203226736
327600142
25361741
77233634
315441788
300254302
713167359016460289
3315458430
711684173891825665
703093660481531904
2747816810
244990041
368895138
4236806414
1542335869
529895952
717044648464613376
410356962
48542562
2785148344
1302505034
282224096
360265928
101068845
288931091
416690465
21527720
4871188022
25228648
87462634
294852352
702239073746837504
46275679
3649058598
3433996924
150653567
2965116819
2723920123
200599429
525297477
378936771
21866516
372406131
257984322
3311171420
1202834311
3303440338
37135580
2786996610
1367531
18978553
22139417
4914673584
293136425
2956710659
2905099385
85107516
15283484
109297816
2310363583
23865085
4340273833
1108302338
696042450314534913
20878297
22498836
40604613
14989516
111492406
2474500518
4585855108
15161367
176336596
41980173
4064968773
4709748796
1260185384
490946441
2999234655
2695311619
3100289864
17334232
1284745723
4257775984
36192325
292590965
2708101094
593871970
22302678
3370173412
191076433
2207780696
94436427
438011309
710212029
125471278
4828013916
713090282422726656
3375030736
318431073
41536041
860615695
216881337
703678699908890624
1009195424
1093938109
329276061
17372211
107766082
959668675
3235412670
20592715
710683615227736064
1398194666
4299954755
4209637813
708659375
720480488817836032
1884374228
62840599
3310855178
3009281702
31024942
398894811
1377185004
2837232529
43025758
2505549469
2198298228
492833134
2364612708
4804341614
1964112182
196168350
50769180
352766723
104613835
2329290121
3222839432
36734275
827410788
36700664
33409429
17936949
98016897
1433427858
384330450
256199223
1078589707
28862210
21316253
66033904
74352982
3183310627
88494677
14964429
31136822
709846113163939842
2228922127
4307931194
3033522501
864934668
474202929
2592143102
38521282
115722328
71627462
3303507079
3065496601
4255139397
17528683
2188423838
3304761034
1922049805
699799789651648514
1109549286
402396142
38021811
23363000
712449155722059777
237880304
3496059795
700714639286517761
57721119
704761579825471489
707231129011523585
714565392308510721
3719020274
861749072
464189079
23533339
1575866546
3002899609
708682067232628736
738680648
400274325
2952960674
3031051239
706342982438539265
3162853197
292929271
783252408
717158586607120384
3226368062
528317625
1138036099
705075425500905472
443219268
191662607
1397416682
200061946
501369367
715907344190693376
511306623
1078257594
2564494802
384393903
709617362396454912
4842646876
2508803699
713823384229044224
573183067
930561470
4850744244
188011806
4542227532
285906870
722871465205325825
194615561
37920978
22508473
1131917492
713416414296563712
26760308
1140926532
1632772304
24655516
717570809880031233
714536994357927936
2159805570
711719695162839040
26991187
3820050292
494895846
17670201
4781666659
722456178446483456
280664117
628638850
95463107
242007913
86372278
253093355
19293713
358091193
3267456386
4778131485
260936816
540930006
159195745
314536920
1534762878
423083149
306338794
4763727018
3006081057
708504580850495488
942868836
720784502
2361224263
719507357303091200
128561701
4049454617
12896172
3376927462
39741866
884304968
2825036970
192048143
3155008455
261330050
3414944049
4776334706
4800182842
327720735
3218742931
4369475717
4766742563
286461209
2844089259
4587701353
636916205
3237369836
4831487998
396158429
18345919
158286198
2609762756
62815642
1947303967
1370971824
2439983540
930566035
182265955
514849030
18025987
467723007
715273665823293442
321781815
573692319
3297022953
558870081
3233220578
235791649
3236373114
433851538
2471135371
3103732104
1636892215
792608634
3354811948
2387746658
3853692941
2998317053
1962929653
4567238126
4789857492
2756331205
4855576272
1902593059
3565669993
720287751120093184
2934083036
36691351
84982979
18970117
1321469929
480000010
3198738675
3341780333
334386574
25194540
2327687046
2972624471
1225414310
711406606966075393
354533143
2892802671
2800088685
4893919104
22127100
2977545521
4014574593
274477867
695658766256185344
3969812476
461647353
539524639
3138206694
703394778675875844
500704345
22195441
711823841274830849
719881537970417664
557410546
874403406
710110798626947073
17061263
6742412
3092972008
2924381219
703744437495709696
4187388423
1097268498
1609140835
3742824258
15238700
73408582
406041989
2402060234
122212010
757345172
3003765995
1659405564
28435461
4175527737
2849377274
4349482632
626503046
568151409
289623381
15700729
2902031256
1890270253
14587949
81438841
1104540488
4710171807
41710264
1547177328
16349648
197896207
2810112283
54265268
284625209
553011618
521649556
4197944297
16710420
1963571004
67293615
366819502
406784853
305877707
2293109486
21212087
264265349
2483010143
861299305
792660210
561310591
2604459826
111381659
4311533302
3108351
29075651
858330289
242017731
50417020
4152949041
26043187
294353964
703719159012536320
3158469199
861281180
2448647882
2694576948
3261821946
151268050
264461851
2184866738
54938472
330023566
711654736114507777
62829146
20602461
17606369
3106834114
4794304933
705139751481790465
3259126782
86177603
1270126526
2491198565
715670040432009217
308174015
698548017406857216
3448846420
130294479
3095152498
21048939
14529929
138648277
286432534
1180379185
18588866
1325486911
110445334
27744185
3483102436
3911294003
503324517
27973524
368948092
17546958
91279573
152350703
1092757885
247723476
69773058
338799600
3102702948
3380367683
59500657
370828662
18208120
26007752
20567334
1170886272
20713061
2567361932
197496309
21048033
405004997
185868832
3135241
138809881
2164909022
9468372
219010139
1213179745
34036028
491461409
212708176
2959497429
227064026
1064362644
2874640793
479829591
43368583
229575933
1702344373
611350965
711349816110895104
862374578
4035272183
713361889049382912
3730334054
109441206
765213068
334715818
1673406060
2866255475
47253057
23970102
2934282126
1345822466
3312124672
2574956743
18956212
15533337
96442308
18144612
29024380
177564016
2214847005
1899052010
69190453
33410754
250922773
4049743339
29205268
4686170306
191644189
67052442
1050111
241621002
374331041
1880936238
614627531
237888723
2393063119
4057313892
3890933907
17693390
14203214
343772856
2280996480
136221308
16841073
4225209080
140640762
81014765
4870894643
393469195
17614200
61015562
2792358054
20958510
83095406
21343653
208083510
2223706189
2417586104
2218703688
18266688
743425316
558360059
59674605
4766568366
4874675475
118845216
2989070397
703468028277620737
242085547
22286602
605576332
322868425
91882544
29234480
19291441
109849883
15513604
1383097530
90651198
112047805
18956073
2161447400
27245742
65691824
148291255
22055109
2564440225
3256944320
16097702
18643437
3322723274
244268646
216506034
773410958
3755963535
47739450
2316003960
535675339
3354545907
292362121
55093605
65981979
634598384
18087197
16193222
44653060
17564591
26288325
19266087
326255267
762496814
16131748
177584156
76438819
14730894
54306830
2685199019
3006418240
110855805
2321655144
26900055
2412051059
7702542
17995040
48459553
19091173
74014041
373331421
759251
15224867
457984599
10774652
14669951
232901331
19417492
20243128
86177206
18388923
122207745
16032925
17800215
166990746
13737002
469194846
1053236226
37301997
20748745
43919633
147725246
1487846678
130684893
107125748
14839147
41634520
18646108
312800783
22055226
68739089
342887079
93241358
24295482
19400611
47408060
138182116
15515169
9300262
2228921292
28614262
38284349
20076659
29458079
29216764
334079075
38497702
3109247399
17469289
29490940
3496940480
47002319
66369181
22509548
237348797
237403203
18247062
717868898876526592
3069978481
38495835
2825364882
952112047
101395252
3470996714
4853980550
51453836
24655764
1264713918
4875896757
1129647830
715726334475960320
3308335369
2575307150
707688405795278850
67494190
3194899940
705890784319377409
2477578740
1379288282
4821315113
4698967314
1075279352
28239343
3521682854
3298299624
4235325433
52526955
700797214222733312
3000196264
19611642
36211238
706289535383015424
392681212
121732636
704833185398394880
170861207
3406228054
25014642
2952299538
508370282
707893540278419456
4844005612
1866192355
902791272
48179204
709894001415950336
1007218628
22703645
4510335197
3223531284
713569647044505600
145944121
50703416
2905315667
1553994727
314243234
260851573
363883148
73657657
534831016
377129602
1958035766
1332568579
29270341
3092625141
2485285513
577337789
282695161
519974177
1599198174
4838814747
4007921186
993585120
144570961
3225704708
713213745
829735580
17586312
317284206
146139991
1904708809
2574001358
1065869268
247516684
1959451087
17687436
23919418
2799588421
2848834995
262403030
3079631781
359924736
465158270
31594142
3848929221
2542439420
4788670529
2981917840
397647118
1658365022
82455793
586061055
1637119434
2312387600
864081109
5908
1732121486
4538595503
3398766433
312848382
330623773
2365181073
880018682
2863229966
310001824
838399572
3087045099
41957116
2752332754
582202048
22903233
107562348
1944440994
35051304
23022687
1372786812
3033497973
915192618
1049681827
3948421274
1358290958
32765764
179245596
315878798
16615932
331059968
20110886
23659017
428333
19731326
