279390084
2154249635
578348764
17995040
60923866
112186577
328878936
38281180
1541810790
3377079173
2494120748
2921539227
733398220819177472
2233524090
3022045469
718673769
5354482
61862477
845460426
745403864124260352
571579003
61660254
735142815114625025
350341283
33170847
721338992965382144
271297553
555997894
4182327579
700776474068930560
722953111107567618
3174036887
125128723
27839828
363297964
57730041
1000181929
2260666053
1284146730
457060718
717728258092040192
459390022
10810102
430596373
3376276054
465973
555370896
28779194
995350171
141269460
202585363
714513049
101520906
437814330
278673208
23528503
713877778681171969
714777010665562113
1849337911
2292748574
27220274
23925278
3043683607
15288851
25097735
706590675442253825
298691537
112273726
141562287
40147653
314548237
363541357
7349062
700512166949089282
4691437897
704796892643905536
57107167
3135565264
3083809798
593412842
187626904
43747960
598604398
867087306
1088555652
2228659594
202679584
138085968
705649854723203072
3592010423
3131144855
65890216
1125937411
328484372
2346683056
398323499
473493882
3119341433
2891922856
4784340108
3311748131
18668407
2827604185
4717892303
3413559281
4256506048
17427729
2647459710
3695647695
1425691844
708295392652337152
3399962429
3362016513
132849881
20039964
444514343
82658570
49920338
2959246240
16185155
19515059
379962842
3034282000
213223080
2976796559
2692125771
2823109342
2359926157
14307648
2339238427
1605914786
220671535
771596778
2968613451
247817539
187210167
2649099231
885246602
2845651149
1915541827
3023136785
2539258598
85794542
279157541
3088761929
14597172
115631816
3115136104
1193481631
38709313
1220855197
2529370994
19899606
35760904
340234449
2383460628
3115678678
316339052
2966219439
1613795970
2978229974
1920286333
36042554
243630696
2812768561
991390057
2340710047
226105842
214205356
14332297
16622151
2976132771
144112800
2657263190
81412375
117047389
236346272
1542533869
563211749
2785295073
69329527
1642135962
21439144
5402612
2305045994
220989773
18118505
22800916
358204197
610548500
17063830
166220976
1383790658
19017675
8170292
56658524
123561976
910902397
6017542
742143
362419965
244879420
949712779
1148812170
14154272
26752424
76299612
23059888
19282280
7587032
612473
21866939
1585935822
39602993
587397179
28982382
48717555
414686174
157627966
87416722
