750516894734622720
2856703207
2853986876
718631842447024128
2854538431
709073529841565698
2855783275
2853081817
986656184
334770866
2889455690
715416678746574849
2856167174
2949094112
1235154583
2865631861
3398278814
2885103996
3789249377
4840759871
4666244293
2921166227
3278657420
57947109
2988472261
455422535
2695384315
2193602857
438895682
3021271913
232453954
110129962
2857753327
1282946089
2880625670
797646866
3287451901
703767494171955201
3319934906
710715693747019776
1847746158
2602838454
2888139224
2703960115
2886410995
711544589052547073
3016655625
2856488522
2853009020
3006658861
2856977779
2915676187
2898456446
2888216419
2853368749
2888097085
2900050820
2900724390
2867519725
2872659600
2989584180
2900026386
2856445344
2853447986
2893567644
2867379464
2895827521
2893966526
2315466471
2874657428
2931967868
2887353242
2876101009
2888798922
2959061022
2887424072
2881071607
2816442792
2589912882
2823391176
2304583868
2837039481
2797194306
2867457713
2860393776
2766455535
2870735030
2832884964
2913497077
2862172404
2949779155
2866259905
2863131030
2916406765
2892843762
2830070529
1144636321
2895354085
3016135463
2854542146
3021927536
2883077474
3016355078
2894412198
2908186566
2866951930
3016632733
3009362568
2853020376
2886342980
2997280404
2854020264
2861907656
2897800237
2853435152
3016579746
615101445
2878004102
2927572118
2896374889
3016420638
2937133010
3016477536
2890734972
3016460814
2907225301
433510324
3011056896
2877581892
2843063430
2420997324
301270822
2413711200
2855483089
2995847941
2895506678
2881143578
2940884844
2829061259
2688280538
2857699622
3072748332
2818806879
2887561429
2856471998
2878588711
2958186212
2829278467
3001589090
2783840792
442151843
523512145
199110089
925389540
749952350
73593143
396086694
2890486561
2871464257
533200584
3123756090
2870891119
2995846376
3185491777
2856435689
1392610381
2833058602
2830864401
132385468
2990981538
1243352558
1492538024
2866844120
2854011954
143014330
98581590
46134530
3322037641
2821939015
2856320462
2857988720
2858036395
3011996810
20562637
41549052
564311836
3408487569
3304065589
3239689873
797354600
2830238131
2874581120
2883181765
3622787058
1181271210
2206942098
1105485943
4003843153
3569717114
917728100
2869040184
2954730055
358155712
2856411324
2827558055
2861971208
3285190268
2857909585
476199422
4224676984
43042353
3899993118
3690268153
4224356981
372349931
539826022
2577281738
2600474432
70001932
89443197
2659032074
2805358944
1649633971
3299435142
271573557
588983351
220228167
2223592103
374170012
224200628
2991933222
4216037237
2999025056
1121163822
472967330
711398371806748672
4897114393
3363945117
709698808477650944
711377046920937474
711227523703549952
4883925998
711481626002214912
711602042322550784
3915464598
711758092107513856
704981565986570240
711828633141161984
711806142574231552
711825494136659968
3326909539
2829330556
697457198100656128
2829933850
709725948342460416
2853068101
712599634967789569
701973285727133696
711096033585987584
3112021275
709054408516968449
712835081912451073
712989830888558592
712984256385921025
713274250329653250
4897873465
713391731060944897
3140170940
1051923060
713664093723488256
713665449313959937
713637622749343744
706743274032107520
2925365390
707531209409060864
712837358429691905
4900079710
4080951554
712839407707926528
707069196207697920
713334245431713792
714291325986676736
714379569122320384
713780899943297025
714408441746337792
2414521194
714472221528367104
3149549190
712482953670950913
714430304203575296
712681616930246656
712689727036522496
713774654578565124
713777779913830401
714163427665711104
714456071385972737
714456645577809920
714406424072204288
714401626845347840
714655917363634176
709984739680239616
4557512532
557764947
1580251428
3322221264
3305967302
710550291192479744
714853408600154112
715020297884213249
2880653761
2880431359
2882381702
2882567453
2884422708
2884520359
2887037978
2886535429
2885221134
2888625950
2892842497
2888920633
2889433908
2890801542
2894003364
2892195721
2892278629
2892289578
2894659849
2893473806
2896014452
2894478296
2896288633
2897636006
2898106046
2900111306
2903838722
2899272097
2901370675
2900668801
2907693174
2902956685
2903791849
2910794929
2909136506
2911695660
2910898878
2913564452
2914949959
2918425009
2921355901
2922444438
2919373513
2928184566
2922558583
2922720686
2925705386
2944008278
2927589085
2929182079
2928376837
2938824469
2937885163
2941046346
2942605260
2943803341
2952007896
2949095334
2949320754
2953623728
2954358037
2954564677
2956036099
2957853072
2982454874
2960280535
2990329250
2982554863
2987391596
2990967362
2993107664
2996004986
2995940767
2998677841
3000798786
3006670482
3001248595
3010268918
3007618920
3011968310
3029566005
3031173980
3013433816
3035959196
3031919721
3032055156
3088885575
3117292221
3145470739
3135170346
3145558831
3154385688
3153202885
3156398143
3161245658
3162959198
3164168173
3182438713
3167108496
715023997348487168
712853962010005506
715122137527230464
715186961238007809
714383221169893376
715138591794405377
715171107393953793
2381441990
4854522594
715229662050275329
715213044914085888
4794027978
2846888057
4826057953
705046680383594497
715104501305188352
709039524714717190
711215503813906432
3185751362
3185528120
3186755420
3189579457
3190006332
3193150357
3193607655
3194391938
713615265452306433
3196025749
3196419547
3198290983
3199449523
3208189518
3221253980
3223884632
3221181697
3220279238
3221600108
3224155825
3224784120
3224987126
3224944453
3225773358
3225441349
3230823324
3235644344
3236465172
3237435853
3238298725
3238983972
3239431088
3244067870
3239818585
3245508546
3244962578
3246175610
3246633750
3255460393
3268925070
3268947690
3268972182
3283862904
3285088518
3285210145
3285141319
3288889950
3290421345
3291568430
3290837405
3293001738
3293632601
3294881083
3306725792
3294977839
3301131470
3304270129
3305724266
3309714432
3313288710
3318386948
3321228852
3326407250
3321232172
3328835473
3398282062
3436809579
3508814240
3487368979
3491401392
3455639414
3550712533
3647983399
3569413579
3680007864
3726081192
3776454074
3848634014
3892415612
3966936434
3991566739
3957025573
4056882134
4069213886
4096446315
4102815864
4142441116
4220834239
4398434059
4485062418
4534681773
4660416852
4630108932
4561637418
4666974384
4707216188
4732575054
701238554148651009
4816241122
705273637004181504
702898470055604224
1288175774
347035710
122658025
2876857670
2867590753
67378160
3875683633
3336165034
3257544230
461841349
1669077511
387742278
1665917761
3197068339
92323590
4694580098
3221574212
593257119
4881090842
467403007
2937777979
4891297546
34613288
1227253801
558797310
285332860
3033230473
1244137812
2873695630
2829086842
2994411139
3320289410
4826907475
2843759530
180380465
103770785
98362607
37942193
240649814
80304808
321271735
64639742
372754427
3278256494
3275239147
19894355
3725777666
4904968932
17790274
3278352534
3004459812
584544821
4427447561
2529781494
205437050
222394250
2572785439
2895345258
2858138496
495780767
141633175
4864525695
4864801754
288077673
2855284963
3250734158
3243841650
599519598
2826990663
2867514097
3302515070
1451764304
710301764403113985
3168379862
708562388899880960
710713612008955904
4617117798
707589816502734848
3248715253
4898015510
4622064978
3755719332
4887277096
4831681767
2909033298
4736836524
3249493188
3225713688
709702543627038720
2866197668
2824780185
3236879786
2880860347
3425824212
2934621848
2990987958
4921327076
1136374122
2862666614
3315007314
2886566672
3300542427
706819467871780865
4916465810
2904325009
2984228714
562261992
2883577591
3303844243
1076512346
3657085093
4728339373
3380179452
4848577211
3260636378
2853045139
3569094082
2957319684
3324345672
703615410499751938
2634697299
2864349273
4225168766
2919531312
4832090479
2877884090
4915117098
4838702634
4594536433
4708076124
4378933632
2826392882
2791188251
700525143961923584
1894181641
2864665591
3069899492
2976453517
3302351833
708689829228204032
4143357254
2822930935
268406927
3284396479
4864975412
2297263822
3879205754
3320260519
711560432503271424
711956008378077184
3223286714
712237879909548033
2826984531
1270150182
702522293562376192
2871028974
2856579266
712484385409396736
712622731175399424
2924567500
2860848860
712913686482911232
712898267374338048
712898399419371520
4920820297
4807440889
3279614749
701336675872407552
709366684579049476
711221736054755328
4873518892
713027072545849344
4922299468
3391597385
713268872397213697
710739225969238016
4290403872
4898036298
711153283654520832
3013946606
712328453500964864
3005730770
2875095679
4509330493
2853923798
713178601269506048
4372480169
3076508388
4911548299
712363503751991297
4864678046
2913371556
4880802755
712507250414379009
2895436374
4088917213
700948800379047937
2364161016
2947535497
709619560446500864
4880825566
712873403808612352
4713278959
713158862656778240
712846781848166400
4481499075
711182242354073600
2983377474
712852601415602176
711148470971699200
712928474487525378
4257085818
704631900430729216
712520895307325448
4892670013
712605626652708864
2943610939
711184399916601344
4892761484
3236774692
712877990808580096
1144188427
2893149118
711141706855424001
712530520148746240
712287847982600194
712196695103111168
4547033235
2512337493
709789431478091778
711978744496271360
710854444120866817
3013080361
711930128054489089
4835287787
3286600554
4915178713
711042459053109248
711024250690252800
711549898743648257
4919242525
3302661324
2904355988
712141932869193728
710825516824039424
711181284945440768
711457129220214784
147889191
709248374919159810
711527225984593922
710871171839844352
711470507921694720
711249716621627392
711473010285260800
709420187179622401
2854581229
707139964153110528
701406011702153217
704640682338574337
3422352012
708697123772956672
4824027467
710855986529968128
4713721878
4902385280
711416558845755393
703972151460651008
711434803246051329
711252002412449792
3003303750
711503395698319360
4757729414
703105632631586816
3311243300
708271357205712896
706857711854612480
711544900874051584
4772434212
4700694091
711533433109880832
3250034972
4334135953
4303235053
709253250269245440
710339690709147648
703099222606815234
710161967802032128
3024699769
3266643901
3253853816
3151346742
3251492064
2912781048
3233483612
284422864
3320440650
2862000814
713590813771476992
712580782846382080
713545897158676480
2470134715
707823877502672896
712115639557558272
3271395528
230077415
3305017526
713616772063035394
4603557434
3242127978
1062209389
374204290
3307815692
16939569
3586579334
4833102018
546748817
4892010820
701740832068505600
713910209404489728
710779484698324992
3064620618
1142131626
4394422637
3071386632
2865087104
3301259193
3974788583
2855051844
2999106026
2858297479
3288403044
2825079609
2855718854
714394258405392385
2907921024
2886504138
3236519910
2854142347
3231566642
3141476857
2857640209
1113542826
3315196806
2267602106
698167988613021696
436580250
3221336923
3286058353
3493442544
2407923161
701101316228001792
2920171904
3123419054
3658788258
701242100591960065
783534336
3270816252
3093209598
3253721292
707224354958934016
701099628045807616
4859378492
1974564259
3759030433
4859189904
711885852952006656
2853902510
714428019905994752
2836258906
3310507747
711761100031692800
2853254466
3332810114
708883987683418112
3016607192
4807437134
3107116952
3227354966
3301339711
4429112912
3318387126
4089194292
4766373554
3069745482
219690862
4925434812
3781244966
3321106501
4248101953
2931431324
2883316219
4752950726
4894821232
2994408390
2881114701
223786993
2907885613
2838337075
2603304560
2832221500
1487362878
2982863059
2857660634
3023434226
2854569806
2899488452
2898498480
3229872554
2853340573
2454414156
295833852
82613482
3012621222
3320400421
2993380802
2414663383
3012589890
471741741
2852398328
18839785
2801626267
3001238274
2853120986
2933255396
2870649919
259060724
1467155670
3186318947
1471816201
446897195
2834509828
2853442452
3172729261
2874202449
3311383135
2853228822
2856488342
2895502927
2489781678
2853078955
2853350815
2730683010
3338618240
2926727610
2951036084
2853076639
3321663553
345241224
3318613358
2890735274
2325964293
2856216493
2892815803
3277183626
2893530846
2720580682
2253109628
3027306828
2906231602
2853207764
2856673791
3010140084
2854534602
2853232154
2824801805
2984401976
2856741290
2866582638
2551924597
576820256
315651238
196194396
2825279811
2854174412
328074426
2862558397
2853047228
2866419175
2853009378
3241933603
2929970833
2668160068
2853165108
2955763231
2877970549
3300114695
276917857
2835783602
2858149452
2887446962
3303333877
3284090191
2853100962
3246517364
3019777940
1665362378
3010296991
2928116628
531975872
558562673
2923481688
2854695624
2919495534
2960491434
2937062343
2435682595
3266071160
2989846562
3013096254
2890599356
2711645594
3279369464
166521512
2887295600
2825833587
3226706545
2874999254
2856346633
366178905
1524066859
2938178839
2857818242
2870237077
3253170686
2870750054
2853870702
2883083713
520059046
2868668252
2601080816
3251642994
1916484823
2856639968
2573380717
2868761985
2893589706
3315142500
2855399941
2839728951
3224317212
2886017329
2856316742
3018488790
3258690974
2933024898
2807339056
2890440650
2853011358
2825057147
2946311274
2515226820
2832683313
31348594
2864963165
2860388478
3229552940
2821254283
228580482
2894599512
2900399127
1238637781
2761649479
2853190483
2915574121
947113627
2824987642
2853293497
706448896
2928630194
3013047360
2408532487
2809032265
2853136279
2853134544
2852359916
2921414714
2927986416
2862284436
