719357715143757824
3208794320
235854295
2922792157
124186521
778207835679182848
1644626599
738368081941041152
387558105
24189291
4495077440
909721478
382530921
33590001
4911354506
297234290
3224517535
2165900378
4900959204
76681191
3581539698
32812833
77690653
201846344
156914310
202626599
21588304
252001834
756996748594192384
77695822
2536404282
730410723411550208
2333075571
1299266473
2390397056
3946387094
3992633233
737990478289719296
739661359487426560
620874155
3697633513
573606094
3243324955
899220661
2869017235
3107290903
4792126048
4855420768
1249758332
2840915071
3303903568
448781875
43425534
75004333
3236573096
4484104873
3267592111
1118459378
343981530
4895422668
391975785
1060406983
4638651492
3707515634
250549575
33187774
198768859
229422372
3762719052
2894112855
121291606
3315341264
40241167
3299569435
3221461008
3276278730
580116630
28379705
33326861
167562319
162389569
1952674158
3010197786
75860017
343345131
3240163496
545984806
80062549
758912244
551111282
3716536934
4050132567
98831215
496098860
137338614
497449823
3191439326
789965623
3968773699
2871874226
187893066
3810409158
48668434
63596465
230915917
133017545
87702194
284291853
185173758
44577918
3358389252
3397606617
901088828
66348864
3015014955
3257632375
3380472827
259195959
3234200371
3399785352
637313893
1587296611
3134352360
113603164
3317270918
1259641452
3280151570
1350796322
2963439655
3213267593
950647700
180836362
3260560490
628382388
100410036
572082389
384331504
2975103566
2927727816
584913681
2986754792
2928767557
24212512
191491120
3123543598
1965931321
205609135
274048336
3159376230
2898971927
3085635651
3195850561
3184785248
3125022183
1359492967
3221939383
3241449060
3224106326
2970804385
28366259
3240051258
527163659
3019179840
2939863448
2484003463
3012449175
2790619617
2183943271
585524293
2991066979
2609239326
2986243265
125984161
3159269929
2998423130
1012143410
3058220969
3082599941
550393070
28968838
15382554
3162063018
2480924982
3143402066
2988184697
2429775030
79971549
535465271
2930931013
2976491437
1050889981
2806863614
1144748492
2920415408
568113808
128564900
2601805386
2874187218
146299154
560097442
3045845146
2896932624
2990849970
183078358
454676366
886973394
1015357567
285196322
1429267152
1555557223
1147903928
1030451605
416675721
413131376
2972879123
2959464191
34640565
190695600
529297693
2897282400
2848959677
2250454557
109254866
283317171
109813090
666523
162728717
62764427
161626425
558425008
3004338524
293653435
2792842141
186712788
2880863389
109213578
2994179078
134936026
30184143
2842156328
2744333922
15629005
3009739022
637045635
464353133
154814910
2264217002
89142507
40677226
560662465
38541136
71253886
230126772
2351918846
2899979636
587966962
1853239909
62216533
358007539
197807757
56323520
2917220573
2923407572
1956482233
739502773
2913564169
2811209036
1949594646
1963158462
60583926
99050904
2879042539
2537934577
332787845
2387013967
1484321671
1153663123
1462509980
2708752800
2262575923
1306516603
1379504600
780123848
165770335
296715252
91189177
104448662
603810977
398018384
1561926164
1572210756
59391252
187539772
277926141
2723396983
2438393314
2816373013
1334142426
58389326
1394442420
261982335
2724219169
1394150364
1371384865
183876299
9160182
117766586
219805504
728937098
1945447430
1429678586
51091542
253607165
1119152077
133145997
168221275
418860156
16893886
54491455
35623899
796105386
800119230
104963026
2408555732
152185699
708812435
2344837579
613423280
776171173
1380733602
1306504886
1416418824
1153668985
31313277
100932815
110674921
39956328
560077174
1489853684
225353346
2749821328
60287001
1180721448
631807164
748909634
109629603
56102891
805493232
1102361839
206880980
65237354
1404551893
1701651674
1414808892
1731432151
1542482180
2280069324
101986616
25321033
273516926
570887001
300548967
46388339
717716672
2562744654
2304426260
2465951731
122294468
2457477554
1662592374
627094179
965776836
752953429
2497552898
2490929210
1340837605
1038726230
1383842365
