701274559341658112
4864481962
3300164761
4920041234
4466393959
1424439836
4920749244
1670183281
3892359206
4864801754
1235154583
3006738492
2825277286
4394837605
276917857
4752950726
2853134544
2940990457
2862558397
2206942098
2932992638
2831291753
2899272097
2601080816
2834509828
3012621222
39211877
2853065965
1467155670
2852398328
82613482
4221082572
2853009378
1105485943
2853207764
2454414156
3001238274
2853155570
2830238131
2801626267
2858821012
2870750054
2555457956
2887204706
2854191792
2866419175
2856673791
2886482696
26775859
2857655544
2853293497
2900462725
143449831
2854049293
1971695402
2824987642
2923025736
1251217380
2856216493
2864314203
2674213830
2855338514
2977315255
2958551966
3008224909
2809585464
3005070704
1144884198
2972649750
2824959707
184313850
892486286
2966030460
2980355474
328074426
2939257475
2802230596
2880860347
723184897
2515226820
2989748916
2837039481
2853161810
2866582638
332712919
458678379
2907737321
2871665024
2857467704
2921800506
2979367386
2856326569
2811917352
2946453091
2853078955
2917239074
315845143
2884778264
2984401976
2943305115
855778446
2833108943
2852359916
34903803
2896254109
2964277875
2853120986
2832683313
1471816201
2856820819
2823605642
2854295485
2809032265
2946176202
92724677
92945681
2259959922
19895282
71201743
101311381
145125358
