2362746566
15456009
232783642
1378000488
48607676
578557982
113576014
2623690121
19609162
568825492
906094669
2846735297
709690251422404608
999470034
898715394
117652722
2796746353
715841293415526400
153492935
784892570
93341477
12611642
4906058883
963558768
77596200
1592002099
1666142936
2916604288
2516084328
18009089
2889984516
244672046
2877151045
16106584
20031359
40542150
4531940473
89765059
22025945
18643769
2855965952
21076522
19325034
283043739
782828755
2822712590
19725644
1948039580
1486744616
179932936
1643039532
19217369
2796837562
2411290603
620142261
2983295300
96879107
904587308
119958446
183993932
32258091
976948010
2914116544
1733467884
20878297
3086789309
3382121055
175472962
2893511188
3307097171
482388629
2593706066
139292752
51564922
46581397
3022435081
2307192068
18790556
24578837
424806929
44008449
53686349
2955460223
249150179
29234279
60270973
2784707673
1477312464
22207520
4625687418
65289126
147824510
225943521
2794782427
77068558
17952975
307100787
23064821
3480363978
4198141815
1318542156
29321187
56276182
47799910
30665669
114684274
517077573
11348282
248029564
2792749508
222475670
63485337
109334785
1851498103
3088610712
16725793
1579422614
2916305152
3368353559
557265175
20188060
114999983
926620369
16150457
2837892202
3687721995
16589206
15999738
282448562
2798609018
931238660
2814885768
3106787658
2770281900
58323501
3239557565
340970752
3475536193
2782004185
2727786467
2315874928
65974890
35231502
22493135
2765738045
1356030014
26049694
404299686
3018742509
54134690
21371939
2808137828
2218476955
246108168
499428540
2855949487
1544372160
2358246756
2782040341
3033186133
2782186519
14137559
2761005483
2795057922
274109576
2764458266
2837982711
2801213839
3075683053
2802216965
460697784
234541181
2865668345
77059149
2969732621
2541766878
2474307219
259808059
3089238207
1556456528
14063949
2849321642
2812908133
1455740023
2931474600
1531368576
93739148
3208048924
151871519
24206059
2227097804
3017453544
2272138994
551200721
63119285
57107167
17944711
2688750895
3046791021
2846609613
14903310
258809020
2780748674
3023944838
18918939
94680511
2437634414
2871754306
36390041
1540486075
26334835
1460549084
248044499
14307648
98061754
20002004
505775222
21381909
11353012
366493830
17884830
2242547935
2888140440
281480151
165640851
2503081470
950142270
2800681614
14987233
2787720983
237430424
42345999
2791121294
1451122832
16906660
2531176532
25300555
827393982
2954618584
2840824778
2832342387
109741789
2578138580
61166489
135385733
2590888519
266178979
2493246408
64703393
2585165988
2780075550
2861423605
2979891268
123666193
794704152
590419259
797151362
31546058
2562363992
2413001731
2323013466
166240143
2846551735
2831769015
2951963678
2752897908
108155579
2801890131
41455567
5477122
2534342832
2874237561
22461427
310216379
56230246
2336050548
487763178
2919308995
2871413367
277475162
2706312042
386520098
2791190459
2851818728
187387276
25180501
161469460
2871404379
2814040284
67917587
2861828567
114584062
33805179
207784631
55656369
229251600
87400361
16747981
121112852
2213370912
2796851485
248478594
2699887286
594594161
1558996520
2815279566
384560959
2881849181
13972382
159708757
106638964
82541017
524788308
112614146
42082673
1385975335
2743934803
2829693507
878296699
2834440515
2411433529
2772264097
2796471254
16428093
1284994188
169326150
39652554
2172172229
2857905234
41687358
1712939281
358545917
1357963177
2816482591
2818100251
1499808391
147851744
2472399354
334921581
12798922
2790540392
18665800
17295768
10810102
15492359
