223304261
3044949722
175472962
719124282
3318053142
3284444479
4078300373
3419152570
254567249
345202493
86766927
2726686754
1694643314
4228515238
4229243225
339293485
4070711489
4305420018
2571872893
343138234
4248303556
4254929475
189782120
2387604200
19313066
14905123
1919389058
3351910919
284648348
184383206
132789518
4337629708
14137559
2938370841
29191029
2693988803
4567420579
1897270399
3365113659
2407317296
1250198983
4481593752
2181045176
3231901018
385039748
2784278855
4449537796
4661828381
3134914531
2934037284
2655410420
931238660
30665669
1592002099
21237766
3969493157
4061631672
25060654
21825193
415349092
1271466860
832266446
3901303587
318129699
3797984178
112967246
515231427
3731348128
2890937321
16145029
3243656034
931732278
2992643773
2796651320
170719160
2574210691
563015011
3011487746
915767618
106819547
171280752
397936169
380010179
439267102
2374154281
149218622
482388629
2908330684
2591386356
2631570888
3419803485
1478557015
3313999393
2315874928
2839105630
2887457169
3316546573
2386648014
575813393
3382121055
319914595
3008561324
2213370912
2935281067
3308282189
389848242
1494313123
118652552
2987605712
3351523401
3060235391
3166838199
58323501
2889301018
317430307
2871165186
3253430696
3059473475
2905424053
2758211351
3079853349
3280151839
1903362108
2864599181
119126419
337732675
24206059
3232999929
1525377674
3256402877
3018742509
1013434646
465893032
16703058
1606657686
908483689
14978253
631682301
586953346
2202301848
217533546
20833775
2718356156
1531368576
3330734465
3258471795
15089489
2864314343
996957625
2809588068
250546675
336002124
3302925592
59023240
2933214974
113171482
1012388048
620380090
3106787658
330473222
3146445098
37710752
1686315325
318207626
2307021294
58282687
116454409
15477254
2848319060
32402608
438574508
61166489
950142270
22025945
92126580
2528348849
365059084
2845021300
1924430262
2888132107
3091927155
2951963678
3107110095
2786407828
3160348056
1675183219
14987233
10720422
259808059
15035654
2790398736
295731821
3140638171
602317143
104969057
128956175
15227791
792978680
3091683064
3091695075
2871754306
114684274
2833719035
3093347847
3037792020
3088610712
552941598
226523183
19015287
1950799526
2873886216
2907418647
3036496714
23307970
450116016
3033186133
2937680624
2809341242
2973940259
2818207203
3066206409
20188060
56230246
203084615
16906660
3009632462
2998496994
590629399
3006726667
2871699636
70885552
2795057922
1709516838
2557510566
1240154665
2808137828
2846136124
2235210511
1949177358
3009642183
2750149424
150123666
2994063614
536950156
2871404379
2846551735
497929894
1565678965
2932755040
299134973
19574238
1537181251
2868558311
2848576095
2857905234
156285331
60703301
141957733
2883864873
2919308995
785009390
2925858323
2895550656
326534863
88136391
54362299
2945236157
93964319
2924911368
601425440
2662582391
2966480981
2831315632
2854301914
322272570
2363624790
251045973
2832326409
2411290603
2905590149
2923188293
2883604951
2870650162
1635084757
2242547935
2890198923
109334785
1915707343
2914434283
1847432659
2861828567
2891807243
2914116544
2922171163
2879401286
2887758677
93793323
2914937290
1265072144
2808801171
2354638212
2877481450
128781497
2851133332
133860889
243739078
35688522
234541181
230304139
2825763683
912911366
1939471255
425440651
245069148
1149518827
22605063
523740205
2835775263
2424650808
2842848160
2782269553
2834903284
2834035965
123666193
1479205873
1242190802
475682772
2852487425
2852724185
370965784
2826540395
2863088809
35993028
544001732
1336708158
1963154557
16196401
281838753
11353012
264544779
1398152438
129637624
2895395668
2895385911
29202729
798640074
244625381
329297201
2607290564
14341268
2518058154
2831147669
125189782
27393948
2877232677
45211538
1021652065
2851473503
1064413597
2798458089
2450525172
220842543
2881849181
734429946
2909667702
2839439475
304428516
1074583705
2891293721
1246375584
2891372727
2893264993
2602505592
2838668197
2908624255
2898262704
1529042803
1345072579
2902074476
2835488103
1027250287
116375949
65412814
2848272946
532727261
15917800
2827529090
2907346327
2374365391
2801653880
2782110974
2568437472
15788621
2872218665
599150480
33449297
1210767164
2862330660
2880280417
2308447556
2893976604
2898881712
2561555594
2821531091
2838256043
628292989
2806652566
100344962
480564622
63514682
53544165
2882806973
2500666987
273308933
41687358
859037929
2793171236
316470430
2849633862
15392391
2873783183
82541017
2511523502
199129203
1235780838
2875316333
16250987
1556456528
157587938
2681467501
2846580298
348925603
2903156389
2530819766
2876531499
2802722088
1888415868
24734335
716820403
2875720175
2420369400
877770079
79704465
297228027
127812328
47622504
2401110481
1368569077
2839438477
2205623655
45711301
2844264700
2831606139
2834440515
2706287791
2786367368
457442648
2871125091
2810395514
857075844
2559373213
2329542980
186747466
2834752995
2855949487
2242878637
26213211
462919496
2210145408
1615255022
542107753
2768481052
2802658657
1054698314
175280217
581454660
2836175703
2815827402
182633497
42091611
2886817729
2891414755
76234636
2873135374
1495123794
2902140902
508081252
633181008
2805673956
2485670676
72899191
18159661
2821132999
2787129565
90379747
2815155763
2880666161
2857186526
2836785657
2783115036
2897299574
2613183703
2813010462
2879819398
1700658962
2771858395
332922673
2855989883
2874675532
2393063119
20726044
229383772
2892423078
24715437
1628666935
2880846933
108700210
1007810736
17952975
628529267
2511430226
987375390
2799808196
398166806
2732538831
2876378805
2532648118
2814680684
180884051
2868384747
121112852
2811157786
114584062
474392234
1829249059
2552697036
186510364
383048295
2830488368
2866813191
14853469
2774340015
339566435
2886882180
359530857
2876182731
2265561817
214694025
144853440
2583292039
1011035732
2761983946
283301194
946532148
80116699
2847842646
2886682062
22164508
2877716099
257800378
740759204
234212106
2652479144
2796417967
2875461915
470880589
2746909284
1613601134
763449
47752015
238919817
141545661
144075137
2796531589
1170004723
513250944
26385735
2791941618
2238318361
91042156
388595415
2413817191
77118357
42420250
541566394
587977882
76744949
2792239634
248485957
27100900
2834550725
482393146
2802745932
224310598
93702505
2897165928
616914139
2868558430
259415613
2837718577
460777404
610206135
2817936454
609974000
99335926
320353050
68175525
252375781
2514446251
308832091
2875979169
2809156572
1965207578
1081112712
2517116778
135965872
622602249
2810864653
2860013394
566492902
2786216155
752036702
2839365077
22614313
708888523
1041271304
484611097
2844512584
198564930
2879632362
1671029934
1713182929
2874827789
2477197932
884376769
2842441197
1664326489
31640341
2308838359
24194455
356199261
2834289021
2828013990
1443775176
2787384768
59766979
34283550
341654662
108462428
1329276085
1244786641
14669097
488234766
38606337
79449705
202019047
30486932
248206059
2858110355
265220205
349123601
2843997934
20824522
35074668
2488304460
992871366
2811698041
2898994304
2780184986
557260468
2793420332
2890519873
2844993576
704237150
2837982711
556444193
2818304233
129046320
2181035041
2376881202
2147771678
2838985557
2741527478
395264515
130020846
443270650
2827346120
2761898817
2206285855
466045154
106211842
19962687
2754929665
2464945057
184043450
47405998
2877719896
1332655236
2776960208
770970614
465698564
2831534931
28067087
2814998691
18027864
453221269
389910442
418509953
2793807454
2857048867
2833585044
156382488
1093050703
1260153174
2863074171
2840758341
408958313
231197338
44409179
2422675742
2525635410
171848975
622932874
1499808391
48889280
455444298
764586908
89210075
2717827586
1542685398
19684933
715232017
1372789909
2677773841
2795887617
2819247256
2845624539
2823014736
2809143406
198351204
2308954104
2856250030
157969844
540063694
2898774523
2842780930
2862951821
59606348
574110064
2772977344
2896251181
2845467987
322836003
348819004
2849596984
524788308
2838273310
2729647024
44494953
2839117701
2397873572
2899846532
2837875481
2883102823
52006553
131082277
2846735297
1204763947
393756935
234813236
538543725
757169850
2842702066
129056508
67917587
1674641438
282887925
2716235946
2831032707
1666142936
226828325
2861708506
21290776
56826641
66827240
275218718
1266401437
2454270684
584442770
2882829690
91368865
2855940239
15519174
2834878073
2874090459
581267437
2837876374
2312424494
2844910959
2849321642
2874356625
2796546096
70082375
266766276
874888082
2777177352
2769715802
1647737498
49097621
2864880993
2842420057
2800890451
93949976
2456865570
2578138580
707067744
2781610628
1717465081
2760482854
2466340032
17469332
205837266
505775222
725878448
2791835904
1251453475
45213336
1356030014
330732361
218493884
305928252
60054555
2787254808
138944368
2829241051
878296699
238093393
2723761986
896018820
1371796633
1120378916
2873927209
2788934005
583756751
941514594
93998669
2854604945
2834743427
948337297
29638408
962789539
2441732906
2793120500
2873135802
2868092806
2829176262
2854720148
102920687
425492759
2889082980
294291365
2898884216
42994150
2875845670
2361888122
60859525
70472887
2857374121
2865611657
25572881
2752456855
2852872244
2794880988
31668404
311847810
2807794066
2380138921
2863320144
2809119696
2896965578
445237208
2863757990
2819126767
186996039
2839692390
318149032
2820923855
23380438
2840585128
2896940221
2829532397
209189571
1571556049
2856033592
2831436002
2891705420
501376318
2898427430
385039710
2831311565
252013564
2855666427
576603704
2837015837
1899091867
429523010
169501111
425462828
150871021
725649733
2771307204
2895241981
2759780366
2836996858
1385975335
2310957528
2875570521
22865374
161469460
539109781
2875320147
2815306126
525553519
2874888592
634338292
2305185066
26056077
2847433912
2875341292
244592761
10924412
591503128
68402628
2329374465
565339258
2700014905
2310429786
2847900481
2830180899
2852414443
20945241
409672141
40082439
2364629671
2647192213
69691807
2841886099
380733413
786966108
54443184
2746420754
2808096306
74576368
91121377
2801506834
2844473392
2541758438
2820162554
438994889
472516307
2482009255
2571843746
2180880139
2802216965
2357977123
52000157
2873322143
15551300
2775737786
2853028473
2390207468
2870375988
2874923368
1362550088
2890526130
271653914
1238795592
2768683419
138346686
2855585004
358863151
2772591943
292570498
2742814075
2398491534
2437486722
55951726
2826414247
2865668345
2255877222
602687997
2898092005
2843870795
21865552
280620020
2748317276
2863770101
1402414639
2814016548
2863021326
2801614976
1614843343
2833599255
337063832
2874237561
2890651238
1641108439
319306826
2884415948
2802052958
1460549084
36922206
2688750895
2837371897
1656516662
2810424340
2861937149
875530044
566858982
2510619175
494257164
1195226809
354150646
231124010
1540486075
1377951030
2868500768
733266986
60616388
2871977708
387057670
954497179
2168574427
2820160334
2244398629
173345588
26433538
321776719
2171202306
538067670
1171635090
193271047
2834647215
2468009479
2874626507
557910585
2813228318
2872869923
2359819182
2836724813
2589671154
2421001932
433999827
2799751139
571978932
2749929437
2897780132
2874243649
2874564531
2874364083
333001582
765262447
40833031
1331295175
36546167
208798621
1043680452
2774031603
2833590889
22557046
2791529257
2812908133
14769585
2319486997
2870140102
2820468747
1260486655
384647191
2323535310
23260256
928272938
1254092694
1028026110
2400953280
19534310
589545108
2822871973
2871660598
2873721046
131273661
2437505664
2301722142
2822924550
16296254
65974890
1592502890
2832405116
21371939
2833184027
51473266
2848668251
47539455
2802662834
2848926965
2836049781
118745710
16710197
2783269123
429416301
2485883137
2823082149
17630286
355825599
997108008
2230562995
762018980
2867285907
398946860
2176530104
2815594353
19189955
27049695
2787635862
271055874
15068060
2754140995
2239306808
2298688470
1705579975
2801270976
2691185353
66801444
948714337
370827550
2833561388
2838130823
2793066487
2826624542
1445918390
512696611
2222713620
63913014
2817820231
831497496
794188916
119815139
2609281482
2881207230
25062440
2842262117
491399551
2798657400
2844320013
574269162
89976370
486568168
2779167905
568278064
1299083940
2825424787
319603324
782472337
1952149838
939734738
420839856
265163809
272270018
2336838734
2831601701
2757122510
596221132
224231200
2834887115
2818333431
2873285219
2794683217
2851384224
2423373294
2592632125
2825755019
129676391
126524687
858951446
262538589
2835016336
213238611
184310053
2786361273
2817205998
1909243326
1649137771
2493008809
1571231719
2833353044
2792513884
97512037
232330808
13777142
922156898
54336446
72810542
183126361
2822712590
300908637
2866323588
500876194
375874441
292703475
84613819
576697803
2174577607
2747114010
2369483047
2869596159
1317712621
2794782427
2871774309
850570502
2796851485
2858749471
2867317885
317947090
1608636517
14171053
2767726283
2764458266
865350384
37093993
1868582228
2806258613
22565029
2837270523
2879378983
17527237
77597418
67764381
700150174
113983688
1852732298
2818443438
70466051
2796746389
172947906
2885734134
324538330
2485827151
2541766878
614688454
1656326443
71316169
69460261
225721728
2416343233
2822560650
1475118602
237430424
44101470
150017845
2857164241
2828072102
2612720706
394916752
201553765
2852489275
2873376111
19114646
1536735920
2835124323
636024733
350208380
24464724
2330987621
1323366451
2836345420
2826573667
95697038
2652997692
84221722
2872543355
746441948
454747557
2814133260
637231539
550691160
132613106
1064591
242182529
2811881168
2350878248
15745564
2896835628
106558293
2780772273
281219515
2535176443
551200721
2873842925
2471826420
2873608923
114864431
1578494773
2866082894
2824189802
252020392
392078103
40151031
147300717
2784707673
704538116
2850255627
2709936560
253412999
16428093
2893517239
116662886
2888140440
1274422645
114777835
342894187
2404595380
2874826844
369869543
2834581455
751492326
296196279
2855436353
2855256383
2866693029
90816051
2842160277
2873180687
16661459
2761005483
2837118945
2868286046
2842430019
99668738
2841707500
2853633684
127704213
73914728
130220236
1426279560
631609318
2777017109
2274042164
2850923793
2745305204
427036874
1895992122
825807648
1323229609
2568580494
2283567114
286788459
284244119
2865880754
205808291
1288927218
1383468769
16601898
2474650254
2835397086
2841652475
2254452308
495011347
1028049817
2828711670
2563030626
106842135
2856532921
2784818350
2813904001
2866499545
41707415
2856300828
866546576
97357456
2796706711
36203413
276693015
2824354191
2121731
1694222593
258922134
2851660402
350049388
103195970
10685872
2411433529
453634057
94651101
8910722
2815513658
2817528572
2784273150
266962037
2825260071
277179712
174730252
112614146
46421599
189181251
792807205
2784808071
2852642741
388384888
519254062
1028041303
2410623764
59273270
1868768142
1605585882
2756873076
2788214192
2831363289
2209598131
286426637
2891784804
2887833895
342105890
2835141579
560667196
2419788680
2558739331
8413782
2590673588
274230527
2815394001
2867052839
2485364050
94959801
2167170504
2814019506
33540385
1542649094
261503168
2599096788
38069317
350669325
18367999
2683063328
2837972170
2772694988
2423026717
1853243076
2841412887
2358959156
239182064
1192611972
1347370196
2813160674
2831977303
866679116
2842783437
2771912760
487763178
120186182
2223926278
2772264097
49058385
2798674870
1684943047
2881836134
1947709525
469189091
139292752
2393066191
176874550
2485508100
2787720983
2857063606
2561553032
2878888224
2591631931
2788788842
2751259861
1266372817
2456822375
2816482591
1468643130
19124682
2880525402
599777096
210316988
14727238
1361845044
2804489707
2864505328
2801890131
316393862
2830537024
2868395829
40899421
1569421542
630843098
707725230
2746624915
2829672089
2867858329
2893515060
2190008708
89209972
140542416
2773896588
1516850792
2325168744
2765738045
1498700611
2424974508
884252689
2751267097
2858147054
2287887180
180548361
2834518025
2861501732
2831076659
2831145645
2853946413
702057780
2607123872
2815277345
2826364456
2644656877
2778816007
2867001425
1115701154
2889460417
575719021
2782735934
2789451130
2836033278
2826800366
1733467884
2788757714
2210848837
291310493
2437634414
2791788961
1176542293
2843484058
2827027708
2575314530
221967789
2782990274
50074999
1199070151
2857495940
2816364996
1321393400
2344163899
562938526
2782040341
1046238242
345497264
2846105735
46340918
2889158024
457984599
2243116344
1318542156
2856460387
2433661171
616635926
2782914858
2729513808
2814040284
2651464544
575870544
945389864
189224029
19997343
557265175
2810556386
2845238149
2793323140
2844542009
2817855583
574521629
2854994347
465606946
830859110
609649719
383883683
1279408736
500240347
2796994417
2343922427
2745496827
2831053181
2764890925
32258091
2786568912
2817767214
2532362760
2815739954
2786936528
2825323358
71079669
21514744
34977967
65032455
290008273
140060120
386520098
1581848742
2839577375
80211578
258636180
414141288
1516445281
66953593
2350464696
2251517066
545334149
2837175356
2822300431
224797393
833148212
39734687
553760714
2795340192
67931707
2823616933
2842913452
2783905694
2236937546
2798012368
2879444486
118112029
104519838
2537962261
187026978
1004731904
1464599533
125139540
209025377
2795274284
1876134020
2793104246
2820349555
2587879814
147851744
2806046831
25622873
2823058722
57513010
2471613314
54556379
2841119213
1486744616
16847164
2872680307
19346439
85640989
468841864
2837892202
2831769015
2581172502
869511486
311405077
2311435027
2824531773
321450424
483061870
1155470035
2781237630
2782772825
2547046428
2858267029
102215904
524159710
2613974564
2791696601
2789216332
284044012
2796783230
32233286
530964531
2790493073
2792749508
584180446
619401870
41760496
2416748209
21791940
467768464
2375850864
2814885768
220139799
2753872050
2820119696
806573540
2276637241
2828525894
2243372742
2796746353
73134729
2861919674
2779579543
2801035038
2785255490
2803927925
274109576
2833408754
2802432518
17223116
117133589
2814337862
2840896178
2825833779
22166232
2752756375
1858786956
2806671613
574962273
489949379
385814354
18146977
2208483629
2848603513
61716324
2836832561
2818100251
29358168
118407423
18827692
98865101
477783945
2751260533
2810806070
2801269189
2782754617
2420459282
326477382
108155579
97708712
2789890544
2762635014
312696314
2253330740
809918786
17956471
308407039
2797951880
854203626
2788274419
2804854327
856844928
1925202128
493726972
2526280512
2816483449
469001942
159793814
2769935160
112773608
2478660487
204447420
2190682908
2819697918
2790560502
2534342832
550537872
1730320867
363824987
175428809
2797610641
49534986
355209313
474556898
15595780
2279505289
522690464
321830056
2790426260
226293658
42737663
2806977060
269131395
2802765676
2787184154
246467722
1012398272
358545917
2699887286
2232448621
2747504632
113137765
289490370
2833345254
2814199862
52132735
169067158
2829019274
116512570
2770281900
307584252
1558996520
14612263
37398598
170087181
578619252
1683985212
2785043150
2782761216
2813818987
41367821
159001970
13972382
2829039293
29419129
2817005910
74519682
42082673
2768392892
2791049587
2796471254
2758133387
304377933
908068501
1730296904
2791121294
2777611098
2795409265
885490776
2167729699
2796149750
2206283401
17325645
320478918
992477000
2832127183
1335585896
2818992403
2480177340
2790540392
2618545285
2785630070
1052040667
70466918
2793220776
79542658
1105998918
701166529
2775396834
2421921523
631080608
2788026720
1442626656
248478594
2815224697
594594161
2783761682
95067738
406334712
826072081
2782186519
2775294374
2769200810
2327815181
2832342387
14938145
2662173163
845649349
82515920
21449974
25927878
367511757
2336050548
89765059
35565544
83339474
2815279566
499428540
1326377293
2172172229
2334885331
1357963177
2826306403
2780075550
334243978
2825897460
2775504008
2781843242
30188972
2585165988
2828167395
2757067388
70353153
387334888
2747746256
183993932
2790090018
39652554
2744134237
2547125580
2169646448
526537146
1964928762
2800681614
708009990
1431436446
460697784
89117394
42345999
151871519
2817149054
57107167
91279573
511402689
316389142
1712939281
6160792
2276337589
2787101798
32949727
2472399354
16747981
424806929
191100024
1284994188
334921581
1589771400
339817066
241182587
207784631
238475531
22275457
459908435
236956880
24963961
