42562446
26270913
282856164
136627335
3659390301
197807757
7439692
221762308
406085188
183330367
255384702
1827750854
1249758332
100410036
497449823
1378418287
703513106224254976
2405196426
2383605296
2407124858
2423015028
725122123
1248433962
44945327
87702194
15809249
19154824
36117822
32411258
3345235045
187897893
3648774686
3671457554
332658103
3266591520
156914310
75526581
3009145430
2928469207
1299266473
106915372
74409069
3723675620
4155535906
3935973140
328918379
12728672
64668825
82774252
2870106614
114685387
19223156
42591978
2568202280
305513515
1498628336
1170817123
102395023
3302017704
252359076
130262203
34374505
180505807
464353133
2812768561
284291853
178891717
1433205026
391256744
1108137264
25412269
23950893
24339716
15184249
15893379
44432839
19923144
15601251
23083404
16570573
282511969
198304636
543142294
478537482
64038747
113603164
148382467
198175318
331787024
78432764
373222649
468997099
384331504
172295076
67014475
472546062
78035324
283135838
165980914
1003104096
24499403
502839129
22596991
41135782
108281230
136940074
6461032
828742454
255368170
296638231
161419220
813286
154609624
418334909
15629005
17919972
56323520
354675349
154426751
82548454
21987582
113468457
508953498
109813090
613589429
69251421
91189177
59391252
102969004
321688983
88527145
302081333
809855604
57725930
43072318
41265813
15088154
45900567
14791044
28380724
374212227
14946015
36105669
27139045
42641742
30872002
299335572
41312331
405925818
14790817
168767461
110674921
141664648
543389375
183876299
78581811
279338697
168221275
15846407
254098644
233051683
119621455
19248106
249185680
296715252
512790806
425619520
391248429
118006312
153735828
122294468
273516926
250831586
111025475
109479899
9245812
5402612
30313925
50374439
15078448
214945741
50922123
474901239
184910040
189671070
15749825
15872418
95152897
51305561
73314590
33912565
62216533
44046882
100220864
62724059
428333
91100171
184288045
39156603
44728980
22393006
239938617
428258461
75444699
129845242
268984678
25319414
31313277
188685468
246774355
14380925
45461766
47982646
100932815
236033901
190973276
23563059
118552439
109629603
153011582
41889498
19554706
144847609
14117843
76589464
10228272
424051728
391551190
256409561
21447363
16190898
85603854
86565815
136881984
63596465
152185699
156918895
144326406
82313602
75749375
14571301
101108297
69209858
50294543
62224780
31685653
101986616
32751684
40677226
23563916
124203806
22801835
60868315
55753842
37170394
190955393
60583926
22096068
258092886
37397874
16893886
34594131
139895829
113341451
124387448
183078358
23924581
313138051
165770335
43925430
43091992
122278704
414713044
32721501
46602211
135901326
78236172
42179718
456697074
24742957
306729403
121154669
116077660
206119796
146299154
23850428
38815052
43032508
134657984
61507091
130307120
76905107
108345784
83613107
82135276
69068481
