1588232604
1031596824
751567716323094528
741579728990015488
2149769052
2316091777
4069679674
754960582395195392
923418229
1551435109
721336035028901888
2315583427
938422214
42912657
3655555695
740894695115661312
38278141
3093932225
702879461461659648
4171917132
591349485
553880367
3277908812
24544802
3308560736
81475201
3030666096
16205479
240793169
752676888905220100
714955981969498112
754313540815773700
456714411
1033057364
168954399
985186471
1356992605
4560016829
2986338775
704461436001656832
36868158
2410821240
335206333
1136961996
726993490584854529
713832622808412160
60317232
4165642155
226944217
741627017574162432
2878701780
342894187
2574956743
608642919
1965074286
2382757172
385729657
64026057
3764135836
4902189912
3360131914
192036002
3407847574
4138746173
707739529332039680
3012571271
4209684039
4624500980
68698563
753352461604093952
708697738418987008
3518486666
737037848163950592
3435940588
3713350762
741644664806117378
280826651
749069182826754048
16459325
1075460258
2418424520
39584513
1520883330
273187225
292586544
1306068432
107721194
731707601847717889
42191129
4631283083
724432207599693824
1242557695
4679513822
84182982
703939788294852609
720008230412410885
4100932397
1936536769
723458294375931904
56089093
2565885570
4386495377
748464969008680963
1016296854
700800823
4847583671
2993757900
1516626181
2886648994
2548705994
752280778340466688
3303216837
33906521
2216376427
2883384683
1164253464
371422784
125471278
438039367
794863622
741619970879029249
4479556872
2931973490
741291461979873281
4875129611
2641505999
2432321625
325865834
714460837625237505
2683032895
747225300732350464
3319254798
4327109419
2436468036
33746566
1905292321
3509784732
750696733940736000
3578921292
4063985534
707777182383230977
1065869268
470792609
735148471376830464
736319887140786176
718274256036106240
102539004
4741958146
4856652478
3302737363
707607797266030592
710553234654367744
16067067
721820289147928578
3279753470
518635381
2307846747
729022640313106432
913228118
1049191752
3106534151
1030136784
2583735188
17770260
247558666
1580847607
735539833997799425
701259623894921217
199768203
534882348
1035131270
4893650303
3150144144
4335205588
14931793
256184059
3360388514
741035593552035841
3300592908
531487443
271173459
706224282804871169
2834620568
609297027
734282583832305664
745074758882996224
748999623096864770
254668647
4272870988
705739393319964674
568352074
1580956490
3990577513
38126579
2255656483
731491163216060416
2628036895
1113219986
3309060326
119099353
702713126483984385
2265133784
21493236
3748722495
228448495
3407898537
720310314
427697302
866504532
2435583908
709400080696999936
582140844
84643452
2895293826
745334356235911168
441724006
740196730843607040
316576959
1666310760
4820698552
637096765
4874675475
759159061
727778283329355776
1583341284
335325479
36139682
727245495093972992
410139350
3995662453
109326259
702918648927641600
390910877
751630650
747582567910539264
733776663708901376
542656519
1274036917
1951901286
264593922
1179779472
829680367
600865128
1149134282
2329210838
706845290016464896
317774985
731501349590851585
714146188677816320
4703317886
8785592
381106127
292929271
746940328125440000
600581009
874886498
277120302
561802635
2996533537
191311509
39364787
3161906866
729768915673436160
2734687134
724306762203979776
30441143
2714841557
4726128470
348551536
4417130582
4659654224
291513513
107953123
182301577
2312902755
2761592377
194675403
2956365149
2788925210
208426234
4842495951
123701304
3193772592
218831867
3226122031
433261763
4342659921
142185545
3004439539
712276281228791808
740981354611892226
701293616304562176
3246330818
124949619
30703815
735252882157506560
444551766
26639309
710907502729281538
4595112861
717941047716745216
3739426048
702227337077776384
2616571734
742564378386403328
725469308558663680
316541650
886897932
218713681
4862761480
4488611353
931124869
410076442
728337592173760512
708039673684295680
317284206
2216469840
377192187
701190716479840256
560768567
3029163544
702169748621004800
26900055
860110616
708383276201873408
3580385187
51885242
2411339743
1049032794
706189400829513728
1708315585
4910801009
2181356725
733718522803695617
2616209796
2488256089
2731478779
371095791
4775810719
54019702
63354862
407130574
30877353
3027052225
2730969312
122047904
4905243038
728427437336367104
712845768630149120
53524514
316544211
3159393797
1172547139
705649854723203072
3376781080
2911039074
487448993
3171211230
729052077750521856
2903166449
726140680003690497
593871970
2909409227
709136798946107393
2863774500
932961542
387265077
79258361
115681686
270679712
3317055925
37534534
2265048648
703303258476036096
2886363701
788571666
1115201348
905457379
706232376519761922
712772376870522880
2916562163
1252437234
25230813
706492509870882816
740987592150126592
748122990
199909211
236647046
705264216211644416
1952998376
2583039313
3149440349
17289494
4065725475
1170740323
3311361372
1146349951
735106615104393221
738943849276416000
1140923334
736373505277591552
3311911386
713220523677892608
724022825057705984
4833211485
2581071326
406041989
56486919
742304177011851264
3254754312
704385298399158272
2285688942
4896844150
2927016225
3806970793
11108762
46315077
3423107207
1004702144
798884040
28266848
148531153
721424099877072896
4261318354
733421930712162306
350696642
2567380872
189728052
310548781
21471958
741304899967717376
185635130
25975551
4535516613
4436638932
929974885
53409654
119161370
2610290468
2883695266
13527262
2928451870
169907554
724924632659275777
3617142252
704158296467374080
4717892303
3054471976
4855164370
91272139
4697504730
531209621
702162686126247936
711336112883671040
709046708571738112
3020425427
796261392
619338270
179215745
4292539453
3296425320
1632696955
740473413760753664
708857544345722882
705490933245149186
3374377037
862412810
719276823809540096
2162637748
735960875492769794
123134034
1314055652
564947756
30561781
2155578175
2364648582
4220373573
731686742080802816
24255681
737420000043139072
4809923746
3960331295
4584443975
706558548537270272
2341462998
732900694521319425
702524531412488193
3420965393
714614269032198144
703670485859614720
466144416
735509982075060224
731643235215409153
2383812842
2779517050
4855679640
714999382664482816
14203214
313024334
558252030
2391736202
1525230992
725064846056640512
2205198069
4615845979
2452017288
16672662
4053876143
3965614753
712063383256760320
186278633
2616166573
3097980227
3403868992
4705335097
46462929
379767285
26642035
2373377292
1080576949
46808996
2227207840
2208155130
3411313300
128472974
719028985070391296
3762456856
714262935665786880
3586046477
3594161836
4700477725
501264324
2913113243
713472415125344257
3006744603
4780854029
111138017
700887450948751360
891832680
2942836979
254855062
426290352
718431963053498368
107773310
261797790
726425899
2288723564
862329896
43037025
206900656
45641358
2201837220
3115898899
2794184389
81161321
1713036884
4171612299
1618628058
2180886373
3593886988
2531274403
171561129
3623139434
705566834913890305
4908391490
1526553212
2546562188
732840019551981568
1930980487
250441842
2417844248
22530860
4236225623
732152541958443009
734309578788077568
3962548574
707640775643930624
228582708
730249225775222785
2267283621
4056983819
711667371782459392
3082399059
2482824535
705442898188210177
1370947364
158876370
703971004817633281
41524911
277924273
17907265
374138602
43598363
94712225
820447314
704523480755249152
2424016218
721808303810936833
4601383106
915627487
925666188
263645353
19429287
4197546072
737451832205676544
359274856
893338705
4859779266
718787676447617024
1263723631
4188218308
2965886325
363761111
4183234889
4376782693
429703285
49709066
338291677
2873852461
3536120422
72628827
3409498392
724315967644295168
2687764388
921533490
1305748099
1209684721
1393877221
718112741806837760
1963995792
44914646
1613072618
2793009004
2184024872
1915559977
933653886
718234453672333313
1717464030
446228264
715028636018024449
1376536760
4921372709
703152419702591491
49132357
3916652368
735241207295643648
4761064634
1407855932
3548238135
401898288
4340273833
18557659
714989079021006848
1035053072
4223251997
736634973889781760
2361944108
1849938847
1357610930
316593308
2444406362
297457814
733427277761912832
702951403514236929
89277004
734895375216201728
4831603043
4813635132
709388957046280192
2274411566
387661638
732827993496813570
3369187348
734099168143278080
3866393207
724600872232046592
612129565
815493158
714174540796985344
304613358
250034113
736209125114142720
73648561
192523220
703432368850378752
2561899011
2828705712
542962969
453634036
4800772219
26652733
733647579070730240
399037297
733250436459724801
2437677612
262968243
3244703755
734074029045256192
732725280842752000
732071592939782144
1649463667
17372211
709783121168740352
726609704135221249
728460894867312642
732147223442665472
352963308
494201345
484999518
821683694
2256965582
2749132011
4365749302
28689319
4836013813
2402060234
706789522508374016
4301412135
4575319825
36592612
121689892
96807699
4092983912
2481937027
1252023919
3299858114
734757985856016385
138507399
379962842
213407763
152087549
3389134989
704336868226109441
363063169
4851646786
715918774080249860
723175349530456066
4858727007
264376821
3098277122
2949051936
719714640821952512
4885744525
703655442681999361
38933794
52944689
4706270920
3331835352
4218156466
3202368201
703232906362122240
16667912
735132706929967104
714251785183977472
25373969
863171418
1432372399
74572944
1398194666
729192179386568708
726317651375493121
732221820
792660210
710990834972233728
2929158942
16323682
20733757
931979174
4850486962
3069707196
2754023296
702630930595250176
254225845
3034782866
718004031327698944
722971335186604032
1455286956
4725638310
712807854005063680
703990775223169025
1069875722
22191895
32687089
234996840
2329396765
2784667102
24733117
1146358172
3002655396
734997282
2307253314
714878737381101568
732150473613021184
3704894715
1956515965
734232260195590145
885794358
713027853583912960
520122398
3055633561
4309941700
733768140119642112
700661366064095232
705446574328057856
124958152
4786138371
336638653
3321999007
104674131
2695311619
492833134
316594616
719252405007687680
538711270
3969530725
708511744759451648
1575689569
4851276082
733601780240683008
2336512572
723639238206455809
4216126756
1720816128
2926128044
716365974870626304
706685756870430720
727578854852825088
880386674
4818110147
892071500
733021458067128321
705927056937209856
2581758266
3945784187
4323735923
83312898
369341304
4793255002
700782578530267136
725784150456815617
732461449616850946
1921932272
3416153772
31637836
714785010440515584
884304968
731519127718793217
46446875
4871543080
730214034910367744
14134180
757159999
107766082
726660816905211904
698895400141389825
3270559782
706810775604744192
21939082
1717324226
4641362844
3656001322
4826403215
4785244594
4822842671
316569586
266420236
4711362133
720818797444210688
4905922076
4870642869
2611662579
4658196589
724454875086487552
4731347430
726533301796765696
537391295
1692466376
712621507290206208
405383139
64511469
3710750492
327094042
270630789
236924921
731112326485540865
725527936640684032
723578944436482048
731445785057890304
1391035928
4674246919
807472957
3419294291
3134323481
3643283116
806010806
4827964262
700580627712618496
707161586746703874
708210326873853952
704403865714630656
708674192032403456
713687135845351424
708391853251428352
700436622844628992
711797911156301824
718804674984304640
716283392883572736
716295429000978432
712282144307974145
710831811362947072
722150230070722560
796600105
989446776
4426275675
3508811473
725137632817209344
725087342994796547
4443635298
485373368
1456311144
725111944647172097
3399510373
132111956
725059258153353217
489555721
379225543
43597410
713136705943896065
721737068322271232
174613767
4278386653
731234868328316928
4822536123
4299954755
4875294079
715978465653166080
710458029141917697
718590853644558336
709524373363924992
3201944938
4880855382
728387203731050497
4892095814
4236806414
158400177
713925255828353024
437895198
325005382
164386441
4660509148
41862980
4916362577
3102885766
3417755386
705212947317051392
3651026791
2926179374
727101409435521025
2998451675
260229730
158060289
752742816
729817429329776641
708870515214196736
44135635
15201203
15215142
48887254
1046138378
4688874444
3377100196
178555145
730458192501571584
728755468248752136
3188079572
20897273
258386116
409430647
2884852551
27789999
2734953286
2387660316
394274636
22523182
705441494698762240
3325408622
730200710780989442
728066085480738816
1558436612
50324720
4854866921
721421306852298752
727483265846636544
727347659439218690
2945359946
34701889
3402935435
2357283477
75736238
4848812232
705447318602907648
1948717244
281290352
729725223893798912
724051582992691200
449901857
902045462
82929668
602239077
4381232594
288027561
3530476579
293056140
46303458
23305759
710656531906371584
823358438
728310044245295104
728627056498511872
176853382
51339157
713656089112403968
701541169084248064
709866894933635072
20229193
890094763
3618841873
864927037
46302096
705001163301715968
108807556
705435996876312576
706175502097227777
696160650108645376
698623641446129664
702641876294209536
51623734
723307674331418624
723987935947792384
705823364087222272
2494237140
2787930629
1338765866
281667926
19204438
727921446765367297
92389320
728644787981721600
73774016
790635542
19937774
219741109
17456691
708659375
4224729994
34603594
1286459726
713136731738996737
70962235
4734316675
1608751616
720967777134227457
48594205
4844622794
2186440171
754288945
2952391619
940503344
3317287716
728428006876667904
3116106297
41165751
318044919
715616477752246272
4736311992
2619674592
717729644867260417
2582736318
709870707153350656
711802159965343744
708063091418763264
698562318351863809
705805045913157634
711696710255271936
721585584561463297
705506254500790278
705229345745276928
49207725
4871116737
162786595
27301268
726187097003053056
1955877942
703042911101968385
709789413941841922
20633903
3392941000
322830951
728306683378688000
4840251022
3477771192
30451574
722481281653673984
2802062539
3911057572
439437130
696037878204338176
2495519204
3888783973
2279856378
701154837841494018
4903277523
4075582846
843665610
3521395697
3564878354
43196336
711298631765086208
704353017106206721
733031581
4921087510
721046092108926977
3459569069
140507539
726638002391273472
727447880005509120
394604583
706626578122289153
705448286749126656
712495647857844224
701682077314355200
1292597821
45156531
344018281
3168209881
3185626787
708663938586640384
18993272
705910534319828994
1493267851
4513278821
727237506576617472
727548487231905792
1135993442
3610264154
3688570336
4813603957
3946780887
725693706674798592
2712850585
213512324
711922682519011329
705103783047598080
3464860760
705804187221807104
320848710
714234573345931264
4827828404
3903128778
704685249540841473
708324870891937793
709492573421764608
705607680145149952
703685327882289152
704289848673357824
718811927942594560
721251893637431296
695401974854918144
712391107439665152
705187763482726401
725872282439176192
708098284473204736
158094630
3393526822
2295112326
710295780389687296
4106597901
703893401071067136
944145019
726857588168638467
2828410228
356244482
349582502
4032873093
3433778997
74610516
1694549647
1365245598
3411182717
838804453
3368433035
478157435
50094643
34309735
4867907469
124585743
578981845
2659696782
3116330741
4871493743
842217397
2588109960
3951491722
4364549596
893856362
1432331317
221475570
365485609
25455235
470798016
138388479
208083510
27811293
191677608
2431253425
2676550971
4839665271
4854655012
4710499710
4380108683
54990667
507765274
3605796205
215990674
2482628143
4414795762
81602176
3408232162
164582536
48100522
2910776820
125700611
389285346
347411113
3344562192
934123604
49431169
531497189
272251414
4411462221
1909350781
1338047336
890497890
2569031768
4884176846
74020113
2211300866
21622754
4922884573
1482457993
4152372557
2845207617
1850293754
3309128594
832886564
2851584669
4358227407
906803460
54065567
4774978308
887632170
1084112678
66876221
4769002472
4458012807
595529907
125674137
4924162551
129235890
1222880455
552495441
2958201126
2716100047
3332044263
4678257476
1903011139
2339530706
192099347
321982863
178527524
2941351219
3218146808
556512531
3615873329
1564676498
19777469
3115816309
81280305
533778808
1895679738
15197900
4895085192
627053327
2301544094
3359569401
4878224175
818358278
750915709
3130363229
4847434255
2854752538
3057337053
473325449
22210036
2369640619
85099597
108593067
4478468420
2745921497
3895471456
4498781714
2527828914
22964326
277355403
2205261256
1137271452
4359182773
2398395180
4436589979
3097239604
4235517322
3410891445
2912754262
3879759869
2550649962
159230211
2459121330
973495711
107229597
3214214153
3825590651
309418741
177584156
2494734018
3091373190
541086423
3104545022
565950438
23920295
22209659
506901064
426604849
15693450
2993449593
741060841
4927986136
3612731472
160415080
905898240
4714745576
2727935599
4898315151
54391097
4105765714
3666268342
75592503
3432880557
4100953924
374284455
264268489
3225760870
373331421
3397826081
320917731
1928226751
4610619013
4440678868
19941208
2877066660
2920141108
4265996255
3324614036
1003088839
40966769
3540252020
3241385313
18787733
22297480
3192644318
4761058401
2916054140
4064981488
4263938832
276749860
1109949931
4833343487
4746074508
23433605
3319032004
845690522
4196754560
442366363
1299803965
1072992504
3066382722
4889652141
2654356639
1155742220
369029151
34386035
619299246
544686866
1494835716
506643301
3113652247
2941051091
299101548
853150752
211369803
16843139
3170577155
134638326
2891911385
347627434
151633598
4762909946
2404148318
15995652
22179696
2954067070
1923444937
2631970169
532457531
1595645839
2352603978
2240033851
7809282
3353531032
4551720146
47624310
1280947238
103066878
3304455363
24716002
2257820046
513438857
2591708060
4910320040
154939738
94620467
71877669
4580047293
250877544
4576968862
606033804
3222795979
42488500
849862741
4855720452
119534385
531487234
3345484813
3885469758
4771593853
523471726
317561814
733326702
2158806852
34755858
233933230
1358873161
183411039
1562937696
521099168
14189931
4584059913
97710257
857001662
935492646
37093688
126636133
4769536303
4070999663
845501731
3492855441
1107331129
2882331822
1007288292
38976390
851059680
2223064093
58390897
248868822
920120467
2919110364
394500004
226841655
488543818
67003795
714947334
4090756337
860691823
3430176958
4644743654
3239288246
3676611552
947065484
2815808271
4019044937
167603204
132789518
2887465954
35372393
1037537101
3431958999
3794736614
3061797379
31172044
1434161089
1972212750
2449913803
4859061670
596591919
223896073
2273797556
4910378597
215701843
21965432
51967388
26002816
267021306
933693476
539744634
4801886474
2828489938
3013132250
3001383634
3946915763
185906955
2816306170
600858559
1185048103
2973180423
3335688374
884631404
4744232172
108335935
1840174130
247130062
33670079
875097295
22627332
3277814538
3872826447
208967993
3950586455
4837315805
17563445
4214995979
37398878
25477701
1407446556
847910245
2771601152
852360432
4840190201
3293741005
3308379584
25427075
4872227140
4340433312
2820491088
19346439
3123971965
201295178
2896994522
3615048733
4895381860
4886934911
16004747
4895096885
37725032
3222710905
4872648885
61049859
396046166
3161598228
92698655
1537114890
3951302129
93992192
4122332585
1657924784
19102612
4234882707
4852505482
373657768
40110304
1345320968
922390538
2999700747
16789028
2977638041
3320712379
1471410223
3392152409
3291902538
3634747458
3279791720
4371599354
49518404
2760050529
51757492
862831734
100806575
3647712853
2943780644
4890187717
3309740233
4653908325
4828257199
861963872
3883130052
467810972
1934933942
4479562812
2812638431
52209156
2919907586
4105815614
3320668554
274891222
261514506
2249261083
2224177125
4770637006
2906973191
860865024
2450840197
1321241827
3034819504
456179788
458359776
398644168
4846287026
4799843636
49452556
324023112
4549550499
199883469
3124986791
2958942862
129943310
2952719616
4906740262
293867449
825501626
604486877
896531688
4417558281
80892130
23140272
4539067160
3795292154
2401037196
3590632753
272918023
1343300730
1345070202
851907139
4735616514
3548124976
4869625953
4746252689
4836393909
2227540266
165783048
394285946
4700704273
2981310283
62836855
369571434
26479846
16606038
4818208875
1275386664
39606279
4751570748
187782838
2282028409
2789007712
4499489727
521841612
3407317754
3950073855
499202239
585264569
186618398
4756017559
259349567
2751393929
4836715811
188803735
2875928079
4855517681
2596562226
34704729
333454333
717613865
4928347811
162301746
3423873993
1551661933
96972239
3089040558
4693602139
78968880
966358014
705187111981465600
502743360
2887056466
17723632
32861990
1392359263
2571872893
3389073989
410170867
70320954
108471631
4012153059
322266894
923885029
3325070438
14241002
3428565077
1000682874
3102707594
2375609028
79646958
4822094443
4355797094
2276275093
579187283
339211496
16495811
2166712563
396307968
53033136
167924087
18345919
2492322685
274025383
3656965641
4738497264
44901486
4851732400
3685247237
3158642347
4500900136
3207744082
3403885420
2333020974
372436704
1597555874
3928095387
1356606072
1278240818
4843615563
94818581
154350597
289066063
1849839132
246151786
248878026
46139600
184987685
382728933
253481523
1278967314
2409242904
112604113
4898087031
4702303760
560529003
602954914
4781576424
2984483826
2171629063
471062544
2393063119
23522649
1268570407
4785202752
3374464498
4066016115
124872933
3950240957
4248523065
880915572
3261533147
3034228893
2478015324
35512608
274136152
257234986
4195481594
1050271441
1642209674
443292333
746098818
4335525913
2471503038
2802646946
164517537
3872635293
403787129
479862285
301142441
4242542056
4103087435
4332740714
525641456
189736126
4925069783
131753575
582414063
444994317
3809379317
2660095619
704006510523904000
2400058789
1420739510
304434668
2598353443
4477184968
455463626
114350985
3995952972
2910159382
16213558
4262263900
3951354377
3151825074
4749272904
3095807927
4360221673
326165355
88344176
143188870
906498283
81342455
3641968099
4764896281
397153645
41919896
21424216
275276082
159447476
16210388
4583075363
2464933328
2853443310
3293796717
4043345250
48866739
703661055835136000
1610810670
415552102
3398030380
282197266
77888292
4239552609
3709245494
2955091368
3256616628
316601070
2820675258
1070605662
126848897
2383333961
1665551456
3885140232
3299958235
754628113
223719518
2475024848
2292492709
3956041642
44160060
184628546
3033669203
4282439188
250657459
1464560094
58203678
322891515
4880141944
57058641
3125314505
3311587398
4529760329
1553281753
4764867800
3100576484
122376915
3824278154
4515014477
18844955
3105878240
4513215379
66265121
2755956715
2162024552
70156027
3219303120
4546277661
322879013
2185040400
4378590552
24232665
3409679008
4875977234
4633251613
40102509
542986589
603395479
4856133020
22936237
2209298587
4920263299
207271383
929963226
1531974344
3642515717
3308085366
4107101367
2331911006
1640975034
4122056133
4842923147
121656624
346924655
185338142
1951406928
1089851852
4236584177
3730737375
3886472352
3171817168
4262087414
3153844428
1339060338
3354292601
330624184
4790060653
2316213192
3256944320
3116941293
3308357074
524943970
1206613706
2920659436
4001837776
1007990689
16206579
29530235
2749858280
41300398
33671569
4596353294
2764770081
4912885600
42122579
3050820760
2323088036
23485848
45450902
14984662
12392512
880198566
3364754032
4803661615
91237627
3379125117
4827698474
3159920865
4470437546
3322309396
967349617
1170835550
24081461
190685485
14346664
4765364386
49846705
3673471363
29054598
23254225
4775336477
3246358172
3316868654
3285882656
4397021841
76647600
875627605
2153627490
21718998
2412904026
2371628348
46986079
1351385318
3637623134
1941304344
316401797
30492475
4671191282
18727347
1251812930
4786763677
589867551
2907677723
1454229751
384291112
4364693417
908203088
4352211996
4926495803
1400943320
708587530854092800
2511584504
1666098450
326441040
3772895061
3023863007
3309829364
3422158725
4833162304
3299895732
4795234873
4858336276
463523291
74841347
1259574180
110350272
3130404228
4854250851
1674283712
131746121
17148456
4165984775
4875427757
732045908
3716922026
508321526
23480929
458015801
1606398271
61305465
3309169489
4214456477
4861660360
4029747432
4901489212
1351095835
963036704
153283018
2946196150
3308367739
1543924651
3330905427
50934748
1442769487
4479812413
78194344
2650426551
2756035726
704017048792268800
2707938157
2398047932
1939110636
3740513716
1977419539
127499705
3192848121
4855883563
1337093174
3130178253
745854734
2529818413
249504637
3260445564
399500971
439961712
4831072780
4552434832
1191779618
49964679
4857400471
2906655619
3003401062
4903738614
4906853915
20830344
33317438
38300539
4880804956
4895361413
2294762225
289347542
4068198615
279134171
4848049753
16716652
72392058
2764019887
4735284493
2997910595
3861733523
1417793336
21060951
120019003
21901503
832119061
3308193378
3311748530
4182380774
4118701814
3387188439
107012365
2174509045
44377087
48926143
2188281238
4659513317
2842864720
67729222
4784596178
163340416
4873283560
347696176
4014536652
65455370
712394681695539200
2703114008
19341224
2697392728
4154359155
4691189473
2920011924
74672763
930245052
3644296515
4687587470
3285647851
165145111
212360464
1496571493
3329715436
4869291519
1347654158
4860553412
430952981
2368624716
2937602114
1876249658
39576271
4430503527
3296504462
269766842
28534205
4728142435
86378821
3384855927
1725530989
1928458518
224732878
532021170
91632753
867189920
4700376662
4854449571
4048813457
4450283954
3740933056
315207449
88383198
81133344
4547869279
951154146
3979652537
3440693962
833446135
34842246
1474796768
304061756
2990216342
154550390
603660185
14828860
4686488156
33321031
343751045
4049098757
88550047
4722186135
18305815
4446803592
480500298
322890279
525656191
4867758857
22570887
31934987
3481965513
38308188
2567146231
2282665776
4065570080
2208095516
2356792554
4259633173
4838866937
4636949955
3950481494
1524942781
2473143948
4106145328
1653313561
27835263
3927572774
3051277161
320524842
2638042382
104979795
20488093
929882659
3407994333
4419361822
1192433520
2596671277
17327882
306924364
3343303213
2155220057
4292036594
23047147
20010422
3960275320
3580248555
4868067065
94607882
3167645633
4893667468
4914539795
63192224
407490941
391082534
3419210573
57785129
76514412
12980002
63736646
19173608
4865017525
787981196
4912114574
54052856
125744394
4870565115
4372832836
3701618555
718139901
4496549793
35216399
4908742273
4338733993
4437595465
42946369
538481859
74908710
381308128
999453985
3312565207
190878483
2267803812
4197645318
261749735
69739698
263962759
1618641848
708178349
4625534834
3772913417
500097613
4861280291
4651346533
3707671576
23477869
278643705
3272284375
475158308
153492935
4660013206
29714937
403171779
700286457
479156428
71807953
2219308640
57107167
2849954968
387151655
574915137
19317371
244187812
546222571
443304640
2183906074
3321777673
2319464311
17798031
3873587412
139755815
1141336530
903377622
80626778
3376569867
53704876
25314325
3314758074
4490517078
3433043523
272559329
1905590958
485960927
4501660992
54474651
3112061737
258025056
928618363
40152136
3990358228
319276183
3294165685
2534195028
25073877
52544275
39344374
39349894
