3247121304
620052483
3975211643
79293791
27195114
4846340224
3846447736
21991026
1659216974
1689550512
1264007318
3133872733
97935386
2598185270
3008447253
615290114
156723674
4409539643
3063579045
2271064802
77808694
628605198
1505703270
2779985124
3344957716
607440185
146999279
940386608
2391592815
542840156
196411047
3399575561
3159827267
1608867121
3092903046
2749132240
835373412
2569859551
2327877044
433040465
4137194475
2249836960
1217080544
807262862
1198765746
1535633298
1851877784
2903972804
566719522
2500804260
1944831204
1415825640
3609804502
96436445
2925272120
2915983997
167887532
450585486
1482236725
1206103616
327237124
2257307774
375259308
223181418
350219854
113785006
4120823728
1336191674
1645795650
76978064
585412426
1132142070
157140968
97939816
738261433
1320907068
4031192355
62591415
2863023472
1550135388
3606389354
3927888798
3461356452
94911555
295261244
247518472
3135791648
384499358
3387710968
849782959
711754824
231267131
1047457975
851419669
2870722798
2990322063
2758849846
893047268
611838891
1048214720
1852077415
847319486
2635279306
2235768013
3323280236
1404816420
2213701737
2364318122
2210951564
2899205948
3044533467
2744452109
428146695
383100585
165447613
3150744085
518868220
427513945
490904258
94265405
146765468
1577373020
780340416
183912009
3417271624
446709899
276744801
858955489
279022440
2376428971
2292707849
154915030
2874600924
1524149328
2869614331
392173462
1035107274
628507392
1257978565
1330383481
2686274107
1692265747
145274259
2427295933
3157816076
2479690882
3054262613
616609096
2607123042
1554585751
2899667573
1260922909
1618225981
154280902
90978523
2759662239
612728230
915530178
793961792
2579346805
2447835618
2527446426
2233796428
1327650235
1700287668
769065972
2477868655
237714569
1544870454
495983263
107466060
187401769
2269415483
186793347
2968521804
2442222294
2956770798
1647737989
3171601777
1578455802
2567549300
1059764545
895368511
793887278
150272164
1663017102
2543229014
503683192
1109924203
2893333514
1553851128
1688864239
280168774
1226525942
3194939988
2806286568
1117829850
2249763462
1921481726
1255109264
2796842769
455488130
1258335895
704634580
1649360149
787901820
2800542162
171735350
2324044670
993158786
2307059133
2264673218
412875459
3113375686
2174722338
2969386172
994142586
1343972167
2356841452
2986837012
329260111
365248016
732414932
337067450
2893510608
220836500
883791188
2743172438
2876944266
1511998633
2478826365
2314403934
2757027141
2846051094
419801158
1707649723
2956822158
709670172
285954094
1535770350
1038353844
1086139884
1855579813
2768603799
2880484609
2949873423
2905366456
1542446833
2995262349
2737732887
2379689256
1409662016
1976475552
2754531046
2282961654
3007758029
209367358
1523765893
2578011056
2907000496
170782385
375827642
853777308
498794418
265853846
500198249
1467449486
147015924
1602448896
395158987
561343112
2578016299
2866319622
297668468
50019367
2838043430
1079108184
1210851440
369899323
348682754
1055722861
1915096082
2453881851
2461454405
2825585481
2177154482
2390084360
312239036
2862843288
2544523148
2548884055
332635028
2862916880
2416468613
334057923
258877007
2772348146
2180720790
2782029429
293267112
219156682
2580848452
208695288
720309974
198266588
1075052174
268745865
2468557629
1263082105
363972381
739784130
27776098
259435698
44388979
209003577
872374136
226690054
1570861849
363961928
405728790
183819978
590041928
167163440
1869775525
281766200
19679611
16679529
2171391391
46832898
156516240
217247939
95339967
140958108
120689778
1950156187
127084807
34239734
2232581
592431461
191717056
20120877
71091859
184936820
147305691
157522651
132940177
328347565
236699098
634963404
19743731
182048795
180949358
308297673
139539038
30495613
286398407
201429017
437030761
484416490
134954857
315150746
1070022038
18872613
99664549
122527686
133946961
589427800
280197339
93824539
562696581
430008398
522831482
760991526
395438882
166889771
66527192
480299915
903040038
285944149
766179150
717282901
280061801
34507480
393488321
396381299
144463187
1131685890
556430828
28265329
27260086
