23461858
37972440
3997173926
72064417
912581442
1311595026
40915216
2894298504
3020557349
2397838520
29714291
103121841
3195703010
701356107
2927494355
48502930
1100266633
3370599189
705055433300570113
2162887344
2415116967
2369682036
708624902425858048
3252703099
711011914659201024
1229822492
2583718980
1519595318
4174067506
896882274
701306830643826688
2246118575
4891683341
997831046
855432770
934725474
2357690904
388361100
196415460
1320879002
176566242
4914285953
230536489
4632985327
259925559
167714664
1707791742
4006212073
2424716997
27466653
2966293317
2277418890
4224728233
241962917
4034206463
3422748683
2476033466
2778085433
3103392199
358996059
3309224888
1478986855
246620780
3140090865
28673549
2859500817
2886979846
2563468025
1160943187
174416608
3407517447
718946719
3237012378
3219459802
3328030280
3136309682
1535286270
3221736303
2512877450
3337435851
2831198370
2217717026
1419221785
2729296123
1434956011
3035227003
548337310
1412450352
554189300
1725419738
492958660
3017352225
2983879241
3150550608
14100010
3384680519
3295100534
224071464
341953976
290147378
2923745136
1261056739
3073383752
3295418157
3219983137
590251133
2958722415
174462575
2439915978
295942527
3246716683
1912495573
2245194390
2209658197
1088996186
1624680235
3092108973
1617346753
548470673
603893420
622863071
1349701406
575174328
1148370445
1106378839
714238674
263300895
866270844
2201714488
1860262501
3044669399
2428465723
1313557848
2723825340
1520440146
2345100642
2746563104
2499420076
3126239916
3036810629
3126733585
3239107559
3314937448
3148189528
1542918836
193393611
2541044976
2481837123
3120299309
2301487373
3140215690
552842115
3254183965
472114670
2590128277
3244977768
3344584541
3337908081
3196454576
3312272301
3241209162
986601235
3114076383
3240391897
3242062759
2456483600
2898979607
610721812
2935705108
2884121490
408541646
2342208960
3335362918
1889938194
3334640805
2753915802
3335208628
3331851567
3333338709
3335117325
3335283821
232969616
1021984136
3111021693
3183699490
3325311761
2938514680
3335285319
2740361462
847728871
3125085483
2207361726
3251683342
2435117956
3075772893
66392105
2814407801
573078668
2418204420
374457153
2586687648
2837464729
2925326171
2868354448
310355130
442230362
1410153302
2360492211
2835121452
405728790
1244369347
358980832
3005743113
2881672960
776887598
326516489
2995491268
436085702
970024824
2806911005
3029438602
2881781589
2931841795
1615426436
1563987150
1615472791
3019765816
2805363070
2770380708
2982761001
2996769503
85603854
2855046299
142838052
1052192803
1350786174
1975827326
3064957853
3018741250
2160931957
2483647022
2477386650
2755104521
1005416672
2889250107
2636326982
2839862217
2893199542
38852033
2190606714
2413088075
2778012357
2281808117
407085056
34655603
376196971
2873857743
2375771978
1601701428
3096602021
1423627189
3023902991
3119606872
1692078440
3253976333
3190862814
769065972
68450342
433878769
3308707594
2685678253
2653467568
21451687
1617089017
1957423381
385405404
2396354906
567140460
2974210714
2364110119
19332107
2214613126
2661298989
3165973907
1486929326
3191931710
2176830236
3089834137
3229460138
3111001517
2558144606
2942317095
187733797
1439390756
2738117612
29756339
33597201
2507381210
2507583800
3246757131
2289156273
2406944840
1618496964
1598589668
1035229448
1073330503
1606865894
3304862956
3297135238
2395041716
2200656216
295705148
1568407406
3109311007
3146975640
3222811135
2552799336
2854809928
3167715513
2938619325
3191484272
605093834
2735254797
170090280
599751648
3161084697
990434610
612924569
3160046125
3178177380
2210884159
3129412650
3200343858
2854071554
2768778819
2843901443
2987864975
3004098023
3335019364
3332731233
1580450204
3172415794
853318646
2787531934
1284368581
2972035767
2647299877
2611570752
2170737967
2807215076
2611582602
603081770
194044054
2463374191
3334511601
2543091944
2236259382
2518659528
2884030898
2197956314
3130809424
2882823693
2979590751
2609403427
3305548941
3004064199
2784060156
2692658935
3050941990
1932083076
2951499196
1713407054
1165476128
2300056164
3198518051
3093455009
2451721124
1595711414
3334776987
2951174799
3331412139
3335140048
3126706061
2456958002
3239489843
2869183850
1690548396
3334542915
3033099810
781541575
2286925506
2994899201
3303812541
3041351495
2770958794
3110526509
3022183749
2674111500
3126144903
2974409500
3107611390
2942830421
703012830
3334552809
3120630963
2475804590
3063946995
2469424676
2494214826
2732581317
2607981708
2402157613
1357617541
3065411290
3066002591
2903749625
2229956953
2570810654
2726300216
2855534314
235082844
2412268865
1689179532
2550920834
2603499432
3135809028
3065640519
2843780271
3042354010
1614927937
2698391815
1581378188
2796450582
2236605566
2857656868
2576761956
2718973125
3165184933
3152228222
2732536546
879393276
3004219404
2265819537
1728650522
839748948
3176568298
3065488350
210938747
23578046
3317565495
483695616
2767264770
3291664534
3004646740
838388383
3130377066
3004001456
3254248761
3188717444
3240419229
3240181191
3107248663
2983950562
3185251512
2762642031
3301641843
2938071566
2370428306
3123734470
1650784902
276281625
1113820652
1937075029
2946212583
3098884323
3253864564
1548903170
3154286286
3293931736
3222932208
3172090706
2573743581
3259811901
2981074672
3196563312
2275656463
3198566550
2843512770
288365644
3168824672
3080740404
1085736246
3109893374
779979313
3154197950
3143131417
3140045798
1904790398
3065993802
2875023954
46832898
3196659373
216207967
464139666
1014127730
1465744764
139240568
1462483657
1014301693
1455482694
1471698650
583789207
1382835990
1488269090
1473394142
598516699
1492397346
1493306924
1338303427
863715210
1499870749
1412756029
1033186014
1514139492
924019562
809374398
1433197446
1526593669
1525872355
1299193177
1301253992
891420992
1323025633
1544117749
1194241706
1552220010
1553849587
1558755672
1524061477
1511310078
1570965930
798413150
1300658359
1575391477
1587409081
630170488
966644144
521312709
605675931
1604329873
1612920037
1541161190
1613910512
549285270
548090391
1617383353
1617719185
1292571528
1393017906
1623561278
1591032692
1077914515
1609618004
1644654486
751789795
1635746911
1534793906
1166321466
1655799006
1663383384
1108101056
1645671943
562717322
392181025
603179975
875503231
399052067
1589268372
197922073
474151219
1641759757
1648486536
1323396474
536961111
1671169386
1615631983
1669022059
1615854668
1347772975
477150309
966524616
739594328
1309044877
1492414207
1200663277
1667741324
1585476122
615981031
1419055177
1676095482
1453271736
1651030512
1413807426
1579872324
1667738192
1257431784
1650594092
539378397
734618978
780185156
1103682547
1688528222
1617958890
1425934218
1676038932
1691930546
1439370061
1699403756
711334356
1176937285
1699043569
1701543108
1650369301
1651111477
1691882941
1707810139
1180024428
1077239868
1708677818
1687739299
1650381355
1060938241
1227858750
1684384105
1633163376
605482813
631922070
1609049246
1715897690
967877329
1705597662
1716807301
1334325536
1229685242
1229792390
1593171336
1594242944
1723458384
1724978054
1730363053
375594166
1732886665
1640688781
1614728220
1698683676
707189215
1846893583
1724703925
1699909284
1851582854
1703633906
1704757944
1615976011
635386333
1852023277
1853930136
1433096636
582986207
1673098644
601184074
495716544
1534908048
1658960528
1650282602
966733712
1039572326
1606672262
1311405948
1213206930
1640078088
734390316
978181658
881625146
1138998342
918710024
1884303002
1699906632
1700135828
1604257266
611573684
1433082440
1623347456
1050424898
589846238
1486206265
1327725625
1735412396
1867532652
1463140664
1665887448
1680665707
224251383
1433201143
1636490804
439301354
1587066878
1665906024
1644713106
1894025480
429291452
515623038
1675205078
1849737367
1675475004
1894314822
1907311494
1608766765
1892974069
1632303685
1596300426
1229666017
572927118
946277756
1446326425
1742959308
1251521762
750983443
1885878098
1467689977
1911397778
1407959244
499110008
1048227301
509930230
1911449882
577511934
331694326
723813931
1670224621
1911992473
595656192
1143053964
1675435909
576876595
85929161
1054935853
740226654
537408338
1864360982
1556534826
1453829353
1348787856
1046265764
1423890480
1602835592
1695955038
1864159410
1563472794
1905629978
1712103110
1937224009
1701406213
1922843972
1359466315
622999551
705305825
1333815252
373533361
724396920
1907311273
1292572334
1547829536
398358159
1631046421
1974717108
1973214260
2148452101
1979073386
1433626314
588232843
821798792
1103405485
1635764251
2154747564
565407789
1891515392
1893590000
1723494792
1675523005
771675595
535715133
1883485334
1439430055
1342555142
545154584
1433116440
1911746796
1917161090
404326370
1979471042
1330019342
1665671654
2185235606
871752013
723089942
1435729645
1356577146
1598230896
1202014140
1524478800
2197658047
2166121793
1089654985
2184960432
1665531882
2212741392
2193000808
2189003950
1630155242
2219711406
2219981712
873591698
2220114319
1385206495
2206529949
1871932711
2216203768
1958457032
1598462659
490179439
544245437
1520404304
338350016
1011270343
2244352030
1076208384
2265643963
2268090289
2243429663
1666930052
2175905500
718196772
1082931894
1421056453
1689146754
1077466148
1660555417
2286699451
2269429413
1391835751
913093891
1470472646
2278658280
2297692206
2313931398
1732298834
2320780226
2322978720
2232959915
1069101745
2343767462
2353267636
2356356138
2365940066
956062171
632034974
738320580
470377392
1701941642
2466045954
1089018115
2276723333
2417605826
2569281526
1915018225
1702882764
2524778514
2592854824
1148587200
2704448273
2714214123
2717347804
563073747
407844999
2673584396
626532357
366168165
2361413999
320907243
2725804940
2523565434
2837956755
2871072651
1312157984
2308401712
2766668293
2853939123
769585129
2952005397
789001069
2621087601
2992436333
2972675178
1445306990
2997973774
2787440855
904515619
3145107527
204921214
2535179940
547630029
341987023
518780124
469163656
613205867
527814166
528614988
476785846
159253284
1665355411
212087267
780654116
2443870555
1680833886
1113390132
932345042
3094611237
371328917
2634959255
2434478285
2638428730
3196165605
3101475031
2743952572
3006353747
1601258263
387871787
2383455242
1546523317
3113811196
1041392294
2421717090
416290747
3130087515
3075236527
2876866372
2453509410
3153765032
2319924326
963021631
789677210
3019041611
3199644347
126558414
2419035264
3146749068
2328303983
2745053214
3139586815
3198197307
283543540
2581321484
3161263371
3095688748
429827875
349910153
2765910824
2612157184
776596674
3159190008
3040426425
3172103750
1451480394
584503969
2691211978
2871145450
2359316368
2896490784
2873136548
1400147306
286561274
873323822
2790012589
2957837869
955279506
3247716735
264369202
23255030
185386630
63095150
483308757
988424214
39366525
20449691
1686560821
3072204636
34971242
3166356280
3193006712
316987907
296035450
504945952
3245330009
2801197355
40717746
2330084442
3235666600
340811636
3051646850
2704685684
3206029817
459921054
573470336
610278385
3207870400
3134447761
126589787
3166146368
3208188963
433847248
397901889
312239036
1474822627
1951894622
742602428
2651859692
808600003
2305543459
2273021569
2862241669
2838772949
3196003071
2236540331
3167856050
3166515616
2731762444
861421380
602287949
2223042440
635610235
1360125097
741652778
2981400273
2525174522
558605356
700215954
2389525304
1604354154
3178163056
2333759889
1164660373
3207023086
186127641
2953583443
2996338493
3047666648
3177251268
2875858555
2425625526
2924504082
1671688448
2168477731
2908807713
3019373678
525771057
229407040
1630439736
3157124714
1241811314
1296492560
2286156496
1066301526
1637967122
3148859560
397400299
1017734988
3217770891
3207957370
3183953026
1543591568
2976705911
2871858354
1608654553
2880145611
1170502675
1913451836
1516644649
564081687
2368160973
2935468965
3191284895
2498383873
3111322875
1706028822
2928740689
556312149
1680372972
351555588
1099107468
1631773448
2350201009
2214898479
3171773958
128617285
577801592
2153951427
451640430
2388621552
1585355286
1560372631
1055671562
1096961108
3088400467
932897408
3181736957
370010930
2788829079
3053074920
3230901377
3027046438
3130906893
918409039
2657333536
2824754247
2587043281
3228727870
306010742
495992334
475266956
1005114662
2976528147
3124190560
2233635605
2657996847
2893711977
3183993241
1951657154
3059217612
472728561
2762142006
3184901538
2613645216
3137082881
2604051738
3207539813
2255433791
2170672369
192748586
3235979393
2400994826
2583457156
295240820
3082548599
2884996041
158715768
569595170
1250497854
2911412164
3185761363
297641089
3065073087
2737323951
1567577348
3181227026
503156792
1270965020
768406069
2990903442
79663804
274074364
867144060
128714168
558487266
3128301405
1276540489
1622202702
2708857711
3237912796
542999789
1674170881
1418182093
3192524687
632171451
2786078652
298228389
3239248209
3139011428
3132507619
2717979881
3102027827
2736769731
2609480356
879596982
1444334450
1525224726
2936880207
3241896621
2948404187
3106227469
3129452062
987812989
174734271
2416755504
1887496470
2487681355
3234831729
849100460
528799568
2215649261
221891445
2556717775
597774756
2399787479
72210634
944872272
1636257463
2605912551
1597870014
3178660944
1199485566
3226212286
2646952622
1655974525
3198229221
1030125360
2337229123
326362799
2770262368
2187290682
3244809760
2559364654
1664116058
2365989366
3188383045
3049356416
2379403250
2910045379
1621873069
761566620
1425861522
2312130351
328293057
3028639552
3232006960
2972144050
3102795651
753722664
2507474498
2938358667
3243515260
469528133
2262313875
3231966083
3153955956
2202244808
3155853603
796785264
3140962922
2375300115
892784126
3003786178
105726521
604512856
1112486082
861781674
1242624560
989717515
391222027
2398803655
2690406329
2901583228
1365390930
3161336927
2816211929
3243591250
1900856142
3245200858
2596867405
2858497596
712117915
2890017805
2783669109
212226782
2240241861
3233123309
3096722041
825319584
2889789061
1393536859
1325160535
3190359703
2576089696
2652679622
2213255269
2966990657
3170215743
2975808402
3145870562
2154952069
3072938059
3143001302
2892083868
2908692629
3187361463
3072518142
3245749299
979661856
1651686452
3120346386
3101891356
3112681320
49131851
3214653994
2278372777
316607407
19146630
2198819155
3166363183
279521193
614912916
486542184
783845670
2985302872
2835962353
3013387549
3090843244
154590712
3027659420
633699806
3067061803
2438492918
2571060170
2923742595
1010711388
2271677530
2668562614
2180681461
2153334625
166739404
2887900463
2702227576
3039156652
2719102253
1252030496
181631962
2497072910
907108256
583443927
2826441116
1624191624
890380758
2527446426
3172774058
3228509657
3040306176
2843076988
2278468477
3116180092
3066986850
2211209497
1216428348
3129034073
2503328172
2685672078
562589414
3215507896
794011448
3016501193
3201864221
625178544
3066030222
1872910105
3177322182
2746106828
390487951
2771755435
2539293169
1645094712
31243753
616878397
1430516215
1640826032
2325921771
1400688602
3006342131
1717138495
452063785
2657602996
107657885
2873502115
2178850854
2275808443
848724745
24886570
3062507436
761575274
1966606086
2753469135
2323958587
584693105
326862137
3106284630
394267481
3156993710
3111925800
2726204593
2700038594
3167046127
2819886661
3129704340
3167103965
550933189
751293799
797825881
738430766
3145047037
3187654701
2982270254
605144415
1918489854
3013014180
2853598940
185294605
197909819
2658108684
3185005053
2933235745
1413064813
1305778243
2291900938
533487714
2871189819
621924135
1102266782
343059717
2606878211
3170227709
3187892824
3165806396
45289506
2543727344
258877211
312276772
3151157868
302841368
2473693326
718487766
1504475887
628596431
3025245279
3157633944
3194726452
318030586
1851480752
2792891226
3101800344
729387691
1024968102
2873911918
2258175419
1325179164
885123493
3057009479
770130452
3030616217
3195852081
3186962619
3016646083
710957275
860372052
42631665
565609573
2805115861
2681936125
2786600525
618336955
1387565982
2586255218
3150911011
3154327323
2844146541
1047278545
885184244
1162563074
2577998418
1934234702
3160136726
275543616
3151588615
879236420
789162187
3011782856
3141870037
591770473
958394184
3064283857
2415128034
2181032794
389015760
1005968544
855688651
916201542
591661900
2601258566
1004916930
2946369189
1217749123
470882803
3122205697
3019385686
1513750490
2285153119
571283852
2265970657
2928415157
2887793185
122474803
2888941783
416842759
291663128
1956760778
1687464300
288333422
3142013318
2594536322
3084810889
1200735937
178747798
2487547927
3112528964
604142194
2703331322
866225257
2443710657
465360218
2801185456
2344476138
542975022
2730685918
3132745372
2311248381
3041356633
582311294
3184301560
476577548
1640616223
2951208024
2911497533
2839910227
1205532768
1143970520
2362198753
2283172644
3187022421
2866597771
777479732
1147896372
3076916726
2152850480
2584903052
3031427437
548627634
636016287
2222097553
284504866
55870576
142195859
91979873
3051603021
2894824720
3138996079
231077015
2823465755
2194437104
459013267
3157369841
327694954
296296276
3141735997
1260679057
176796249
2664713497
2510691860
2937181949
2303999434
3041935026
1407725599
2157624803
820516122
1476280970
951308587
723643015
3109780275
114489155
2196754345
2211168098
2787891347
3166227810
3145840916
1966572744
605811441
2207332289
3123934244
1376617567
3113695282
3117121806
1271796374
516438770
2496402643
1055049295
316223608
2369183076
2261808925
284645262
854302584
2406551388
2430305154
3110079528
304279130
3117722201
1456708056
3173951986
1154661864
2471616785
2956935408
2486046441
3194229034
2435840525
3170936207
2786837951
3165547842
1560870152
2879969222
3109808875
882563682
2899205948
523025637
3192015639
950597744
2155011860
1152046784
3057757931
2442177974
3035794879
1264007318
321481058
2382292825
3070450395
3139213867
3048555320
825568658
3103552116
826998067
101311381
163821844
2272655004
2999080242
732832602
544729539
2566083968
204887235
3154370213
1544870454
3100298435
2969908431
876859862
3099018104
710194428
271718999
311032328
614076916
400475980
3131462925
783214
10228272
103550181
3168743933
3022395259
2914307947
2738761624
225642320
1717050043
1326464744
89364214
1077880374
3171583599
1556083051
3167833648
3161126361
3028913881
3140946122
3093256769
3156994932
3167805808
2299855938
2893625599
3106720142
1510793742
568471208
383514298
2771266094
2638456715
322367281
588931245
3072110393
716146832
69549218
1159967761
794237436
95440193
278394534
3039328993
2939564747
2912859321
1308222103
3119232008
3099253164
555051337
1390859804
963054019
304314748
524957772
487735216
497619562
3155716346
1861137252
480315402
284365775
3166887688
160801617
64465233
2911745972
2901164852
2609356356
411169940
2461038654
2487560569
2823333711
3112308802
1462172852
1527805591
2923780513
1086139884
358275568
1373122520
587016387
179972711
2391661859
73992972
1482065360
1634516120
563353448
2791030104
2405763845
1919556366
1341076670
1177161511
58309829
2845992335
2973170809
2990382665
2990587618
3137438293
704427410
2991219997
3123310012
3003147549
2584337412
2871125513
2924668765
173915096
2155896309
2960616869
3148718526
624304229
2925460387
2972419481
2870797677
3008682495
286339683
137478201
3153848456
1406100830
2177914122
2389430424
2387715942
339057875
2391296264
105296218
397906046
216830711
15820664
272561314
552576926
112457675
3149408759
454330877
185585454
2262829257
1702952131
457554412
288268194
3033787338
183074970
233930436
1716031723
1682489965
3150214194
2439124564
822860370
2863306505
310574256
560320949
3112865994
483924633
1691251650
929271956
467314497
956400980
2667238730
336616952
3129027270
1703336640
2286463398
66190935
591743479
759396434
2282074104
370974586
2274412896
2875102741
577249638
3099294961
2663086736
398507530
2546807794
824690953
583636526
1460846809
3022758857
2987214518
2974352536
2964513766
3044710304
2851329239
1971382663
3155918805
3102820126
604300001
1719015116
3122039987
323944058
3145452210
2830978043
2830136705
1951920150
1144683698
1697104920
3142170684
3142764872
3048607078
3084041626
3146657676
1080650125
1697133140
2296111268
439125710
162368847
281679534
229136544
146212505
85452649
2864150677
233302404
1682474143
2945709761
428514641
2942284406
850002132
776566082
196795202
264107729
380399508
235374476
241832290
562266134
34507480
21111883
45266183
17919972
3087397494
583784183
189499985
100220864
26565946
413487212
373471064
14230524
79293791
21447363
16193578
326359913
14399483
851456899
2869781248
715898958
456213553
64719624
2764837155
2809725048
1976002674
1467538664
2604554484
1446824394
634829776
399088209
274257821
554579240
340671834
160714475
403245020
284649323
383948753
403255314
456287115
185357982
403246803
363640677
44409004
209708391
158314798
105119490
181561712
84279963
2784375704
2154941255
2824110636
735924422
111468915
239246106
23375688
197271949
1591828765
2969041505
1644275940
2906477967
2686504756
365085948
2779915588
2763805329
2511857244
3001763005
953888118
326717016
1406539518
2773868449
1690487209
2972190370
3102850672
