172858784
17579312
71362765
19802846
240479719
1375790016
489475164
213735436
770759270
766547376
53503202
244655353
14466538
17494010
16789970
38477209
2570560126
3382278592
40589647
14050550
15007149
1093090866
369505837
325830217
357606935
26548315
20852175
15537302
755164792667512832
1385941627
74508260
60903033
2444716760
58388984
7428362
245992215
512700138
74501824
42579675
158165652
38029388
733032459357523972
35653424
2902674233
266326338
163194830
3081659314
3065967867
3088855679
3068811118
3222812347
46672838
20733455
192698391
247100681
315928627
97716449
16130058
5990782
19824430
44725196
465123413
403494577
407574944
17784669
728425654358704129
727749427318886401
35253573
22339420
3414559738
702239073746837504
703394778675875844
237771800
701601375487004674
116048117
748626653371207680
18401584
37980141
501394735
752882758175686656
743229043345002499
710472373078790145
23998516
103101225
283918376
141108912
49853083
1276822483
706723931
154918058
7392352
1411749511
184126208
426578718
103656564
54096130
333675022
2661849196
314205406
704060092065423361
720048569743331329
48911858
1025187769
18018946
705186313390129152
705072593704001536
1963570075
4779955689
635467994
1010096486
15049826
26648990
67638477
498167911
61863728
27968672
242484239
2585001618
2316185935
390457654
157050986
106229763
208040000
10540862
240794173
315886935
718375439367028737
23924320
1928290020
3455796672
1244408377
164554364
720424925681438722
227010728
32694215
189162559
4646677163
4855931619
17782124
21156659
17012824
750811385831960576
4771580661
14522241
308206380
3057567517
801641258
21532707
48854106
403932208
317090188
43261344
2314055840
2861407204
2315912886
72072185
1541981712
17930061
740710632769654784
4351263087
20161505
1060590534
611337173
110161115
16744260
20177423
242991940
18713552
741003480735883264
4743638910
735281631208968192
324173970
292898176
709406894905958400
2338340929
4259652328
2826806322
21027387
4254904636
338825282
3224688068
26520824
33256849
22699560
3920426061
923964859
3463241362
49800332
21970442
4890221482
14790966
28945635
245347370
23000644
1257801086
128254027
2991316649
255172046
2600451067
1078469664
518116882
44498699
14109218
28934780
2267700079
744283429949210625
2329498706
561648926
251000898
718138956911656961
133546344
27692031
720281941908463616
1944032142
745684869116624897
356960012
114838925
170111219
21631041
47216804
3373534642
4073957179
305216911
349803020
735495107802214400
16076748
18874834
732633469671624704
452380849
706269564120621057
1134292500
18363255
377949581
17944671
1079944946
14185317
403415466
277124730
15662282
461720085
551259536
4382151
93742250
74568060
6185862
144199278
801437209
1346906592
1339931490
1058520120
19875354
2914576984
3043622549
328679423
601065065
600408823
16563214
84183248
110466097
707257842701479936
63112528
4825405439
705414651551461379
716972670571716609
736150173664063488
34472215
741455812225179648
703637991168737282
707374707801071616
707760360271511552
715736663436042240
720770789398556672
724677137802756096
728439317438173184
731197958750769152
35723404
24750409
21221064
3228604848
2280802962
56279156
83301838
730949128927072258
2211552752
2381214594
2666481882
858928788
93900886
73498590
434172000
775320590
234113152
14994906
163660380
2316442128
2597500387
2280908990
2437634827
23035865
20998405
2462055468
177722529
2688003932
51658397
110050237
251318959
344297228
731132367058968576
21954033
150078976
285578853
15170457
22322730
22530967
14925155
18301196
83487731
323829673
727186288080605184
23375172
21314814
18462603
364947550
9624742
1271512166
22676022
220824996
18191927
34113439
97082147
2347667821
1500428564
4852175399
56495963
401638876
108708410
701725963
25108518
14200743
2811838608
723140529291026432
19847765
2169040444
38707559
57795767
19418459
29770501
30313925
69756680
21461944
11762572
2873261266
29142803
2944265486
734579846588837893
25053299
14746731
726202801299161089
732725828404936705
20271044
291823240
16174702
2844761869
851695430
47481357
1140341359
3192080325
58500736
22250215
525925642
50458131
1311408649
14293310
452727230
49796942
720798731302539264
728981660566433792
36890646
721377004092657664
333092334
2792290323
2339913902
22083654
72798486
59702598
17501295
2213468251
1449488359
19333427
705865207718023168
90021519
718940929583763456
720446894397333505
3386733713
3777068926
4019756805
4012153161
4656972496
712082828138319872
717879977241391104
717412471741497344
721209064844238850
724487093137764352
725101273134075904
725154675062755328
725177847594270722
1276312562
74257101
1072940611
22424013
25484409
47982765
3033123912
3126409376
3165245613
3963492493
4919240754
269771160
305230131
2438808708
4770096260
43406647
450175602
600588985
4597179619
3087164502
143660061
339800928
23628021
1725346819
11395432
93419194
775831849
1912393928
585725732
70667943
704967105402114048
594006249
17476820
169947725
2332749517
17397880
3980439406
389974502
596487575
18363392
717715502190174209
29471556
4530019292
246220722
2778837504
14875394
169686820
31985310
56107664
715928186723282945
112476696
2868631169
29773212
701967006438797314
12897402
972980449
332468382
14240875
75893701
17131934
29363230
17347283
22712307
401538109
164402684
937943347
453321264
562812563
543331182
2238229453
3387375519
705204465930887168
55615436
3061615740
19682187
296449773
2834486477
205302299
706666581741318144
1311408793
52180914
50371921
124003770
46484304
2492497783
3332045051
24370676
2814972830
702936621402861568
15288889
2229273212
2244729336
313772276
28502793
246889638
17756037
71569841
64710196
2871899817
4851312853
242992653
2723153944
716813053
80619457
71529455
328803756
65668018
207223731
29007043
254633632
4483991439
4876296974
4840634607
4902714075
4903073583
4924751397
712852680000073728
707292879455019008
545695783
810145062
19333379
66914769
2992537320
1624046510
597697965
14985036
427878481
2508827207
2437452255
2372488122
286680865
24103596
4311393022
23098409
25383781
1687244682
2752942570
1228651723
3247344656
3312840571
3838028674
4910014602
4870859956
2290340035
14588077
35131713
301055281
19822909
707630933332119553
1979650400
3739987096
329525509
720054910184787968
228015335
19834403
37074061
930464414
268439864
19248106
342460234
2516626579
3158141562
3116324692
360728014
4629267558
28953199
2595431574
710643313267716096
138177877
4860675752
4374927022
209487286
368560613
1639395961
716665842037956609
114663456
18893580
434706583
715961142024212480
36143907
246939630
34153224
52597934
22168896
30952765
415995658
1191278580
266803558
19417197
110899711
23735651
240790026
3293510066
4509231437
3427669623
4541203883
703588002354765825
709906193918066688
383892294
3987161712
95094652
701870457213947904
24880446
166329578
4852896717
22694007
978792296
545687700
51259550
26429744
105914164
22976362
3254901091
113061485
266719387
57402193
823738296
4846617492
54496494
441317106
15939889
339505294
35589445
298997025
96675300
180897456
49948272
15033925
714419097262538752
3038654024
32199461
194301585
17849506
385741477
22804865
1910754715
71436596
2590382024
2904627072
2794552214
33040121
715682076658257921
128752929
19427164
620473700
2785853141
3720075912
16028985
4893031932
708009857958486016
702261605703294976
4902016168
3664920377
3237109164
172141399
243444413
545299216
2688443245
16721452
117450444
29100069
51426896
21836962
113482429
825950588
851963809
456101331
15779374
4895027120
25091906
22270213
17523757
136260002
70144495
4879212814
4097985741
1278144450
4896399850
524336469
2557276022
65675914
343535198
4657305141
3150098774
463689095
17780929
2275042470
1849674470
2903116029
3294799905
3177445882
3932000235
3865335724
931908926
2434294310
748761679
32921077
123429890
703310501229498369
992103456
760017242
1733200118
18866588
3030988539
2184797541
62298650
26075756
1466184158
50310311
133327869
309282144
110803365
325340909
320980540
210818055
96399170
195030017
51701797
8953122
207609111
580312540
3392089679
499073990
36169080
56838529
187846101
22320389
538577589
192733622
147712159
258527102
311188381
315390973
3062962055
3233696197
25703657
462414498
415823582
3223914997
3159768790
3282705108
2955504678
3231138109
1676684647
3300336775
474351727
20741776
22873947
3683113160
19204004
18220818
355145759
51291991
2289770467
3168245695
75993292
705531370974666752
2975114384
860690419
123386371
469845522
703806789876207616
697971819375153152
28147866
706990010042601473
710192771009781762
712786914273660928
3103213542
3179111985
3196495805
3265559538
3334697788
3342897953
4375581807
704114852042661888
788672802
3386851396
93069110
753318572
3688640720
252179319
3244370974
711439062519910400
700469543836094464
4925584401
4916866752
4915169428
4902478426
4488233199
4260399260
4190152901
4190897895
4164988708
4187346312
2975154217
14198158
708970747025367040
1344713761
2481088441
3885969088
3910931584
3960159124
4012381708
4013838856
4055939537
4146175059
4122777688
4151876555
4188302843
4171483153
4175155288
4251588560
4273192214
4283343199
4544080407
4826268304
4821952991
4820051405
4830593062
4874896845
701121977340264449
701133859547541504
708477796796895232
708768395987165184
22086608
23005470
2214984592
702147673651027968
26758762
101756062
3151954135
4334221634
3489710054
134594804
259252751
390103810
1572558588
2196774139
2936790183
2865992597
3249374986
3098115975
3332127106
3308416362
3874161443
4569242293
708719437222903808
3372741323
337807078
21873714
238648688
3062262691
3150687218
2288021143
2615012029
46687816
45991436
3226265874
383078505
4874557666
291211085
447552068
2573139396
620618811
2471494160
3233216640
2920759605
558040899
23482952
9589252
85603854
23995748
2240756971
45399148
15922687
50826280
96846955
392257203
4056854297
4344214283
4578633133
4790585689
4821515421
4861766581
4870478255
4899610029
703262033727365120
706551082617606144
710244184876167168
562538061
1580020280
108694774
978782184
22228637
492654749
2646997166
103658443
87250241
614730516
3252162452
3105567474
2410050541
3020137681
312248392
84208310
4204670069
700850673504522240
706658301702971392
24287326
1092894110
31403779
51414745
2581070247
3035311491
4899725549
4719054049
705209400089153536
3086875936
458974811
25635531
4868045159
3303348317
3085169824
120172698
27078161
110827653
2332461674
48599652
16532762
16000856
419285525
67185626
204587633
1599764353
531561605
4043100809
4240908074
45573874
1477241472
3489919214
94218938
4764077293
22507908
166272944
1242621708
2218730778
61104689
861508788
287860543
33530012
16861311
61352185
32304094
3089024884
507921429
634676291
4883889839
186621181
3309139560
1180951902
1909087813
3914226136
45713517
465046121
15443890
124763921
707608113562554368
3196060501
99580679
278315777
31173627
230891509
2161740691
79308392
324042503
822411577
279338221
4224989712
707385966109925376
108987695
3278938615
237565446
76027332
18277208
3058865345
4621651163
1352655942
1471159992
2451918085
2926851022
3167335095
3056090573
3230118685
3298431304
3882169698
3931806617
4106517612
4203449713
4354153941
4827926451
4833128677
703040574862000128
1018508149
1602173694
2400901568
2414913756
2424748639
7334402
48417802
17961164
534775770
3901058956
355690109
2670772172
18825344
306832456
3436249294
21495530
2347049341
18131961
2203406937
15279429
1714172228
2862682151
134905379
29465136
21765244
87957969
297191567
3051544224
1540942170
114474262
4917092018
4812778686
20113797
4817772331
4831215383
4894095909
4900930268
60644777
305017129
491991157
23966894
3384430318
1199596897
16992161
3949895836
469371578
38811856
4895587347
3047938510
29679790
3071500052
40391067
700723240793088001
1049586888
4497322882
15450520
377445731
483441436
499336680
58502462
387162020
2279954815
1005186638
137354145
3062027302
2588206733
2347716589
21705181
14695985
4159203832
4844254813
697541390646054912
3318208598
50888768
47467614
16699122
164377995
4877191041
3851520374
46213956
875022170
2377732207
421616276
834425101
321767799
1652575022
195829353
144907880
1696192278
331415398
51310793
262312552
100485205
843863647
101945848
1003669872
17890304
3160064413
25949845
330723222
190634990
558890533
751789802
594863522
41814169
4813986674
16225606
32820396
19848466
46564642
23526353
3254866206
711487408
1531833024
136000161
18141610
2437682827
2489886325
21757702
72717049
77492135
17427401
4899386714
860040836
20112051
74211907
977350004
145659451
1069949766
144402222
4898996593
2326576213
43264119
357223929
142740168
16462209
2396738862
1276230601
25416225
906995952
3145735852
263879706
107820427
277861134
221298491
271026442
16635063
341097503
102957960
605939552
506855436
148564101
81406248
929176742
248498819
208603590
846829170
122567822
383085116
3105794610
577286569
2226615308
466205000
229518601
2593708296
19218256
19214412
264931947
364046816
4893329892
2189130356
3189765936
3244274214
3150434708
2478721572
560833871
47993321
26070572
1927206542
229248547
1513958744
3832745674
4101231376
295253401
84126644
272135343
3293433438
96426017
22253082
3443338041
13522032
2381478368
22625207
874846453
2209184731
138853940
490401229
23860507
65929933
85881268
102179067
581001305
466992330
482086469
491964661
3237255511
461898599
16224367
24750798
889685688
3756254961
20953701
815537202
73050826
4875126257
708309848
42362189
50889813
3330295799
119491006
311612091
153218852
377350150
390530361
4874305405
111690006
1367085690
65412757
30141363
1449625616
48807945
607622157
894292836
4099171
44177383
901802455
991634754
1246900826
1328151890
1343224250
1934787661
3161132279
3370390894
4873761282
4606946533
3212845671
53619788
22302481
2274942961
4893706959
23031094
21879831
2280037440
1188259933
49698134
29450962
2937516482
24382939
809887021
533765095
113349253
2853370361
133063757
2686640648
15987376
18829123
3426768574
33545336
18810140
3325411071
3313706340
3805725681
3354224537
3536500937
3431595927
3318948132
3429057861
4879557201
4838626709
252353889
2667470454
2770804376
330130333
3193330462
20726126
388685481
36948268
22776500
19075796
3509458035
176974833
4005092840
3354347385
4871990769
512076466
1941136946
569487350
193192630
15956067
241707015
81714813
1546854350
285097277
329159493
372579816
402957663
3222432010
1128218821
809710136
849162614
862131258
1173756973
1716140522
2785095528
3934352605
4434221542
17011177
358627733
477889371
507808516
612057704
756899642
907186650
4061885906
3874159216
3960279315
23394667
55749675
54276627
2934009661
921824922
1003130904
1421631721
2173646835
2991368880
3320557224
4176516076
4729801216
56202791
4810361713
883421593
1203124412
1335267692
1592246006
3314649205
27297599
107290835
4861489005
535932676
322874617
414257018
126073393
3029012112
2702734410
198511319
439608838
85131054
1489031016
1490306108
25913058
19636794
2993628401
4700354069
3056746427
15976705
3854647334
4056151539
4230149657
3406500304
3158068198
4834521440
4221857565
3282242155
1442476447
4432280356
4585971972
14177942
501051047
1075939369
1869575251
161527155
2301675037
2396444449
476256944
72198806
3614201835
610162126
341329326
20800328
61585965
53601471
3317590708
155986770
18792765
4805561176
21539403
8151532
2566199334
2897715325
3201882537
138168339
4857698774
469732090
3215172425
4188375983
4623340371
4800796580
4562593367
4400681417
3312349380
199426090
606907410
1586804930
48802204
4579781073
2566124461
19052834
135395091
1964991720
2163252930
19111563
4147751584
3937406714
4327242015
4083661239
4003361968
4675190990
4149949840
4187444843
4149690013
479562736
367281116
291231013
20517132
51271558
39845278
281745953
15727697
181297703
423135707
15952589
3169035458
203650771
400188508
3161513646
2371211173
2724512322
1198663765
104290832
3404704222
3307295642
1020626144
3229240678
3182287189
3843380121
3785297354
3153048404
47630337
24306066
269485791
21043723
3407740282
317441250
519728191
61220477
14703188
3176947242
433362653
3082986275
27320992
17006157
16017475
2841747221
2467791
21637503
755852694
3859273932
1019735209
15588500
3178783680
46212751
117983479
436314047
231510077
398959859
3009190277
2788630765
1148336827
4353841283
95431448
59331128
3186888841
3207624605
3305129913
3002922157
23803056
3381952967
1399713804
1163973835
3161952049
18660521
3152299939
2996570106
2844693572
260553903
628540229
37209193
2378003013
270068926
241583780
3352551561
2670926180
3232054991
49115780
16074930
97474887
18347732
3460089801
1479840834
22454663
336851461
18353495
346384098
1598574949
2840915387
3313922606
4716771259
4539288923
3265732057
4745318460
4579505481
4738087979
4825402078
4476084275
65272235
3195553725
25920303
19608297
2665382287
4739088137
3044716203
2535377622
45671898
1352623212
1335861716
3142839960
3911239745
3907341980
23636341
1959701394
3156235015
116630205
277719684
21867341
32205584
3333055535
4749100195
531864926
552527556
1925846905
4404827773
4037786171
3000661701
2695663285
83668232
21688902
133832049
3254864460
3136161212
32168059
3152274146
2579500976
1146111768
630832318
44320262
288981065
591297698
3174934312
1328046631
3390254459
49285444
16392181
3071251042
3065753301
3154160697
2172217141
3065900255
215996801
3256899362
139847909
374108016
170402958
230450027
570121611
367284950
432264913
2545158476
2886412360
1328206963
77068843
86457294
3387768435
1588486417
515577621
3112335706
1883984136
3986438840
71584155
248495200
4211625232
217286126
229219088
17681513
18963809
73238146
1581289837
1137619934
3573336134
2743270227
39979971
26251434
22064255
3087391632
539698197
3059045779
2946805270
3644280373
2377977842
365706281
422181027
183753455
3349433536
3217694460
3150777746
704095868
107727858
19312820
121199833
1308678356
226997583
16303106
2205534041
1004409242
3074077823
115105973
1885129123
880929493
3041355094
1108521060
256295544
116038000
1214410454
915720462
3592477283
4041208158
274194240
33879063
3152527105
622546464
1084817426
3225924410
20570420
1964257994
75905761
21444680
3505437800
586853452
14335586
3071942610
1548714900
30657398
3888008718
29277039
2278003890
20545422
433752577
3164513660
15551869
30023529
174593833
2208500749
2735569132
19249328
515778072
3224780809
2201782562
128033273
2446411267
525595860
1652541
20015311
778712281
7019512
3509421138
17167572
235667692
1654122236
1012081921
2846711961
1071777608
1362533112
1702256467
299364430
3743652503
48269483
17789578
15935383
17006036
329443994
119982069
3025939486
214615758
99879899
15764644
43963249
18298094
18464266
238862918
3498989172
1594679162
191463695
1060674194
2967544548
892037664
1357454714
18159470
2390500363
1032290077
250386727
2786032745
3908158165
20106852
189549074
245340983
1020532530
81169738
202488856
459259315
1013889636
1714431205
63262233
456031911
3383426303
3231942716
3360179832
614302476
17072206
3236185526
324455870
25150861
86340836
3253285213
3752166915
3885613873
42995067
27279989
1016588101
3091521770
33435693
18382184
227894751
1112083237
85648405
267601748
1148468052
587536673
115449038
1017637447
27978179
994453866
55117855
32240331
1393155566
48354754
3141496731
637230669
1439263382
37923525
25757561
29431831
3202832566
3111889034
2546690178
245919293
199305082
2341358222
31939866
959596692
398178146
68049902
1108282994
2196201139
14997156
17159787
319989960
101586216
17432964
14134511
22162854
26250943
3120700223
3296320494
3096651607
1707321486
3384006694
3056142064
3382470375
19088288
80612021
712948758
279536720
1597493444
28952829
3273997009
3309654696
146160591
464240007
607637156
3406193625
3406263093
3343850290
939922981
3407839319
121817564
851711263
2811455407
275049030
14133526
18583722
3394741149
371347463
3065966919
3152112661
3234759167
3223625856
270717589
3269091415
214495170
3149579266
3165033669
3148736772
3241763179
3036096284
16444544
322986132
533469077
2701431728
3495163886
1898324786
2285311688
543780273
103769342
427654338
38597673
2572897728
277805390
316756361
115979444
132278386
390286951
90420314
113439399
1092703016
2985953609
2296556026
500704345
1341027798
379754341
574239384
161555654
68219213
15485441
3304194862
871442071
133143463
3306434749
19421938
1390186333
45413198
355906128
158414847
282021116
52596376
3032194325
757303975
414488432
868856461
849169945
15716318
360285166
2582983692
479199911
28221296
570290656
26053643
352548417
60919240
14676022
15996661
139823781
1536791610
2762071414
1915502336
102154232
3173817016
3088127846
342560704
44039298
1123767266
2875610625
37680340
510473071
270673659
304411861
90084099
19950500
100322679
178812809
35369214
101798589
1645711686
15635604
2233154425
2557037323
2348613811
1684252963
284745621
543128024
896048634
2642664482
500042487
36220671
19777398
19697415
14824849
1330457336
15033845
28706024
1339835893
14230524
50374439
115485051
17919972
15846407
25203361
61387670
32959253
110840720
2883841
963558768
118857505
813286
21681809
180463340
16051471
2424613286
9411482
282789898
31080039
338084918
16681542
358855692
570559338
21447363
14116807
284602545
15224867
244726809
39605560
347273613
46042404
32004130
54671995
14515734
