165145111
713207568609488896
2749858280
44542844
70218045
18112970
3332044263
4852163069
702879461461659648
1537114890
751086522179395585
865636782
902319876
1713036884
3083467741
70024758
1464560094
334288260
34991028
708605944683487233
4902369955
148531153
823654008
2397468266
23691853
3051422650
720008230412410885
3266978148
10344812
60800364
330491855
3388297109
3308560736
3334746869
794863622
2201941148
240454812
4851276082
3020425427
3196450135
431917957
2914357748
4054168392
228989699
1345035674
3462405673
4659513317
3135209733
366819502
720927815206641664
705146548397568000
292423442
1976963472
726140680003690497
936148682
119099353
4918260362
709136798946107393
4159926435
23299665
142026187
14800131
2506087878
28912614
3149912727
4827809970
446299683
723639238206455809
16589206
4185039039
3369925198
712790533660352512
744701892941451265
788571666
462370197
3990718648
3319254798
3396688756
4057313892
714251785183977472
2402241228
1289704663
3518486666
48354257
4488611353
17456691
2998466930
733828747690811392
26487878
4572991823
24716002
3018791432
455264233
746176435996491777
3081921375
2993449593
1599562578
289056297
2771503019
4906749684
916321278
4788715166
3661168817
721424099877072896
3241779670
929963226
94818581
708458185494040576
4855679640
4005375497
2893927876
3687632843
3536579297
63545906
4272870988
388627743
4584443975
3121593653
2504665885
704017048792268800
1974017821
2458713120
513704992
58657520
32989815
2828425213
3958240768
52268679
1873929764
576765914
713415305679278081
3409679008
61245025
2786564756
720258271097917441
29113206
2162637748
3394033251
2339238427
26122639
4479812413
3397826081
4761064634
4056983819
734713345434091521
4311371968
4224912857
707732559078268928
705229345745276928
710597822941372417
29913890
2329396765
127941629
275276082
714575249128423424
931979174
168705627
3365226914
24817294
3005920144
18206185
201694533
903377622
752182268
4224729994
715273665823293442
25539759
3416505311
182362719
169907554
72242356
422033415
1467772789
514718176
23258472
314547496
705910534319828994
4769536303
63228779
709497411144523776
713874298876796928
703990775223169025
4786763677
710990834972233728
3411313300
24618161
2992624003
109065990
908203088
4299954755
792376735
456714411
3461087537
223896073
3284112337
3064034982
54086590
4821135339
4855687055
2271813558
17561562
913228118
787981196
4442057536
2239548626
80324386
1368478189
713804778
705902960967094272
627053327
2796723891
43196336
31637836
438829747
3301187533
16163639
706959926879334400
4102376488
4909663939
1693894483
1849938847
3658982307
1094027119
41430555
18071459
4847583671
91237926
727623541928148994
4714745576
231672203
713469726488465410
717905238837952512
890497890
176678019
711119933992665089
711649894402928640
1558436612
4914539795
2431107457
4831603043
703339516493492229
718466041446277120
632448453
55976150
3497865853
109188899
46190093
718115918266523648
40923070
3155025981
3903570210
2327706199
235337115
175850071
723307674331418624
3947278757
84014340
274891222
616871283
487769182
1376536760
3311911386
709929631248486400
134638326
61885589
2456819246
299239037
1535357210
4926495803
711019979504807936
4404669132
713771286191804416
76733325
344108179
237796056
3434177986
1382696899
860691823
3258237332
4698427297
4258194688
3270484302
334302856
2904554547
3645365235
3309169489
3285975517
264361128
424711422
361975359
2417586104
66019768
3309041036
887145336
442366363
456179788
932975083
4893125805
2882331822
2361898304
135577188
2887465954
3403937658
3504607827
4870642869
602954914
33345091
538711270
713541501632970752
2842864720
3260501809
3795821783
898923308
3558267141
2209322498
178083995
59039140
2958201126
54884378
1575689569
2847289592
3351883912
1859519149
918169628
18416448
4165642155
4686488156
426735405
863374884
525716208
4596353294
263161940
3184471478
3383270200
205644304
3673042064
3911057572
108829833
135990201
4813603957
2303431412
1562937696
2286014678
3905715985
3670520652
2345201029
4887083588
620571475
506901064
3654911176
703912418070532096
885733974
3124986791
603660185
737899747
702674216378880000
27671624
4883035583
18345919
194097857
531932499
954124423
358545917
189186078
4289460455
35941798
699344605888782341
704006510523904000
2581758266
3430537311
80500392
3588894372
271129773
47253057
1400943320
74236071
4917121001
4839433331
4808999154
457984599
705257175841517568
122028508
1419612085
437136022
244782701
2853461537
3861733523
3111670868
507765274
2330881664
4729659442
553190985
4389666737
4867975335
3224841256
2381552262
438051476
26487169
49685124
1946033382
4041824789
4063285643
3836008983
4787266529
3293424025
3795292154
4718241645
3303440338
700286457
3731797275
2577755172
93118728
75224769
550604050
362157378
3394924354
4355797094
2749815772
417501491
3673471363
352344479
3368308073
3219816631
3995778614
4583075363
534882348
110767355
293294124
2321302628
4870039331
3372141252
36452050
3309841465
505049911
3420732972
3126780107
3677594795
3192644318
159558751
427028916
3634747458
4339754593
20830344
182911593
4250261325
1539085914
726536047
1000989433
4547869279
963262460
1936536769
32497478
3422820227
3744122597
24212955
902366940
423530697
2912690232
2319339266
2366225917
45450902
245649240
278643705
281537076
33186312
4422984375
619299246
438044639
4787155355
1370971824
3950708835
4551720146
3548005397
75020778
163795887
3227618659
22532718
3580248555
2548936544
3363437812
2776795189
239153238
2908170952
412864943
778885008
876506509
2954110321
426257553
400319259
2799276557
430084739
517876210
620698212
238726677
16634544
4218156466
15736890
74841347
2937906232
249368015
19236097
1629339452
136960509
287871693
1345401492
1922383902
208658938
4525787541
39344374
3153169857
3508811473
17917617
62604580
19017675
104900245
14136882
89277004
15540107
336638653
16312576
4121225056
3647712853
3380947863
52724312
443304640
3969445996
2748582465
115681686
3567976575
883449913
3356152332
3470996714
4234566983
2242085304
4170092773
22225648
2288462990
16007460
3890345237
2548984406
148291255
100235408
4430536468
4745975600
40139016
17881816
526555848
2464756524
176406752
1356030014
1525105776
1932657667
3075611245
2449650492
3290881694
3897774140
88078856
272114651
2638042382
542090289
16906530
618459683
316401797
4496549793
433851538
3238923147
27551703
4367872097
222804467
4007921186
1235200052
621376320
4320809783
124371986
479068816
18929394
548025596
1174827270
3873587412
4141742472
200163987
4553731353
3318124892
17980523
16190478
264461851
3311840432
563840329
3947091915
14110710
38976390
41109410
2980186012
390833402
1565984659
3316135159
3372741552
2688880416
228134082
3308822353
10269752
46315077
4679513822
154994801
3756112462
3360131914
3740513716
36238065
4265718868
2712144110
552395044
870721279
1494243673
3226342768
770926704
50174923
3285819409
3268502832
251668274
1735142954
65664359
968299640
4452830716
15815996
853259838
1051754352
39349894
3273222469
1454229751
820711196
455996058
55840462
2534195028
133809680
3293952443
69377338
603471825
4236806414
3439252101
16131748
328878936
318428831
124567136
2411694794
2343995882
4592172299
167414897
2912754262
30117361
3705346466
2779857823
16667912
176306447
1551611552
1227891254
2599066807
1037781734
4332740714
1973428471
228073841
1902620815
2286072121
2293002439
1646251393
1205428022
375416893
386746916
3427421892
4238209872
771791833
1415594922
1219144500
1216651544
196871565
743407993
899108372
2740521853
17965226
2464887805
258025056
449110269
201109966
2559111110
19173608
250922773
2564640128
2320127936
2889262507
3269495126
3337744786
21711082
4367014882
2686010270
91752923
2926179374
226328166
1488993624
41830277
1517831071
19563355
15455253
153569779
1001848088
35163808
102192639
1345704325
161485260
1128372518
1146349951
240107748
121439463
316102811
36459231
1205806190
2154092310
31057963
52944689
190032317
1046135256
420694365
14134180
3524510721
3320712379
2315583427
383418826
2610290468
152824041
22956220
247981000
1418775942
180111748
364046332
1951869001
3427200023
395693272
4183248796
923985200
3990577513
179222056
95386370
446228264
240393970
782688668
168804714
825608011
4103087435
2650147916
2599057032
525954207
330373787
127546379
3259494140
1110662156
22577886
576623689
2889990600
460582124
843820334
18492940
1008492163
2357484469
336445332
15898569
2845849081
21888595
3930194056
192329667
593360775
455579164
1580956490
191206452
20532568
96476726
3098330383
231923744
20826129
2467200504
3371614768
3672584544
224704470
17971747
72955560
19114497
3438317523
2203777616
3331905027
474202929
22019443
80659092
2723265539
477353838
2902585625
323223149
318136173
3308193378
15669672
3288598806
2862514628
1921932272
247130062
952296307
789565747
869176992
424927514
723233544
1902151532
24305174
1066165238
16606038
2916305152
3418305370
3408847582
434073916
207312766
1549462297
1345282771
338113983
15784302
293267862
2559925034
21630507
20987538
915935612
3284904462
26257638
2850722943
3031838684
577310780
988007136
2207780696
259349567
417277824
480515620
3297895955
1703522670
368948092
583142443
124075592
2863229966
40875107
19258235
294203162
3106534151
2252839610
2177442220
2373145297
15215142
88458875
914780798
2654505852
2272092822
632341418
175365931
395350784
2527828914
147351908
1465596830
2776689014
617246776
208568172
343007213
176614899
2795404498
107440670
2927284436
155673750
3288074557
32628119
2313099380
258173948
140233495
878439888
2996533537
2974060396
58872505
2422523132
44209472
3014436959
1717324226
3081853491
590180745
135376922
517010854
2712571328
403406021
5950272
231295638
2417844248
1367267953
3370854327
1372786812
3245477853
2391488834
542550562
562372370
393768350
782261448
16989970
25718382
12912542
2336928152
621620724
69670513
2555012839
99110535
731175925
1255621518
554835606
308506830
196576780
2203759800
18129062
134229245
475056290
2874359694
81438841
592815294
956055421
18435068
2302134816
892071500
20243128
202510181
458678379
109441206
2788278833
838855718
704845316
18845325
2352603978
883949966
17961649
1386146185
461747789
35593859
2920760244
1138580173
27901877
74149336
519744927
2209420577
51508467
190890578
1396422624
2232536197
1675606220
813307975
1428434406
60784269
2231731302
2691420463
9130702
12044602
3188652354
561728347
470329248
209157228
115679629
2756771755
17757005
2926128044
27075032
33811812
50057841
185906955
18095703
278258054
2991948728
70125620
2168461388
372706077
3017752532
334211333
60030161
56249795
19071750
2707454293
2316215852
2366554506
1132891592
1331104922
2316330373
529264718
192091856
3388444756
260527870
1529198472
1064782591
166161888
2459199644
555832700
377129602
10207502
20198802
22984882
62815642
468646961
801657973
456216506
612170948
53524514
149885762
416370934
359403242
2906354430
275450877
27897429
2174781979
3300518020
1275629976
2393063119
1286650968
3004585293
431071870
2792409146
947843994
3268088444
522132942
61396565
30522628
26459660
2461452080
2844598342
2558068521
3322200357
34996703
116732301
262800088
109297816
1075460258
1626294277
1703509753
584917194
2835754637
32475192
549181612
1146358172
1265921688
2203724708
134830913
564927741
1890976934
21800713
1247119376
24333544
2884071963
464235324
1630817652
198222526
2293954746
364436594
1356992605
45515543
2883978170
44228076
130615345
2282706721
141864252
2820545785
1927769072
715044396
534903573
2511584504
65647594
47714847
2984727962
3144725996
174316096
53818826
456775778
583490818
16151935
3039981586
45641358
1217982678
525641456
2174030340
2899676706
383313838
931286316
42776375
343124987
209375348
3297436169
69078882
149913262
2388155030
480520254
1335599142
190089336
832541750
28239343
16233069
2453884124
754370958
270535444
24544802
2367428091
3296634605
632466068
19430780
3012985081
2398498584
2976796559
2977383961
715706952
310884882
1029560786
234735192
1564167697
115754870
495464885
1350303332
532545303
2907582896
39797085
595745162
2686561322
303418470
36681617
3023149988
92202844
770250943
3199389838
3100204337
57058641
3033785716
1507459464
494494595
3248141375
338031989
21588316
2501457877
1725625309
16557087
2932668827
348551536
21965432
3230655916
2753300463
2874925778
774825306
2312494016
2646035371
253093355
394392730
2155495290
549849310
1525696230
2937613910
3145185641
149965942
17983365
1225749145
1247857681
20443460
922279172
2910891818
43662736
1444823118
907258501
1065869268
22456513
139974630
787845938
1337277962
51788651
115945502
18768324
1489479500
2326815733
40780720
2379095252
2734463639
1862373380
223719518
1656057482
2796958821
1920623708
3018960919
307400357
909429824
19376220
842685444
955360614
737294036
109189000
714947334
305877707
397748897
224700804
193978434
1115148079
811352982
221634221
2945352696
106899120
1589063965
17951850
255951248
228448495
509118632
2769723541
2971986082
1729092451
39403744
1375053553
430952981
531351424
325005382
246226421
2757305676
3031923352
261330050
856933050
2980444787
461301890
2718609396
15513604
45869233
1516626181
70156027
1147086920
3077870808
3121763914
125471278
2937100469
53544165
373703200
3078161309
2937150214
61866666
37651316
97285407
18863455
2440499917
173435768
372875229
3006463331
1939110636
202729390
331489082
509558324
438449199
2928654302
17274913
417226966
2959160143
63834256
3110905846
2425815650
2254482542
1649168856
1493267851
111832673
3146783571
241273903
443169263
57174231
1400789210
323499989
2203711285
2616209796
17904614
2295139584
2888011959
2949819154
831729216
399440328
2312415607
2312609288
2312251076
1645373766
2427499363
2434062092
2370787236
2698474596
2902520595
2918377895
2430607902
1628461219
1660941404
1636490078
1898509585
3033154947
461558727
27259194
1717464030
636456602
394274636
108593067
2345834826
2370874585
985410115
2453331476
29048085
2307428684
67514751
130294479
63996778
50434933
393048573
54153498
141682204
28614550
525249347
19408986
50072011
942868836
3105228158
2412708224
3040799317
2997910595
210853953
2316073297
16672662
2150938585
454513795
632985793
293745809
2729061
1066204172
120818659
2746041570
2658204248
555413422
19007975
2942188849
797557909
460848476
450062327
785830202
629482056
450919703
708522042
288629888
2888734856
3031629878
35991545
11447982
111054675
17648725
1691006022
32495439
290097255
559977174
561802635
603708824
750703231
284542517
407130574
458909659
620451650
3024404360
551644827
515154835
506864606
3111145354
2505217933
355630581
342894187
21452519
779485412
346313311
499154896
47013408
880043546
44155558
48907040
18513241
3064752773
1646463768
745040809
2894764846
807768708
312149882
431182675
2218437631
2853443310
38244366
2906962900
3021540238
3069840587
19515059
321467768
276079597
20714308
2280007795
510245805
885794358
717144530
21484891
1895922452
2331035574
2477686087
589403744
2746283636
2899989577
1413829014
80525416
940503344
344101889
1409313404
2203746187
49139523
2610703422
1886607632
49020094
24009801
158384069
2950436500
1702750386
1648357200
358204197
3057042897
101264587
1904238450
197845065
329276061
3029619754
2274078254
390681205
2255610974
307011013
85812612
408954926
2828223591
2321655144
280821719
59304303
22440812
1911303422
2287887180
475811383
18102933
2365720496
65691824
275865954
531476360
1206161593
2941802980
28465478
2987132896
1610697942
1618641848
525630064
277120302
65664245
254732884
2734685258
237430677
512700138
3043259531
3032364329
414738268
1498305564
3011540220
565705928
2843168429
1880936238
3022045469
2865560724
1245939253
339832905
2393345282
275247483
54769979
30360968
2829211257
456842824
438972019
292929271
176336596
1231877641
615217292
1122705594
2546562188
1189205892
125128428
1209936918
898620354
2312126071
1155742220
3031625800
120181792
1069819256
1291118269
273208287
450697476
509072423
59785531
58869220
2455809577
2977758552
403036069
2597251021
32258396
42091611
75736238
968650362
554080983
95737635
2808964439
1475858893
75730979
26658853
16426454
21424405
635464700
949539506
833963088
69483012
53222655
199226597
53787946
59167512
2801841123
101395252
2288632549
2889274898
2903158613
898728732
202927618
1020857448
47704579
342737639
2214847005
540122045
16117304
405004997
2687764388
2687775878
466090255
17243213
2882972224
944440838
2924336296
790717488
43037025
485373368
16671007
14347972
1383059977
1480852568
2788058135
2261723742
346924655
1253750108
379767285
2524059888
55217832
907290217
585182654
365004530
2792217104
349582502
533443425
2451343801
182265955
542962969
28740137
25320639
1016153754
1886667756
571846363
1064362644
185868832
33438221
2181121594
1027092416
18034923
971075682
399065347
761833904
333097462
861712795
2911514910
64643056
774393817
16973333
256386408
164386441
1337603276
102722975
96285529
137384014
732980827
11348282
880237465
1107178933
111225697
334497954
565930491
526945166
565883475
2940181142
69641315
174046229
794401550
405963037
245583489
899091679
16330061
2871828326
2438889943
289035534
77180390
83312898
714513542
946261009
1873568736
477410739
19768990
914980836
545377339
18049469
24935003
2887919545
20709117
2707013208
17907090
18161620
2527758476
2566535282
1955132936
383896720
93963674
38589890
545240167
2716100047
46131997
885149478
30865013
280704663
391047679
193785644
24112747
809867702
30514293
115179302
472472650
37666984
213795411
1408003598
22055226
633697100
281610530
117537998
2188423838
2812073995
261008103
72350324
217634501
1138036099
478855762
77302539
43117971
325787456
42834939
158060289
172511244
2391736202
16703058
33962024
1337804538
44945327
262222003
348013783
1957490102
738288895
1703533459
353422186
137673734
1029486110
59486068
24222640
2258135208
258921256
979712527
178494609
531506617
425937551
251240567
529590249
474133651
1864361654
2925597977
448160125
19938133
2332669549
2569925681
2821006167
38635191
1615667894
565453455
341676097
938674796
51670288
2366303900
129235890
534640546
374331041
15108702
1101211580
184383206
2414709972
2988538317
75112589
65531952
19450163
2738397743
36500431
26534343
14385055
1383329096
172852209
395944861
428873967
2841326331
18858794
39286260
19850687
247124972
2818586300
532285060
27789999
20649081
1364357942
1368601634
2387334972
1263002017
819668389
1265679950
18721583
49518404
837897956
2415070573
2467271744
237584660
1315049388
107633302
79248527
535812960
209941571
282413431
552125363
1684560672
47539748
129019194
583122991
263590713
24565406
22217443
26278305
332637055
26900055
44135635
829735580
561310591
573190121
577434930
300202857
270441409
104237736
34713362
15110357
11014272
624413
16334857
347627434
33611715
458214340
1947303967
265967674
26538229
49686679
327484803
527007725
727472528
40156330
2734367325
2334274885
585373512
73657657
2214755390
2162983369
2901245151
2873683010
84286924
40129171
19489239
85796380
69276033
129834917
19709510
162069651
123690515
87416722
621533
17038090
7587032
788524
16343974
96442308
2876187492
2430947436
33750798
1125937411
18956073
22966253
91440961
47550771
22047070
612473
23937508
201717559
93637779
47739450
8170292
1051878806
2682259370
430130014
933693476
278543761
34460094
272388054
2512732765
2807319442
2316246829
112562263
354590277
1071540248
594739306
745064858
14651202
356434482
547969112
559623797
2948045043
2601598453
929278123
2451867288
261749735
2235189276
2607123872
780734695
792660210
46303458
65517621
2167674121
1447070082
294892027
88168692
73774016
16814500
321299775
139020999
2566386624
959697078
473115252
57215100
2724563700
2316044516
14839147
2161447400
2258300143
2279696407
14592079
568648835
2795843991
561654065
94712225
5695632
19400611
1020058453
14465607
250708329
351262776
921292178
2824300204
544459972
2186062965
1890630757
2264879042
172846897
820205892
624080892
233933230
19558956
39790265
10126672
2617572566
16157855
491461409
16552921
842217397
2858830358
57497901
97963881
2944271678
403171779
259059584
2410109210
322572436
2371618334
314243234
1505889019
20527491
14401607
117631204
1379288282
177584156
343772856
2449913803
355784391
1647782178
986106360
497432101
25863357
2606338698
379498878
180273672
35216399
510409753
18772468
857001662
343042963
398644168
35246388
373505326
431742890
2395264501
264268489
347976255
15393823
141084952
32896052
2455457917
954820952
2478840416
21079277
22699770
17166894
21796484
31928507
111081551
554335063
24295482
118845216
17372211
143695063
2491970526
379962842
605635673
14828860
1528559454
21587082
26652733
174618314
17995040
18906561
28587919
91882544
22167056
2309454895
21651982
2574956743
2892075509
74912769
1279624999
930962748
850036892
1965752712
57143767
522239741
2822117268
535964550
432170458
28096105
142839300
41980930
9763482
73448937
16518302
701825647
39584513
205425209
66037316
545927599
121656624
282695161
722099510
1835020626
112280016
19196615
3108351
5988062
5402612
19575342
28468549
14671170
17078632
1881014948
2463803701
2468124720
27136199
33452466
141303634
94991216
18365475
16228479
523467122
2370233761
1059194370
1627568958
2555393190
823796557
2361986612
518715968
2508772465
431429137
1524557191
2231915576
400251832
484815388
516745054
1138785571
414994284
2511477648
34927577
20076659
45190383
474464413
28614262
237348797
26559909
18805644
147725246
351118970
1344951
1557315432
19035963
2361224263
48834856
2241459330
126098589
43483787
253291463
360157896
101594119
1022783893
6730222
9542972
375721095
17469289
1099542679
48605417
138900081
1669492729
59511805
745591364
208083510
212302405
24645354
23330730
14321517
1908512005
157578221
833740321
1525746518
1336169892
822423872
315878798
1195893846
236487888
937362823
242618658
124814437
2311202893
1676841872
48029066
203226736
23798694
171632862
35039490
635053388
1320073344
554525564
184153602
1904216179
17350019
329514189
1180379185
1546510062
20998647
21870081
52422878
300392950
455764741
3135241
18247062
233484761
1852458776
233761277
1447849483
2883841
18667907
5518042
32705833
193883545
232901331
16989178
462104542
14116807
17879692
102792322
1183841424
21541548
378933826
76227785
218733638
19679854
17545625
1002106178
16547587
228379737
386551109
11102352
212097279
553126021
205257492
76438819
34434801
864584708
241972988
940368062
329323059
25429371
50094643
66265121
76057201
237944147
17714851
18124830
98507228
19432346
1378341937
318044919
1205107171
500704345
27503607
340934794
18739458
18323740
291941733
8775672
634737501
308233424
330966707
191162512
43996908
16557667
7702542
16992416
88784440
9508922
48459553
197496309
49140008
27311044
112047805
118756393
10168082
1226542147
27744185
15416505
50769180
748477502
17066992
581904088
1117060148
1176175226
480397115
16985156
32496371
143985350
42122338
258876577
23946417
78523300
69394398
26565946
53101326
106837463
28659242
1235830999
22509548
1296419581
1523654846
237403203
168541923
275686586
36072264
128393253
742143
16537989
223970563
1347078307
69773058
72950235
191889245
229592356
29458079
19091173
97912404
110445334
39308549
18646108
390864971
83972205
43015617
17525171
180463340
190905427
414240278
166990746
15745368
109428892
23022687
31540671
20713061
45967789
266654041
849989623
770120310
21776552
179782842
540039723
22703645
1112375034
275734667
60680268
18089606
14669951
29216764
20733972
9300262
1074480192
216881337
1652541
451586190
9938852
17446621
25701904
200163448
21476507
57393165
53297881
17529632
22928810
57190161
581999965
456250637
39773566
516062567
80439932
492833134
913561357
24416890
15300388
121626258
102488708
18018384
250831586
547205904
33378508
107125748
1367531
28628850
21010214
270383088
300408324
34693647
22516671
73572581
37764422
636680779
20233808
25354156
247723476
56413858
149315713
16710420
38495835
37972057
392279198
271091161
20748745
14730894
335236768
388999382
248221329
303048990
613771892
142528310
17061263
18217624
196168350
18576537
65493023
52544275
454456708
51241574
431359950
460405170
44397959
334715818
42576241
317513264
729703369
18791763
19268706
41634520
50055701
733751245
288302723
14718218
23970102
25073877
18983793
469194846
21343653
18280993
15976697
17454769
274065447
170982568
7885972
16031927
184930557
19212009
10774652
64822927
56499054
36119742
21505705
19784831
16681542
