722301729794973696
419298953
2222673457
2541363451
2381667174
55582019
249489952
152984643
2844758984
1067416448
1400305453
2929314585
1193007020
4733860291
2371972382
2377338372
2353473133
2335416134
3794528412
3170614099
1726146978
2346761720
165008390
112812371
101209327
1656024559
3190942303
3165839522
1196747857
166884342
1613590393
117302418
2246722783
1553529852
92773212
2234352900
2673327426
3573370633
356380773
50243741
498084828
626258843
57270122
3020572290
64355384
1159708748
2410790131
2748414632
2682793663
1548233497
109622831
52648146
1112056370
1116926101
2997576954
100938828
2646263522
2661311922
2621980820
1214658974
1627546478
98339993
2997147948
204060281
50254626
1917355626
3164286294
1193628180
242891339
52638336
2604088764
3066876901
105443297
565563822
2932119427
341066609
3036560889
1105939712
892369238
229383772
2317336250
2656714579
3258826650
3308763876
2594774983
3284988722
310401632
149424781
