332768267
95986920
612823769
3239073096
154746385
113877213
3020572290
1673023374
310401632
2922679981
2317336250
3075060252
527878653
3164286294
3142349846
3112524116
3084184765
3056467820
3046464532
3045548322
3030979872
2996250457
2983982700
2971725199
2937735007
2932119427
2901292428
2895327589
2894478043
2847276254
2823911863
2371972382
2364221719
2329218750
2240383465
2211819698
1667630060
1382339863
1088121710
839423262
782747096
758770279
2222946098
313814524
1328258304
1116926101
2708360605
117323058
1402710696
234830789
91029045
62356591
42032553
3144698149
3071362808
2692335367
2805574764
2470198976
1700750600
128288692
2844758984
1420952814
99333040
254930204
717865504
113606794
300755895
177975472
187489064
371591947
91530810
2287327617
15622291
2929507189
2836475108
561838449
480525355
1100927498
81095223
36323511
81096591
68927629
50948283
1420050470
225384727
1856627570
2940304536
100508892
2662153364
258283931
2862784699
113603711
217277376
100915104
94040915
749807047
1114896282
148300401
1468065288
1288437842
1630887626
449365099
131138521
2270648197
248317806
89439314
169383860
106990879
68192805
16645703
356380773
52683521
2594704596
433346123
334794918
2384855424
151892720
19664694
822118351
97614907
97518519
614156493
2555024322
57998991
92726549
84845359
263236469
1913306017
31170586
188994965
185072567
53646520
342096051
524542218
18530035
2765754919
1227324462
48318008
58396469
19760270
240879503
496979625
342690110
586671909
116112129
169058509
9263542
1951938098
81678457
99642673
27602673
96087281
260002141
450539646
46222735
2802050674
554629512
2279380915
2331585450
581447080
2918640787
2825849713
53057962
2904064998
2234185627
2740198170
2591280374
1515441404
2566747117
2908517340
50094643
569754349
354765071
18936284
92040824
2864615623
1039879801
1730808534
2806546226
634794149
53609340
98525302
22592871
44112871
119667909
50627926
361222648
297159199
707048490
65418411
14075286
1410372553
21692297
17569478
32774989
19608297
27987687
366606110
44329545
327285957
2922012314
23916338
2856687277
1663064882
56067708
2314790066
2826834061
1432570866
2917266680
1177977529
41535315
2519256050
457264650
384709041
2879504684
618549916
54174017
239293197
2905104170
2905217449
2863317133
13777142
2658875844
2810717155
309132533
2772826273
2764760066
1041421136
2586876134
249814687
2849325933
52429190
2302305006
1493066042
367176179
244225740
2291239518
1601141138
2850107702
538771154
553184993
905700108
2837948734
2402957701
2291474437
2526482034
2826034302
539159514
1734364392
2186076719
2647388793
2852955078
1306597982
2857675860
2412198644
160850217
153003908
2752305297
2821945772
2381996310
2860638966
2343686035
1350956274
14251801
1870117202
209890949
40017045
1183486656
2542945699
113877441
278427295
2312891995
2790561845
2835603128
2786611325
2288421696
2155308740
1595400144
35722581
2828091546
2809048226
1080981283
2338617074
2763042542
2763099416
2763053766
590737547
2219937331
2763115470
2742214350
2783367068
169807119
2593172094
606420169
2595054937
2724224130
314598840
2809817666
2542953644
2403407990
2329448456
578202060
2756101566
2864993743
29368653
2920821866
1543186146
2922272546
124654274
1386690792
2464291832
1193007020
2335189069
2904220226
2824072771
574684955
2177366923
1321028052
361890788
2848473218
2902291841
2817595112
67358777
2630749356
2723153738
2301129744
2297548458
2897311310
1396239870
27186336
1103852941
2387337853
237727411
2589530082
2605801820
2611121070
185771957
2392528418
279987713
2188226496
2795446105
2821824942
110993912
2271179438
1418885305
39225556
1384985226
2272784550
2906058656
2601757321
19703006
95228375
2761753603
1322771024
95468039
273892592
298434462
128254185
2387734260
2348560387
104891797
307362839
1501046870
2916509233
912558871
984285733
316460497
2304923515
486291779
132498475
2914044883
201603173
2898690398
2879589212
2798605788
967347078
2866837339
2759181446
2543558088
2908548115
2272658930
2436133407
1474523352
378205013
97252632
2841581714
636057919
466443430
965718980
2900429653
15210670
2697712171
70599790
23712838
34396969
2452365734
2765826517
2899553449
2898657980
339498359
23260256
466292764
2897517373
2897132844
2317774887
492833134
2892949039
2823547178
2893268358
146122446
2798663720
1001592067
2298283333
2888969665
1605744104
2889253226
2797803558
2888856823
1958816383
2466163320
2885836891
194019665
2549990634
2542978662
234036088
2872651387
82486309
1462689968
2773065235
108526163
451478628
272498246
623023866
2870986988
2416322382
2349068504
798262237
549656500
2712633516
103665949
109855852
2281477826
2711278484
374427505
389981529
2837628608
401710943
544103123
2503529682
2812706833
112479899
2861331157
345741330
85581003
348970199
2841542664
132572636
292255553
467601142
2780116654
2499739573
202066138
2295458288
2321525354
460020381
79469846
2351404446
1228278002
193185790
28515803
2252160715
607125715
2819173980
1376846000
16927487
1523183041
1004135503
2797955318
2835542587
467087280
2838480474
2842134776
2842470799
2215828535
2842074086
2790945211
2841115308
137607498
265338273
2619907100
2838076098
2761399801
2685663654
91770440
20812510
2838183396
2803584462
2551932691
2644121889
631895008
2698428882
86281308
469112088
2690153952
2318675053
2801026820
313364642
2692402285
365395959
1644270566
2812311187
2546569084
982022576
2892828036
1495667983
1028887122
83346193
1030495537
2520724735
2524981532
2819363676
1695768180
2914350846
2885634696
2489013216
38223437
858057536
2911651171
527436141
2274385279
2839287306
2393630684
2853973004
238034738
363459632
2826077456
2859519032
65003455
2911762812
211900193
703424136
2373978144
1389075692
2733447038
81947660
946741788
44150842
1481727559
2904582378
19583836
2905732542
833178426
837051936
2909828821
106999048
2906975281
103795395
1349006900
2868732584
2683892024
138301548
1563296707
216657839
135797484
113978554
139372158
303273849
2752731451
2803692341
821839950
2908169208
2240259342
599598907
75846679
2416199720
1868791122
1979364187
126550320
1047720710
2890151851
2799964679
2886057240
127504677
2780258065
1588930669
2876927148
178794580
112490963
171793493
2854649773
311663541
314398195
2527071032
2905052388
2887974154
1542962611
2881826828
365731164
18308945
2195323489
2706803047
506036306
1919237665
2845320916
2810512378
2905927620
2876194840
2906700602
2798266298
118086120
2845031637
85381370
2906079698
2527213992
2905917080
568751732
90162231
522142758
200153998
72280544
84096123
192978709
2191113955
456714641
150750698
2904151399
2886054032
2903894564
1331946793
2472440202
2902893925
949306891
2760398748
68615168
972222427
2901579198
2270288599
2823678174
2870281255
2359892112
1664596940
2898964338
2898986696
2176874132
2371335894
2897197933
149544139
2866346314
105845260
1210188499
2526764864
2896783710
1429882458
2699198737
2895910388
890369546
2809243345
2895803160
2718885582
2874856699
408155207
2728613070
2895592399
871871431
2836325318
2884500697
182667748
2512124756
2378659296
97926540
2671494091
2587730024
67413196
2483516185
2848722564
17790274
114386254
2827511702
2819388110
2378466230
102549058
88368348
94834074
2842371240
2211313687
1070688091
1917355626
2392455871
571037318
2336069654
2346427128
186352460
101424968
1435615622
2856664548
1011645511
170627809
2882899374
98339993
97206668
2346761720
1511762184
164804567
2396541150
2832784622
2333015964
2570900983
2583835814
2682793663
2774543369
2827770763
18393986
2610013410
2785397899
93181579
2847598195
1417620722
1097213642
2638410968
399972090
2410790131
2752734996
1159708748
426469998
2739796592
100967637
2317956223
2706067135
1668477690
2399829282
921220657
860575400
42871117
2797878578
2601249043
2513487859
2428900664
1097533159
2507593802
466647990
1613590393
1673653867
18843447
2375224634
57018390
1422880717
369591756
1656024559
2783527350
2330268912
544243839
2318243778
2605594333
2456294012
2302910431
2559520448
206059812
300738581
2457762198
45499543
102974803
2646917150
2661427735
174940496
2242142287
2353566488
115852160
52638336
2267363443
2523338418
2748414632
2352052872
2353266672
35005216
844969590
2274500544
356253094
996805976
2449394353
2577015649
2252993172
2429765256
461779927
2422407572
134010095
151810422
2604088764
117302418
2602126441
112812371
2725359689
2160447936
1071400016
2564944500
522872786
144887842
160880876
17554459
2524026054
1538325806
1252987716
2173669664
244255562
2673186416
50597111
2593152174
1923410292
108070964
1278131738
2649997417
2678929554
1104386485
2806841252
834466861
2807031277
2805634735
2228726731
58731625
2721924876
2808045926
1552480740
81575349
2578533757
2809269438
2328145915
2701048352
2662309909
2662282032
2662290168
2662334803
2546620650
2809972610
2731552615
2808813408
2247126032
2164539133
2809028990
2810850128
128127533
2662236337
2812692235
253985077
191786377
95791759
64484080
2353473133
2662105045
599873118
178631319
1645862282
1692644557
142151119
207034088
189492704
2330105239
1193628180
574640827
159414763
2651538505
535172264
1637129882
2593061154
1401650874
130133805
2662010888
2381994139
2720731636
227635314
2664746906
2593478378
1073061985
1425897158
2601364964
2315943396
112773911
2663365465
137695454
46390968
2558660373
139382508
37894869
2789637877
22598822
2621980820
2686737110
2302563985
452870846
528335923
2673327426
229622526
2234352900
2319004375
2246722783
101209327
2766000074
2593585495
2654186959
2541363451
2661311922
462455195
2616870668
80635890
2700597566
2373676722
317163879
2593579898
2556355580
2445615547
311032328
1690904910
68360453
1225645123
1117702471
1548233497
2268620334
341066609
242712171
1672343744
1396380787
111445505
601578564
1553529852
565563822
62605366
14700316
69252848
1176323359
1116657847
1320193315
615986947
342809988
2350987540
1627630992
135524774
138447016
1627546478
123481051
139046735
156893776
1724866580
364738830
137395687
64355384
94415337
54885211
1447170800
155243329
165465351
560995841
132614384
1114079144
1479372294
1660145029
1405455378
2338571006
297045947
144397587
315732526
147091791
2208827012
1627692673
154432959
365651300
116328299
304238814
146118255
47894399
1105939712
568781834
1066295749
340818805
86047490
1112056370
727670108
1067416448
102641901
465512524
277579105
478950723
1214658974
34909457
250132805
328269785
179525448
171135105
34594641
45109359
83438683
127214691
40631749
552325831
1108441082
420225313
521069477
622650813
1055066778
226876355
18378627
127515557
56312411
25966181
14507215
14444461
143776014
45103737
47793869
102987028
99276987
17717614
23719690
27602873
6431582
105443297
1070760427
40617554
47611898
632072717
36425563
1020405943
1061359813
1127578160
1113049489
499753010
101215084
770628246
57270122
1088359038
154875149
122928781
371730289
20427494
153703098
97913631
1119384594
28082599
50279201
1154869812
25628754
258703448
17802221
113534528
441636351
46410698
17797666
505694805
44582818
25485344
363797725
242253020
37168231
44303210
165085226
143409075
122959195
551757469
764334150
1196747857
245252068
52648146
381954676
516471471
60853253
18667578
48016572
48668155
