1319369516
756602702277279744
754731331205099520
30025336
782664162832818176
569446984
2904746657
1317118622
4443383242
2982078023
771291668637253632
1460941650
3063168387
1618379131
2940052334
1615183830
602272903
377092220
780211228081664000
3973678845
711289928454381569
2865175470
471983361
2901309624
723588400197079045
711656344064008192
2192137394
779561469243457536
734019094375063552
3538838056
779398437028716544
769160921394601984
2511100203
3653024539
753941296541204480
3375431044
420651886
2984845143
763812574710337536
4270123633
3983928563
776755513908428800
727961379907502080
407835009
770448233629904896
755108615904780288
142433098
199354750
2980432235
829357813
2736085693
368679457
2279940139
4415469617
740999040721137664
2923307265
2666913752
4106568613
927564158
754362433527947265
1849581578
801610123
3409251723
4877950943
2764318110
2320545854
701734719201873920
2971228186
149471456
4905348361
1729130220
726568233373962240
757036351472545793
768134399862996992
4875702345
3144538696
551685418
3339678886
2496435793
3403279845
3304495341
3400216420
2697962518
711249578503307265
878124180
756675078213935105
3380774859
780361134
3249353065
253682694
2814436775
591189964
293810810
907064821
376583112
739107388423278592
1691531412
754091713556275200
776563585
999167376
2569660329
541381530
563875610
750868879602221056
770057509
1405873945
764929724019642368
3469909635
2694092161
3358710291
2855739081
4148138293
1323240654
702587163976843264
25248601
716319986046861313
700159321
717913148691353600
3038343606
812310122
3409731820
3437446918
2729087872
1732600376
3287266340
4923579287
3343825524
3913301789
592235253
3895142123
4687632577
1014320179
759900496517791744
701441581551894528
759001751278145536
4083261736
1440114098
581574289
4898785528
3252868196
716302703282946048
3880518689
785915360
3295606291
1470309626
613169332
2735289711
737316066263719937
746104505809330177
720298359156641792
707742276580188161
4799965200
2937539727
3296876997
755289050626555904
4552674927
3527619736
2188374945
3370806257
3527978001
737002001318465536
2700662505
1522757520
748499726522257408
2779371066
1099666892
730040948969897984
1610212418
94489862
4040321721
2917993071
3075726890
749190212
2984092350
271904097
2213281374
3267641508
4764236175
726039528885112832
4538517197
1345393938
3383213295
69371202
506439897
1535230278
2964805133
736066111
70722719
3323758298
4828932580
3389066699
3398077685
1395891068
2193101699
726525831300960256
618420295
701947241028841472
1436742871
1855210663
3299224474
1576245583
1408512883
1408688678
2861268730
518710149
950341134
2807623346
2259557800
725900527649726469
2952232311
3439113009
2864309745
2319086116
1646168893
962554938
783498061
3862589789
737441626344165376
4512297797
4830810657
3153180222
230012206
2341578425
486360712
604887690
2761240696
3156678367
1681310623
733353336452354049
734460276263653377
1493552868
4155443254
733259237699129344
2299132334
535932434
2718439213
734078790482157569
2659790464
2730849168
3311926280
2869593001
709069145724231680
722867016961425408
2863130961
3397321551
731109020543516672
706525805233479681
2545354653
3415188917
3468847518
2848023205
450352243
4617225269
720365096531177473
3434422113
279707380
727790041074958336
4241785224
3929702361
727312200285593600
3036575534
3282696122
352404380
3068632325
3218805843
2593341380
724697814450622464
3903352700
4576728377
1877353729
2610422155
552659697
704782361473458178
281246989
706153280473157638
722833271671943168
2897504936
1512997632
714032244487282689
1273254338
1132703701
705233173958041602
3194775127
1576160425
778477165
2448211171
251731344
4462792845
4859960608
2904967104
750771876
2835988629
2698991321
2225667444
3377149738
709538246028472320
137155206
468259025
2753608696
2920322116
718031310648975360
705452430
715202586022948866
719070188109488128
3699955933
2900901841
465780685
2955930267
182532468
3322682153
1639087898
1596581311
2790012589
1294875960
4142662575
719868838158942209
2612721248
4018662375
4832905280
4883557895
2981846007
719490353527525377
716473016813821953
3421991091
701573890082869249
836236596
3236215839
1554956772
922189308
711992751487737856
4189150516
1140649826
399579946
2281515129
2472239802
4747288434
4824649753
4405639767
4906328211
714837610057830401
3260610379
21177562
716338139522928640
3245658931
355771763
825507889
1038319218
2153929081
2354570198
578496513
626079757
824199452
2856113939
2493760583
718415985137483776
555196984
1540970802
2618211796
463076225
1049306666
592287839
578979606
4428495389
715312846792314881
716037967316279296
2181211142
2506759457
2756616413
2867568802
2602253832
3549492073
3366878207
1963750699
2543789232
3255115710
3137582581
491741098
717830865640763392
3546118034
4670319836
2925293391
2648378708
3401447446
514431689
2725524721
33261404
3140350279
4915615271
3294204566
1395939702
1598994066
2676526282
701467982963339266
2667290006
4002790637
520616237
2883408617
75904099
696852293698736128
704030553343971328
2690865472
2875911317
716521880899993600
3178391832
716005400898703360
702867334910885889
711717095487234048
146101703
350267180
3101976578
1863995227
2952280511
2720888643
4106085502
1489003603
3386185401
2526720652
406424286
2994510402
520531866
4587360630
4871933615
2841113979
4387486337
459013267
365704178
1849901306
577468332
4206172425
2558181988
2357160565
1335199746
4919980612
2877011353
4883775531
3221049444
2175929807
588592147
1493089004
3094405531
4704028335
1211011556
1314821814
2600578543
184660099
2857103236
4061575473
2195594083
3087329024
1040478518
716023591985393665
3254497530
3408444947
172194164
712997345877688320
2857656868
2584573051
964602552
436007979
3169311530
709868905007742977
3804962956
3103421708
2936916594
2915986800
2931890115
2951493382
3192438559
1008348230
4691064482
2261808925
4891683341
604152521
96448406
709660659684810753
2889166381
1061415661
2541023452
1912201158
711218711315816448
3250992373
2355229069
3182253857
1021984136
2340160550
1259304896
4854910522
709526729925206016
4020040714
4871373736
2731752885
2938124284
1213910887
2836899655
4769461400
2712003811
4859830000
4798615692
3321514417
3081704329
1196310936
3019385686
3399856216
4847248431
309265958
2340166309
3296620609
3189425224
4909519109
4842912976
4890236079
3089492705
1519595318
2845705185
3323201431
561700499
216191417
704198521516232705
2581692144
2282591878
902621167
552287247
2214767593
4844996831
785713776
4866665020
2668779377
3730762995
700405579773145088
1473137412
2288336187
3429850011
699979891421409280
2314317219
4571049136
4828138918
4898792254
2318003477
4908978585
3141189294
4222833857
702267600080924672
705630492507271168
4793935756
4858753303
710716046
3293845406
2939159962
783866366
2970584278
4864285353
2961134476
1909578314
3089462518
191075752
3239034365
4864024883
3424783377
4870171394
2267699420
4919737570
2191322760
4047433829
351327088
3322422422
2348005213
4927267366
4665071320
2660350914
2546807794
287454289
490753164
2447084737
1686240529
2981750812
2934111442
2982433349
2369438582
4167561012
179756181
1164677096
3071044658
4136513020
4789173263
3298415195
2486319073
1075414082
1664705041
3920216662
1552871593
4737295708
2936155360
1113449335
3243531139
3405164133
2568634433
4479221127
2825579619
2558229842
1613037654
696712813637738496
225588431
1102656932
1861024477
3436109764
796301407
3383098366
3300552510
187791916
2508699604
620600291
2163751110
2719150605
4705190533
4261804229
4383971787
2708857711
1738395415
721496928
2929924160
100589519
2894999773
4714893216
2748673103
2172830022
4842293721
3311913062
1228785259
2994263853
819820759
4616726836
2961019203
2480278626
1672110734
324140415
3417053313
3394826411
4786627638
4779870290
4858463950
4856120986
4659405204
1651605523
4844965577
122675429
4466693052
4250043267
3274905854
3294993578
4766646384
3173428896
4245454522
365174029
2318249991
4766810754
3298738070
4819820662
2518435686
1429103455
4331497114
4750356673
4077117316
3082064098
737886559
2259461419
2481678149
3114610303
2883377159
2740192628
218902510
1979593782
1436287567
3042123296
2922779882
4513219127
1669064774
704032725
4715319050
889902961
2612370230
3033925666
3429292630
2976434220
1411700334
4656119486
2360649552
920220031
630311655
4013981860
3190325862
4409795428
1949763698
1446369012
1452276912
1347829477
335468031
1489161270
1673527849
457896536
4656814169
4093346308
4314171737
4474548377
2492169238
2974793003
1017655782
2272110188
421358495
3306571807
370865409
4676365152
2727294694
4632894197
3160199264
2786822244
2214673712
4127006740
3033566788
3773632763
3377435567
122949202
2161912229
3192065486
2887785320
4549419387
1459821222
4282062681
1134127326
1975372598
813084240
3094594853
4516259271
3074241475
3390020267
2793781514
2426490151
2207415629
2459037648
4656312170
853697768
4445762542
2578333219
4632833233
571199775
2891501451
2268203447
3007329871
3921984270
3831042852
3067678551
1123611642
4341146172
3752040079
2740493951
1938880772
295755610
794260813
4382278277
4492191316
3121591105
925887624
1177758007
1012518973
754436726
2989862546
3253538006
2838149124
339968821
1316196234
1644706944
419734817
4404436816
1223261868
1537145480
3075352602
3312752928
2402289932
4515345975
1970213640
2564005192
2873762267
1489822970
2426039378
4542989422
725686387
1881280675
4328929096
495521222
526718508
2470954152
1030849345
4606596379
870556014
3507904092
2351315559
1636872804
4052345354
3337712487
4613149226
1215306122
2523698620
2719575334
2589089812
1964940337
864113412
3195395319
469174025
2268657318
4580064792
2802153604
1728915042
2734254456
1140361278
592387822
862882711
3299402707
3476016792
1049453773
3036911651
1646147683
2821086780
3740809573
4611153768
2266975859
2440979556
1715857278
3239655323
937604690
2708936892
4246048692
3674477597
756512365
1391520558
3779807360
4462531940
3210609077
2399751072
3254070499
173263459
1069875270
3182196127
2462670756
2923708572
2462289948
398466740
617385622
3234193980
2892368787
157887392
548679212
3208661601
2912409680
4201839986
330749663
256294969
3277526383
2418933072
2863061735
961483638
3294358703
1688231610
2843173216
3280900644
3238089966
1712374656
2952647109
2193361873
2538606547
1680648764
2882006941
2929148142
2467361594
2351625456
1071137294
2919851067
2735535863
1232179236
543655222
2719276323
2166368585
3010288881
4527688955
2968868284
884978736
2411234273
2290071377
331223973
482567662
2624202305
56378224
1676475126
201861984
1888044932
3219693205
1069015015
3124118097
2912556197
706018885
2429534406
2583553054
2598634782
469564871
1652419376
1400921102
4248880581
3016211542
1549200073
3194435494
2164996165
3241279517
2571626726
4393298548
3144912339
2322709510
2444373694
343048021
559850893
4217882062
2474380980
763631827
2511053138
2408463049
160959416
2496626570
2731947171
2254050744
2826373659
3023233137
4632499824
2269453101
4276999639
4263754764
2425875061
1525567622
546559527
2169401922
924380408
4520624243
4569161063
2494013356
3248286213
2980345847
1733220120
1352469810
2895690554
297027570
2300346132
2844046398
1269786223
2211329372
2215938562
1241674832
1177276832
1609362943
385753232
36056076
4497221353
4211106465
3185026896
1208675203
2779056116
4473701055
4330879462
1418898379
4515973223
464297763
1085312148
4553249174
748726466
3860897599
3141896900
2988927955
2666958680
2278167198
4446629362
1963407313
4618862774
2377770187
741587701
2339198106
2903942238
3317245172
1668592638
368623169
3312758022
855348313
1222919372
3177104599
3947688826
614286291
1628441396
1344517176
176201675
3346506879
3539785215
1951053325
1295334072
2580678513
382794141
874394864
3311710701
2159791046
1586173064
1081075645
746132245
1635505886
3697971513
2918810254
3031338233
2675388638
3630984199
2912369456
167777552
1676970872
3025483336
2371068217
1558971175
846146556
345565633
544509991
2867725234
343814978
4373519615
479824976
2891258618
2416005041
3702866842
1876816189
3752152812
2815467126
964952335
770678402
2690936847
2855612860
2733053973
2200316581
3082279979
912252151
4076232562
4560544235
702276581
359083075
2764512988
3142828252
430583724
2482698559
453145796
2389801286
569456938
2401468849
266613137
3004991581
71839646
4217480472
3401482001
2620214837
1146934070
1589342953
3185840569
2844943750
716884523
3319405866
1711250924
201479233
331585083
3356873837
3921122043
3255166723
2273746295
2954276700
1352823228
4529201892
2602349431
1076117226
4236709452
3287044670
1545597091
3032806661
4548725561
4328801952
4351386614
2702305500
117298636
591046565
4619129264
816334861
4604750773
3193086728
3659880623
4524556474
710128190
1457012580
4054474287
3350388322
2787012837
2836790352
2937468708
989428308
1662520560
2835000940
2188677592
2457541543
1029154153
2905545948
793889911
1596449346
343679372
1523459521
379712471
2297035274
160369945
1051388858
1960428462
3750211754
2429069960
446683628
337385643
1271746298
1011652435
2563751134
470037909
1102632696
1088618341
3118225737
3720314536
3101568439
3190441263
4554751395
2746606767
3303556876
458244102
1861090662
1577313457
2402993511
4210641021
4450140134
2996132686
3404879525
2574783571
3057046983
3383548486
2786223490
1862044686
3402497301
207509315
1933239199
971783791
1616761723
502759738
3171023451
2637595559
2363311105
2599373029
3249469752
1036411932
581220751
2475688826
796577792
2934540701
3050388427
849140916
2966336505
478320443
2284933536
455544765
1247066786
346354840
2216997665
2856231584
3245434200
2298993817
852166945
4463705113
3282083208
906530786
417964964
1634423389
784790670
3249195098
1053785160
1711142264
3374173288
2853719888
2479967650
3198768409
4609624484
2580452355
2605024503
2800668499
631749135
3107937391
605740761
1620606535
924279750
4542867203
1691040290
2574842604
2486046441
2408141666
4075364353
2990833677
1701351494
2853454562
1929354043
2829808103
1508686914
2772332897
287334686
3109926984
3057959130
316054457
3185724379
2914307947
2806634149
2297796134
3179152441
1251594332
3926002400
826648056
2921561752
1259145103
1212991292
3101622175
2390815532
1434209923
2252465031
4434302537
4610429521
3575214136
3017100371
2782066123
1177754598
2209513045
4529056814
3109899306
2925064796
1592119897
4276194492
3098560789
1662283338
1595711414
2649256849
2679811670
2740350910
2419621676
4408227376
4141600761
2383338466
559890468
4107933619
535819428
2179652757
1429115084
2745508672
1103594539
3273527707
794302381
3303756620
2879515714
325733583
3413740876
1615815445
1461955165
1387565982
2936792290
2768308181
1672542228
2172437352
2789677085
2834592295
1134985422
3469069799
299962993
4603920018
2377780182
4549979079
4550426777
4350567734
3014572600
3764498232
2429613656
2928121949
3313229142
4547412333
2814022045
2865959578
4119185308
3107899956
4274993539
560552012
2919922665
2922250865
1320905503
2205231284
2579522101
3317582973
2726952812
1355241558
1872026478
592425267
3405794992
147353290
955140276
3307188232
310380922
1104887065
2157951191
3244924342
1007006498
531217991
2871575983
4137882921
779180936
2153573385
4524100336
2982155295
1864948220
1296786486
2715794917
4173913642
2502704023
2844989255
1733549918
3295120236
2597101626
2200375650
1120088676
2444019996
3297375766
2796023850
2834421296
2841097887
2362993487
755817200
2609774974
4160898677
3199702929
164836241
2970216004
342403045
3927170794
2640168069
587896289
1413744452
264969812
1051852225
521581895
704169012
3226307383
3282851192
3317709929
2570292349
4075267385
1316690640
2746869502
3385013050
2923903427
966709153
2171367405
3119823123
2451161020
2774155457
1666080648
2658649574
396892477
3424465413
2999117565
2753941128
2482440339
2502657343
2545800401
3075179620
2442879510
569307974
1020652916
3119202183
3379416021
3534588934
4540175695
3229114705
4524276688
404247948
711541668
1013893747
3675787577
1659892015
4024121176
2285183211
915477259
3156786422
942539420
242336847
959026573
1367152891
2551763328
1654074038
2916885065
214963019
2740131503
566553022
4055808743
623362388
1183789447
3367977251
1911527322
3866895694
2856968211
3028900006
1029606847
778718617
1365369925
2348667541
2157709935
2574734033
2800318408
4452536555
2445431625
4121206600
2175915172
4461926081
2895096804
2802142247
2822992145
2259343874
809440100
1702550527
3410776691
1362852882
1039817612
2604749570
288403082
108729879
2880417473
1887694201
2914217222
580703157
1412913577
3675233476
1372514918
2192265211
444889426
3381663747
2250052947
4157403807
3810745458
3643852156
1484914176
2428465723
2963946495
2225827927
626206951
3712859061
4085994028
496337989
3414910564
1380199459
726860054
439702214
1329146282
3051088674
3298559653
2898709210
720919885
293631722
2719728094
2259584064
838617318
1494101178
2885231593
4341692421
1470958057
2605912551
1604325606
4533379816
2851243416
3021892218
1564801669
2739513382
1809297492
2731340170
2708443757
1305565807
927091800
3540212120
2733744257
4507896689
509709370
2309629610
2730857270
2252821766
2931427077
2779871003
1244432892
2447009168
3771757093
2585993119
322760999
411900931
3292020433
197810272
4056698668
526836770
4548105737
2941725406
4090862177
3350989569
1493108252
2740121899
3981206631
2331069649
3072525565
1337830280
2738402285
3184568815
1140209892
1717408003
2952213311
2756045921
3145519894
3156930269
2643415533
3069050692
1202014140
4186155220
3121556747
2705458328
712851522
4108005328
804901783
1437966103
3178632463
2293558596
451697740
2876317467
2363814501
289466260
197787814
1123089428
1405128518
1698502452
219864819
1548860360
3377948775
1897622798
2906391017
2800767986
2824467917
1268237340
2451952987
1518233274
332413298
3003106643
618483132
1478328757
932615264
1213672446
2281475423
4003961752
3805192461
796739216
2427852448
495039465
1553464213
2578031085
1540428200
2591455747
1664013618
3124399720
2310792254
2716017706
2533532971
1061017220
3252913084
2856179369
1915529988
2843856736
316586842
1608410473
2468075702
3118617484
924737940
103303420
817615171
349415980
1975673052
2272276946
3261584617
1185460831
4041109702
2879426902
1216757587
3392469489
2183076840
4537472535
4174006107
3031077748
2161409330
1011616970
2263234734
2473795686
3250810974
2599690404
1103535054
1431711445
1237531190
3347573117
919937960
3388137970
2777066308
3376101089
3718994535
2843817819
4535738254
515010513
2161351219
930738175
3634565774
219451660
3327929398
1393213237
1911879631
3973850410
2455796060
3343499345
2530183771
4187514849
4548322731
1697569338
2624289557
2763234608
597620178
2968979165
2882290943
1681537922
1934600682
2621198590
864358338
544005318
2694858599
2263426024
490825124
1067182027
2804812325
4387358140
3285926137
3179505888
1076830297
999984864
3091810223
3400178265
543953350
2919802090
553886536
1447692949
2255324906
1571090678
3150480308
2882598761
779611812
1037037541
2765426867
2893534794
876882878
2955385615
3854844857
2973187360
1688696857
1043273011
3408078466
3689110516
3358287754
1969731109
3189306991
1643762378
1577949332
597658349
3162453122
779877038
2266856875
1143505404
2762220437
4250138494
3384150699
2918467372
4476929418
2285275246
894176125
933429812
4320422422
2751741743
2715646156
3582589996
2430636093
2570580089
3390589768
2938814165
582324821
166813601
529699894
4039203976
556613467
2872075765
3132465829
560411184
1138555304
4270518073
2867125859
2636310826
3260526568
3297336570
2500077212
416050675
3562237159
4158624159
347645980
2608588572
4182006687
3377595597
2782764195
728990570
144390316
1956717397
623170341
1703061379
345825371
3695413883
1569707870
2593209966
2366375766
290754833
2857741816
2265422434
2859383169
972649328
2956614613
2726246804
2350782746
1845737197
3053021728
1327141117
2319496214
3135568131
713176164
2605183224
4025367279
2863777458
1357217910
3375305591
111345567
4006212073
4318004176
3509010556
2950089735
1424502434
427806159
2784602301
1056175532
3885144022
115573120
1903673852
2393088486
1695043088
2763508225
790206486
4364858297
2901099910
2499407281
448532845
3058641357
4403151393
575616658
120218928
2297889315
345901569
3924242296
3293675495
1558779212
809972664
2912061139
2570673736
249651029
3125926192
2905052032
3108150328
2436526113
1890316579
2747819308
3368561884
532797014
629312434
2781337904
3295679787
3198577248
2892507311
2898193551
796753248
3308015474
2569904163
3891100780
3433959238
4017545374
2935213947
2192704864
3289283527
2723927979
2187842083
3051002184
3124223290
2943502515
1342090254
612251951
2444402995
4384877067
2153571233
877558046
3751011931
3645247517
407843609
353829107
1945130282
2451570907
2875512144
1027365061
2383586257
2713330269
1436092268
2977819954
4544730024
1701482936
602704977
2296637996
2868283736
3331595200
717540025
716612398
2770604211
114588055
4016648659
3166678036
3151578333
2724585121
2926031659
2986055428
1665537408
2986359507
2351557217
2237898599
3219055719
2285003175
3127858506
1275960516
2496769586
543701729
720603407
349499407
2241367799
1415628967
907686596
116521468
4391896278
3911309412
1334613433
2442757577
1350098922
3411341459
1912205329
2784557361
1581283884
3437074851
2735176886
3331688669
3129245454
3373789773
452327801
3299759771
747197233
2203298973
2830599233
518467942
1412582252
4244060259
4531785087
1559084460
3385763790
2571070817
2937561157
1323186379
2609683716
2854934648
1074352195
2908209215
2681761449
2357117094
3081601272
2795990127
3180389447
2418816847
1538459148
521809753
2810362494
2650174936
950699317
2150899637
3324326202
1692090762
4538174896
3304021851
3827113707
4520647163
3037650665
586007204
3377414361
2822002370
2276514211
3282959700
1732420201
2384625582
2170410781
580767310
602196121
3782298627
294786117
477342392
4036061772
3871828648
3602277973
461734183
989079054
3741073227
1578309463
2895147091
509229815
450281376
927384355
3207663453
3020933282
2950820887
2727605367
4547463623
3347595804
3125969868
2922435462
3008940178
4166533773
3280239127
3342020446
2287547624
2762554502
931863415
4020782775
3131060757
1700210580
2300265456
2601258566
3688221374
3111886805
3076255378
2548781060
284288548
1191581460
2844084395
3130445651
2683753168
4343490927
586383640
4538405241
1415581285
610583454
2611011910
2376130014
2534362467
2368306743
2814221136
3377537968
1421209278
235400111
2890918102
3131904537
1924286587
970788218
3308196000
3894794909
3256921645
2908442666
1354451575
3012857211
2288706264
2802578480
3186262286
559275280
2160018474
2797733739
2750714429
124706995
2866960283
3678026662
2452583329
2341142936
1085296501
3028474034
759862550
1256585622
2278401984
2981615639
719484091
3279141036
2791977399
2866123233
970630525
2803534438
1244893440
3368305534
2529129744
847989571
2707125307
2242345343
2180881800
989022318
2353202129
405252264
630199782
1681166460
1545502262
2309856385
2726358162
562251505
3111812927
1851385129
1651505526
2867994865
2895049209
3351053849
2815736307
1415523120
2572712055
3173270662
143850495
625450455
1059091952
1470165182
1128488940
1370820452
2480380146
3064012484
4356475036
2185102344
3193158408
3857035935
628704543
2375975699
2606878211
395994558
1537551876
601185728
3360134421
2855196940
2767154482
440477563
2733469110
2753566373
2250641028
1665744931
3335899745
1665626226
3539797700
1712670847
2789882243
3187017662
4409980517
2754576937
3918315437
947094001
2283561834
2801834999
1077387487
210354714
2352635154
2317068878
1338749785
3345465383
4537974328
954369392
1102228130
1402749522
3023071899
133464390
2366266888
2480458501
818411880
2429770646
1258426682
1253458561
3198478507
2654794302
2739884930
3752028749
1589210150
4507837096
1493620207
3381612004
3242118401
2924718223
1939030045
1421040680
3434551018
1499063574
2978611313
1018215655
3409457283
1566824095
2949462243
1320453666
2834636982
359056995
3893377114
1616199960
1623343243
3305572507
1678539290
3258432071
1210707859
2289865708
1653727988
1690754052
2311772216
3507989054
2337331700
3893845457
2957260504
185357982
3331613673
619466766
758553943
1918123729
4040951413
633285703
4284721524
1096739725
2861479610
2631483436
3302243545
2219765227
1367728705
2315800310
1887777300
751735021
2976179307
2288991990
209055397
3939530353
3111737526
752380561
1352850570
3045369146
1372014048
310728542
945316542
1407917882
3234242265
1262076732
2719886944
944928878
1500558018
2984721160
2213967358
2881966273
1498649154
2358703874
2783636621
1861271618
628029519
3123002931
3108875587
1858156166
3112073966
2781093548
3147289663
3549334048
4003154001
3979771229
1386830149
2856791147
3102975128
1047506598
4556989124
2509487673
1312335836
2416868815
299232023
304514564
1542170726
585404403
1422706909
464813844
759491460
3077343751
545910963
3115391056
417159049
1058590682
2193469353
2352222199
2950534713
4537524394
3030343914
2288345626
796237214
2980744061
203021016
2277097861
2635923435
4544245993
1093010180
1096737973
292722965
343139083
998810924
2679697565
528596194
4287661647
2831902291
1621415316
484818912
2456011166
425275860
4241744306
2800112637
2973344864
2842725202
4184503768
819533090
2387957712
2793669318
4289042668
3109748612
2543780651
595216592
4557962474
2939810584
2311182968
3315540055
3245150121
565059245
1556638652
726966570
4390271952
711480459
1275607356
445026077
565294448
4210828109
2855193353
2312613266
4126721195
3286145485
460430465
2952527294
2611153796
2941389677
1017206930
1105490804
3385190474
508625174
2547770770
2649376189
1499054832
506718988
3018686097
2951449564
1425555042
928029290
1772313012
3319672601
4064169340
3005355568
802255752
869593998
2763375873
1887382489
3003880202
2960791901
1281087001
933562758
2907751295
2936491627
3312291766
790313996
3502741696
4537234277
2744609723
2395257811
1343119465
947317526
2488380127
1729353163
2292078204
3141099540
359952787
2655252121
3699731604
1648476572
1322031594
2883929341
3331640532
1720079708
3307789517
1164593383
379110970
2548819320
2924865206
321516803
2829880511
552800202
1713656365
3428706400
3007173734
339994332
2397903045
802819970
1247567245
2329504567
585246709
1783311416
3236957730
3225201750
767536050
625345500
2659406941
543637312
1033367858
498369897
2465795448
2985160928
3239453503
3146380946
2835958743
3315454218
2468938596
2875377907
1917751488
4089006312
836763745
2430707022
1158570589
956234173
2969252601
4337398452
1320969092
2893303093
2852839586
4604340678
314868333
575680932
2788815377
3101177178
3233152830
1942688252
2684463504
448122221
4079866525
2377863318
4198410142
2151505206
2644309846
2523034956
2321442595
3298270131
3143855259
2159207988
2598902664
2360327054
1732292833
880219140
2741219634
1066698121
4534133909
1674707628
367727128
363273743
3020400033
562300493
285209281
2170161735
505014493
2335293296
135275997
1626566700
758369869
791644082
2699844666
245431759
322323638
470209476
2864082190
2317708110
3478565176
2540057749
2309881672
2978142181
3625549339
2860591072
621429006
3977421378
4182676993
295422432
2565474617
4025669278
1182825770
1226564167
2423531039
602001964
3361500304
2233542415
3312118335
3286450849
217931130
247719471
2743212063
3617158278
1605236768
2550359081
3504243796
2290597927
2950204119
2777486600
3378546161
976050223
2854964362
3314165234
3344404509
3306796465
2470566592
3103102228
434952025
2306213629
1877751289
556995403
4524700882
2855351290
977943529
1324533084
1257514776
2822306528
1646013150
954104053
4482554416
2807381913
3342916949
3496730597
2899409672
2761988411
3767369174
2982182199
1601307013
3604758557
2725427964
2447083920
4211265977
2687781841
1396370245
1489104768
3503504359
3119734627
3484921813
3152355394
554069311
2958630934
976740978
3045522832
3424711353
2201654489
130830209
3582477255
954613447
4029815294
2252405855
904735952
2933393793
3374063249
1694792790
2855964340
3906520159
850078266
2266823635
2201651628
637265518
2938482753
2877341862
226995734
4213379289
2873247815
2185362488
2882141782
614887338
1729687920
4422096689
2779440730
2302168083
2934482903
2608977242
2817699859
2525110200
1712682001
965192348
2265757140
4384104981
1178618150
2718571509
2153642586
3225739105
2777770820
563168653
3077720513
2361851016
895132039
3582190817
3054976916
2935726859
2641732443
2276260395
563816941
2344114988
3056223098
4554073568
3243768584
2962318946
2387959939
3152390340
1735715972
3127269269
2815825879
3969155026
3944448134
2211092837
504455500
1517948874
556324574
3348210609
3134037130
2221803195
580222541
375243700
1440534188
3187816802
3008756245
1917838490
1417181257
3235459176
2815021108
980995315
1418364583
3617653585
277938669
2971552797
3233338501
3276820148
2211394791
2900203245
1441200637
2351486354
107633995
4097637382
3180350208
2496841763
1243691870
452928663
2261249937
2787079544
2935205218
708826496
2245673023
3411272506
1647082230
3091021962
251010530
572515349
2572828027
3034506655
3368532268
1868282695
718783543
912461791
3323228772
1470148950
3635125108
3957211816
793931515
4296366372
3029199011
2573922477
3029150721
2613644628
2800169251
2485785805
3676872316
2602786100
2988182154
2598569452
3540072917
2988409998
3404786531
2613046417
2916717966
4043238918
3304110689
2168505838
1422691070
1520304474
2290115084
3023371227
2669218622
3376452791
770130452
722106308
2976519590
2307901851
3097545414
2197541034
2260429832
1565072778
2675758212
2704284182
2340532776
3424030960
285201756
1124562043
709634695
3999795853
2804156286
989791038
1692313358
3415028739
806639671
2614339139
4042555767
3873099922
3321097069
1013099178
2341686462
2895480486
4258421412
3135935608
4193815817
3405813052
809798118
2859189659
4462157428
2395757168
185643419
3346770245
2762253256
1006466880
2261747940
2897763804
2878242718
1575902725
3664431563
4028186894
4566855732
3145633381
1163847884
3068095603
4485384327
1373464423
222039920
2830978043
908926999
387735958
4312922360
2757920712
3216446776
1013632322
2388801285
4504879341
3189722352
2851782767
1374745729
939481236
4516955961
2862946133
1696176493
2733462344
2853630142
4372494195
2185636971
356153383
3230710086
3104901272
302369394
1042760173
373285073
789028332
2918420233
4211770588
1456809324
3991226319
2972002990
1389957391
3438539267
2901016786
1429318182
633840569
4536734596
3037618359
4567427839
3374114909
3102479046
3191710034
1590081158
2850004666
2943625763
941603131
3355423571
2688114085
2333903946
1366353392
3091616313
436931266
1945077206
3437123712
2599026648
2440341329
2679622372
2786176454
981886164
3282436398
1526425952
1609645351
1313493140
282462904
2662778303
2445247419
3150550608
2547444581
3050658013
3674021173
2872533271
1038604130
1896919736
3709578978
3709487353
3779190074
118683103
2552272902
4137129916
2766021547
1022554231
2249136320
3254290914
1532115756
3314241921
376401190
915039895
2225848597
1358275621
3240277481
340341822
811146470
2345129346
1653905227
2277062858
523045679
4537940174
2204617678
2964559437
1015373390
3317149795
3396617463
1942934856
2310637124
784402951
1643094320
2766831004
3687831792
2198340186
2691958496
2779961029
4099380138
3036163342
492862991
2153001019
1644587030
298706959
3324162040
3493304362
2241511223
852209018
2237157554
324127013
1094897640
784669831
3248741256
727186219
2938997736
4288329556
3367547373
1042898094
2450102294
1689212821
433813336
902408928
1239560059
3309576446
2900646818
3857825712
335404863
2857369552
4422578116
4526543055
1363276442
4048040663
3858122597
3252710506
1916949578
1385592271
1582877448
3020253715
3080893673
1557246373
2176779511
1947981109
2913578904
309551935
1903585982
2363264542
848147606
2624002079
323944058
2738170665
616152676
1704775272
3120672883
324364834
3421041863
2906980737
2612065151
1661166037
1936100473
2861298059
2459246948
4471925115
2986979952
2431941655
2297011670
2763098677
2445092895
4519569141
3017919991
2788366918
828053166
4262013012
3794923035
192712569
2899308712
3310617723
1974464414
2367425506
733194061
2909258169
3648845723
4544144833
1186210658
1410317318
2823692650
2973781881
3260461000
318051605
627227993
4561814953
80658314
2833576496
1083660074
3047745445
422093203
995913625
2693400632
936058238
3140587346
2933243505
3079093623
2435971676
2810736744
421713799
3266321552
2553170946
496065624
3064897839
4312052295
4151784981
852329552
1921554900
2487790032
3120253949
2861294062
3509887515
3065855608
2288548629
2335668665
3484932022
1164445951
2867754205
843407598
3668119816
1650939427
3099301715
1678197955
4433269642
4433890516
3378157950
360619156
551292871
2897154725
4150564133
1086316848
2565744925
2985468570
4180554085
1863869912
2208999313
2279243478
2328948574
1463606384
1443709502
2285892576
4439528597
4451387855
4438271297
4451367621
3343934079
3100520368
3305642157
254272113
3063408023
3389402884
1933878308
2697156926
2981700088
3100079643
3917827995
363002061
1944772736
2838115826
3316504351
1452592406
2174938650
2946537838
2562425558
95467054
1523194194
2888568765
2667657140
2360939036
967191356
2265970657
248308267
3180617180
342812408
566597404
1146832651
3149943594
2490542348
2981037415
2174354353
4491547035
4438932387
157086855
1418282408
620399474
597814210
2608138825
1735007064
3321270902
850495224
1292181252
2533421770
2868804320
2849839338
1139575968
3159372912
201552723
2734571114
3928002855
1261200301
3381951853
2489381791
2762482664
1521555150
1081324430
2893038613
2195865256
2532306931
1476689178
2942504981
2764429250
3039951010
3126679601
2234550063
4573899013
4383311899
3040369524
1396092794
2419856515
2335691683
2524502689
1093867520
3090170985
3110624115
3257076157
3291543077
3707319434
4454120176
1202443502
3111440049
1674503671
1497036786
3891777381
2202403658
4166822434
3196526912
768134833
1566581377
337017025
1391521116
132820751
3434559695
2734374692
2531999748
1206220344
755501142
2460387462
1581840510
2248018760
1367974338
2347884884
3477582733
3931034653
3313722932
4561326864
468208535
4495384701
4445462236
2154347449
4449246922
2352886273
3121575853
1337709312
3523578683
745143055
34756374
3011782856
76109600
1952815116
3248007998
3386052208
3411959906
3239321196
1300219662
4034722817
626066221
2957246799
2746755253
2652290000
1437926418
624439297
556078049
1054156316
2719922433
925789430
2863425638
1190444676
833647976
1249707078
3367497087
369424107
3281851838
3327500146
2915640155
2469641907
1573436017
122235612
3876145213
3705545654
1390014468
3053612227
145490616
3343424230
3018720562
3352694757
3637904723
2779525322
2875573647
81702379
3118873476
2999572782
469503474
3240972044
739459357
1898496618
3218825636
1641698210
3421129214
2730763811
1957892143
3091377008
2783413354
2847361631
2669797097
4213220266
3269638340
3388137339
2800664846
3318341556
3341694957
942357037
3227798522
2342561069
2654163196
3440647456
2936033139
369181069
2284421442
3731943012
212099355
4039357523
3908501064
3688959012
1138050984
1155146388
4035826935
2972420974
2987808250
2739200463
486128900
2800581168
1884192314
2700145171
2790144281
4105878525
4451120955
1051870699
3411584381
364728687
2756075958
2352821773
468048321
1923554101
3219406074
3556995261
363760585
2834790085
568623784
2970171075
3582387748
3244477788
1235149286
457093525
636534771
2911523455
1685999198
830096683
2529072826
2213176050
332240344
502283036
2243301930
4206366394
3267916656
3992274800
2298975879
3357372253
1517493752
4441462757
209263197
2863322329
4429908255
1458244939
3246541797
498339484
2635335495
4390294461
3986937923
1378298526
4263283932
1187442432
2530905554
2971488321
407222383
3107953442
3314686556
2219945276
3476487616
2444322966
2974995397
3240718609
4166138123
3365228884
4430816122
2876168188
2182977320
118347448
1061570766
2792891226
3664102214
1858064155
566735078
1523673866
2540487410
2968124903
3082453028
1908587575
2386386070
2772520479
3121284531
2832571918
757023157
2635622320
2851242306
3262213973
1212520784
3953275932
430280519
1547416550
905007608
4023651315
3369517865
496538249
714599880
2959315778
166286471
3921108013
3743220496
1694038442
2320186939
1875864823
4469991314
1369155164
2839910227
3436096659
3327579496
3427069343
2639445869
3312133152
3060331163
715019318
4202767025
1007380172
2885445223
860541266
906511704
3246674056
2256927768
3045024894
3797858357
4352160975
474095162
2717819727
3013089100
4195070794
1591218745
779122850
3222888331
2611967780
972882962
3681431535
4137075322
430990152
1029280993
3224950489
128055075
4406087892
3124627653
3027483065
4304537296
2397897482
4222849334
2916566271
2884164098
2984775427
3289404365
4162813452
1370982134
4291190117
516508318
1897976300
460850690
2806437988
3911173095
3173308503
1738912819
2869493041
2756835427
4021323503
1534854811
2803008025
629001901
1128893010
398991346
2269603698
2618271952
4406870534
2931612012
4001958892
887789690
3181945595
2391736686
3926400857
1482950095
2999217315
3250822826
827457817
4387857221
3422708963
904610360
3040192067
3751099154
3909278480
3329005237
2768469417
2304795279
4197522292
3085253711
3009895192
4344963499
3313411500
973630826
348298742
2472575672
2514291913
1380500988
3207538055
2973880306
3393247563
2946819141
4180122275
1176721729
1629298838
2946143086
612290343
308214621
2850291407
2805285004
4110617147
2374311810
4033298194
3640454533
4010363412
4317099143
1831498621
2278468477
1587642074
2281354770
735540134
448970653
493652609
2170365734
2896571067
2943086549
3431319869
2648837484
4321550182
3105240393
2755928111
811193706
4312369936
4401512892
2920587652
2729776305
1120968512
916415395
322544913
2963319822
1147538318
2924093493
3329435110
1143118586
487981901
3266634266
4302970043
2881767192
1050933019
623133654
1731586454
3323025886
2230601876
1381687333
2820947616
196413500
2595198883
2857348989
4244634107
4183953315
3007512458
3416628161
1127552984
3185311982
596817323
3222685398
258950783
3305444186
2846189027
403222581
2962057700
4198259187
2471306083
4063408228
4261056856
2875953186
4166508321
2463261214
2382402211
3431100399
4057651996
2844391865
123910852
3241378903
1867289149
3312435920
4359621979
3906604033
4093012557
3238198008
4056241120
151786508
1658567353
172143698
4317742104
2331122520
3039535721
4203256035
2260466070
2427968704
3279230670
2482818714
394623169
122845646
4289458301
1665925184
1677369044
2869154031
2512895864
442842280
2796485922
3230076347
239586137
153910588
1419547778
1248501122
1447673856
1052749182
749906856
4068319984
3312680293
1053142488
2923824466
3319366859
27703485
448059663
2189918930
433611159
1375507088
2704685684
3028330311
1382481074
896440825
302074229
1633957866
96775426
903469532
627151861
2941236056
4343126118
895208996
499810043
129337431
146196145
315214362
496258616
3911565197
1513750490
2405063684
319396732
35085694
180887425
27790617
24107633
553603109
2566083968
3965335333
1658919860
2871563283
3864591192
2883976970
1222999454
221625769
290147378
1362778922
528942160
197191479
3304851217
2397198000
883257150
968124445
2727499940
590584990
2169059527
4214329762
3463068079
2403033482
866880145
2960422822
243504186
3218898100
1862050201
304073286
2395493802
3311304599
2311198290
3293828089
3379344863
2174824926
739626097
3038522384
2276939126
568569128
377769814
507940553
1170633853
2821570953
374457153
312276772
1700565414
4214631198
4113272243
1122457788
2995159117
374538409
3925588392
3295785335
3262697474
1532301211
306010742
2183084407
1029270260
137158691
182143052
181427456
2758070744
2884232642
2320466209
3134681499
3404742173
3762009799
822144421
1851740701
1166019433
3700630463
890380758
1711166528
3421124135
599397786
4165346613
3395523149
2875859286
433649560
1624056253
2948515569
326681454
2646807838
775475514
3373931021
2845727494
569863185
2867463292
352122284
30416742
3010557045
3784335502
753748333
2350641170
3389932438
1615398223
177822892
570764286
65796745
3400390661
2835781359
2773868449
591770473
2702640234
2286161232
1362221365
3282954510
3433630294
20565284
545443555
4113786081
4063313171
3437275421
528134311
2465461116
4118879654
3669485614
4043317521
2907082528
4037226914
4029757396
4082929413
2233828567
2168588447
2983315235
1410896737
381330006
2729218573
4082886394
953870270
3034063094
527969132
569782209
720556071
1460846809
825568658
555051337
2385617616
2848306072
1043088980
370434089
789720913
3555787155
3254144662
3920921474
556312149
2951029261
2263817717
278328390
163730859
829569692
4040551992
4006259727
2156299840
3146061898
148944986
1309410889
922854049
1653794293
3051837957
2176224988
3444417917
2569577504
106177201
279623020
3402044961
3459273437
454786876
3757460296
3183744363
2490239666
1618463370
2355537252
1114746410
2248226409
3704662334
3706685594
2792518821
3873917139
3837668555
827718037
952797522
3939598895
3937980393
2880120528
3378054431
436948936
2511732014
3640528342
1335932364
3161362653
2917017492
3559227496
2952642623
602791696
3119332889
559826875
252358600
2959015347
3134425941
389120285
876389095
1688380166
2547218913
3275225497
3360674337
1954723958
3054202297
251775589
4027025357
3288019680
1608654553
3694902973
2506174285
3694849764
1954567172
2156278138
1497295340
1401677864
1553980009
3693861678
2918497138
3193767752
3005298434
3926846593
3766775357
3244415054
2242836212
1417567315
596424485
1609481221
2268719606
867508952
2688939054
134954857
330705266
310072711
2293376034
3039415446
1040324972
293960294
702998195
386875275
1928910020
3713870177
320410311
3044174673
2482704410
3030971090
2731044634
2740414086
2855074575
92066386
2242636976
2211651640
3421055884
2583473503
2589742475
2801755492
485403990
3257053345
2308970238
288780738
2448284964
432980160
3438364923
2755104521
3411236591
2484168905
2271464334
179771036
3479207959
3439701880
2782823596
2950964716
3120052380
893115529
3457147337
3302016085
3379484500
1699381658
3019863839
880802990
1440354548
3126950087
1835937091
489458009
2909929403
2766520131
1631456652
1036830450
720219577
3730033701
1694510576
3001566693
3439244309
1908134408
3012864278
3311436810
3167839925
390202140
3222850681
1972173158
635168996
3160353218
145396926
1270538304
3032231898
1003017050
1584152263
1135877646
267516279
3670389673
3419022972
2369640084
3663037704
1441449698
2893385949
3700499174
782728668
711468804
3183940705
3437093848
2347932656
3834875716
2538106320
3269345376
2600777142
860283643
1315806337
1108744218
2717880840
585116255
547160373
3270999007
3124754195
1688039178
1170948968
3374399959
872649620
611771671
2803516384
2953373036
96514227
1027096076
2370046770
2604346130
930288667
3302767445
544320239
997831046
2964732754
3195750921
533030997
406435023
1017853526
3426793660
1050600684
3196471910
875878783
937983960
2834364351
836934541
1960123867
3103263886
3141467051
2652425690
3340521941
2334483021
2771266094
923230104
2866256660
3132965851
1473097028
466214859
3258888649
3687111259
3005719382
3028964272
2302147639
3241071976
863330066
2382934933
3188211048
2499886326
3191562378
2828473546
2434876796
2428454486
3685198699
1697822864
2462872825
1009962938
3286127790
1183329596
1947972307
571947803
1111932644
2444569788
2456167285
3533608034
2259864122
3346726246
1574481637
2887496195
1720661845
3306143081
2592409494
3270518305
2592016250
1064631235
378235485
365099909
203392460
811969987
1138187642
3632718733
576468981
2453719341
2848649314
3279136622
1891221589
89513110
1059078516
271891461
1075175954
2317645628
704978574
3162412939
3001493457
40074676
3172502101
3397082613
2852150341
757632390
3324732553
2935910085
2415662937
3174599762
1019919126
2696816558
2342904904
2302417746
2263222040
3355516781
338092799
2600966533
3361562237
1665681576
3042680407
2740549971
1477826845
2844442263
1045302133
240075918
558983385
2281403498
1066438680
3237152369
3390108875
2468451157
1402812422
2559957038
417848255
3041870173
3307199119
3256974750
3428529351
3290834872
2781821585
2907578175
3311037364
299970778
2367490039
3244193776
3361149718
398383111
3394539933
3195154319
3429319750
2462430428
248825889
2257027518
483462584
3008114261
1573724130
792884582
375890348
3156898578
2174502054
1972185422
1349224627
2896506449
1662187832
2300187452
1615472791
521586886
3740278036
3740138415
318543953
1833856334
289616667
1411569704
2155456650
264959811
107075715
1716956222
1523281704
2895522353
1493277379
2985785005
2787873086
2931684003
2213631536
2641896044
2172372548
707580320
1195044858
284882017
2943638804
2240037822
2844053176
1620432414
2208256262
3054210447
3438567359
2971151174
3183556938
129888551
3373410490
343025320
2729361043
3379755927
557290767
2725622941
2882048521
1450161494
3107868525
2358146738
1691223091
2879935065
2727319118
603079720
348520945
371198368
2159521167
1852739251
3742835595
3187202427
2569018825
2983338550
273488109
290707354
2683691833
2940302541
3285574350
1352998440
2483430116
30690424
707988829
633699806
2920554262
483695616
2258175419
2789444711
2362102687
2265924676
1037764116
3125198447
3632954002
3644107695
3462669437
3237755927
3675262097
2451831241
3185623614
3561173177
2436220994
3595776313
3718694903
3634268956
2366147252
2180696150
3056984025
2391811843
2760014442
3051979369
426207406
3643052902
3302949794
1067340769
302970799
2178850854
1551803804
2781946186
857140147
2868139381
3308265021
1932301819
2326231232
622251942
3355653465
3103667580
344402153
224071464
3128934756
612151384
2994130407
3358739307
3131908733
225155896
753299844
226334414
2615175076
3151879740
1923427368
2288686352
414573312
2303543359
2510962231
374012516
145739101
3186903127
2498613611
3452611397
3004170942
3355152613
3290127559
2908911342
152830286
2312313584
2951164885
3357535168
3385338549
1058321053
2307285714
2508613160
159644437
1483016060
1945027560
1912106029
2886977546
740184014
2787058139
2467004346
553718465
3411191896
2735134637
1547039773
808643496
1616314004
1374274837
3195703010
891291492
3298235416
2872065648
772805322
1535085931
810135301
2484093183
297515820
2824869503
1865917093
2310913219
2905180117
601315866
1856180876
3013450776
122990939
616878397
1373804197
706128283
540584599
1716022740
48502930
3015294849
2415892228
471243860
2893711977
625178544
3234221032
2544396210
2446084796
283066263
186920013
965395987
565871562
2222174657
708893702
2218311080
113496018
1669781240
3187730098
477150309
1598589668
326717016
99722237
3087874614
1275822362
361373917
2921094458
287327683
2751337596
2486334854
2418204420
1240453338
2434596247
1358257962
2361880644
1522158199
3620445327
581994177
2975231559
163247694
286863143
1563820423
3383181916
3428225836
2894856088
1105635800
1959066001
2548946678
3011708265
27442455
3332095820
2691227760
605093834
3021478691
2588107118
482514608
3233402826
3198196604
1260238746
275316901
3002164755
2887135237
2856679432
1300902116
1589507582
3255021199
1114869991
1123522789
225483296
3474104594
1276540489
1657412197
2292727680
3277882489
443802049
258019505
2967027622
2728176180
542388870
2597311406
1115890939
2980358536
515854104
2950883821
2351201071
2627373255
1055049295
2311248381
2873911918
174260016
2600584627
2588169088
2538779463
3080740404
2592208578
787903946
3021836850
545936771
934725474
2420110597
3327554772
3433094176
531582524
3005856253
2152532052
3412752743
3390197855
2175802097
3399251793
618180738
3333186635
2882270684
2660502561
2583494196
1431522384
1018388341
573835315
941963552
1920932322
2621004507
3274011338
2993781239
1891978668
3047961913
617860006
580097412
3420334373
2275686801
2218346288
3394949326
527315986
3022932906
2830598919
102125314
1568396827
569219722
621936041
177587759
144742593
1488259112
2235417414
2149467889
243827971
16541085
332953981
263995259
991724484
2927519679
2884490920
2807914343
2982717119
3384367324
3383017756
3370992531
3381221560
3245559122
3286206469
2939592244
3007818825
3369142006
3376900906
3166788699
3254503641
2499341281
1705261722
3253502041
101703237
105726521
1099387814
2761847679
3384335458
1849003357
1660242090
1621516980
2551659487
3284846377
2499971153
177545180
200469585
1462870147
867144060
1432236930
1603242559
1069691437
69413371
61452308
25410548
1322632638
36483808
468030842
461345551
462262293
466625578
606518248
189264135
1408204008
31927467
46452468
277180205
15821836
2861599720
44670915
3317597327
3069410787
551214227
1634111126
1052853649
854307398
1671883429
3231996679
3122078943
2919393722
837629088
2789907474
3033117257
2464827139
2714794871
2363592409
1142549401
3266264034
2997204749
1007571451
1548903170
2870541588
201150652
2684779816
1273040623
3347032409
3277848487
3267869386
764418530
1643612660
2271610058
1523289253
3126728517
2954082933
376378883
2533070650
285332860
344801362
58531272
280701704
3277733346
113785006
173576230
331746047
562589414
2956935408
3192379206
2615815882
953888118
1110712170
265674516
633059975
2800122525
2765482636
1264007318
3067980175
3208172823
3183198278
2799677004
604512856
1115801881
3271587140
3289393251
3338358292
889221954
604142194
581969922
1033814072
975000510
2751699555
84289498
416842759
2970918749
1649112888
3302471693
298612238
108538006
1100101062
2206161174
2160931957
2899302358
1540989762
2639115243
129022614
3187370593
430118635
3342366507
2177197468
2978077252
3366983680
1705422776
129261756
3300742528
3267481608
3368084601
3366624491
2306051258
2346922944
2600565666
2871244059
2935780720
1895186222
2885698433
2592621501
2802035346
2275356889
3266762798
2407681692
2468645029
2684480515
415536583
3269275298
2861632595
520674395
3327906322
3099548278
2419911236
1606396118
3131453170
282503746
93654731
3021837451
51353416
24322032
1696373868
389726033
3027420949
3134507540
2870835362
425882409
3247690852
3351220023
2895122222
122876509
389805046
1639934851
48320268
255396950
1654276296
2220373110
1590410876
2222206525
3135641033
2750116651
2615780429
29229449
3349713868
2432198525
1591290853
3221183863
3124175410
3239063174
603502213
3363622024
339904067
3363508875
1911269791
3174993665
3183636959
491101893
3364929521
425116010
3220653080
2202022014
2452022641
3151063885
3130312306
910267087
2326017511
381339650
866647603
3331950395
3299715028
248170535
3241028009
2937636287
580895618
973202708
2191876449
628415140
549365231
2340218382
334036662
3271582711
2810514867
1259228017
3131462925
3365802957
2768245779
230704170
2612398750
1851805614
2842712913
3364086635
39984599
341629993
2721690307
2570241924
3350808581
220928091
1522943598
146245120
1048144502
1961487252
2373222710
95440193
289579514
2759383252
484999518
1943587327
3006431254
330459879
2480999180
124664993
707057902
64248858
2481017005
1555916886
950432401
601604544
1406539518
175038531
135697779
3038080285
858891324
2543902960
3360438646
306550555
768450756
2373311017
893923441
3069229592
2199134302
48772376
2222207606
961492980
1679297863
295414643
3346596562
2626210844
1301626202
322648501
1005968544
1447602944
1699158888
1649057904
464788358
3258839030
3006438971
2336368192
1425560670
1105474909
2823961252
3258821203
312121523
3037919254
2974142824
51207002
15267920
2901368860
2887356416
151728266
2547972351
1433921922
1828795440
1211419723
199204111
34089334
3269232302
3236281196
27921338
316616134
351425822
321572161
1577632891
394647302
1231065408
2878936483
3303933700
2644735598
2772814990
189747883
2963129835
3344370424
2911655537
190885486
2198999888
396609609
950739366
3351488799
109599001
403781375
2187561246
3056614079
3269892494
124302924
2788340968
2313784543
3145517584
3063988267
2270753810
2606792576
332482517
2905495300
2795085060
239764781
3270476629
138827291
3360047098
2232048293
2843846255
3363321929
2840763049
3350243379
1671778968
2857378563
2582888114
1435474830
3354121223
2573694446
955435340
383301334
3353564957
2950239640
3363194518
2297475647
610278385
2214808585
2765833659
2712485326
2615080382
2258206333
528910939
3250980330
2501143626
780000912
2943826295
3319765792
2984564841
2804730464
2255989399
561048764
303943030
558153953
564433155
1378601594
3220001567
3347812959
2827162265
175035751
2500061527
1667937391
2516408534
2266842865
2250016491
3347036231
3353037514
2694150552
3052789984
3259241550
3026102283
517523884
2495608832
846592100
1482984788
3363250774
210093068
2788864622
3097129438
408672107
3230349699
3060620353
2937069257
2246375548
3001666330
3269396876
2985061943
3363159533
2755342107
2641554464
3215541837
2598752313
2956627423
3244421092
2245438429
863520168
1854641948
2731625892
931454094
3262669435
2210716800
2657367550
1053321276
3259198231
2577145774
318082055
1535031152
69491812
2866459478
1899760021
3363053883
3169342956
2960176761
427201039
23041763
2421541688
2176215015
3242756968
2844311592
2697277981
3146404184
3087662061
803299256
3177925878
3067536160
341705814
1179552061
3267238357
2196018453
3268528339
3037645252
2295889891
1270728997
2437802731
1610523445
3040404888
3096627054
3360186730
359023529
2379599020
3270404839
1335602929
181561712
473198623
153694176
2487681355
2468221996
635592242
1096021734
2166934704
615383087
220378469
3301859357
1678305949
2685179277
433304864
3356674583
3248550013
2740446824
2333759889
395618523
2935914519
3270242707
36781855
282916783
3270175274
3354812915
181631962
33485745
2705750744
2770583153
2809707573
1971483072
3179587663
23497233
457554412
21526685
32904973
253671807
731426569
956849689
992912504
1262386189
2718547857
2992811180
2164557895
38515671
2318870107
3323991429
924009426
3353930691
797825881
2866265925
3345904347
3347370417
150533904
2507355252
97317639
521189353
2202384421
251265436
3147286721
730109870
2375771978
2376884229
3352180899
1514142204
1073330503
956538625
3351095908
497020670
1618496964
1434667333
21111883
1610646036
2826658840
324718624
782629981
2401540838
914076326
917380998
1626213499
3011353330
226263844
2822830495
2928099983
2151758686
2667001986
142296675
1726625022
735086305
1405465364
2929192323
2568737258
25537232
2234973115
1858665590
539158744
239819612
495365151
15460081
2541959558
2357198001
2151133622
556202983
25970331
1238774719
1471068170
3020503592
160714475
990434610
284649323
1968260275
583784183
197271949
186800873
239246106
480945273
454237315
45668062
234770365
411112055
426951343
1569312734
340804120
25460615
298320111
65184105
1112465706
2966745148
701625379
391037985
241382835
47285504
701615052
2715115656
47786101
393852070
1252496461
109303622
2670117878
2788278428
2828517088
15291335
3064653221
20255162
105119490
2867466584
2994332098
50687788
3193972783
3303909509
340671834
197909819
50731557
166739404
1862041339
1860051607
806760794
2469350863
257305275
44312605
392447726
386125006
365709922
2877210257
552576926
397906046
112289040
18863815
1028706985
591661900
1964571728
333534411
3198404437
620034505
2506947680
304596944
1478986855
634706405
740336334
181300983
26053643
19777398
28221296
176566242
264107729
84279963
209708391
158314798
813286
15485441
492399548
44409004
15846407
14230524
21447363
