724408933
3401997251
222880091
173210133
2560652136
2784038055
724992928075112449
2721453443
517095475
3400504083
2667383328
2866220517
2869225925
1963941870
4848210245
4073941876
592423588
2436210614
3169041338
3883198572
708951049386725376
56189496
134255607
107529098
3017261102
121149217
16862142
30489605
1482065360
4005153912
709762822469648388
700798355375583233
2562313416
702983056487895040
828614300
95530663
232386596
331699666
424615340
2724208253
579160411
21219827
44312605
33597201
58233603
6427882
274119641
492399548
18788558
391801655
3305731236
3877197143
2865500047
4894947263
4896299968
697583772233920512
4727447472
4731167227
4897684827
3700761435
3233822341
64929124
840897602
2318810052
4347376098
1918164270
2877999787
3623901503
3960945797
3952604788
3096738110
3852106812
2259641749
29546364
174540176
1383483558
2732323723
45709328
3507260114
2720272852
3478916653
384047557
3437598831
3342487557
624304229
521066184
22789203
410480333
3002960754
389705805
3402346295
3000754359
2915628352
2599321046
110575285
2489699942
62011489
2266857876
3303126589
3300869323
52840893
20643592
1374375582
2959073217
162878430
2593559876
15934076
2923195520
23083234
21784622
43812483
774311630
202766654
22666390
26139169
46917651
21819430
40041432
2343994460
2170647486
29939911
89005644
18657864
3227929956
2512510302
2887502026
1611635503
2344326841
632564388
2923454504
100629223
122539413
14772687
24502450
3253276747
14888578
3252871856
3253011308
3341917713
3252918919
2836086225
3244794444
84708371
16264006
920056285
253542078
2419453345
3198436656
11018442
783214
2709883240
1337194476
290020010
16807528
17135313
62591415
373471064
40076725
35762475
74580436
2367911
28201743
413487212
23578046
26565946
35094637
18228898
338084918
457554412
23497233
355307031
45266183
153694176
209003577
363972381
872374136
209994211
112289040
493249666
126370504
495074577
166739404
27260086
23375688
21111883
340688801
521924047
305916419
66732606
69523166
2305473636
1942229522
30503160
160941691
39596022
29525453
19046392
16212952
618336955
1869775525
216201838
42872415
169118207
24886570
18863815
75916180
43003845
68835298
185933542
281766200
49636886
58528137
10228272
1148856073
73271762
345092064
21069600
14650338
102401151
375980155
114073196
2814971054
3065064963
2806019578
2754528853
114026804
23465218
2785009075
2806911005
2698308627
2599042356
2552295350
69981632
21133007
277582865
551608380
2965329504
2687627611
21477475
1369956937
1551877794
2951394259
2915323956
2952694502
349733488
1566174187
2583270038
910212194
2783469893
2474666940
316205914
2936456859
1881010104
217480023
2790670086
185019826
1331760487
216776734
227324947
545443555
17919972
160396614
257639463
633395879
595712002
1639161666
1203053282
618529191
2541537501
2787912615
2879198559
16213013
27970832
2434043868
186888760
29971585
258140881
1543879873
2790934478
2687519947
2465463450
607847250
167361989
2547245400
2859689051
600914838
541390221
29653923
84279963
209708391
1247645528
2723400783
1621593744
2579533429
1117115006
2612089304
393657399
198270108
621999583
618191489
1357774590
1437262542
43534925
2430669788
2452099074
954427716
322308666
75670153
394702063
2667093158
1379493511
2650338993
2587353316
2481934771
2370095387
17944853
18734884
2665467585
514087002
21346180
1447714782
18378446
18253727
18254911
18253611
18253340
17029287
21349535
122482029
29300489
248814697
824226786
2460748922
182641834
43815496
37972440
34507480
273590718
242304614
853324519
39538010
18588279
16794568
18055737
289869074
53338746
349390574
1360277780
1216428348
21502768
267305045
14631115
40059553
268479992
552576926
272561314
87070315
156516240
326892184
40411743
217247939
74816067
163645988
24613756
2629502950
452526946
380399508
583280017
1156344793
1243573092
315024659
72064417
479371480
560362416
435525090
429570086
60050843
405357311
27466653
196795202
238834602
30973
393488321
81825702
216430965
232376381
1247640762
264107729
46832898
14222536
474446451
313525912
315919021
30495613
134954857
108659355
1906234147
344316738
252915446
550358933
85452649
355795737
1921668415
389237385
347523640
868656085
379408088
1914428234
308759071
308297673
139539038
73171449
45494617
180949358
313087874
1396698397
163730859
278328390
125806240
330705266
363961928
1088207396
405728790
310072711
158314798
176566242
181561712
105119490
403255314
403246803
403245020
439125710
