463572171
488494067
4145340134
3930660161
4259964971
36776519
4547145149
172699712
825724572
883606909
133424773
786026017
724915195009765378
1396762261
4373882127
730171333867274241
1946628625
20303293
2190948012
1163280163
123351802
289564413
729045620615487488
23160055
104275997
20309368
15137786
18283074
596623369
229643603
726956192199659520
18404742
705745849490534400
515301063
731064207467282432
27417973
247933572
2891898418
3074850155
265046881
16459140
3330148618
166344019
4221892347
33693285
41779021
726574733504827392
1339938846
42478020
3416864296
708890829834874880
367363884
991931174
388388380
124949619
722908812252946432
152370944
2423974448
252535708
4113873749
950657281
53038160
97623221
1539229615
854683266
722840117782511616
723238101620019200
2845047216
2782749149
2932112277
2545695739
3129451349
3742961115
81648795
3299980532
2902043687
2257332688
831957252
2876693913
9477512
721870354700873729
1448803646
1149364675
2980111481
2333246557
23105172
912695803
2712504727
712294481136132096
712290757659365376
1322276996
1355243911
323887083
2892093683
4920314811
700568925130469376
535560719
283914291
3590555303
4895705589
2444000327
50972685
713872227398234112
2162491556
49006606
702668353828048896
712264959711977472
3305516014
2984850071
4082247255
1230072817
323939137
432005666
2664122591
718240148094324737
4753001237
716530924091932672
1966921812
285821005
2522674205
3823692315
325280131
722511587387551744
22132769
723071782505177088
4416856667
2260508977
3297569889
3057906646
26528857
414887285
1299190670
3274785146
231266154
727601077491638272
3034547943
4705854816
750012859
30231573
2422423904
714851740223467521
4547738297
863477862
4662386852
2228807582
2547717582
727802600305864704
792208280
4901253928
3308476023
715259254492409857
701456415479767040
712485401978535936
3430081798
723754317686013957
2784339579
582195179
719083048894099456
37329889
3274851672
3360631707
1906898071
2239463204
2746545747
3767849961
3131617010
728209199184908288
711460306505994240
2904724108
3827054729
725839204337373184
363964853
720054470676066305
2701727605
2587824858
896386308
885679260
2595745063
304445789
520350950
375055152
963270451
3168996696
3032797840
1644283484
1395746498
565289879
727871193634738176
409383028
3077945589
2937659859
4884410153
3020484165
2634306706
3386018584
345212246
3271574330
258820098
701199029527564289
396911609
701296400
2924194187
708177741330317313
716998949245046785
291530229
87264484
515391320
3555016703
3179353633
2699429051
720298798207991808
709383219356049408
3179848843
2827127458
702479258
2836210339
73986605
407550400
2163419887
1654767421
2988324123
28165500
717507807352762368
45141654
65290911
729672361528598529
729115077199024128
1292491482
4719390612
4292653214
4001870053
729674341047259136
21447589
104095645
222327075
724698030306254849
4194776625
2865784309
2317250703
615496849
725016291317321728
3153152281
3256036309
2171091537
4925706659
2697374615
725531444622151680
4793186175
725792459578548226
716473737890017280
722055676827009024
463579622
702530588071301123
727408347436064769
109340131
706928836848394240
2248145582
726012337589764096
361203547
728237569524285440
4419260782
4244099272
709106067561697285
15386676
2781973133
728551992813985792
4498266200
96046373
3025749053
414259005
3835512016
263217840
1726249105
702200794221780992
16600574
615703498
2871623480
21325072
23749478
2695193046
3086262030
26213687
1510288302
65998269
2350768170
3193932543
243132645
575284455
475185169
479547185
129383157
2857513380
4705312118
1590264936
22737934
526531841
90476192
97067279
2727734291
20281429
2538306829
1139304325
196750386
2182576730
1487700420
3298660936
3164397829
2422990826
3003632386
2259223764
37461656
76068537
366135523
1656770653
239498916
234255694
429361075
139759080
529455719
152121269
2869433000
521514717
3351874166
3390153899
2730948759
3980544994
423650404
125713664
2311005151
176775727
1022280403
3111053451
1227609985
62125380
493977499
463449110
2859110736
874284109
2785421642
2282676326
3377330955
2279061590
3426871575
10073672
2390376512
2174137959
4924710478
182568496
3195831153
2500545182
1166676607
2467542518
2717769066
34837271
307479436
201665105
42035272
2229058255
845159864
68453179
4895985619
1965187650
245477170
452916687
88621782
1922733895
1054939429
3303744489
88072872
304566630
4227289276
254218465
219381083
3079095112
964533618
4810496414
360536942
140510547
3306539891
1281391142
230823134
568790348
2929352074
11566352
814911672
2584872549
610302324
979582902
2288084431
3034377993
1405113061
91544014
4766698366
2234114533
1637322775
861566641
2709712099
42720690
725274690122567680
631733439
150081635
483401370
1910963935
2833737707
1410601014
346273057
998327317
2907508447
2897825437
25364125
1239055016
2826664061
465760028
23141485
222009083
56548844
54589484
54453732
4213678642
2959103931
2706494498
4668859414
372479609
4854574809
96543060
4703607145
3758601676
2758467066
3227979741
2741118004
57417219
77588134
36445573
87542310
18101400
1201063698
1444367599
228189683
1894185445
2777733369
1549388347
3241941330
2651674243
84948159
2377223730
603828809
64076531
2322015013
1405822548
2441174458
3173248389
24762648
4406880503
2912462375
21805300
2876497786
701029012655706112
718995763427155969
619454932
3110699513
3403380509
43623769
237487025
3595950855
2623677490
3044710595
4250784675
4386835823
875181032
1443902496
3183436958
701396362919813120
710332895047581696
98002147
2344058706
2804964517
18840718
3316223623
2806408097
75901393
264966925
1625009917
65597276
2434070546
204725279
2760154163
3374735039
4759248553
568513502
3978405682
3084010869
3153555178
2997594609
971517798
2924556037
4009277836
3086480657
724599006555316224
3281167999
2371272531
84910165
96102772
721617323648352257
3585987012
105950397
2814748268
1568077327
2974772704
33249160
2878429660
2821362707
170915276
3422116324
2612716412
2491801411
8900062
2469593238
2427358854
82480081
3179962804
15119466
2196201139
2811498306
2462442889
708475768142057473
315541323
3353604197
766144112
2765019713
134222813
4166797762
3882618400
720054676599640065
386165824
576145760
3159335179
3208730066
779016475
461576136
17852602
326263525
3439425052
979898862
2883977553
883101768
126747140
4496846483
1540958460
268550653
135199981
1398540644
721698562204114944
96542711
724334414
466131109
247307158
2715538209
2494321022
35539018
2893618510
56665305
3229543084
1390076486
33344949
4801223774
1636623253
62624845
261309004
701562184887832576
390396654
15110473
24628600
141746220
711836844216991744
395539980
53722345
415474076
706059115177447424
4583436941
79992157
725366567635156993
1683925716
725378894635884544
725380873475002368
481001013
725385410961149954
725387685318242304
601661592
4842315927
366300235
37851184
721434209005486080
1888502244
3253046444
3009626509
2369311404
3018570797
293580312
3235257192
709422594055806977
1441900584
20216618
582875286
2911013338
701263104
583329301
35232935
2911408746
1173327938
3403467853
705160697819308032
168526879
719380809874968576
718687910854291457
122859164
58602536
716689794642931712
47734689
3362406916
3226158423
4322020335
2922381045
2360257640
32795102
17931671
17140829
2980518795
716444726350712833
1128293094
716996881843404800
870227172
713725480185290752
723039391111749633
2950721257
4345819905
2173303925
4777559902
4905690669
4419556275
722428370839994368
3677574495
723334146064527360
48829629
233257019
711915569457586177
2458490046
1240287013
723627413389889536
724053273804713984
4757989206
562321576
2311472649
707723731196510208
2793667919
2469358981
708533013311856640
2997064979
4261588197
3980363716
2892816015
1269799100
2540261324
1705294963
2825137444
4893048207
296222984
722136747057029122
4419141867
2705245951
724468346318548992
3067884874
3361081097
713464824944922624
4468185863
807095
3645389653
3066147652
2645855924
1633726129
709148170320814081
131396925
13293462
290562210
103550181
25645658
1532820140
3319946038
2871309116
19863380
300381720
220727147
3001912282
50326897
2736313641
247330966
16572788
124827297
315351831
290669815
47273666
7935612
1942819082
3654837497
427475002
2164022275
90420314
285626945
21748010
59502660
3493462036
619344549
213295930
4836507135
4026515314
21692297
15408156
19235437
14329589
2912604611
16616067
257065670
2490476695
70198984
2680961
21015028
3061899414
4479191953
53535167
3215237453
34707558
3362967040
716493276996472832
703127663796334592
459237052
43752608
3293828002
1022591083
3025192510
37599351
323744560
2203993285
81987383
24988140
4892120662
1468838552
708701555399090176
98628076
711275398294806530
3243951486
719700210235109376
2785365422
4915957846
712344425351876608
325832052
718915580691091456
68427813
719667412128370689
718578541135208448
3998484981
710441583309623297
21404970
59127949
819097
711026018048286722
108020041
60784269
2157819174
705468720
532236773
52515442
46155954
47601406
140025559
60093658
948169214
120280150
20374624
15229581
19651284
1480735208
512163667
1042385216
1618023072
888940591
78372858
395368385
2458696080
142424032
23239855
102475469
2932269988
3752084487
3305496591
62298002
715641713449107457
53972580
2320924111
266564497
705724880298360832
721975296883351552
2437816520
2785707557
203660507
4871679849
1160243132
4372843763
156265400
207627630
4874749331
4924031015
4920375645
24035547
3253731518
2338957718
2464764304
193148475
149567851
708676331463155712
3461107695
3086205409
91942071
2845282020
17911227
2968398966
4827555821
79993544
3365958438
4717337597
2584431830
3407151274
3421003738
3183340117
707551536323362817
3170116043
4257019349
722379123738484737
2838030895
705941085072318470
722481426151694337
236871317
4706732144
25129946
4707323660
356887389
3920879781
84544907
722540234953465856
3145679292
357303732
1692849014
400872693
2451248215
429134847
4401011775
73369097
722758366448197632
2895279440
413228679
4453897219
40551323
1716086761
53876192
721272381608693761
1966194781
3310474516
720619471056994305
723150616583909377
25873017
236970587
4508456849
723225021053698048
2227687238
715684703945297921
380458298
2453455927
4189285185
1869406195
2936416325
2803399292
4897881045
1533932563
2897250208
723466085434068992
764834826
3094746169
2860214825
3233407114
722842573216301056
3039504875
3295109650
88521207
631006710
768756301
423310349
68261823
4863186444
401745299
713901038978207745
723567796311973888
3400336953
23259606
4009422735
702259882528022528
713885000
2424168355
3667881434
2434573989
717291854354485249
62551370
107304152
32216456
3693318855
3181484559
552926599
723551280816234499
318696781
4869941153
4136831483
22514310
3350705867
723719647103574016
2356343789
965501539
4243968268
1543470565
714810316648005632
2771273415
65836738
3100824758
296209382
346316394
34545665
85398858
716170981493051392
242494158
3314035073
75351545
602615337
2641870906
317536406
702109028013441024
4638495373
2921883660
3736325423
3014092486
721943547054698496
71583887
2201546562
27503404
702954613247451137
36481141
563025067
4814329175
4441652969
19604259
472093702
305199826
2462950283
1961885953
398882825
27522007
122397392
128362964
232753560
244899639
2265077366
70325010
710454801968930816
1138422540
137071304
4050876612
427666840
712028672371396611
712070912468787201
292639950
546432573
24510444
1037592043
2759857370
539136478
2726791029
3712410203
14737778
18258634
709534326292140034
714134722989916161
14265318
337246824
712682568190009344
3349003498
715965075857752067
630427926
1494900631
4529404157
1003026858
18282712
4837087380
709624632014475264
716977778562699265
356257069
2840846344
3971707396
4821788074
712402712852357120
717876703683432448
315610616
988030627
706440445396582400
704768327395053568
3038211907
163343201
143264853
1320830666
1729262221
718541468634189824
718688103192395776
191519542
3369379821
22732966
1540190528
264517385
128071448
114225850
53503553
832108729
709076335226793984
20266917
80510747
719616109847162880
719812363592081413
165200931
702303819955179521
134785724
720616964859760640
4030931472
127684095
4807701253
717770128562135040
184390888
3670149792
1614221179
3987067455
719897998189322240
535173858
877517654
722607116461035520
390920164
33227358
184874999
499121239
77569906
722797688320696321
283026617
341148605
432133029
90491094
951831066
4692832021
3948607133
2242304686
3001644617
3128624681
269952004
714857235608940544
707605699107405825
3236802742
1000132999
76004066
714983241376251904
27987687
27763152
21713274
24662195
854332344
19230279
449414897
37089006
15846407
13205842
275321228
18813591
449410716
8296862
62708964
24463966
412658733
462642254
30041732
506625382
222360127
35257470
709141346796249088
3232988407
4879417691
4119196464
2428870411
82572250
21828054
16224459
97062761
774180818
22676022
86776195
199043902
222983632
305732399
14056708
18301196
38515613
1327902139
83487731
2987680299
2277760615
46786678
99768900
571535985
1847462930
384603294
1235999401
2383479842
486288293
2403932725
292524345
1157516330
3605149042
3907706952
4882757651
2701748067
238366401
720920160324886528
934246573
1260851287
721827344126775296
722940683980394496
347905155
501287826
3631212852
17478928
2294268401
799236386
716484365245485057
31461442
1143249800
4896399905
112553759
715276786502922240
61116299
1424493656
2691084060
520293866
1096109040
388454092
3386018267
33238876
340079163
3518188157
269575737
4763497988
4183966048
594156345
25631102
384568795
1066003488
2312184181
343464115
497603368
3231948272
2532586045
713589547
1605162733
4216468997
3070534416
2156167358
4742488176
697375417628491776
720985816558919680
722578245300981763
722601520617775104
713328448010330112
722605861173075968
722622117905362944
3224055438
722670657889312768
722674509761880064
211674775
2582779923
3140443399
418648007
76725190
449425344
722763470224105472
722770997812797440
4059296712
1455366475
220175626
705842563308261376
722098042791452672
1900416877
126560559
755667367
722879712662528000
129325427
708963367441014784
498938132
722896599513346048
718425765109493760
4834539004
2750807259
722912169482969088
3047766215
722267512365166593
703630314741112832
722914557232963584
709178829294608384
722920036130639873
103782514
4370593932
2340375835
217998095
3674266249
722825881194930178
4389070828
89560716
722988314492428288
2983500302
586645114
723033178680647680
2917998839
295729956
141356020
2848387359
2279135464
309408657
723075337878405120
719194254
4105377448
723080121876246528
169407678
402070746
719946163563204610
233627153
2448010637
1927205714
28521050
722604671546847233
722666155266150401
3177842063
1922798756
723044529180278785
4823651283
3279408872
356079733
114679975
2933131071
18744519
722786564791758848
2258121918
374140155
533069458
67746074
4736155596
507339609
4875761715
722918217727934465
308328477
3163214826
3111099675
252655767
718435981116981249
3333505835
1298834724
720618876531249152
162160176
139566304
30759823
721447161590870020
808995109
715387528128245760
2535052338
2272383366
2372550042
718644941740584960
3831554353
3218329245
721686613080707074
720232020966776833
3307329924
256421214
152815520
1545497520
1944735955
3233049499
389032384
721177268525989888
1163205062
2851439461
127382781
721914794551345152
711374045921435649
2508847801
419439094
2598535153
381633083
973866614
417487083
15529640
120860781
2618334282
4923967830
721359726424948736
199757363
635773124
2931510865
1713058310
3270432290
1585005499
1649931564
159337273
707843797900730369
103895927
624925623
711702678909394944
4745875601
721984066497720320
712954461505908736
242089176
4424906414
183264568
377091075
720691921560211456
3282124621
719285050177523713
715824033019904005
340507235
722349045050511360
721649149167284224
492991594
2584146194
3108648446
382859340
4926253604
722820320529412096
2902775133
2381163619
4823061333
164938317
1281925184
987345636
2608551854
720016033298456576
4905743147
46167372
715226427747123201
329783387
375077303
1649463679
718870551150862336
76752777
2283665407
351583240
3306506733
723082497274290176
433235792
722738334255202304
3244771609
1476505464
4803793910
1972296450
551323521
900602851
3387099341
3317282616
62521460
18731140
1937365434
417593490
25720754
1923621284
81443523
3755269874
15347970
2582917233
107042704
1608797041
2733176546
912804464
3193584480
2717940054
598647157
25812818
173264577
16465031
2813552046
4085284882
2455918632
26455411
2727609826
3178485265
3677038332
59917296
132200917
2473156130
4221494657
506943999
3930893535
4369245078
1569558979
37856603
2519154270
148159330
65154079
438790056
1408521926
118315261
469440915
553790525
2893261962
759370033
2923032685
3091452227
68208083
543773347
2866978732
4809986356
998265288
16373515
437184652
4836758773
607395781
1602235298
921484837
4877796993
2670319721
4835074166
113979231
374419901
121993910
352429985
5839642
35327735
193116580
950038146
2781975987
4808772794
282001445
709869601782427649
711067882566844416
26907313
713498353489874944
44386420
1250031463
3305520030
4045660337
16025395
97961899
303237188
301489246
216731268
718332457775460354
62119457
711413889167044610
19344564
20811447
475068558
712158624358014976
3443167339
717646781144834048
714450880444153859
715902928821686275
3498953716
561316470
1432540866
4192705452
776464958
17093617
2890526712
28692902
3190120719
715964196912046085
2468722422
3035511182
3579786256
369147700
3501347181
2949868667
3679531156
3405678497
4887792851
3301655526
716807291337449472
1081978620
291995819
50309214
2891818389
35539603
32774989
130956351
4695612013
480828675
103381222
71804455
2875599773
155428105
1340399328
583116142
844569528
3313867991
585793911
21111466
1297129339
3545802274
3928746021
4230530654
3351767031
20747490
4744360308
4753359267
323025370
206804801
29250537
380623353
4686109585
18604154
751528741
4716219641
4826860932
2601963737
250009670
31255246
173173317
4870838703
237860489
43518508
4714064175
498946675
4403618193
2466689689
35701791
3685229416
4448662813
50690628
162069771
361237554
72874126
697795421683449857
1922561803
4883071551
4894238834
3950522368
1652590922
1322115228
18653363
188684410
213773962
3260940092
3293008812
31583882
4856780602
15689431
88019884
25358498
18916728
336270770
22524261
522123359
2426912269
3119594379
80542580
376832391
4826831879
27121959
2208243679
2738716940
3025781273
3075640868
3214171118
700567856862392322
4153565056
62599625
4164770013
4258487832
3280315447
103041385
1616031284
4221272169
2654313338
56035702
4911478945
3413427808
17346060
3167700139
3174796528
704326834926837760
1968337231
242869709
3896414953
705372538176741377
1374756774
311357597
20126717
1399922522
599580902
706426607028871168
702186769081626625
237221574
3392231056
512546112
204791645
324882323
2357712233
702810136155451392
4181191754
4764166460
708452263505870848
4814536576
322396962
4816591457
711165914264297472
4003982014
3349333259
415376170
81998556
3393998720
228950242
1222988161
4115841531
711205900543983616
387056111
300204824
3247243777
703396993985441792
712680722176286720
3981797841
50832053
709909287116664834
703003585727037441
3194760242
4925272761
348142727
2911088127
716301673396723712
3360472212
862206361
769535185
144317617
12041932
17228041
4705918641
719387368625741824
31588912
83917014
2164061304
711958760655351809
84152649
2314614961
2910392617
220484646
3416725333
3346057936
3510437952
429177003
610472333
2257324717
23798118
76449330
721737600457961472
524691009
718550196385226752
606412878
352010268
722455167199756288
24078474
721387493963096065
28827944
2307243775
720837416676753409
720748491329314816
2779107171
17710494
460566957
3000706367
4212062594
520024203
4125685891
500540468
713009729744797696
279773929
722278257027100673
4849675049
71750332
722320135428509697
712413313842466816
46122264
702496757624737792
1443036522
721443563087728640
2811485305
1352428128
949184809
64250853
31739342
718496433310183424
3383401703
707753474029522944
722361316300627968
92372375
284081317
707644462520868864
29103954
118235750
2417093893
720748673085255680
721936650108948480
267728487
17388253
722580628567388160
1642006327
1424177071
2496994268
722630456655491072
719358382059028481
713250047882866688
62404940
635580360
614390050
1463645762
722637087607013378
2193407646
15382820
389320918
513883865
366606110
19608297
59708993
139181099
93509859
1635538290
16153613
721324483429199872
34780540
14395429
197063540
29050061
178585725
1075249399
159317732
3236459448
2904386689
2437378202
105985854
2590750724
2496663235
372937865
1264912016
2805837570
4804505173
211749536
4881249492
1331158891
210690345
413327979
21490019
17421680
1155548256
155395117
450984167
633656263
263093948
14726609
2707156482
36414799
21259063
458256650
34608380
32762981
86385425
2935410870
22301964
92882460
95594444
430863193
25025305
46710247
2603959699
26427949
25155034
1374764594
767325739
233792148
3002707287
314010987
247877797
323318039
2360691342
26748753
28051036
43091203
618584227
39125093
86158118
62631317
108718426
54468642
14520035
1440536844
321707073
37213533
169003927
940842806
108977240
186473859
193580859
20961771
2949329961
3656168118
42606639
20974403
248403683
4715523796
4327647454
4299757940
25650523
1311083048
272225529
1386646142
455304103
1475346636
267402960
16356190
122520310
22796938
2065391
1616451649
244228157
53655192
1559340594
492885838
157377510
16376355
82683542
1414799779
22258133
28594165
2308928852
56265051
33799476
1658918168
23829712
195437585
477816158
142410525
248325417
3245466476
1000196282
274755180
836404693
49448595
80409518
372545228
69002397
245610526
113729401
2797958613
14611408
110880147
14128974
3260919876
2556977184
348938444
3240201612
2712586513
34051116
1002316051
4450821984
37914365
30438291
598743625
190650477
21736666
2617615003
1416310831
35713565
362014122
545824399
48665654
43311979
609231048
3067738859
882617383
22745807
1475034276
166568144
266655138
