904011000
2435295918
77996456
816653
16271952
1344951
1418745782
2184433535
2934198196
3282550890
4265871318
727117825693863936
2190375740
341986001
5625972
847426015
123723220
2196732500
11063312
18720140
10842642
3170504543
2297810047
2218267860
278691695
598974958
79676855
475068558
20399752
2735838332
587292736
58800236
743228916857470976
1876345291
41044925
3327944806
2518045771
36646944
31231597
32547971
2612212088
3274859359
21753328
2482172443
2723364314
107086978
26644314
4728094834
2405052441
13119862
23553388
57656924
2430920839
380955102
2892450368
2285315834
1314828816
4786485154
232358591
782881754
78835877
707124875094319105
29212725
14164297
2284237477
53925101
15471180
19407053
40577442
4798440013
3114251045
1570447232
705335553785536512
4903011514
2807323467
2320118879
2475297487
127822031
15231287
705440244292722690
339167889
3160199863
1262046486
2231905548
254752018
18911384
24068689
53532507
3194358818
112915037
250831586
582751383
1701052362
2925007893
113211856
36832842
244196689
2481416563
3308493810
26426173
1922861
926454031
1469149446
74715211
65401274
400542647
85452649
180505807
416838030
46351969
2202371132
4705836919
33160996
2799660666
3994045912
37290954
56484472
33878738
355784391
216690736
49569655
25234311
57394496
180012644
47462524
303978480
127952092
1370961769
74815803
91942071
552318037
19713521
1353901686
2817472030
2921275203
37391190
23135992
15274836
35767916
19478383
2868402552
2281855351
19053307
3993510382
2438035672
4715157377
4715967574
24826080
809662416
3080379972
783214
2873961657
348709314
23482357
17790274
3429892085
2953997591
3093872695
3086382967
3471789375
2287955795
3203046454
2232210738
3078684951
856418342
1260503072
2438645162
4045449304
4299318192
4216846032
2910684568
2822744569
3527181794
553167567
2777092860
3620180114
4277132307
1942912603
2912809747
4264575435
2800148984
3284813108
237301298
3673224372
70407300
3600550461
116470548
811377
1137380594
5940642
415785878
2458549044
2204113129
3318535699
342977614
4260336677
2728757167
2424488172
4323012619
3128825768
3346869506
3347555232
1476742116
4242169701
4243409181
4299622632
126274259
4294681220
3229657696
3420668289
2325274073
3378399972
4242322065
380071652
3346386085
3321023702
4008238318
3195608880
64643056
20793816
53011833
14321021
7744592
25081822
2676513734
161809644
2814815276
739784130
3125751245
3105600849
2518739700
3728098337
30456944
4193963608
272081637
2256630587
4211378300
91147730
240357615
4169803516
4171815801
722453875
4150524784
4167821723
542192600
3411055911
4214849052
2972977081
4172551533
2769038785
2748867644
2751003280
4172841387
2789367051
3970909758
4213904832
4162346897
2569219794
4213688354
4172373736
161345751
4213950920
2856030914
4113432857
17046075
4215862938
3082298732
4173754065
2483462658
3070218660
2958791677
4181290937
4086418155
4227237554
1015679359
4162513515
4174432247
3132011324
162443934
363710841
4179542001
3425664135
3130840217
204010182
1400828076
45871580
3000196660
4172444183
1139029777
4165144655
3647249054
4040469735
2164955874
2443826612
2509389957
533130151
371469994
4063429523
3246194532
4040671338
4174966042
3372795807
4174383675
4121740845
2899887278
3899220253
2424322638
3691790963
3138253230
967317277
2185241215
3796705287
2981174302
4217724252
1257620222
4219963274
4222558093
4155769517
2755162857
542419240
715902230
4016307554
4172201920
1224888312
2225373901
1414900525
126775225
3039144672
4222573633
1420860973
2763327454
4052260342
4166434126
388175008
2617070327
4176930129
4173510687
2340064808
4219702934
3422803293
3700320796
3630320894
2890906831
2611220281
4075861216
3308899205
627683708
2771044555
3852294376
4179360917
2474226040
3165887791
19942059
4177854856
3000251267
610031730
613891367
4179088401
3281571937
754100791
474117326
3528529107
4182316763
1956366816
264489561
3768936257
564826159
4227801794
4228272686
1627536223
1740037430
2717372538
4209128833
4187799575
4185299445
4180408887
1032102588
444095036
3273335437
4180350190
618394981
2893134874
4185531705
239523417
2903143628
4069242382
2163207654
3349882617
3007124123
4181801781
248975940
151623595
4188943341
2246553170
3243532045
59782287
2769756553
4188086349
4119431539
4187788408
2393370257
2660983606
145497171
4185707956
4189303779
4188600538
4081825139
2944847112
428262922
141548316
4188373223
4067811737
2352302384
4239537613
2897882432
489271454
542614933
2358042452
4186027335
3906862874
942614485
2352432380
4076199570
4189541187
4103760197
2899906763
4185469588
2418433682
4229301620
2847700089
411121507
2751405063
4175097495
4185290387
578761210
2895866963
865740870
217067382
4057358654
1721430042
140652695
4202478318
4186708479
2261885714
4185253366
4182120112
4144234701
4181552547
4228356565
4112567476
37414658
4185285389
3435117772
4146925704
4184403383
4237088354
3561299833
4226872212
4173034713
1129186765
4195299437
786501751
3981155175
4194117671
4160618477
4193731703
3494365936
3287851927
3993493359
4193370569
1251450854
4194923380
4242868272
2355860336
270541813
3364324572
1243835197
4194195753
4192704269
403740275
4241992332
1221978728
3248875722
1197650598
2289077918
4195765198
2923445444
4186296231
4172304561
4182255795
4245233594
4247756060
2451645306
4189199489
4193153003
2830225938
2612905670
4193417289
523712142
4193688903
4242726492
4194391833
4192867288
1536096517
4195816995
2210817668
608679518
3818652015
3195524751
603933788
2423520915
3319732351
2394859016
375014514
1978084242
59608393
2979949425
2446766928
4151483541
2332086505
4037331683
1956392611
3826502626
3636795501
182381024
4172863228
4224393313
4186797407
219690900
4186827621
3595439957
3793018881
3046577589
4180383435
2989276847
3122986631
3038525160
1881047419
2955342618
286737866
2744157736
14116807
2606878658
1371739681
341251022
2957439339
14628959
258619218
3808315702
2464906384
359991169
3829992673
3730268421
478285314
3860286506
39866459
55471351
3956895028
3955920327
3439234144
3330277100
3761230394
3977683209
3932898440
210186581
3160984468
3946651400
3948468853
3191972920
4017344601
3078502130
3657483738
3986478434
2978435349
82656296
3242626963
104969469
1367531
15012486
14293310
51241574
6017542
1652541
440028141
235190713
109556877
2158897700
1477854732
3254508841
18479631
206753712
2862224933
94970080
3284685642
993902665
2463086395
2491571257
789252391
3742191195
38240095
2488628419
2374471999
2415891768
2416017992
2421996547
1683549253
1127966954
47330308
1448680645
2891050589
490382347
540118473
295557032
117501756
2184937140
549237186
1890334620
3307742881
534094728
404990295
3563110283
840505086
54566491
2216691404
3976645822
3980234201
3125254905
116049408
823905
218420695
1402975106
3257983086
322630787
425606640
413165273
2243161104
267705306
877983889
18120337
2377183794
327067561
132382020
477773804
73250111
3168032633
126433249
3025928482
2321855593
3309334007
2450197100
2196387377
233841163
63979177
603475569
1636008450
606412878
2286223861
1313395250
786967482
150337380
3830562795
343714020
3199989490
286193607
120770854
2388026976
282743387
16437255
2904705254
202696479
383882537
112048974
29305314
549555566
1048948435
2863330655
479410154
199358449
256453845
220922295
316363225
2396702473
240417457
270068926
365855314
2381490672
3366815236
2749466570
2881875263
17212716
2642140366
930470154
2848374562
3319492190
158202876
3920603117
529078674
1106681460
572196606
544574985
280612282
16343593
56034903
1465962217
3404976047
20734167
570841197
846471980
631408833
38637234
30432778
255760961
577566569
726706032
3004154187
230559340
3225771329
204055985
114871711
441308606
1506076016
149781702
29745482
2851425887
390990754
2715663190
18148130
3079624090
386065921
358466817
574824119
21456584
2398590703
16459144
20192331
2804021240
1628349955
3160424659
34816484
819922248
3435821657
221483142
1310874349
107595199
2386749258
871444898
3611753542
29958003
50600062
83500620
1206737840
34174982
3244541065
384383349
2812151510
2954314831
21873955
103030092
2980189795
2384536885
23923346
2181022849
62860797
9601532
3285874298
299220494
2460353594
149960127
30806709
1890372992
251871614
31025959
1470459632
1202383224
280460101
3443283496
253813289
2176681706
3950926696
2944311265
3647965397
103499236
2423218377
580221701
188902851
605554564
890082620
61317601
19699867
75690322
2488573752
1281386522
19697804
618835563
14895754
1638674618
1190355913
2548393735
711378510
1932280266
550473888
3578862196
29288774
137566781
128030784
527657171
53611707
3236276718
1331001738
3218806711
3404968572
3128197820
468628100
61961815
2785110934
2395665270
14228061
299765754
625326134
494110706
2151434065
166707459
231887717
422391577
617393890
72694909
90466536
327244570
28935494
3959772021
3308265599
467963291
3300944878
854332344
885972421
3415863719
3422404092
273244374
196238488
2880716448
2845552597
2164160380
3245479975
1673872818
3439070457
2266671356
86352240
3254834100
24625865
2339492857
322054789
3011487746
2361623450
18836512
848365465
193585090
264361087
2896044432
2429765686
35527453
265029119
816411578
2484170444
2479860974
3135262516
1631223193
313680990
32156169
749560610
1213952497
376937657
78071252
94933953
3198464815
1498335362
3621823214
35939070
261533567
22905899
260626199
372632208
1591141682
313721601
1579833619
1191103051
318351821
15841816
2356542762
2243776563
470448227
1403728902
1602153774
335629448
3295611599
979223366
376966431
271578361
3462200777
2319615278
1230268754
3354547156
213582386
30087376
2358263620
596616476
3300345837
3835855337
106861149
2252198555
2899438239
3243454889
31140703
33775218
417379906
1053299959
1702492933
2661661923
1861934466
2958150048
629895211
3029920882
3673970476
3036621313
3293386298
1354682347
1131818149
1410650034
2882757701
995169348
1546674667
3608632935
3344084596
3505224629
1959730064
2979821862
3290384086
1643431885
3079505878
1660074948
1614543866
2553107958
3414193205
3899654139
3377690585
401493880
2715133966
2868319313
345779507
2923619011
1723969896
2922293978
832142160
1590272755
528920783
2744489073
3901572434
328116979
304564200
3147256285
2407910888
1531112232
382825139
2916280938
2532975236
104942315
426641686
2824233808
1397303089
69385840
16881249
273621684
196706721
36551612
58311658
151402837
3914682507
15301179
1314738434
321227080
18048868
2855180934
1603101614
15245154
563401972
51802622
1849059733
384539503
178117116
3902049913
3660602354
2430641233
211800056
97546459
1279873122
611817117
2692850664
3965110636
2767303416
14600009
2208902158
179245986
80147008
1850840893
596292773
2327080884
1258628228
149842253
3315444191
1200038798
3299590745
21059342
505272147
2282671736
1709516838
2792137752
1344665863
132404465
5536782
251620146
284923520
27119664
13662292
281211930
2219857071
3422692913
30944138
629534720
1044060133
177452730
55683178
316227123
16052245
3311617605
582322060
3182418913
7549102
2949890680
223646639
79644288
253457589
2411064696
472059073
3320754684
262437903
3106646133
3439135311
2559558234
281689029
1101918145
9572762
18610267
456545266
3276983496
491734423
215416725
3437535723
2960217374
1311973104
19105387
3092615585
34089555
462137540
25913423
2248937017
3106322080
2829820932
3330144014
3408066773
49733624
61403921
3373048091
117431467
3323145314
388508198
22205213
787695601
23399251
499947838
71027619
972987529
249610789
558293501
2962055529
106532896
3391308252
3391004600
569533752
1857287640
251595553
3264954366
873072769
3405053613
27623408
2708157019
2318768739
43843183
74662192
605141124
2449463599
701641615
89071964
3402067873
394408640
25671427
3426483447
459786865
2237005459
226326333
3411761240
2611322413
2997663618
38752796
3512936837
3180826767
2361687732
16260425
402386558
3419954836
3522341657
938411558
3171235580
2917529320
158408977
1384623630
541080185
1096364652
21135876
3242910841
3443497454
3181537072
450558118
2654862840
1216292316
2473347961
2951460592
1952050434
404703370
3237634158
3556632557
108277727
560366864
317396953
29728345
1062407378
3531955517
163862485
254629751
1922413584
89846869
87337423
580399681
305000343
138856647
3561796037
250405499
109084581
133791057
72039702
99156428
83647633
2357885161
3411728639
947565186
3570206896
2511775537
158285713
2972862890
27368817
1496107802
2892621958
2950416107
297191813
3254802307
2473739477
3329309442
3054647567
162571893
217485326
3288872220
3303843278
3493160413
2395940590
624376674
24117630
164439146
3366252079
49156625
3597791183
180641411
3589208962
18739458
63249454
155125470
28908384
3386318837
3194863430
114445913
3615303015
173241477
1118951784
2474547217
228981711
1346972010
514198196
97874400
48646809
3488642234
1333097840
555953890
3429925325
534528045
1096601870
177665587
277966209
2560134582
2455873848
243980391
3133894138
1088639744
101709145
74262813
2797835245
436999725
1105308361
2476697511
588727638
3526733538
710120834
3122867470
553968960
54197041
11880452
976254006
3657708736
3658803563
45271396
56034261
3665068701
28087796
3319090410
43504643
3667084097
55588568
249562663
2212015526
2469706494
436008981
3672067755
61488873
239421648
3008797432
631604077
15831125
38333423
16550591
187370490
2744946188
1289306306
2411380842
3680342115
116198288
1151462580
16642585
2894598869
2662491818
392483051
2955501025
3614044700
21608552
2261988199
1444312766
3281375910
3627247699
3004086270
3709936701
207150709
491422064
369660938
18175549
792820699
91691297
3636200492
2329646703
25196867
581479317
3641996474
3621062777
22881126
235360485
3426988887
352957271
72967467
2728424702
109310191
3224375619
323284679
1240994887
309074659
51254660
3298039488
971007193
3654517992
49504582
455853085
3667816392
151563607
354441531
620327637
2516475107
32442279
185977718
188744528
2914420617
2381243192
3294919993
1726249621
50385163
3408900808
148937170
3698503694
3690930612
988547342
38493581
3658460850
46434641
939190178
76983
3366254164
41189847
441759093
3711800053
1436096424
126399441
2876454078
282657590
3720463694
69579991
523193587
48289809
222164040
64718979
2812184228
214728227
308993315
192984458
40769245
2263734835
3304771224
120314853
410925133
314357908
329280898
85813897
21812698
1113523670
473614145
2849247550
394388839
3313959426
838406299
1972799341
281026806
701734369
11399812
3835146587
3835237120
3747285072
3749865012
3835225217
3749961914
507598892
3835237277
3835208895
3749951954
351565558
3749781493
3749851638
3305292486
3834484995
2985916817
3835327216
3835221441
3835165203
3749649432
1630203096
3835328722
3692650335
3748035618
985896715
3347095193
3835321696
3835232495
3749766264
3749699658
3749897532
304628832
3749850374
3179073902
3835275803
3835207335
3382123570
602471748
3749922560
3647981236
570049751
2522379993
3750030085
3348923806
3835175715
3749907132
1322611262
2998665955
3748531519
3835223481
3835280597
3835267823
3749891600
3835251575
3835163667
3832821136
121668183
2862032274
3749983393
3749892674
3749979314
3835228289
3749988379
3835244513
3750015193
3749891532
3569438486
3749935034
3835332856
3749680998
378145681
3267911136
3731733264
3835274069
3835218135
3835324222
3817573821
3737852179
3800352795
3605603952
3835287437
3835211127
3835288349
753281671
3749904912
2678642305
3835279462
3834365915
3749974754
3835340962
3835316542
3835264535
3749830872
3835277501
2959482961
3271606572
3596394436
3750032953
3400861967
3835345054
3835244007
3835290646
3826481548
3835283837
3835234575
3833955748
3750036199
3802711517
3175956099
3835231161
2571645600
3835226733
3749536820
3749813712
787119769
3749964446
3835235541
3835296377
3835232061
3835348996
3835236207
922078087
3310265158
3749893512
3749904552
277640516
3807067757
3749981660
1298601697
3750047419
3362837594
3835360342
736421269
3750047293
3749940974
3835255397
3835213589
3749786532
3835253957
3750044659
3835242993
3835183415
3835246335
3750054913
3833952641
3835275209
143347652
233929777
3749870658
3835218327
1381026978
3747976334
3834430618
3835245381
3750001052
3835355656
3835353022
1160452896
3835209135
3749993234
558540557
3249903882
3728866160
3020420249
3835206807
3829216055
3004869126
3833195415
3027402521
398497054
3749764902
3750066133
3835303517
3750001574
3812744296
72701584
3835243083
3750071893
3749920340
3749941214
3749921652
1831743049
3737427498
3749939052
3257579984
3835349836
3835160621
3530585476
3835248375
3835225659
3749940732
3835358596
3750018019
3749724792
3153206524
3835361416
34941801
3749925078
3835275077
3702712932
3823679783
3749608092
3750066793
555162776
3166541175
3749878152
2787045094
1597463028
3835311755
3629400103
3750016166
3750053479
3835354270
3617969956
431213854
2861803293
3750061519
3835363564
3835312157
25365536
29984151
3001762816
2294656866
3147051624
2437879326
3407399133
462776728
407155815
3413148243
3082882311
885998136
3164397020
3336911954
2294301638
3090680176
2328104779
3317656920
3321534163
3434287948
3434333081
2994479960
2887997305
2557702722
237949873
3434446593
3434723626
3162924932
3432212673
3387996797
3322949070
117565548
921992137
3323097175
3434862063
3434984547
1208516444
3316418899
3430808223
1391255658
3323687209
3323624346
2871197264
3435316749
3316466538
751783226
3434217279
3433181044
3435459273
3435611771
410851422
3435869429
3324861834
3436005383
3436118555
3018396013
3325657123
3325914914
3257574752
3434162321
1159353626
3326466253
3325698344
3326498894
3436125917
3326624407
1020958315
3326770657
3437095251
3239546263
3243907671
2572140379
3327518707
3327511014
2867897350
3436907572
3327619824
3148741086
2396222032
3437663758
3327997694
3328084183
566993642
3328032924
1661308087
2957301835
1220850582
3328943749
3438073839
494764670
2453947578
2490387230
165932776
3438380614
3435340978
3438713278
3078847643
3320822623
1465897404
3436343369
2393364408
3437729529
3438922546
2405887003
3436032119
3439547879
3438360035
3437311827
1711013755
1007837838
3440669957
3440735836
3063941077
2198627534
3397402997
3321684756
3324685182
1202507365
3344488752
2783241188
3227717172
3345039679
967689558
3444873076
2347811844
134833655
3346320194
454888564
2698394622
3446536275
2765574139
3447231316
3309476827
3037119292
3437031281
3449213848
762420685
3450571821
3450675501
3353270833
149885536
2901242635
3151911598
3424504937
361992535
250384454
2829243509
1864350338
1559893454
3457836796
3361167554
3439274565
3438673121
347204413
3460410681
3461211197
2985980821
1120687112
3410750637
3157974088
3398388083
1181044801
2524559551
3246291637
3349437434
3429850901
3366228614
2592013490
3366185839
1532805026
3366738972
3428562341
2484088699
3182500608
3343752612
3469329376
2870738781
3372795140
3185840852
3373996638
2863798016
75362335
3312919159
3304582416
3474503249
2828506114
766465609
3299084502
2624642753
3379203134
3225250620
3379089613
2829762012
2724510636
2549875825
3471362177
16042824
3436841956
3436784705
3436848208
3436637097
3436753233
3436732545
3436727277
3436855024
3436796777
3064201414
1645271911
3434566667
3434560697
3434867638
3005615025
3434845691
3434690674
3434963362
2548953116
3434905641
3014595604
3323431392
3433916567
3229607090
3435238666
3435243652
3435100593
3434720141
3435179781
3433327036
3435288310
3435194463
3249254193
3435225429
3434306267
3359832647
3435363316
3435255735
3435333959
3435303599
3323800116
3435358607
3435291195
3435343491
3435475480
3435416783
3435475270
3435385203
3435386517
3435441197
3435319438
3377301963
3324270308
3435427251
3435443451
3435467997
3435482481
3435537833
1623514555
3295965596
3435527907
3018634492
3435547521
3435578661
2958935741
3435676006
3312768547
3435632657
3435690286
3435593079
3324231160
1604744658
3318675762
2438169702
3232553532
382774749
2835454519
379817895
2734250868
3318658476
2963159378
3318656244
3318767857
3429941602
1227897068
3318772987
3429841923
3428474777
3429215343
3318770833
3318725636
3318678018
3428438680
3429894713
3318776161
3429957868
3429854343
3429939082
3429853437
1883409830
3429849783
2854925106
2922795642
1884659647
3429857301
278172201
3429857553
2265676308
3429960280
3429863727
3318322591
3318688320
3187892617
3318687576
3318784513
3318789517
3318696288
3318696906
2915051979
3006516532
3429853041
2710379026
2866438405
3429869475
3429880977
3429933143
3325172302
3318717162
367446816
522241572
3318775844
3429943409
3430008388
3429915687
3429958721
3318723492
633936698
3318713016
3318823705
3429907191
3304316846
3007984765
3429843603
3430000876
2726781759
3429921225
3318819319
3294285435
3318832273
3430015204
3318732108
3429973625
2959343998
2797469302
3318735138
3316777555
3429972785
3429819959
3429844263
3429894611
3317943516
3318783763
2873623612
3429300231
3315322783
3318552222
3385964746
3429859167
3429939323
3426231172
3318708150
3308771988
3429942221
2503815643
3429931931
3260630288
2892795400
3429893883
3315624005
3429895887
3429897675
3429948647
2223068925
3318770888
3318695388
3318808549
3146533492
3430000546
3318717756
143477820
3429999208
3023297881
3429905571
3429907095
231636038
3424602232
3295464239
89131215
3424796705
3316286432
3424731375
3316328119
3424777659
3070025839
3424767465
3424798497
3316269164
2952496799
1977325358
3278463752
167225085
2784588848
3419718251
316225147
1339097246
2337837390
3180859393
2526588174
3000683461
836529745
3396331450
3090538292
2994049765
2724224130
3233995042
3309485203
76887239
41190033
2730412011
25194015
240489505
514562801
174594194
422512215
433634199
1415123310
291383446
1082879473
3317902075
2956582520
2754537397
3390070907
514661094
506255154
536344716
383144043
28907237
355181425
301690779
537518102
520770416
458065274
90702983
702981799
1014359022
42117491
3426973426
3167791745
3428499407
1891874232
3425895281
615184842
3428467163
928744674
2775372171
464338776
3345611668
3410874299
3317576599
3317527471
3317435958
3316490046
3427517741
1608222757
3317450532
1322717256
3316666794
3317565883
3317491062
57581314
3427600377
2603374994
213201196
3300392481
2469638054
3425568725
1396751414
2232624651
3314450388
3316901288
3387378897
3425168428
2217630140
3427706625
3387093899
3313718978
74090629
3412491033
721196083
1133156646
3427926826
3386469597
3317657678
3317713321
3317720293
3427749532
3427961044
574387908
3317762719
983578813
3427943765
3413121898
3281672934
3428078518
3424236629
3427997763
3317759954
279975533
202289410
385540131
3273187044
3428114891
3428064747
3317810414
3428126721
2618191570
97216840
2889514001
3263206756
303128458
27364213
3316060064
3316266632
3316207938
3316212252
2953392976
3316272686
3424859386
3424769013
1879502371
3424820159
3316316599
3424866760
207587221
3424876930
3424820687
3424870540
3424756431
3316316023
3424895356
3316222140
3424834019
3424894438
3424838039
3316281710
907025628
3351248067
3424794777
3424902328
3316284374
2288823419
3424737857
3316327567
2546450507
2334920734
3424807929
3424810299
3316328413
332495302
3424807029
3424850927
2172749088
3420737277
3420847156
1034431202
3313817360
346352972
3420455261
3264197607
752108616
2168700042
3001587314
223998097
3314120924
570055419
824668308
2592815491
480875170
3314150288
216571438
416342853
3419858326
3314154420
3419881414
476806203
3419852057
3314231912
2151966622
3417225652
435891835
3314201064
3419945337
3312112640
3149525406
3314317951
3314224728
151156077
3331624882
3420037810
3314222658
3314333017
3420042748
761937721
2840417756
3420024893
1522336039
1916513768
305406607
233176052
929509099
3196726653
178010455
3236827477
438649312
3184797096
627208970
2809932824
62673924
3162184345
2361707564
3083945001
3083976147
3084022667
2907509334
460867334
2622256947
1538783557
2848234323
584383338
3313279248
3036685212
1104430316
2857824753
14583543
1878883969
3302382079
114406549
2835084657
471327988
3162219926
331441395
297271510
1090397251
3145377648
2435820104
2823447918
2439927374
2772204859
3273343364
3293671020
2802420492
51561153
3018911617
3241831693
1267980138
293860122
419016494
2995259958
3064960395
2321666078
3306720499
2792933317
3311340410
923019073
2741558324
271734850
3143179129
8235612
311055090
50131369
354534231
3240486361
3239468383
86899081
28105575
2208113402
3392119043
3417863577
2954152178
62157539
3401577250
423120789
17746334
2292404424
143003746
3234872264
328990309
3128164558
116531313
2809433993
497179405
43443661
3272486851
3301188288
3418389611
3286650942
170031732
384805250
3358249325
3405971393
3313296300
442581967
3313318278
3413261369
19893847
401733869
3312864042
29345297
3313411184
3306748093
3313441250
120551157
3418090636
3313490173
1696165663
3321898643
3313395756
3416472047
3313034275
3415762533
3070814369
3313487606
279618747
29322266
2811884665
3416175754
1400692524
3295577797
3418169675
3313479204
2613653557
3313565222
3138132893
3313519806
3313522902
2270878597
2467943728
2834278440
3153089563
3418301763
323345927
24400795
3300880944
3300687408
339675723
88850974
1244372605
2470791519
3396808504
3243649133
3288747565
3279188432
708411619
3400856787
1297116097
469542189
3304824532
3388233041
3128419112
2774101863
67378195
3407657866
3299351809
3299921408
284972979
1978222838
3231563306
3308222762
144455260
3391203035
402487204
2870431793
2808083903
743417282
1949245938
3193716343
445716863
3307854979
438937263
3296425663
2416405529
3412652783
176799291
799630902
36695797
3412845011
461288373
3039963794
3398758787
2783185688
3387798503
2727327494
817187287
3385300361
3295668728
477206230
3311675294
16153114
3322831751
239134868
357414527
250391861
539212805
2983007440
629026836
3303015199
917197226
2304645401
3413288770
3397444715
3301904183
3282847190
147047352
3410920437
3353634207
3413326420
3413503144
461689952
193320995
1548995156
468306027
1972778726
3407670467
2855793029
1860931992
3086407089
310625943
3242410799
2984508691
3381838894
3412981913
2219762319
3413621423
2225686411
3409266388
443326097
2830937843
3311834420
38996138
423362894
1267854404
262307875
2351894624
140547697
2443238468
3311700817
3310680722
599874109
1624251558
3142475927
2753670134
3311911358
3261696216
3377831092
3409527694
3109336756
126492364
2359214639
3020888507
3413948787
3386550543
3413952027
2518579076
317994437
242437767
24332840
3288481742
3046903142
1561418000
3303891316
15131219
1916258450
3400062863
3307591062
911827872
2792327249
3404719571
3404627975
3107472167
1859463510
3221543537
2970816529
1049315718
2160612037
947551855
3407095995
1691853446
301836181
2282585471
3388233358
198510069
1367877649
2149664056
340351334
329889572
2211120679
3295324722
2979877391
3305600150
3374607363
2429084529
93030447
3308496931
1677323382
2757007053
1385985103
3391190655
2965823985
177110407
3306456404
3306522409
107747136
378067093
2685335354
2827529464
381893804
1296421711
2453578544
2375187150
3301110302
33007865
89094851
524471751
567772206
61277934
2401393406
119158896
3407748849
247643000
2614222614
2213157452
2283984209
156828992
3283986943
3233553234
3283071864
3406174840
2359730029
2689428218
1927384345
843317521
3212378381
2182980704
2593619244
35484885
1629135282
3309807373
149259544
3059946611
3300091166
260377408
3309450720
3380508807
3307881930
28079393
26534787
3209766561
3154162867
3059230607
3141440865
178195769
3407406346
2615916615
1365840481
3310004953
2688140150
3407769831
3403251424
2582996191
1351170744
84353424
155579476
2195314489
2157902136
1081214372
815230951
193795229
1263721986
2374614090
537891072
896594905
1263381492
2237987434
585409930
2735678507
2716006794
2555096820
2494557240
2924719212
3045325815
2193184351
2440636993
2789175250
3292296202
106187025
3303348805
59896304
213676042
3214697609
1880162828
3303952434
725851166
3011238194
3304163484
3399951297
3398911390
3304466412
3400571979
3076007167
3304740872
2219006805
449473955
3401013285
3393881410
3362851108
217159694
629529807
3228428938
3248472906
1945085910
313162829
34314669
3290240263
18237278
370125279
118031068
16488905
28252252
3306623041
2415440286
2313000931
3266265601
3168290478
865181510
2941479787
3306101198
169630965
3401349748
1441204453
3391267384
3244402391
913269325
3402655150
1545672877
3394433775
3402532197
3401431031
3364453671
44392097
3402858100
2975395622
465147401
859732910
74883736
3286764734
3306036632
316627003
