311891687
918346674
206500951
352145373
95023423
370419168
1092777318
397874997
4769193486
3280934299
4577958260
4575652873
4378366632
4540955056
4426117699
2278322060
2937614834
4203025349
3170558768
501503198
78244130
74435439
217066650
2287805030
573731905
2884876026
1251998696
3223997587
4090640713
3074553392
3981942198
3919657692
3812887573
2963463788
86715424
1502851190
2185724929
2384981401
17659206
482658470
2568783864
3107097792
113842072
368899295
3681513564
3676770199
215514808
2547016182
29285200
241037850
793522776
780571496
2988844322
2919663312
2958646718
2904568382
2897468733
2878045735
2812395132
2995393286
2805738157
2880762326
2537519911
2611050631
1956046112
2393655738
2271338462
2275780266
2300590520
2338558111
2347930405
2402826565
2464332830
2325296426
2537425248
2292659456
2608164276
2612007816
482010050
128479879
505587119
517295819
3275194596
2483820858
1321765501
3212055208
2271134660
2761835474
1486938781
3145857009
3163239284
2273553145
2399192988
2370559060
2273227202
2391232105
476675010
573299587
1429480158
79959539
2281911146
149746153
828742454
33654443
152966047
212266188
120178497
231724763
481960873
