21829541
197610038
15976697
16589206
1493267851
3295395426
208083510
732980827
34262462
753005617883656192
711188856943411200
3071162052
9609632
704017048792268800
23798694
22240612
435704007
49393232
1626294277
1513626126
2474424216
216776631
119099353
7702542
156464691
12848262
732612795078844416
58569513
352947624
2344061090
328878936
42825230
3301187533
449974837
22657914
18247062
28873611
10810102
722528529716383744
3695647695
480000010
405004997
21439144
14505245
29547402
16898332
47722134
93902984
15669672
19211550
37535548
16113700
1339060338
22956220
25235151
38497702
27995424
27895304
22369975
1469402426
332070863
2581758266
103121228
3307277274
4831603043
718561802787930113
264361128
1339835893
16273831
18545481
25413556
735777206
15300388
208822341
16467567
614536075
2417844248
47455112
38400130
49616273
487118986
54159671
3795292154
3018828006
53606937
30289093
163540129
20776147
34367582
282747242
1065869268
3023863007
32002507
279684562
282695161
466864852
1851673267
188899793
15084853
1675613094
539744634
82447359
3947091915
3108351
19489239
2321655144
134758540
432557320
5820642
499187808
164070785
2417586104
86582499
18856867
37874853
102707504
6107422
20733972
40632185
130294479
14828860
197496309
608471241
21865846
63291287
714920195400269826
237403203
379732614
3130930611
21939082
713220523677892608
3164429564
4925625639
21718998
2527962638
3364589120
857001662
457448375
2316246829
1177632823
720517009080000513
20118767
2461452080
4717892303
15893354
59331128
169586280
52573702
1849938847
96476726
259001548
707282345192263680
4065725475
118756393
274891222
4236806414
34755858
3294014750
863693749
43277789
1722647352
2853461537
903377622
20707966
17266725
4734689232
19017675
64643056
25330246
1534167900
139738464
2369506560
3383049855
3330128230
197485346
3982213372
14465607
34655603
23342386
17895820
4808999154
2561597334
2280470022
27404671
3464860760
313038011
3139898299
4856364013
5402612
2383952910
3308560736
3270484302
32497478
80734453
717554036510068736
788524
16343974
16190478
58120509
13850422
4749272904
249504637
48205983
620571475
55705976
2749858280
875627605
4432916014
334767152
1917731
457984599
115681686
365603329
272114651
36528126
2339238427
946261009
909429824
236487888
3711628096
20545835
18949452
1308317708
714862668155367426
266894776
15738599
147580943
1994321
304432374
365713142
223970563
1564676498
14839147
27789999
18643437
3412434748
7424642
20562637
415552102
441063307
503400523
27897429
239760871
21619519
1408003598
7587032
547969112
245990733
47025294
56413858
2908170952
2288462990
2164876369
455996058
56415625
3958327401
111556423
1925001980
954124423
270412323
3018960919
112684779
357564628
184136149
26820275
3314758074
16163639
4041824789
1209936918
47253057
240454812
422894799
216299334
564111558
23534613
242187443
715044396
2288252839
102488708
91882544
83814679
3298995181
50769180
3083809798
3251862454
208155240
129235890
19899606
19400611
39344374
33317438
4121225056
118845216
20713061
196168350
467891280
26487169
39349894
3031838684
16031927
17980523
78523300
29458079
25429371
426917520
347627434
3286811948
2268344145
2279480486
41634520
226944217
4289460455
204339253
2824731714
44401911
4562454393
19173608
52544275
25073877
93950784
