2181045176
3352612113
131449127
2851818728
385348343
2797681808
3101867253
735480028889108480
2936057751
2902074476
752646436890697728
705861350828994560
2419723027
2959191198
164070785
2336823235
739607592
4316769252
2835111105
746104769622642688
2534342832
4909401
712064934318739456
700544106594856961
35994616
15912890
1149095714
1676980292
3017453544
3910789454
3346395153
4467099861
532120327
21449974
2907418647
1252271881
4449537796
31512965
2955460223
3340474558
3044949722
720368884088315904
2407317296
1055786635
734532315146125312
2603610276
64721998
2288462990
162572003
39652554
92126580
11353012
16725793
739281158760976384
494257164
3826935315
57821198
10810102
702780246026752000
46078438
54666674
739133515170729984
2480079168
2746420754
78686573
2164014962
3313676504
219204598
2896827218
3390665254
1459934191
1612885200
21613794
2857609488
1695169405
1719593449
704545467691044864
703149621900488705
15269526
2514675292
735944414703570944
202463874
210424042
170087181
2954999301
18302933
2834878073
542748875
428567211
2882266067
3070304338
189224029
2863088809
3116888019
2854687332
210218245
588742677
3302925592
4844306866
3190106642
3334047935
3004310281
3232881455
3107110095
1926275846
223998090
2913992235
2393876529
714920195400269826
2425232592
2853461537
193271047
547289837
4731645692
191715393
2593706066
3171243505
1270191
3063615107
4914458035
702150083727339520
2606976709
3147478584
2797221421
429523010
2801614976
135658125
49724410
250212888
42842577
3242007031
3259433034
2969074864
1567465626
338714520
3321925578
13477602
4846869689
715727736099065856
3826069372
552810773
704140539210424321
970566824
695370267850199042
2874675532
3296496683
4880735108
3183631639
906094669
3008301599
2851427471
2857426909
4442765194
2707153254
948714337
224330847
463603357
15329309
4508630900
2242547935
2341393280
4571328341
16106584
347627434
17396756
15552622
3382121055
123265054
554133930
3107789626
908483689
3391923453
50769900
283043739
4851947404
3351910919
2623690121
2229667098
2294992634
322909493
167088540
3018742509
3686929819
2419788680
31057182
2841870589
2835837491
362203576
189782120
387334888
172848250
544663786
702856629809643520
4889212827
4862611007
32249782
34951509
31295344
17289561
11445762
2691578653
3226976765
2870008216
2421479514
500240347
319525447
389830064
2832127183
2901670105
15035654
2832342387
849029940
18783993
499428540
2272138994
307584252
2913722920
2899361151
1950799526
2571342366
3008561324
2744002243
3491112673
1191798355
35231502
23117331
570056270
29234279
2786748193
2793220776
3041775900
587977882
128273631
27141515
2816645488
3332638575
4578453673
5278561
2695258633
3179719822
340970752
55388433
4852278148
25235151
130294479
4429531393
1584197114
38772269
19324146
4173795674
2423425960
4443049221
1714377738
2818992403
2857499935
20944649
2881173245
50074999
2193945487
234212106
2437486722
240483940
29155260
4207386559
463423541
2355244596
4687870596
59684261
4535277077
4670448913
814661857
2914116544
3438519779
836242932
4606291997
294236607
258109326
1138224655
593147173
2561555594
4565157913
2541223472
2470655900
83112392
3050467569
3105603524
2675444186
21124657
374273323
14453232
2252682360
46947026
792978680
16196401
1108054884
2864183621
3633049816
73822759
30863042
13308642
3091302413
455444298
2959199398
248206059
2886540118
4291788023
3225668363
17076095
59023240
53061751
1148581069
494123018
2974243444
228667192
98865101
28470285
4348237453
2430476576
30665669
446724878
567720185
131653345
919616118
2324320442
3540967221
392340385
29838664
17521435
156285331
161163433
585273426
286789143
584180446
166240143
2897907727
2402393436
20512260
27142719
123496272
1518881053
2882509938
3102042913
1345580348
63506279
2587699218
166747718
2839135923
124811295
16204816
3390247768
41267896
3084972398
3140638171
60349138
262901968
3665953214
123434827
2974750750
2361707564
33805179
217533546
233066277
16163639
38320894
15456009
3027562528
701166529
14669097
751492326
2238399876
3022435081
2592153931
2883864873
3302958437
16335197
2872051883
2230562995
3372670813
3310591527
2532362760
3644473453
2862243052
557910585
1952528058
2789422208
2877151045
365218954
28420827
128104826
3271650427
19015287
2761983946
322748311
2840297054
61872915
3422978644
24702881
339601420
3242619536
1656516662
232266535
637231539
51266230
3011487746
28729354
2263752400
25341604
16943743
2834647215
2854791700
2321698795
42844321
91476974
259808059
422055996
55109842
39853140
234107154
83562646
14063949
3261944526
2854884026
2801890131
190826183
112614146
366897431
550691160
2393620658
2852724185
248402241
1028191831
3164673094
46581397
115601411
2829039293
3070114050
1544380099
2165770482
5062341
483288555
44054652
211159315
3028652727
594168943
470100265
1543337340
19938347
2888140440
3064715974
2794782427
2888132107
975244578
291725108
3254796819
3086789309
14745740
2206186758
2838256043
19313066
2834274253
3234405653
631080608
236481711
1540486075
431688371
1149694885
17936995
1134658454
2358492024
3021856465
201143849
2426692668
62885339
126359064
1676715715
2362960556
2802432518
3158851104
3106039520
2914937290
2787409601
330663092
13081242
152785427
1387190622
251351103
25744258
3106787658
88090468
2315874928
3115991467
295731821
550537872
2457934788
2835405942
2835488103
19785606
336002124
12364172
26319990
1641842666
211284184
3037792020
29633358
184367476
107225267
1880389610
1666201591
2837175356
42115589
366493830
931238660
2868558311
2682780438
63119285
612776159
125928028
23610049
164822273
198351204
2952847297
2857528105
3054358184
1686315325
590629399
161700448
815680
17884830
311847810
800416471
1555236642
67608818
2825260071
87400361
2916604288
19325034
180909858
1043436650
2919308995
2578138580
2871404379
2831224988
118087920
40082439
521067102
2885603504
239971286
2463867379
39538010
16906660
2410129064
61166489
25957745
581110319
795626
2814040284
381148240
2427148740
2949539184
2916214747
2887758677
462354525
160968221
40542150
140570677
19574238
2802223555
2772977344
2844707753
2832617855
82541017
20188060
104790170
2983210143
2503081470
621393400
2907242738
1220052816
106646062
2411290603
2871754306
2815394001
2899111405
19684933
47371263
2951963678
240914290
36922206
2871656343
2933214974
590799729
2912708009
784167103
1323229609
2876339649
362100909
1531959396
2900583291
2244398629
1556456528
2518058154
1408003598
65826122
15447248
705633312
164825067
8772882
2813818987
2800711878
2918089872
133860889
2898262704
1532251334
244672046
578619252
1585987351
2838780721
1329870668
384560959
2873783183
2456865570
37991042
2885086247
65989951
175428809
121112852
116388363
109087690
438421952
154376291
32508431
2877719896
2820476749
23175747
2850778383
2898641911
132603349
1251453475
2855585004
2230804068
2779200920
427506506
2890968474
2894325932
486932871
2420079805
2865611657
2888159474
2839515306
2852702765
135522299
2866967373
14115122
576382564
1525377674
1882607256
2814885768
2819697918
2842546682
339574363
2834989948
20128330
1569421542
1260153174
74026693
2870131881
2842641831
601425440
2167016964
248771266
2870650162
2393361380
2833820049
37398598
231660702
2811395433
2751837302
355568525
2793176232
1536755006
2158805370
2704214133
350208380
2423373294
67764381
2750075636
2805193189
2818630927
38129643
2832765309
2821390573
2855666427
2561193752
2829894213
197421420
14835528
713200879
173928591
946119547
1082993880
357186851
313615734
2851783540
1917575185
78095035
321830056
158684381
362026177
17665210
2836785039
2225465258
92104628
2752790288
79771952
811387874
1266401437
2851960091
519610043
1197201529
2824369716
2846580298
2881727774
28585181
419981467
2871006265
707725230
2822972467
2326433688
1056333654
173701411
1448305712
317947090
523780547
464096199
2895376237
2894167700
1370655853
2865940374
927776166
309452735
2607290564
2866303291
2431038853
2882833548
2772364418
2870315974
141740768
393756935
44065910
579015370
19224886
2867285907
65412814
1279127706
2871413367
379112940
148526786
17049180
259487487
2834618087
167085828
317087623
396997518
2482009255
2864314343
2871491488
18204002
2871698260
236999820
876249608
622532789
14814785
2789451130
65455647
25344280
157166978
2776376812
37430405
2891588466
61969879
2831032707
1542332864
2871684833
2896075848
101935286
1531368576
152562307
30736823
129046320
2507868949
81302729
79009489
719054660
448525219
2267762593
327203052
2779175495
2254452308
436197677
2543573470
196756066
1356744224
2494355173
103195970
2827364779
2571843746
20558702
2688750895
1898295032
201877132
348301016
2796889237
2871774177
190823411
327577057
2871833548
445845657
2351927796
2306997288
226828325
2861501732
2260431463
2781678376
961347150
2829833013
14284536
2782188993
2822566268
495151305
119128048
124539737
2868538719
617480077
1379940613
35698508
268776396
242383910
776672863
16867009
2871962572
71869533
17960469
1428438306
172674441
1040537635
19189955
261513986
58696041
84444263
224733479
2243119712
2801213839
2792231770
1277454542
192750449
23036010
264936596
528071762
2582710681
1278145530
320353050
847945159
120544074
2465896269
2333882058
2804088314
2896554338
2872312539
114864431
2871836140
14457530
141957733
2864388993
322272570
45711301
160402774
60703301
1544372160
2872250356
2800820704
493389414
2872543355
20584961
966681979
353495329
2742814075
2867628455
392037176
746578496
2849398551
33449297
2825755019
209525308
1258837872
1495123794
350669325
2413817191
2753988138
2796417967
2824747904
119234773
2872647555
2321536963
846667518
2838609686
807594072
2817820231
2238318361
1013997846
147654098
2770286409
48889280
2567032272
473090498
352586387
2896835628
977147540
172947906
266983729
2891352080
2310957528
2893158570
578176589
884252689
2893030518
2872869923
116347255
2886817729
2896847550
1043773310
2872986425
2838143051
2870292259
539644055
44360769
129056508
634338292
2473281732
1658658529
2845136367
2822493293
2825369515
101971722
1835789550
2856271552
2856173256
1378212630
94676963
96932207
2851688899
2816369087
180528062
2835673725
324538330
1056719455
2896965578
424191185
93731975
1643794290
2895845982
2873079603
286261719
1128736399
2869859981
2812073058
1231563937
505145875
82515920
146513894
2523697908
612276940
51486226
165460594
584507801
45035473
187042165
1257551
2212820591
565638087
2788246943
464201451
2858325213
2866499545
2863770101
2592338165
385658646
2167170504
487071800
358863151
615152943
371165147
2871728956
303614816
562938526
2424650808
2897063192
1495943988
1184643894
2359819182
48203214
2822924550
1076063072
222047307
377166501
433999827
42420250
2842627762
215146137
519318699
2897073980
264245086
2493008809
1631341058
21021878
264544779
2873309182
194246779
2406143498
25572881
501376318
51499783
44494953
2803978280
73376164
23380438
242226729
974481980
2844058193
2799196383
2642996480
2350878248
52006553
230447735
91368865
2840824575
36898228
865662775
453634057
327148952
2478660487
73184805
2897165928
278761594
14520046
1383468769
1137190370
2821069051
2471826420
2841707500
21402698
2873407269
29358168
2858665159
28709290
2835870178
2871465543
2844451096
1613601134
2873496922
1480486860
344209049
2870851763
2810395514
491608949
2769094154
2826410406
2897172043
408868646
566858982
35988886
2897317219
2871758446
2834581455
128427328
192133190
2819519893
18848853
2872496202
465672119
2851120390
2299471064
29651991
128949647
1571231719
1204763947
2880099302
2831520863
2362160820
2824230247
206317527
2298688470
63101931
14727238
2873736861
197265911
198175777
574269162
2736230291
127777766
609649719
307029833
2613974564
20824522
2365430234
2896940221
2851660402
195858236
35671638
34283550
2796994417
14654908
258083321
208798621
2775396834
243507880
623236042
274109576
2896251181
482489483
2896874004
95697038
2792857484
1950364370
2191831080
2784707673
2779167905
2404595380
2897378245
2825424787
2782040341
56366011
2833561388
2205623655
2654372454
68402628
2893515060
372563847
381017134
238093393
2861919674
2746624915
2830180899
1331295175
2870375988
2855436353
2835397086
186996039
2871371939
348819004
2613183703
2815277345
1516850792
2325168744
2837982711
2795409265
2759122319
2525048365
2783761682
2793187538
2790709344
2786197941
472265508
2754128180
1853228562
171671452
198564930
106661500
2814199862
2846551735
2793104246
2791121294
1105998918
2190682908
2775294374
2824531773
2849352948
2791696601
2423400551
2775737786
18198622
2831356188
1853243076
1347370196
289123445
2814008060
448845116
2802765676
148604658
326477382
183781342
2798674870
2825323358
2812745721
2879444486
2844542009
2783223626
49058385
38069317
2849663283
2764890925
2485508100
1468643130
2881836134
127812328
858244032
2883143564
18159661
782472337
2872444620
2872428455
1368569077
2820468747
2897016000
2791529257
2852642741
2644656877
2855256383
2841652475
2817936454
2823841511
1173481416
1171635090
1235780838
945389864
557265175
1345093688
83044632
2757122510
2831076659
22560261
73914728
1684943047
1028049817
731474924
574664610
1054698314
2570669202
763449
277039971
359716096
2485827151
79449705
1671029934
35091743
404033053
1608636517
130220236
1535339618
2771680909
210308712
51288412
792807205
2838146030
2753483646
171280752
2603857171
16613101
539109781
2867858329
45451746
2756873076
1099655371
2544931616
61102151
2837118945
2846609613
866546576
2817442495
93363347
385814354
1729794085
2846735297
406334712
109380627
2817767214
2195483984
1398515984
581267437
329297201
288549336
2881207230
2788941283
2383282580
1649137771
2852872244
387057670
370965784
2837385675
2841166300
1666142936
772226396
2811157786
73660909
65038722
72921705
2873285219
139292752
2799282698
2618545285
757169850
89976370
2837371897
2873180687
213271196
2890839434
14381559
465606946
2861937149
109149597
16464746
2836996858
113965001
1464599533
25062440
2802662834
319603324
21371939
521495786
965209016
2242878637
2858110355
204447420
20031359
1242190802
599150480
2222713620
526547475
1155470035
2806390123
318149032
2843484058
36546167
1363445894
2174759425
2508576896
172288597
2866693029
2794683217
1424028409
495011347
90816051
2873279128
2745305204
1713905526
52000157
2837642577
2485364050
2792686351
2760482854
1321393400
18926788
2874826844
2827027708
2842913452
2848272946
2834518025
2843997934
564901583
2857063606
2823616933
2466340032
2863320144
94651101
1057915123
100638300
2393066191
2782761216
2840808203
224797393
1093050703
1486308726
2889460417
2706287791
2788788842
2456822375
2751259861
2856010706
2790493073
25622873
2782990274
2864505328
2837972170
1415756282
2868395829
2311435027
499798329
1043996442
2827004453
2773896588
1028041303
104519838
1498700611
2891352318
146608835
131273661
339566435
2424974508
2839117701
950142270
2828711670
321776719
2818295858
320478918
445237208
2831145645
799062414
2854720148
810456
2818100251
519254062
764586908
255160382
296595412
414141288
2411433529
2801506834
16601898
47539455
2835958269
244072545
568278064
2810556386
2236937546
551200721
16907980
2895023364
2717827586
385039710
2243116344
2852943955
396887065
2638730887
266962037
221967789
1090262328
2788757714
2778816007
2812362302
2274042164
2867399842
2787611772
2842837262
2298455616
2842445025
1586696389
532417319
2784273150
513791004
2829827707
234723754
42037969
97778856
2547046428
1613723425
2223926278
558929794
72810542
2561553032
283272739
2861352816
374267182
124251944
794188916
2896832244
17832709
2866813191
429416301
1705579975
2751267097
462919496
1592502890
105733248
2793807454
1372789909
2786936528
1674807686
2786535485
157587938
2845946979
2474650254
2780772273
2886882180
2850266557
987111476
73158088
339165305
16661459
2858681654
55951726
218493884
234541181
2799751139
704237150
443501877
707442733
330708285
2772591943
2796706711
2869022259
20726044
110024440
2368475342
24807171
44260657
2764458266
702057780
2769935160
947029754
14424093
1373281812
287451514
2783744479
2815594353
180884051
1694222593
66288597
801191888
1132062200
2371626132
2826330950
18027864
523740205
1254092694
2532648118
465334387
2806977060
16740511
2895896323
159034813
2479927898
300489029
58440682
2805673956
394916752
215508074
2809119696
341814309
1952149838
2836049781
2853946413
560321063
602687997
2732538831
2878535450
1516445281
237430424
2715935234
483061870
1046238242
46340918
725649733
118745710
708888523
574962273
2885859740
532727261
2791304763
2812908133
486568168
14171053
270780688
2806495690
1863644514
2838049186
487763178
2837270523
387368159
2561228172
85918337
2825833779
106558293
939734738
2826624542
2824581613
18746944
542107753
138944368
388384888
2867052839
2859241221
2822560650
2775492818
2829532397
922156898
2787171762
2889158024
125189782
2844512584
16710197
2895550656
41760496
2797610641
1695275784
203466008
2882829690
2789890544
2492324996
47701998
2614113627
2800705332
2541766878
524788308
119815139
2749546339
2839692390
2826573667
117133589
2802548694
43471269
137525850
425492759
472599609
128034581
21626577
91546930
14764729
2787240097
61040833
2782754617
54556379
1413339252
394634101
460697784
2801995141
626590055
1160693281
16428093
366969526
252081967
2783280925
1064413597
338005886
1323366451
2649069565
1542685398
370827550
14480405
36994785
2795953345
2302265084
2790860682
1688740932
1357963177
962789539
2787184154
2558739331
2288525005
2193894922
594826831
20717911
365334311
244592761
63485337
398503721
2433661171
1884946086
24068503
2747504632
348785149
2833345254
2796546096
2791049587
2243372742
2764172964
18367999
7852172
2833585044
2784863960
2164190306
27393948
32233286
2265131550
77118357
2787737946
71316169
2782186519
2814337862
2787254808
856844928
1051587158
1361845044
1959421836
18006452
601928375
2835866059
5466122
2828167395
2540589692
3256121
2813332094
1066172514
90564572
2783426917
710464321
70885552
1339391832
289490370
14819432
15519174
1266372817
304108048
15595780
930287736
512669284
109334785
20589568
2802164402
2652997692
2516075665
908068501
2421921523
2769200810
30188972
2748317276
61052836
544731679
35565544
2411867900
84613819
330732361
1425500808
60054555
2852514259
356199261
2783985870
2867317885
2792513884
70466918
884701196
367511757
2856460387
874888082
838629829
2844264700
2588663610
181219456
183993932
113983688
366856989
896018820
2223785844
582411609
2801289353
2833599255
2190008708
2400953280
1707309488
108700210
54362299
1006435687
2844320013
2871165186
16296254
2829672089
2815306126
140542416
395902226
19948735
1733467884
19178396
14458643
18146977
2169511
18200596
2235210511
9846722
1845396008
143388925
2858192646
14155052
2811698041
2861828567
69460261
2834344930
304377933
2838985557
2826002223
297147448
2885285696
2856011163
2401687520
2815987208
2884915968
1271963618
2834743427
2887833895
2771912760
2591631931
806573540
15299119
1337925410
2666936809
855540235
355825599
65016988
2323900296
2850923793
213238611
2793066487
2739238261
2809332803
2882904541
1067019974
2837416648
2801270976
2705501070
180922583
720058388
469194846
2729513808
826072081
19346439
2839105630
19601059
19997343
596672741
2803014658
520238761
2832405116
73134729
486394362
45213336
2511226980
2778720415
54317216
277475162
505775222
2785630070
2840896178
2770090793
75584719
21514744
265220205
2787101798
114584062
66988844
602317143
18396070
325832193
14374402
19029137
2376881202
31640341
725878448
569566403
2772264097
2772569624
2813904001
2506962415
2835137038
2769442569
2823082149
457882654
747803802
319914595
52132735
31546058
797151362
2562363992
2413001731
106489582
2323013466
2790691692
27049695
2810611336
2777017109
530964531
21404725
15852861
2583292039
473504628
53307596
351144247
2251517066
2840910383
544045964
2798609018
2684386705
2547125580
83171664
335369838
67983046
24206059
2783080351
2790955520
49534986
2774445121
2861987539
755197543
18839937
2817670945
2765738045
2781649686
22987102
1542533869
1335585896
2831769015
17223116
2476351008
307011224
176874550
2834289021
314801691
246530065
14674729
2797879571
17956471
900705962
78724476
2753697907
2745496827
67727170
1332655236
2276637241
16250987
1486744616
425585754
44008449
112773608
774389106
26213211
85686980
1683985212
19880868
1858786956
2803927925
176636840
125457338
275288911
2795274284
371148012
40151031
1705989870
572941265
312255876
2765809520
2805868313
251045973
363824987
2787720983
2834903284
469189091
2274826146
432748599
2864078126
2837015837
2831181639
2840845885
225352208
15194242
581454660
2284459042
2777611098
27315988
1355174486
24776272
2759780366
2775504008
2437634414
814427976
372942088
904587308
2792970811
2835323565
472532945
2759582555
71079669
715232017
2598183050
17325645
1262826956
137911073
2283567114
2148499821
376255732
602250562
42082673
268120492
20631379
2420459282
2854902978
2651464544
2837892202
2511523502
2579224845
2747746256
74519682
178410684
108155579
2752526264
23050996
109741789
2441732906
1335929934
1641108439
208754079
2829176262
2230411363
240949604
44409179
2709936560
2801035038
358545917
370418635
40823128
22275457
1967463732
2793171236
640893
19679151
20631194
2807602670
114999983
404299686
2816483449
237844654
15070269
2831363289
159708757
2824635320
111051987
477783945
526537146
277179712
1431436446
875530044
2489227429
2257366560
82267235
2694142800
2743934803
197882592
446351281
2788274419
2607096330
2753872050
17243263
1176542293
26082938
489949379
992477000
118112029
2752897908
2699887286
16023944
140060120
161469460
116454409
592274249
43323095
201105859
1616345101
768639110
38479686
137864188
31136822
180548361
1724307504
75425858
22025945
2795340192
2172172229
41687358
57107167
345497264
29157656
22333411
389326924
392078103
2770281900
2781610628
17886742
2796149750
392761465
5879192
95067738
1915707343
17874544
65974890
293668931
1713182929
317385302
234813236
2276337589
1964928762
583756751
342105890
102215904
2777258905
312696314
21436890
42737663
631003872
878296699
1724144856
42345999
483252222
502368920
2471733908
2585165988
374227012
2790090018
457442648
1004731904
22166232
860575400
1361327598
1460549084
2768392892
2421349454
229385617
15913043
164689788
482388629
2807060009
41245709
2540485406
2791835904
2614352281
2690039053
45594696
1246375584
16989178
2526280512
262538589
32497528
854203626
2334885331
405663219
2241410978
2368624716
151871519
594594161
228820585
14612263
70353153
51257949
227773353
211899041
68189495
2706312042
129017285
2802722088
2472399354
369869543
485293634
80116699
19943355
22448336
12798922
1499808391
32258091
2772317371
226664920
248044499
131926467
2822300431
1717465081
562393058
2480177340
49793
1356030014
544001732
4550591
26179906
111249420
411868039
248478594
18208354
64678757
355209313
2800681614
184310053
1088371471
2779579543
1012398272
2816482591
305433319
71287667
470790866
2305353847
75893942
2790540392
2804854327
13972382
41455567
135385733
1107096824
291310493
2796472362
311405077
273576329
2293075705
2800890451
467768464
601894629
401067118
18872084
2781843242
2395329343
7565302
89765059
9487272
1558996520
2336050548
15143478
32943298
1947400598
326236006
113137765
2815279566
74195443
31126519
1712939281
832401152
16589206
147851744
2247841117
2436378823
85640989
6160792
32949727
2757067388
246467722
26258609
2662173163
295495204
21301903
258217323
879521
2213370912
580023601
91279573
207784631
305928252
16747981
334921581
424806929
200038829
