724952735645212672
725014626245722113
3025403114
1218114156
757241422403686400
157300531
705796536383373312
4808172847
732258406615023616
940979425
3447036972
245697549
717186680923365378
3233241956
46116615
17790274
2378479531
631859219
3122979842
3123107731
3123026846
3123077611
3122984329
3123147007
3123239366
3123043447
3123110796
3123007860
2230859492
2610014544
2305473636
3101394692
230089143
1411892546
1517938118
349390574
264107729
403245020
2922799950
1243573092
403255314
2322352710
1603587528
1368394291
403246803
439125710
3070574414
3070567819
2363023333
2795214480
42201190
2891877001
