257365387
15726077
760159390875918336
759753680782581764
535079024
251252744
1081121756
857657568
1188186536
4873015065
314857242
4205638287
99128847
393556814
103769342
488560862
190762182
21371341
81192849
281745953
753380253997772801
19845851
87355541
2973740181
20196258
3166131934
556550160
834182083
737751915996581889
162600659
16146515
741481996497629184
738817018200215552
733032459357523972
4867981725
749295044440494080
719430270
3018937005
76451178
333158029
423153770
753424572637032448
749776123085684736
704036378284314624
747807250819981312
2270991875
753889926
741709603029815297
751562742910246912
21280452
3148610082
2263276454
451591115
263754332
614793563
25644851
19057606
29007043
18705377
32251516
41932641
706317600024702978
31234435
706723931
431271708
436056179
365763786
419796249
2296731993
745348442076123136
42450146
213478296
388605204
402069665
540293987
163565884
141332451
983098628
545299388
3065401140
725382211176960000
740349756648652800
957799722
3108739679
150078976
85497728
4113924814
1237700029
734768872625188864
3065967867
2214984592
73724487
738208051837173760
862017258
65889968
3306565960
1151779507
389180927
29292353
738015108157308928
232515615
41021335
3294646451
1438742311
13575452
2221306694
21247056
736622454634778626
229712587
730142901192232960
262498132
355865104
885769812
193158003
538577589
236569821
2331145626
553081187
1105210411
173909783
545687700
440551463
334151100
49660211
39750913
3303914178
24093715
33253412
416443916
243530083
3116047273
3120506438
258963124
47992915
121874379
16405978
15939889
287080457
357606935
72719624
15383116
2861426208
15972271
32780218
73181712
3290070855
74211907
111727408
16444544
17501295
18588279
21362105
37622191
372253794
3392089679
702898128823963648
1095519018
33137927
282695074
302939852
204489416
372984229
270706376
2874309459
705256554463760384
25348246
2254884070
1563763555
1411048314
178812809
400197575
227010728
322874617
1578677388
43811517
627414224
15141153
3065966919
711439062519910400
9763482
62490146
586136477
714558978131255296
26748753
842432472
23031094
23408458
562248311
39979971
16582131
17236830
47029561
4277624481
560833871
2984702594
17135257
177719112
202790178
25608603
103394487
15798244
823738296
703781605098147840
4833128677
1559340594
63652756
20347408
4700354069
18634831
24548835
51202632
803603798
47854048
31403779
751976443
247119832
110803365
419285525
4427201
3349433536
4698577622
117829816
312248392
58691737
15140227
260139169
474581425
15240851
1976766156
499073990
3111553475
3317590708
311188381
512788567
36169080
29838153
61863728
232894782
2316383071
1242245990
618408641
1486163744
323380913
426353995
206526338
151726760
591324380
15555765
2175281919
376403191
3531612439
212056045
250726039
124820305
480686410
16574755
28493983
3426888312
394137181
100485205
16803519
18608115
1923862850
4877191041
23703381
121481081
165954648
416108687
28691659
3906922583
65272235
37999041
4562593367
2289770467
19788748
43197604
15976705
69792268
112476696
25801216
18892523
713327323
45039176
11395432
246942290
2591675300
469732090
16469505
372579816
843863647
1072081015
39633585
39845278
1529520584
30350886
985388100
124490608
23885748
130945778
106304537
2911368699
809887021
3806081652
4699304792
21025381
75759846
3288043782
3059045779
2303751216
702147673651027968
19278046
160755456
62298650
263879706
82197914
1111940934
90021519
16721452
4771580661
251694276
3078920174
32820396
414403516
248481669
38457045
26090319
329195406
83998973
40684090
2270660737
332914430
630832318
374129770
215952307
52095910
4692961368
113061485
81395968
928829323
16329577
1529551105
2274942961
3111889034
18751963
21879831
4864925167
355690109
987765476
299301873
2926388692
38711078
2904201185
1071840097
176974833
147398785
514884959
58915476
1203124412
60972923
4894095909
12004852
270147709
15429685
190787830
4873761282
900993354
22037660
161099894
36713347
18584210
3330295799
472307234
552527556
236485849
54766649
1110473418
160310194
25031433
23438894
271097715
322276773
61679419
107820427
19625120
826740883
82053525
1330625646
3317220703
336338772
24029986
741519134
140963882
3015314432
885737809
23826227
3160925944
3217694460
83903186
258527102
18881700
893496121
13522032
21834623
1438240801
31013444
424831241
942422990
48417802
552273531
3907341980
4434221542
291546336
162897245
2665382287
283652333
4732048558
293104735
600256751
16825845
75069067
18707435
15940046
1564295316
16719435
27567929
2275042470
4821952991
521790396
33029226
3065753301
22891156
550253258
588945405
473500682
62187218
261980232
1267930532
56838529
2471494160
1525014348
543780273
122060141
3226517868
2424748639
3352551561
15888142
2801229139
262512104
20288857
32168059
27978179
4353841283
353072465
2467720274
3223664988
232691218
2954071222
23831682
134234167
590451641
1307639677
395167525
60841112
84075278
2204034272
44207541
67132107
36980342
58816328
43332560
4478415073
2285311688
45399148
315657427
4541726055
3160064413
15949696
138168339
78776348
27739781
16407145
40255499
84126644
2465958361
535932676
18320874
14260960
3261618169
9532402
295946705
171682730
575492930
251716551
433730798
2873984902
191732441
423135707
375837200
2416678106
2573480784
2430890652
34887124
16002085
209708391
153944587
357342680
2347804154
45617221
2434294310
273480443
1666852705
12
1146571129
230450027
2573208707
477173570
1856297353
228865063
1513958744
2204061998
217974888
24290969
336851461
211785295
1586804930
286680865
18653156
84327770
712557782
3656467816
15730467
3167335095
22669526
25535595
1375736322
120172698
4146175059
277719684
29529558
118619214
20453512
3225924410
21968593
4054866508
37345348
3168245695
516209413
2861438869
390103810
19249328
134975165
20719498
4043100809
27746693
3865335724
125724234
116921689
612057704
3000661701
400188508
24462845
80167243
23681411
2318991480
80075840
24845003
2841747221
37004245
416009248
139847909
1282554769
3056142064
126073393
184921119
66952587
273508013
1058520120
58928690
48807945
16146535
62507149
69855456
1684599476
289963138
245424983
778712281
50396544
422181027
2695663285
42995067
1003130904
539653734
16017475
16504375
2386355827
849162614
778798705
17022638
95368728
21219827
109267701
357223929
448142012
269601105
630820548
1651630506
112068010
17156129
473662213
541307534
555548903
14554601
3101579572
3099613624
278782985
24303166
250386727
17167572
407476510
22162854
3245135844
17011177
402957663
164377995
1558571143
18464266
2957931503
2431399728
34643610
190859741
149760844
3065900255
1592246006
325560150
26070572
591297698
55749675
83668232
16698503
92625607
14185317
32632540
2255580679
3099771445
1323916370
575470393
159985941
2563741080
2451918085
130940091
2332617303
124763921
32624009
28462348
30743693
844117351
38697239
299951736
21258337
150786462
2480898288
15080288
23995748
1581289837
14997156
129348761
1703499732
124003770
21782956
229560805
92717138
35698201
30690744
344035749
325175751
568583324
1651942470
45573257
22454663
1684866108
37844044
435119523
19758982
28888571
1701035059
17518037
3237340765
3067080123
580847938
116884023
83009745
98560205
97708520
15382667
2338026146
3136161212
2618486504
69970086
3403070135
27968672
278238653
207513844
316165215
2400704977
1660865059
35888590
93044330
62968614
3096654186
21355784
44695545
372071799
16097907
402453879
316741593
240489062
152775729
304130588
910853472
191463695
458891671
625081940
161191267
827580900
102794024
326518767
464339222
397259885
3039223215
21867341
2814824068
243010265
3232054991
1442763931
59903123
299328684
2446316443
18241977
221759359
913104782
237432734
2567481835
611381281
2240756971
3251305226
3149579266
3152527105
3249374986
26186655
336229829
3091521770
45709328
131760884
24086580
31483387
16358635
28007363
41967858
297176412
78293304
104671648
3353604197
241201438
409055353
23950172
18327279
2807422124
59178248
476315898
113349253
3239513076
1445033521
237177816
321561985
3119408446
25073877
156804074
234219191
629675861
296482243
3319847896
75954816
111466841
181561712
158314798
84279963
36970017
2363574036
3173203551
207768579
1689473910
2991368880
137901333
61269044
304097388
3091441666
788200771
480030676
17280286
28076276
27750488
51920959
3238957063
2314055840
18082374
215696856
3253091005
1426548096
2217859569
21325072
195829353
1883984136
337358150
27260086
3062962055
67328093
414257018
65210574
840669349
1563778884
2196350806
29675916
116086800
110195330
2480554089
35644901
1154321220
12897402
21705780
430381652
3220672268
296623811
845945340
3354224537
1071777608
1703718294
105312556
371260098
147869906
122130797
235382891
28798904
3235402298
56990525
609040447
2576318452
38765437
1472699724
407455019
17012173
315244005
1090110421
50873468
712814592
384570304
16223927
2480435185
322221442
38953632
164326175
135026973
183753455
285097277
157102563
2847134819
73754019
15943733
389792979
16616476
28618791
80619457
706025510
133448051
3238955420
1599746634
18118872
1438162062
44487210
1020455988
2799094564
2407671002
270717589
3120700223
3239163895
3193330462
71061209
62697366
35560317
3169051682
179831779
28215674
1897489290
3225095235
756652992
3199425676
3056004687
316508164
216255635
3303293865
602993818
1881051828
325830217
2899671648
895958672
18229081
19687912
15097615
618300542
956955703
2853815035
49184499
221382741
66602794
233755897
314866815
23464695
310463188
1536791610
770824206
32484710
281362131
1633987406
102595595
114663456
203306209
42916821
40569544
3180291536
25108484
210921551
19017237
3135352697
26541409
1355481840
280661955
40505322
872374136
166035514
2407522440
2544533966
526597253
762867306
30330077
19057000
305987644
1031786832
1487025703
257324228
32779130
29995899
65892904
254098644
24799099
1604931252
121203017
292432829
31740510
49389806
1263329606
2883622332
2821547626
2340386877
41982729
2649623485
257699456
16228479
2362857493
17359373
26892157
1764115320
1885228813
1215897132
27279989
822198726
2644697608
613429115
356703132
308245902
3071251042
2905054821
142353695
16302242
346257165
324645334
46477368
834316544
2250279147
248475345
15001074
113724284
1328046631
2811455407
2591662076
138409823
34341362
241332686
16392181
3150777746
135855155
119166916
26350255
757303975
845862871
336843774
84801794
324924857
46078438
14293310
747614623
55068134
544755824
54294468
2689696965
20019468
269454727
44945327
250831586
260848827
2236633914
1758115766
1115605074
620582230
59682493
126701937
263756360
168501995
58945187
140836699
238319766
46335511
16320265
1187331493
66907594
327192086
341002457
2356497326
134753128
21692297
1949906586
471382569
971362549
238503971
335417941
81029903
2811404091
124710002
1096520534
248747209
32428411
935771143
135193670
2427885031
473605749
348056993
255646696
827026910
21048741
35982046
34430522
53853197
823031755
2861354860
50338306
2347049341
253719364
2730990805
2859167786
175180732
438499213
423129905
8771022
157558832
799243476
269937551
229219088
2326094515
308069768
1198406491
2832397520
3042245347
15430772
1381345892
17915334
17944853
28253243
758147461
563321256
1546868053
30673326
162069635
1140926648
2331035574
18484248
448396680
278901890
1681867315
46296304
197598287
2289867572
2374176276
16352105
40898254
52554306
14417563
2770096364
28061932
276563835
46422645
213883469
376495795
475898169
50212166
18263564
110625764
18251414
446712660
1017637447
27998439
31363883
21542518
260536059
172118221
447363572
2959278534
25404780
25020922
67197351
2330963108
62967906
131102007
315382691
269558785
31609765
2525206496
25589776
536511051
2341037119
148887235
317370751
259925559
492560531
27142132
512302259
21676832
275727544
562381032
2563770841
35291750
2733276226
303464477
17495447
494670287
25110374
589058775
2679420520
1703636814
938714862
47635525
549382643
20728540
17632117
2975688342
2197303211
268640730
2253689060
22603614
57039392
2875485611
1480251510
388043109
23497233
37011248
1128218821
87403396
21280975
436411543
114836738
96391874
515910645
2263426009
29450962
18228898
17169320
379538268
30354991
88363734
55117855
2519508302
223343632
16596809
34974131
128120912
18653699
1371204308
2566423787
2147844419
614494076
30312254
195251483
350876323
2572709562
388521891
153474021
14982804
283355241
14482155
28376357
317219980
173975057
125550277
192995823
191504048
48928846
249902038
23741531
92544265
19562228
408635563
59142708
11333922
65860206
1724328366
34959923
2150280847
2231964583
16299148
60257968
18924291
130997057
7538802
703482530
18511475
51879882
16265742
65213693
1061485669
29270260
845743333
562365656
2916179705
81168751
204469240
2427778873
2910321690
23141473
1083158845
125453969
2604665188
34711890
21658236
57917441
65774480
325076723
20494845
2755092227
1880477784
30374641
7764332
243313511
23495222
65794503
2360504304
240619680
20212140
514468119
46786678
1629159618
18725815
42996054
33614600
2904451953
388052990
1206595423
1649633971
473355611
110326494
420533304
26280786
61387670
16475352
17161921
87058367
2296617739
365071261
2195371094
409039150
160519999
27131277
1004652584
24840127
750567798
769023030
26270913
384154386
89887215
18316354
1215977455
95729139
28412286
69231187
66113829
172650728
35270996
716164529
2353764374
1660275308
21678289
467823431
19834403
14235078
288354250
285868331
305694283
7025662
196796255
30775093
450146278
382376904
27498681
125777025
41036429
246073821
24838532
413710782
480434634
2829065693
284441324
178404668
66339576
282289244
26349278
100159394
274147291
18462539
35880417
99147838
2517988075
171557106
945122066
25545470
29417304
380730306
154677827
100220864
285710297
35326924
149751818
587926686
18811226
17171111
114022329
38260206
234443392
496629607
1948582724
78120912
39601084
23761008
212879357
2890164181
1609364557
119786256
104299103
2330975353
30413910
138876335
410891919
2157946523
23486744
1633860858
272660716
189660705
82226455
36491773
415244430
2675617184
318175159
111974309
2166445977
475549592
567506537
554932151
42683383
236021995
703088958
345477084
189116868
594184592
245567641
24665054
143192279
32960094
28744825
46888682
203189492
202789684
848207816
35398269
33644948
223529604
721341752
48733366
156760899
38551777
254632706
23544268
385260852
1027392638
22893638
77808694
624002494
2491756004
19882775
2835276183
409570086
19174806
2162973991
22123525
14326805
83993862
36199512
24431892
580156370
2717254872
19263978
17725964
2802044608
2615290720
472309814
152905897
20452058
13557972
329746058
2344396645
88821484
72776435
188231050
24342754
1463880866
20818801
1681324362
804942871
898768718
24733117
2830872505
1146599076
91386979
29786986
153228640
2463499796
27914673
55573873
2425719966
2370874189
245480756
183743092
22810894
408938984
718728986
325447723
40570557
623708518
232418383
1965982310
448020709
156060704
46213956
579430568
818433216
304223112
1094160768
502281810
2766120231
24780734
15999388
372238387
384033021
89993423
19137622
66619397
347038798
175625829
87877080
2700454359
1532154240
117216867
22044777
2740287490
2774405881
388668725
2400875125
68163076
2278928652
460944978
324464348
2490884890
376759677
2712456006
2336699374
33474068
83711042
90700505
301362798
2244289393
235475262
30602016
74022034
577860219
217663500
2225618691
1380552739
4207961
2187892762
2332245746
430914519
166880898
444942366
44218797
14155907
150745490
29538612
98970847
15330022
2722794152
28941414
176699731
68003308
2350451684
281247485
93963456
24774508
95555458
2429157529
1475337524
918163410
294785852
22799750
508227095
246977649
49681360
483527648
31669382
36052059
297149741
88192949
574091921
244273593
52299545
16339169
131919333
19950642
373027638
14090948
47475039
55080227
18495613
389717093
394148357
2531059118
36367873
122208388
2688303013
312894501
25203361
311497771
217160945
254830969
115149062
272112899
412640687
2644891767
239616548
103994436
37300555
16795212
2436073296
282180864
2371663399
69679927
136417827
1963465206
56783491
832471260
111524173
278499417
1029947323
312230865
89503894
2716508183
1663722840
27725199
346385297
165107369
255657736
2491838587
168374159
63775175
341191931
372618047
26861998
47156858
1589628800
1206398228
26257166
133792190
80366372
80361644
18978610
27778893
51789481
50652224
701990293
364066335
2415421963
19649695
2511477648
33452466
179706126
542721191
457554412
540003962
210034713
198046736
158487331
468896332
35041893
2450241577
36904596
801311472
282735852
2321617519
505051550
16234029
2461795002
1574190157
912706500
360285166
534675241
156903045
189358852
218344631
177167518
723274946
198873627
550481307
32774989
22679783
22190469
110784790
74575288
1048998398
28209292
328164681
596538898
207844368
252663106
90246174
47406686
173210133
18382184
248829112
267425142
135044239
2206212566
51448482
355931362
126474373
622932011
24460328
358101059
25319414
1908492817
25856281
1901546563
255773815
226866086
1666014216
398458864
454557231
22676390
86697288
59682648
222478084
285786282
40981149
850166990
37695293
290875975
33234192
335725885
327795146
290010766
344546326
843112550
487825257
30947982
191733046
96675300
189775478
32525433
18033062
23006794
1643048928
23874145
89292642
22611023
28417043
718452775
27711339
558810910
204688509
1345702333
101101469
628138767
63112528
2285953740
97926643
148212730
53409154
784680583
361644764
30942861
39364684
149726145
20567939
14676022
160176284
115096508
132001343
37344334
71360627
48748268
202276509
19735124
218265276
36305174
109410396
345756355
555708399
173104248
729239400
188353556
2340633782
519208700
321970500
51219631
26239206
1450401775
27031710
499580343
225823043
30743622
540122294
539824286
15996661
255747911
25032486
535177290
1851487976
553201555
86223630
93132444
448086503
561556624
43746381
919653943
237096489
226010603
854941340
144994849
106545818
33460960
197642204
1648495104
26224584
261988364
280601755
175264700
134589193
35686966
621457610
153575765
336272405
331690080
1141577593
34678470
242467962
34036165
1028499900
492399548
130233855
13368892
14706879
236095380
412806234
1292376426
16145763
2155649270
1093090866
445721033
131969431
20565284
976948843
24740625
9695312
142065734
23535809
778434114
205864193
280582344
314865755
384441015
102278356
30892248
26703100
217920201
24762783
2176998871
110213431
24496738
366010246
332304361
25288166
1630728031
1449092004
22528795
1311764197
21278412
499336680
63802248
355906128
31055544
197871974
9730472
374848405
28211427
247560825
16305330
58466292
338084918
22533778
395610034
24616144
1619216414
48802204
182503471
43920155
1346147971
580097412
23637549
155014599
31435337
18997933
433631641
1531553965
255388236
52346858
939922981
621344129
15111420
25859687
11134252
39008044
45713517
14511951
21665313
487107103
500704345
30050547
409456907
34507480
416714582
1601570406
41199695
31599883
278822333
28442098
97474887
330592913
20772763
1582853809
19725644
24165761
176297188
180898249
1571753233
529486270
533401177
563990108
372142108
786796010
43042353
19610711
65526608
586881665
21040811
1287849018
522282462
284810448
1339835893
373544482
128601914
80373769
19674502
176566242
1191466099
243442402
17565514
429298552
140830740
205302299
500651859
362786454
502017570
517849490
76725190
288304848
160789296
515980805
1330457336
1093408824
1058006570
132774626
983668416
186126549
197034645
63677189
127377113
262295134
236738600
5695632
147305691
6427882
22650211
15952856
84715087
41323231
215537170
218394839
157532274
116362700
27706753
146214974
24967030
33823157
469517478
566264563
28991169
38531995
996004297
171168202
57084769
142848677
25549616
944835650
72915722
595778866
324487423
165552004
55355654
44215023
430397794
392837526
70740986
600551553
40644000
235761508
17094725
57097104
27042513
408902268
30810014
55334133
587075736
413487212
28531014
20998647
15007149
67116999
42561845
16303106
58528137
27901418
45671898
562170625
375266631
48100887
392472876
939091
49698134
75974281
189204931
714591458
374212227
50515656
32539248
50325797
595211619
27754737
27368199
151967576
24133713
189200128
340418291
475286355
118857505
15033621
19682187
375481345
28910096
49204865
75052666
268439864
479809444
595515713
15667802
56443153
306025835
189664027
308828732
21862217
112290866
544536721
89820928
158128894
268414482
45112524
279319647
36111903
225539878
405210383
75206471
467579086
130682467
584280105
380434670
534026234
28208983
400448353
544517731
395296194
20888132
406745433
382303129
264470226
407042279
215906048
253809805
103879020
16402111
519224581
444946426
364423298
266367426
283830242
45371103
21681809
409486555
153694176
198568693
14175375
268941928
244655353
445766667
438058842
352548417
214791922
58869973
63185463
410497492
44452272
380698310
127782352
23612453
11866582
297052356
51971334
81721446
284602545
50055701
47719571
195205571
2836421
345796427
348142165
115979444
244696884
323468251
344160032
45544324
24477720
332425862
269893241
236699098
294728278
29650929
54299209
189376144
20713061
18137749
133832049
188019606
35426952
130951790
48504743
326988461
29910549
25358498
17560096
186598799
19708968
32896521
37939562
248291882
111690277
21030857
87016990
30336820
17006157
45296772
44177383
26483706
163570705
248735463
72302515
319128677
41229669
116020902
331994854
29280295
66577868
308349554
30043495
330504634
330432460
184910040
117153061
104867458
258466049
48847011
21111883
217100313
260629728
41587384
19608297
212302219
304478261
84388888
222880091
26277266
32226320
304740132
23752170
158414847
186488607
45250521
250876122
9051482
277700210
202623127
213088670
125786481
36558347
266038494
275181025
95317897
91441711
190371395
270689028
21280594
55745304
16812612
13929092
61244584
82455213
38102553
161773659
116005467
24721687
168970715
229718373
124818259
30959811
125093580
36008570
164580433
37323323
40164132
184647530
173693172
84911273
221618449
196036847
46939706
28519424
40092399
20755072
23613479
14159148
185739738
204184252
759251
127590382
20109973
15617631
191300792
29546945
70310604
145499533
42384760
176706021
58598187
14877389
16069206
92367751
26548315
113420831
84358766
23151437
130734452
20866038
32939851
15764644
169686021
170424259
28207101
50794213
97245137
14361155
7334402
54739472
26895879
9629222
38709939
157140968
29779226
26083271
165080948
22009996
19028953
120935343
101928415
17581754
16331010
27195114
23083404
21982720
162147387
101601772
78637056
139873911
54387680
43273860
21157904
95210491
155659213
44039298
16461893
31641658
102803873
26053643
91390383
84161199
29755784
26238159
14327847
39834947
80944550
16378486
16157855
35757323
125766524
133880286
50826280
21228708
92397793
90334660
18170896
60919240
124540910
84129740
30497985
36412963
46694102
101643094
29471556
33039483
19824430
42562446
65493023
19330043
16160352
40908929
104868688
15675138
40289317
43031712
95321793
783214
52551600
25473094
72460772
110985688
17461978
11347122
102258831
6017542
48079860
56237214
19697415
69181624
39306487
39605560
94360081
73737478
15485441
57107167
26551204
20608910
71631909
23617610
29394564
15176334
17696167
24966423
45992238
21342916
74612946
21308488
27743648
30151065
93715162
99021824
2367911
17243213
20466215
30313925
36789635
16423109
35859588
43909715
34312352
27989078
18856951
85603854
8695932
50325465
15808765
36743910
25463212
31583882
19679758
81713047
44409004
62902439
79293791
65730655
24712054
46973152
65992743
19923144
1106501
71294756
43003845
18788139
16688083
15572155
39757887
52939106
42389136
70974961
20068679
20177956
67133274
67119528
9582362
22372917
26270044
64220324
21728303
52423385
44553253
23690344
35787166
53153263
23628546
33995409
33800904
35094637
28109359
30930208
39397201
24929621
21255978
22940219
21414413
26565946
31239408
43283406
34097876
16129920
18587457
36314303
38281921
24842862
28180183
16409683
28706024
19248106
27109019
26589987
13838562
23536041
14230524
24835681
30309979
16560657
45521317
41693397
48497651
48265857
21217034
46576295
32959253
21148293
35394677
24621955
45719055
21447363
17919972
22657202
24431734
17159397
29247942
33514869
32004130
34623191
19397785
15368896
428333
29332003
23125933
25365536
16190898
22957302
23176276
813286
15224867
15846407
