3647256132
18373968
231033118
723255412426821634
106081433
4897726138
3004920218
4473082334
3145130036
3238597503
3318425418
711781816210862081
703587250009812992
3326820200
3602494453
95600949
718091835982417921
714411387410259968
159088441
715320219640721409
3244831358
3191621204
4262631033
706746110442762240
74433034
272794119
2349701702
148300401
181992235
4842796341
713350405258878976
704525095004278786
489550912
607920107
713690391917301760
3449389813
55582019
3548814074
700904595715964928
4866283425
1103852941
142151119
3918162328
4589001023
2294931450
4806350239
3640518793
4330834940
165008390
700938999670579200
1724866580
1418885305
477771951
703938001731190784
4787013172
4336142539
22603577
90454627
778626950
2894478043
3150795277
3025925569
3194039222
273952078
1568619036
4303689554
4717732344
128385111
730392780
363711641
115465399
4835286700
4908754353
43150265
3489436752
4428097633
695941990970716161
4210160345
3284988722
722272398
4080772033
4417900394
414946220
3573370633
2500381207
4573405572
111944435
4554492619
1030449162
4580695517
4575856758
102428878
2572785439
281902422
31348594
59983585
3241214268
1923373933
3171712086
3097503906
2597666894
143409075
3469045993
578930248
3811866918
2795585000
47894399
315732526
3229896614
228622445
4481093293
100236725
1354949126
4102353019
149424781
51492319
102304622
3918661115
2341139364
3837456560
3192336404
3329006995
152984643
2921403794
3316245517
3624794778
76334638
191768572
87803263
3308763876
2953316923
4081695554
3284229890
3559523412
433980897
3292259940
2739796592
155567922
106493556
16068198
1344046482
2257716961
2611428546
895248138
217371122
109636885
335967344
366790733
2596143056
525208452
2479680444
2611325450
3258826650
3744449772
533072323
2932119427
3659601916
31135086
3036560889
71815077
1597860398
118395320
67378160
64639742
218063449
742143
1098311953
1966507722
76294950
2445353088
94040915
1971314545
1598146819
3062811720
3144698149
3086076258
111445505
1385164819
2876924082
2594774983
3303053084
106109459
626258843
3429644352
166884342
3196005528
3259777716
3304300057
10833892
170627809
68476373
3116396402
2543109397
2264849412
3271340792
561335546
3268048134
77010227
3268275698
2994222230
3189052345
3183942428
544382465
3165839522
3151252218
1917355626
839423262
2384855424
47595335
2964954082
3056467820
3066876901
2940304536
3237158396
113877213
2364221719
3019133162
56312411
11530262
24705126
32843303
28082599
258703448
58243368
381949397
90628174
92773212
2912818189
52683521
2317336250
42032553
101209327
2971725199
3219624883
2844758984
459849561
295251095
373280952
208417986
338191619
15947602
139189823
1153045459
2574232910
141633175
78259714
711694309
1317076194
57948579
230856076
1705389834
41535315
117302418
2346761720
844969590
88368348
2594704596
3006102998
144887842
2959214214
782747096
2983982700
3071362808
43568964
33464913
2733447038
3142349846
2997147948
3179837364
3024787007
3164286294
56903836
109622831
91029045
3030979872
3045548322
3084184765
58714171
114650292
2719823160
52339151
2661926293
2570900983
2921545130
430968327
3112524116
356380773
3102932024
77969055
1914685759
2663365465
824922110
177829660
108852592
348988523
1041916188
111887245
2817128928
151892720
3086174227
3016584344
2761753603
135421739
100938828
310401632
1728597720
987087625
251564985
1100927498
107646921
171880832
1418887394
56060306
100181484
109823938
598515806
990761677
126614467
491986148
52121743
373410448
1856414335
56301073
3008183713
1056850669
49976526
2937735007
2333015964
2996250457
37648300
1929523326
2698428882
405427035
2673327426
2365771484
2490159181
751400048
40885516
813286
332188446
63796828
2930806028
385909720
418926544
1669854782
141208596
1324334436
61458407
2381667174
243023355
2847250015
75968447
2406314816
234830789
2922272546
2922012314
1178330570
2864615623
57270122
1659370916
2920821866
2856687277
433346123
2881826828
15093629
83529586
145125358
88856792
113419517
189917061
365418747
1225645123
34206701
5402612
66352116
172057857
444568008
166665752
194017030
18071358
1485107016
6509832
2785480981
34245009
98362607
42606652
372754427
321271735
19897138
20751449
1070688091
2581857086
2540731950
2268748494
2916509233
2241210409
1501046870
29958928
355989081
245687754
41094453
75246346
44588485
68977380
130104041
19929890
40400019
122658025
56304605
75509967
219617448
2541363451
17717614
2731552615
2304923515
287156977
350128848
207809313
60937837
240649814
1072993274
1251083774
137780376
347035710
1346439824
38647512
1606048885
36327407
1073676020
39240673
37034483
134758540
17710740
77732185
2183816041
1447949844
123171317
192103171
333888813
461841349
2222673457
97217966
2597413135
2627564102
2347817882
2913868728
132385468
18839785
1402710696
117323058
2823911863
2885634696
2848473218
118086120
2373676722
2593478378
258283931
1214658974
19698232
2378659296
171793493
2242142287
47893477
178631319
1396380787
634794149
207034088
2905927620
2257260788
121160287
100967637
1420952814
2898089911
2745032318
53057962
2902893925
821839950
297045947
529328489
216657839
2186465485
2396541150
1645862282
2905917080
2906079698
2649997417
486291779
2699198737
62356591
2526764864
2893268358
2856664548
1425897158
2323327117
169383860
296421387
2824072771
2842371240
130133805
2842134776
2842470799
2838480474
95791759
2621980820
2795446105
2838291762
2819388110
2420113098
127515557
112773911
1910616246
2564944500
1423882501
2662091911
2601364964
237727411
2662236337
164804567
112479899
115852160
2808045926
2578533757
81575349
574640827
571037318
2827770763
2834031602
248317806
373197576
204060281
180159966
167025549
2338617074
2211819698
365651300
2445568086
466647990
565563822
100212116
266437623
1302135037
116328299
1105939712
834466861
2336069654
1435615622
578202060
2593172094
2392455871
2627696305
2586081253
137695454
2667454260
2275939117
2742214350
98339993
1656024559
2375224634
2784300751
1929276104
2809269438
2813309406
1108441082
2811016999
2763042542
2706067135
2826834061
2662153364
316127753
316245348
2601249043
1067416448
2302563985
2519544444
112812371
97206668
229622526
1597796234
2342752686
2604088764
1548233497
1151704608
2604991315
2601757321
1407284023
2464291832
2605839056
139382508
2318243778
1726146978
1117702471
1021449464
1668477690
2352064692
2211313687
2335416134
2646917150
2381994139
250132805
2725359689
1538325806
1692644557
2394760818
2610013410
2251713464
2706503846
2709885218
2714463276
1730808534
2317956223
2748414632
2583835814
2752734996
2773065235
2777069300
2589530082
2788139996
2793565219
2797878578
2678929554
2392528418
2806841252
2721924876
1055066778
128127533
2812692235
2353473133
316354606
2708360605
2809048226
380984642
1422880717
2378466230
2774543369
590737547
1088121710
2399829282
2246722783
2673186416
2559520448
2352052872
2507593802
35005216
2577015649
2604316068
101424968
144397587
2433380455
471741741
2682793663
535172264
2546620650
2808813408
2523338418
2329448456
1073061985
1538419284
1552480740
2605594333
2457762198
2664746906
2234352900
1252987716
399972090
1417620722
2271179438
42871117
1278131738
1673653867
2348560387
522872786
2662010888
2686737110
1043692135
1116926101
2802717667
277579105
2160447936
1196747857
1613590393
516471471
206059812
2661427735
2429765256
2662309909
2662282032
2662290168
2662334803
1382339863
1401650874
1511762184
356253094
317163879
452870846
2690153952
1667630060
2456294012
52638336
2371972382
1097213642
2616870668
727670108
2654186959
2661311922
2611121070
1384985226
2756101566
1328258304
2759446134
2662105045
2758561578
1113049489
110993912
2605826641
135524774
2150312191
2659773788
2410790131
2607395990
568781834
2566747117
2593585495
2593579898
2346427128
462455195
2428900664
2377075488
16062636
83579270
2407090908
2330268912
2296319328
1672343744
2353566488
2387734260
2387337853
2335189069
1637129882
2349011632
185771957
1136907434
599873118
528335923
1193007020
242712171
1627692673
1114079144
2268620334
44150842
216414820
1627630992
1731293696
2377338372
2330105239
1553529852
68360453
2302910431
120207222
1112056370
1193628180
1034665916
50243741
304238814
36425563
1690904910
107786643
102549058
157908052
64355384
1627546478
18378627
97252632
105443297
242836080
52648146
60853253
