3154508072
714755983130669056
4162967056
753811184944504838
16589206
714492575030370304
756996767351209984
751921845025189888
757021153500225536
757002849154850816
2346025933
59995042
756650523370160128
736331963116716034
166426753
737500098909769728
742863278053851140
747500010405670912
4830186180
755873448476508160
3315983471
749119675238273025
18390743
1484951214
755537550014550016
708503044057530368
725180727147528193
755427206898323456
26822709
753408759758630912
755104466463035392
2279660775
4091497221
28951400
712106698509578240
750419122543034368
848334247
1466848657
707231479047315456
750134495022546944
288455050
19410877
714661006664941568
192308563
726056313717837824
1114295040
752217903013859329
754084600859602944
743812077266010112
753612897348124673
748921151150104576
293121307
787762730
745850648072192000
751878177371414529
750857122968109056
753562068272504832
745894705242734592
3271100184
3543870799
751992381751238657
4635596660
744537539512459265
705165834524696577
750776013307547649
752958349096919040
752980390739058688
753310321167720448
4843948642
747258685341065216
158900690
3016015905
2771601152
735542570378530816
915870702
4282238061
28758060
751138187645448196
3306514502
4063855840
3079976824
572302429
720627618672848896
751449039464529920
751573370328666113
751509648646086656
748611158001729536
751297344608440320
746345167238508549
3583264572
1596956599
1555236642
750787312640860160
749142331215847424
4136856732
3901270985
702307375823396864
735485993931837440
742484295240044545
2846551735
713058499153014784
721612292882886656
719625172035248130
2832648939
2649318025
383663842
738209454995410944
32186001
719361988598620160
31247724
745881594767024129
788571666
134891802
316091496
4873857554
2940908792
4877850855
741418709374271488
743036332801462272
4765070485
3877552513
2799705294
747532059812499456
3858734717
3982089225
727894575293988864
4774511955
1325016110
2980737362
742143047157178368
745972832765644800
747599371525558272
711789967761014784
21766009
2993994694
747581455228899329
3312292812
4170092773
747476588053176320
702864948691607552
731620436857880576
746973110059032576
4814349088
4836571841
746208860763938818
739028965369774084
728249789305982976
746349284203855872
733655678804361216
706997843656105986
743853396520738816
706518017686028288
2290011311
740978336206225408
2372659010
740356082644733952
3153417528
746097353954856961
609662712
3060277787
462688932
600415314
740684420030599169
1322310721
743847186119655425
2768705528
103497073
741252321477156864
717113515216093184
704847650663723008
4690997322
737327980377219073
744225574743318528
738988767847972865
743510831363665920
24309304
45318784
3183662174
743497734838116353
1710652508
739586021583622144
734151311260823553
1573756818
740475620560277504
4886782421
4083352033
1891436120
736008144648851456
3899708367
742571170646614016
730631422764027904
1028026110
742493199202197507
4821102567
556269451
742496613990604800
4229749395
721173225632309249
4770839127
4094970558
1048948274
732412257506873344
4833927886
3692432178
709838752777170944
742090535020732420
4873616794
741990902424567808
2198621475
740355844982878208
1670628493
4492511358
740789827189215232
737353071660019712
18545481
14613185
1185048103
1849938847
3368733712
705125671635394560
727214843896418304
735603047271944192
738760109724164097
4062395779
47434357
862166821
391626213
723922975460827136
300318952
738804414727790593
725860162821451776
715743138527064065
2888459003
733320470427230208
23580800
712704409742942209
219213505
4106815693
220198883
2703126302
27121313
24995694
740447338574008321
740516327979425792
399699003
4387054641
741010040933355521
4780220742
723217518005886978
4871685341
739137559763111936
739681242803666944
337560478
4417655663
2431605496
4178109021
738766550665170945
3352152732
737665689192964096
3236941544
738527003888910337
738104281123938304
739147320810295297
1569510908
727477650667745282
705145820912467968
736341993857503232
273113855
2228474690
722429978541965313
3246536985
716335237312155648
735955567106260993
919599236
1385644158
630494414
4835999877
3728207232
4765867515
2915894673
627820732
715732838742495232
735681791978151937
738742744990941185
720352493817847809
709089913132748800
3333414957
731617323287711744
2908600727
36534669
730471367741743104
2518487853
15082320
3797642117
3078352330
729289580596191233
734692983518334976
518298806
726404417881276416
4758130491
735921989681041408
738627693449641985
817142299
2484562615
2273453585
3477847396
735540423821656064
729473004460253185
3347234823
720590412575064064
15610459
24095254
737832759742210048
498426278
606507498
735856268632424448
4851551824
3355512725
737791214267682817
191998117
272722754
713091070666493953
3849785254
2834647215
3688088723
736684046340739073
736641115130990592
726798707597910016
732355078506618880
4850508886
406016392
3273222469
3284810910
3609762852
3398816429
4633251613
708777357377675264
703268281038168064
713200583113449472
714251785183977472
730313153679114240
2975468251
1488329166
131498303
4744839074
51752582
902826799
25722965
2879349994
3503962453
326380075
499230066
795181796
1123690927
1862831041
2265360857
2368624716
4056861563
4561679341
166938112
703136774
737391648284368898
2507323568
1568871240
2998926385
2877389752
3308049380
39067136
1251056551
115681686
328484372
716740243
445360132
1245951042
2541357239
2525645395
2550649962
2556146318
2693341045
2908293891
3023136785
3669988757
3711628096
4254770787
4335576081
4499382678
4818287897
4794324452
4799346261
4831832738
4832681197
701815324488892420
4837973643
4896844150
702501420906500097
709812298769174529
711784627686387712
711977155542921216
713408458473639936
714575249128423424
719360647713173504
3411032483
723251650174017536
613687403
734047245440585728
4297440013
715723941722066944
2745349470
907273987
2791121294
123324173
734852592564633600
2940998641
3131586555
2333776187
735242322149941248
703781523829493760
2435497194
1088074346
3173651177
3878272812
4703618204
3145205746
379767285
2872381109
166747718
3364589120
3161872574
25632938
254495732
1320528355
825941641
3111630664
1248980868
735621525936562176
2683249604
3290729322
710337089473290240
733105973188038657
718561802787930113
704510287886438400
2766256263
727704548081426432
297807060
477864155
3203979482
706287175583686656
734755116780249089
233801630
587902366
720857189569572864
2941652236
4810512147
734141502209789956
732883039219527680
1137468103
3017952618
723168833662406656
727918942652600320
3305938016
733789285464281088
733285033318834176
901103376
732813586062577668
4252024517
2336787329
720123383460007936
2889712563
733733716963545088
862312976
721198211944157184
3976085120
733563710560591873
4041169169
4702418372
731967137951125506
2878661646
4882086747
244161660
22040193
4798408953
733740371054895105
732569361995685888
704053861091254275
725737472802611200
386110099
414826904
1045025856
707655950342053888
3747197847
4498776677
796103341
3693042734
712334829388484608
732446684932915200
712248310686425088
732266718446419968
730065392811544577
732621915798409216
722897974767067136
4825855639
1563454700
1191864590
708999538254729216
728709191616110593
2866412582
3294519901
726089386656448513
95053385
718620656691187712
2260326929
708794574311788544
337153134
924929916
3963705321
309119396
349368724
110369521
4123868176
771882164
3996224114
406353065
704871644943114240
723546531131985920
3407467312
3357488308
2847192501
2786285535
713736263262572544
2802479124
264377686
57892088
632923601
724296486826180608
3344631713
704795486343933952
724355099921911808
2887458353
3315711501
724509306905743360
724516341017903108
609327944
712295492093419521
2863573225
28133951
3317451545
4724227437
1933995565
233244739
3313028954
725100038045716482
725110937770926080
722933111537983488
4027660456
4136356582
725348122780639232
725356111600168960
725374201159389185
565484537
725428399116804097
3063802258
2742438696
725532958904471552
3322947427
96205478
165785532
723708130765365248
3323347916
724580624166719488
961913184
716785439646961665
300090487
262429512
714287280907689984
725769169619161088
928244838
874777166
710461491934306305
2904059838
711175460030382080
106737817
726834650929348608
726943291338412037
3416244526
726465376352100354
4182936015
4850249289
4724240161
4698427297
529746441
4799014040
727498356524720128
3317485880
3360935535
727573977003110400
727279986034384897
724603051978321920
83696994
3802903576
728000033338105856
718031449761325056
4276370773
321736238
694865150302552064
728445180353781760
726977498186051584
274989353
720065570478166016
73774016
3766360095
729015165040119809
729142292779548672
3273047593
94918623
63565641
2893065922
2984582481
377728642
4925875802
3642876553
728638299984822274
728802188672241664
3074477858
105295143
2767792430
728436081767538688
3281671453
729141843997396992
717073946278039562
3977621895
730249225775222785
719207300985143296
2358645936
4269888616
730921077421936640
3310040952
726857588168638467
2432542014
462968208
57444183
718246085190414337
437845776
731333501698465792
730473876333957122
2492981744
730900234587504641
731563020233625600
731580725934338050
78743980
5501422
4196386762
2579599549
718280457184505856
706336242481238016
2260150651
3013051519
3483398542
1658792318
4346228961
3988597696
396897633
1049596003
731943858607669248
730764699558678528
721552644171386881
703219658372091904
730831449587351552
730614307587653633
808235941
258025056
729768359106101250
2865545199
722607488013611008
731656989659500544
1106307541
4232271034
498117494
1336921339
3301246011
135877163
4891804264
2933194559
731981182003482624
730496397871595521
3101504400
3209895349
279236217
3610048096
320391793
723578944436482048
710098131627544576
3292869325
4012878137
731911500076482560
716686568501616640
3105248383
4574782876
271602903
729342352716931075
4189094985
709367371736227840
731536730201989120
415122460
713301863748206592
4472647047
1132726837
4908781453
1716924013
2505208848
1699901958
1493588514
706078845015879680
302319287
2806133447
730805254896263169
721871402610081792
708716192018464768
633150966
731034256047280128
726568108429860865
705465876997402625
2993707025
725841076762886144
4886542820
730926690218573825
1145768515
727860839189983233
725101655310610433
730254009886380033
708275765855408129
3236515189
706295563847929856
17119759
4439241737
3311911386
4303942637
54759492
2287258728
98028445
2578856845
4056950181
4410965249
1228881116
726472651275931648
721832741688459264
3169842818
4227691992
481762918
727310989755031553
2429657366
2941361243
3613261033
3098458513
711635009212260352
1063988185
4831824672
25743339
3330437053
3003908866
76507502
3827037273
76615939
986014044
1363431912
3195774341
4075563916
4416436278
4760314708
4833664363
714559665124859908
725967175798902784
715755739143413760
727920325179019265
3167872671
717474068685987840
1660652624
709625249206173697
725176208829341696
17960253
727593816455262208
3012781843
721455747901603841
424412749
721753828165619712
726521718903324672
726792916404981761
733696898
4910496196
888259148
309549747
772704246
2172271177
4887465857
25789147
2257182427
333702333
2739741239
2877904739
3252264919
3691488916
708873820447191040
4716938490
620339539
2924244237
3406808015
245025658
2739736226
3179698566
4806863833
719829591381131264
709690251422404608
3963955452
722468978606620672
3772525155
4870710705
719338452744085508
723281634913562624
2789157908
2400843769
2670461822
695574024626241536
716892681784336384
3084993203
721364629927145473
2337885853
4243064298
25692368
715276525730414593
25472797
2782737520
712694406093082624
1560536538
926973728
719341662653313024
65455370
3239288246
705084920146878464
720316850635051008
989295972
720591865851035650
716562711019143168
2371003794
719698107269783552
715335660249284608
4052958852
719704782936674306
2739649677
4843317561
716842797949530112
3145730118
713317918344224768
717615283976990720
718300633405726720
225633973
4918671913
4034749444
3030320459
717052657404223488
4914246239
152714150
708015092625965057
714968903105941504
3298145299
64296011
3975956538
704453503876538368
621847864
139926138
708425240964145152
416981394
4866602962
715761859652149248
716096246021242881
3033677992
1876924561
1717464030
1309442372
704976138
4827701637
1928256013
3012226551
703963500029214720
3034111655
4363892293
3367036274
4686246625
16849264
711511319535591424
4184221160
715297628230139904
701985977108078592
3031852155
1582273218
713234915047841792
583137945
1220345107
710613089490767872
4924977653
3383237475
491610773
2945872198
1713964105
447316373
18093218
3290225825
3066591876
966978710
713197104672464896
2901907193
2993636064
23037924
60225267
23342386
4879676949
705611643141492741
701951322535256064
71842978
1613303924
14829708
20203344
1191624822
2292110977
712056341829918720
41108476
3395067682
2489761986
1056619026
2154028783
2605473201
791762474
14338727
77115775
4907412004
197610038
4790219592
2865914405
3691827395
705060925561139200
711024233204199426
705636641847676928
2782383944
41300398
4725569236
710572282738044928
4645379357
3680101999
463319999
1979464926
4442171637
14101483
184234142
3989645001
710272349505867776
3975306379
15066876
3420965393
2607633722
709434980691263489
2777220582
3309828804
4120090888
3990088875
1323202016
4900909406
4862685012
414523858
769629781
531154269
3795256100
3938015122
706496377048702976
870799868
325980801
57515678
159152889
93146330
3054264567
708220170729291776
4911786490
346924655
4761656258
600614936
4898754882
4657250113
4792028820
3979803552
706112293227069440
33170847
4065570080
253899216
3080511838
4385090241
4858902043
3552527172
2591719868
215154964
67812258
4787936595
3042356250
1319453274
354665216
3018742509
4700051776
4489811772
1452874872
279390084
705071034253316096
4330569813
305077279
72042051
704751266807877632
4840430390
4351505429
422641831
4771593853
80728561
3113037179
3296600580
3965614753
4560728533
3259450615
1665277008
52309360
28096105
876556669
331279504
3541087040
282265521
2432792486
906473184
3223083523
56432677
49168231
3223499449
2584659632
175439376
2314793880
4832583171
3940325757
4722573455
2776661028
3347916699
701104500623409152
2450443431
358404527
86766927
4747670008
3295845674
1675128804
4348490653
4862638098
3392202177
4162703777
16600626
1700921053
3495960975
3192512911
4842852538
2660314123
19050314
4733893592
1462917306
4763857343
3240523526
3825884535
4788528621
4359347420
4871152575
2507264242
2352159596
41871823
3322642872
3349299893
4721261321
262424642
25536333
3389961419
4819947663
869025762
4179932914
4772720035
272118514
3135209733
4155310816
428638836
4276340723
132339534
4216081514
4831780870
468981519
2664984804
3413276129
4005012459
4060890299
3250453988
192330097
4137879973
1649137771
3246983483
3484924334
1251598134
3200060140
2152381201
1938150769
2358670026
238884917
507005896
3266856037
4494252856
4726355358
2538227347
4415996241
3073484585
4768389514
3307670633
4627890312
3745926253
4796018405
2835552697
3018303700
4172486833
809743100
326830914
4033326610
4755200973
2881836134
4736829527
80550190
4152596593
3772913417
4512785839
4284416953
3904959972
4483850112
2967468312
2546950760
3755693362
4347089062
4507057601
3276759252
543900323
16391088
195636042
4320596358
330624184
3152971181
3380322613
2535762833
95029703
357833985
3461578812
3403321967
3374253063
3103759274
2374837856
245990481
1669312890
4327687589
3347987716
4259334800
487838512
4539679819
2564323549
3600539122
3300671415
4158894651
2953422203
2850450148
60119574
3259181138
3744670696
3527384956
2231109295
3219461544
4389913396
29275483
3550592117
219976460
3382843617
1707552097
2974998683
2868778746
718500202
4550647832
3302153561
2668313954
188974544
4090243125
2933914001
4229854047
3343721838
4368867257
2785023024
3888439092
3258014702
2260884765
4438042332
3380638684
4029203714
3076288518
4338985812
4253738645
1064591
1457805708
3560774897
4011871818
3329084682
591514989
3220318152
2943172932
4283417893
1604622487
26065921
3349682675
4332784889
3070465286
3286480659
3387726713
3984271999
2853741102
770368974
3465608716
4027220187
4347841093
57564623
3958226056
2379003705
4262936901
69005267
2895618422
925865976
3331858317
21940632
3291772795
1238467843
4115833153
2544186792
163495385
2571872893
3998748137
2248166209
2809256199
3883766200
2279809478
2883652729
3975896848
4167832037
3121915096
1317477648
4144400173
3671411300
3850675096
572690961
4001866818
589194482
3494479281
3566632276
3468240374
3520395975
35593859
296110597
3350923570
3261776403
1247530429
73719024
3424521514
1143762104
3234554156
3164877658
564752645
3457411454
196168350
2881088038
3320255594
3402417437
3467199685
3476832795
2902174159
25199069
3052144801
3138338070
3922115999
11132752
2337381060
3111909523
110974969
3506943077
2915952233
3234488267
335651103
524636811
185790555
2845849081
1285581852
19038534
128172105
1544433296
3253848843
3218936962
2349347329
315863712
138093638
3306509509
3429103498
3128276925
2465032116
2363203740
1483242276
2253476505
2891096840
1731076880
3324868524
755266896
3709525762
3394671405
2596827180
1217528712
1580847607
3335709279
3222676980
61396565
3131724010
16146117
3072552972
3448610894
2290306960
2875166787
2906130702
1032432954
438133358
3307970923
259975018
3395753579
531351424
3355995095
3397234119
3380165962
3172925846
3434800887
2743327187
562739106
1626294277
610285836
1221855379
3148931612
3368465157
2803790312
3189217587
3316268159
49413866
3130854797
2474058360
1484354562
1014432451
2931636808
1030694736
3357289930
1909134080
933326388
2905593665
1667996072
20223823
3304835283
1717324226
3191320373
35751240
3229373377
3195751622
1616294354
199462863
3361972786
23044054
3252851988
3270235932
3333506841
1853228562
25073877
3259842591
3324594827
3227400208
104459389
1255715340
3103508387
251618325
2688880416
3235222537
1265906719
957988681
3191073937
26853182
3105864599
3226067805
444592935
3308507518
3102013813
3225602858
3164006934
1482737232
209657353
3181956360
2164291925
826537184
3253877457
2971337316
15707229
2342960304
3019097842
438132665
2905838423
2785663088
49461943
2360346678
3179916110
3225975615
2831379947
2431480947
3221195705
548133519
18823611
1649264714
3148347266
20987538
2328944384
3138898644
3116214838
3060238624
2757869104
591057597
3100465077
2988388635
3154742248
2795274284
3115843435
2555818135
2956552159
1404590618
956589349
3110364996
1595064032
166284293
2677949662
2712558528
2393752238
2316246829
3089155533
2405537916
3065474592
1554404876
96335276
992520534
244337006
2877468304
2494150496
3060697712
3014950151
3065820771
60388698
1226297179
591403109
24465244
224672666
2601017802
2831578750
429031681
1409313404
2961809469
2531859438
3059465859
22989425
2149465998
10058
2660965818
243223819
473279639
1401048752
2938623403
1389805273
2255932244
119817918
1945085910
2759212766
208083510
2365730184
2424222146
2892221973
2581230306
2493855805
1649083920
1157928384
2228412702
932705005
17701099
3022158560
215379212
2273369675
3021274802
825744584
1554095036
2213582304
3004839077
2839786827
2994634058
501530526
60875744
3012019698
2848722327
93552356
2550817063
43661233
3003943979
2931608331
150648631
2682381762
386206041
2600665502
2230438021
2906427208
632884881
2937074977
2940095944
2750152543
2951889245
2841533735
2965078709
980573052
237524910
2963349208
524465765
2926298334
1893683149
2934096295
714675400
912598626
2365741801
917197194
428000783
115799091
2388231744
2400411614
296376392
2351198118
2370321056
2165978886
1439985288
77162463
562997983
2481601577
2460463254
33200833
1876680134
2466569870
624443062
2446824792
42302893
122141448
2535389102
2540172877
2431336939
2565259660
754900868
27980702
2591667116
2544259634
2617147578
166442920
2704923198
65951700
2719023954
2772436602
520535914
596553088
2814509331
2729763172
608181505
479935161
387066515
982884842
2881366351
2849477002
2834262651
65533589
2882814841
992571740
1351949928
2827278610
2895122599
2878073795
2787250985
1393134764
2789341402
2887738762
2897017570
2900984811
2330506597
2905420438
2906330284
2685126680
2466610976
2690628133
584216839
2916216341
2885208507
2927951094
2926093282
509126931
2797230072
454529153
2729910658
2962320611
2984880114
271346826
2987922868
2989404364
2991100738
2806001857
568088930
1355307913
850543202
260526683
2883135230
2905343127
2288462990
1330229875
2621261169
254732884
2899930745
162451656
2849440937
1694643314
885445418
2564039285
40347720
1880640066
2902445481
2813806196
2786231786
1199037715
2732672766
1262128412
2379961994
1244645004
1484256702
1024446733
2865930995
2422857948
2889019812
161387735
532285060
234365083
2895876722
2751941305
37624597
84389397
2825838340
1550469854
751513441
710072774
1365760304
2885472728
1107096824
2871198804
596414191
2253052367
755864660
2854776838
1935629324
2614673107
2800696176
2745806969
2723363553
2813803784
2422267465
18906599
216427165
1628635260
916097078
1493267851
1972416156
865453309
2810066188
2811323459
183114110
2775847233
21398055
2686507783
745591364
2761410968
519769837
617246776
2312501143
1305324672
111225697
40769714
338655059
195097945
543410216
109758899
561790217
2595693222
290137961
2440798915
957807535
2654555875
1422394206
613356614
2598595441
27897429
1641333908
533597933
21484891
37021073
2180934732
1465954957
33059689
383875959
462934944
59690496
1639227427
2209504237
67453149
2541449791
342894187
573324124
89496720
2618159698
2375826809
223932036
568142259
840754880
23854223
764375840
574465814
1866628735
1915259984
2585161697
87229781
2167525794
263479742
1383396050
56216595
2290177094
1523511853
581880912
139698450
1242331399
2401987555
2450894226
474528141
1421796830
982308920
427670217
233667091
2229144714
139136693
2318245345
494758799
41680067
1499354209
991330362
1054970498
729603830
164800285
1530324703
1321848607
720805808
1897585028
580325551
89277004
37750461
478001034
947994470
566273326
1342776674
69215257
701836302
181057621
1542530750
979390778
2178519878
633554838
537998643
632277575
2263744448
180706923
590585352
266655848
55935057
1155289062
38018407
312271670
573854819
17502081
452420632
1345554990
95768969
932196612
1024372489
225517782
582295598
2240969177
1139993394
33965346
1688814204
893700626
2265345620
441330704
2276761669
1238238938
83382182
1590234146
1858478130
178655399
449285701
75561107
5656402
2260849986
559958771
585603283
2209692512
1638676262
2233644079
552243787
1833789710
2256058692
24800710
2252650759
