4355450476
4899176844
1592118277
727148499909771265
444349825
1599171037
404789801
201095003
3273077468
4491895218
3313366232
344620700
58309829
3446920885
486991006
3388814473
1374768830
3364854374
3532702398
54902299
3370261460
2829683911
4362614017
1030811887
3581934854
3354751993
3299483180
62456932
3845666620
954995377
43103134
241154929
60214872
142977623
17363090
2179001769
3281368988
521190304
39480863
922242968
4230074839
175500549
1317211670
3166565659
319686919
3929954052
3303974701
41761554
3388953740
3481701083
3308699810
4299404372
3776122572
70866039
3676829420
3188513654
3407840369
3962293032
270431062
39453212
3445475240
3682588934
2445628452
3954094453
2548685869
131746510
147791622
2524406413
30162431
152856447
425573156
409863961
39455426
38908587
257234051
239938617
454527089
3282218791
3315750816
3699097278
25272149
2810654929
199298697
3306286357
2834007205
139341249
113603164
145514541
3301396250
500704345
2356125410
3456863774
79355995
270176702
67063550
1263292416
16115176
199274986
98310564
189503518
63701775
1366024699
328918379
197807757
147305691
92310602
125275505
570279813
588433427
1008769416
437136024
68088140
63324427
