2970416386
3875382375
2168832031
951848400
4504494433
423708109
573316074
718720039994568704
4716970608
707297615449292800
4644276981
4096348512
759191683275841540
2874263415
595994647
1684392848
105119490
3719010976
2977123110
3658242376
423783965
709592271025479680
760708472908484608
1501434991
1875521383
696509902408253441
224717725
163653009
751909368199872512
736578413595623424
745323964591898624
962704140
768742305205522432
434393951
32473029
52955260
3381174801
739784130
952793737
4460058406
1716883506
2278183554
2728551676
253745131
3310471479
732173380020019201
84760014
705732336466276352
36746176
566540594
738574704881995778
739836760948117504
1445079205
900628638
2304379907
372123733
23083434
24859104
746892235354963970
2183074777
326330061
2810714034
735227782385405952
1421809206
749291623369039872
3439828996
553081115
3146413624
2485507270
3052700140
2957251120
1251962316
2971871291
3181262643
1157671460
223954974
3406314478
338664822
157940838
3398216909
3461858116
4248789502
268745865
702544391
508410705
2419602985
2351110196
68792381
48575315
19046392
2429192034
737548783123210241
1693270302
1256322577
731901830473646080
380520398
2894397127
53338746
4895320563
2315775968
3732691213
3399673138
2252645131
727256786571546628
723235932871204864
3373951143
461241232
724203169069301761
22153607
325265546
65556234
550400761
328823262
3981271378
63379914
343243053
1093557614
719849261333155841
3000596328
169740780
347115839
95012278
3127884553
708472570950057984
720399029167755264
299904313
376948862
826132130
4731155415
528134311
16234029
1463773524
844309320
64090343
1540923560
1405998726
750538417
22180037
155705264
3912520875
340035311
57716608
1039659284
3029035527
4647778695
1120471033
709366351916310529
2734750770
379187261
192749697
2921558152
1337343182
25932445
2365569965
97251672
706315819693703168
229697463
1019612622
21605503
2366301536
2213559181
796584403
1244687143
703365044151521280
265009957
4729082415
3131015957
3294342061
2957998972
3294372712
3240596560
3298601836
4096255874
3599739978
2970677392
3438684753
3279940939
412522739
40981798
2414733679
1374857557
1976475552
4895978228
2347899770
4890117640
2938647546
400413791
121158585
583135754
714972458
19955482
3054804708
1275326904
316730641
1027336166
23459837
1694852900
582605385
3307109992
13215102
68056789
192025951
4746974104
3366867867
3011825225
2367385932
368573600
380602898
4156577419
4108490238
2153985696
4476872241
2992743171
126460407
823929391
2816826598
342383238
46116615
4136178201
353850718
3189534781
1950487939
171682730
4195074863
4106692283
4262243780
3353430627
1394948221
102851710
1506939126
2366420359
1536077150
34940839
14230524
2421148968
153433497
3440858177
3122961064
588736218
2508303708
287339151
903834914
159225370
769994598
44388979
431714861
2843035785
1874177202
205434325
424586188
2274570596
2728244735
164705787
605793173
459464556
2893209061
928452534
2475119448
2213967092
293267112
273151111
308716304
3418900379
180557259
3022356291
2707398437
1953010345
1551703345
3875140336
3751023324
635480791
283882448
2409294690
805616456
3244870624
3386460676
3196813057
166269706
2593789675
2753974195
2888356604
3774391167
173186039
2253461786
3858853042
2620883271
3862232841
2511442356
176635613
3421031473
369692975
3525868515
506131575
2709293594
2820824127
3062301415
3478669934
1334590530
104249727
42177695
3306668373
3028964643
320952450
2762944840
3448661967
504803141
3009526517
508056178
3289088771
121467407
3436979841
2990364807
268414482
59325073
99762165
29140003
3438666591
450938196
1372178610
17174309
19248106
617339759
90527856
232595517
2279716548
2396503058
3190933971
3247531723
711761864
2278064642
1031469409
3165380559
325867787
43289545
23603092
367802791
14326874
3160477186
3314042024
45609049
3285768348
1626560774
2885698086
3383021337
3385893387
3367036012
255388236
2960579638
3387709972
3245522617
3267440372
3386396843
3389342775
3012872956
257926311
3063098337
3076152057
403565212
2183169853
624304229
241715867
2841805613
474796755
3121992879
2332706480
2906559471
3289520705
3033103074
101284027
3188299602
16824090
1300719872
26288108
2375337115
379408088
325867599
325871376
2639554229
342560704
2570465755
1618225981
23497233
307548363
69542069
134234000
234074853
20565284
18625669
253312319
63822383
3194795611
3299839583
252955131
3048402499
1061967421
209994211
1246435274
70054190
233183631
1027392638
2851708469
3158680797
3097393139
280701704
3164286907
3015311943
3185525503
3157891616
3147410475
45266183
624872297
281766200
3043896704
279662953
20572029
3197999280
35787166
2846051094
2546367552
2850733666
344322097
28454755
38234034
232376381
213465702
94039455
1627335582
2743352375
3100568338
971166636
3163036988
400628933
3075378861
34507480
281362131
1909923745
247418126
33329113
1523175102
19743731
31363883
23019705
1027475796
19017237
176552076
86876958
2916590951
2511422371
76038813
2902033560
85452649
101858534
22533778
75916180
19661294
21433995
2938652663
441251596
3029250262
228207043
878418000
2986969144
318174009
2689110433
494234790
3092239386
227324947
321450933
2943760411
121063039
27260086
2937600759
2397680764
393488321
861758232
2493714986
84279963
196363236
2865822083
2659259418
210938747
1595570599
2731443208
166739404
321970500
3049649680
2779888071
383402885
324703084
2778394060
2896419437
410340877
1606720382
2799099579
2574967357
2981835569
966204836
702923482
2602445058
200960912
408065477
797588132
598771853
1557062892
359572064
2870018893
2832857289
2682875544
198615442
2360110850
2908709104
2904554663
2821196670
263822395
1478559576
273593767
1537426351
73992972
43003845
92144393
2443245524
18159470
21133007
18863815
158314798
2860605164
378380649
2195166907
35762475
27776098
2367911
2881236198
266766634
101617959
20120877
313087874
26327095
1623695712
2728770688
2921541585
1899167562
2347303297
2892496938
1075793270
2410893959
327740179
2930849537
2748341829
130991061
21219827
33597201
1669643900
21656811
2811662347
2228682327
85914167
2893900115
2574563087
557220865
1059772807
1524381276
344779704
1830950714
147282649
1592470765
308242964
2708162964
2830772946
457554412
375824298
2342553066
148481524
1048752410
918064591
2865737244
25268660
2214871987
16685316
545443555
2806265684
166613736
2393501568
1070021228
133166619
413487212
1601320225
2755522235
98328274
157140968
236699098
52551524
2211336355
114354410
113497466
17919972
483221989
2193064796
176566242
153694176
2471468142
1636030032
986888744
242174130
636416345
1170206431
1032487710
1143526158
405737232
2739314896
154590712
467048692
2347245076
1593991092
1704294067
2586206056
154280902
48177728
1607746986
2287401488
238143925
883034792
863186304
1009105268
209003577
1532931211
259435698
1115199271
277867310
891611312
363972381
872374136
158130723
58233603
73443014
79293791
143998235
153552047
259925559
288333760
740336334
113118958
489687630
262454289
29756339
23375688
155659213
