2725941483
1078663920
2737048726
192135286
3103394416
103726421
2380810466
2407473644
709058442
92953195
1260040832
2534374091
625760052
23758430
571878474
1100927498
1966507722
321271735
98362607
3152555834
74679662
333888813
39240673
461841349
372754427
42606652
18288362
18071358
36327407
19897138
5544032
442782547
15954704
588261604
85272486
444633346
29958928
38647512
240649814
6509832
2354523650
1056850669
134758540
37034483
161318053
15764283
41085467
36843988
4970411
6433472
487118986
7309052
108568373
813286
355989081
65597803
40076725
17588033
1652541
428333
5402612
6017542
742143
759251
14293310
3108351
14511951
1367531
51241574
5988062
15012486
5392522
14173315
612473
788524
2467791
28785486
807095
1672978062
143184696
2329361458
