1478394204
754716839448633344
16589206
710392346324639744
2883967719
4370961801
2288184907
36623980
24678286
19764555
3295217836
2188144670
2870750469
92551097
143837367
384936449
19893681
75372132
976131900
976497662
976629355
2463200455
2184489764
28348519
753286256927318017
422184091
3144626321
82960454
55841782
2935721475
199513809
710099003338268672
468432389
174263807
145961971
369189519
23577327
709863948686909441
68389262
248364347
4164932333
723076987229630464
4832848193
23742474
274931442
56189259
1157073446
2250530515
2249330958
1854465084
59013402
826846993
976838341
1580771017
462856853
62123765
741053695
1513382018
159992511
191111643
19908607
38281180
19232649
869894239
23443605
3348767561
2229399194
97170019
166192075
109581333
2425571623
485370684
2632248887
704652692891820032
712279876124987392
107017176
4194931107
4895411645
3135565264
961196275
2501559841
331632622
62829259
283640557
66336739
2574600343
79292795
138749160
320644276
4885803346
247489303
17591170
737189084007956480
3220549560
69015311
122356300
589843466
415871850
227080774
37896651
21754872
17752996
320668685
732515195038388224
3025757015
368923226
2253627168
21183747
1903382054
135379966
61733092
37212874
96224889
1107326988
587397179
3117643066
980847505
56174406
36108089
397914859
209176621
280738990
3072190684
1448731555
2186784500
18903309
3903331159
117521477
19544923
548437041
63670539
195659616
2410540098
333366997
2501296444
300952936
127460638
390027882
71229689
14569869
205941805
18739463
22906949
1142469860
2934211394
404097505
2394317406
166284293
2798468567
106078284
45435232
20947597
20226248
4103214737
4096198583
962012749
50643002
988900345
402595578
407804937
4504060216
3373682789
3446458032
113646161
3946279217
3332729856
27911944
15340816
3350570932
17427729
587676457
85794542
2941615343
15257790
3988754775
55270601
737202155216633856
1061441006
3187068707
1947727638
89755202
3164316909
413455366
716460743667933184
116760544
29308150
227450519
479049463
3378555383
1587456918
2421955603
1359158257
2703808074
557109609
2987859815
186804218
22782336
1336207892
2797521996
1895366173
17364358
2350931014
71333825
95732999
2475340538
357816281
2428796856
388243408
631113070
985201441
3131144855
3390838882
15912890
419520517
23452834
1638181740
109009420
34713362
3017527594
20758800
312537590
2166208436
1453946455
2162636353
3014292689
71019945
22029553
2704421318
2653613168
3448166968
1577442662
3110800479
2248872301
2359926157
56838279
718150263253635072
17629860
3396871601
2812768561
18975155
4785764884
2742205255
2915882934
76275203
1673257531
106118793
492285158
84837919
708315480545746944
166712218
24679473
407347022
50074161
29755074
2739348212
185306056
387959630
1114749018
56637351
124418093
173803619
14847675
252063857
3949228222
3046674915
327610367
3695647695
3320886334
4373218823
529266770
1282992704
121415484
715974918119227392
390263070
35288455
2983976812
32848749
3899497877
1149340585
297605205
44949890
3328854591
582071685
22146373
174646175
19654054
192623118
465973
20687139
12697592
4870122881
192156847
594056292
405077900
2905613225
3391901993
2279680844
3335490207
256935634
92251352
1241258612
16009410
2881186647
354197301
188849169
746986586
1944466748
722779008929243136
104969057
26507585
234709437
2772448424
2693060337
3413383582
281026900
20329672
2645602164
2638175274
2345338206
3337035190
16708360
4906451067
46628774
102818182
2182380701
353454162
300313052
514139724
363689741
712236511710875653
707828391706292224
3208482538
1522838066
621805442
257003374
214120999
3980985262
60886384
19388770
4266343779
3400228798
2953479461
4526392277
115141067
127557308
173154368
58521645
351730800
88153731
947523433
54515428
146603063
418697555
21397917
19016842
50748888
85294723
3090866177
3044552829
3664829175
2454463648
219399297
2998502517
73983499
233936972
81822917
265902729
589911910
471151645
475072758
3347556141
1410238076
2341914565
395231482
2459126750
14331898
587488667
4887795772
3419701053
124757874
3213078875
2480222672
1893679542
39079514
1973124205
3298227430
773436788
259285684
265398605
14460241
250780210
1702148870
4000865896
4734293837
2516124930
710225678
246344553
2870146648
60743126
2840628983
21337173
267522954
1367428447
4575944893
3230701559
987713078
2336761022
4248737173
759410527
2324083448
366397696
3080299061
3329207769
188314142
3099747527
66373363
2732865929
703398975139876864
3698857757
68741628
1425213703
4847687652
4904975769
28172574
2873698883
86080249
68148479
574541721
113948097
1588319964
19229473
19239587
2786122897
2578786465
22520698
2505187038
1079939923
2809356560
436644885
3130997705
137369125
50604513
331753394
1522526892
2984437816
1731933998
2747681008
182951867
2207074980
3077078097
460966881
1109452214
1513718124
1618838094
3092217927
1283648504
14845727
2496060042
769193641
1685708737
4756211659
497116433
104637487
228690260
106422945
132550643
169958904
138038823
3935566575
2571306416
399267662
194624073
23790749
124401722
3032156235
110176816
2276009684
2755302710
159226345
39124873
36630827
166551677
2824736594
580270752
2157439416
233679992
370711395
1113932371
1113920359
178026223
633788438
1618461726
798569024
388832900
2230459686
225815228
1345057806
1456475516
204438675
3522296363
2628361485
303862998
2809863870
1943575806
138497368
2508515744
1467682604
174364396
482164086
1924292797
385883178
79983391
481308864
224671374
21751582
1324209806
8720562
149992346
109056104
2569713702
457984599
3221243079
43511958
1119576175
104771227
3217116707
2726745380
1169909544
2742078001
2837666686
1048955845
2869547602
82594278
4846977731
3070273855
977820518
62143772
40704916
15584187
29245723
4853376333
2982549555
476234589
2938361703
418973945
3098060607
2978034947
22530257
371873378
171527442
3764543242
2923827221
279501453
51076040
90392933
216093338
86271989
253706517
3190199551
3922041493
2724603901
68347680
3587840777
1300189615
2440069710
319111668
215672681
4636570415
118460203
582684551
23965421
55805639
911347219
3238507791
63786611
2731459215
130977311
19716685
2386479765
334767152
454851026
508027700
3013386183
302038075
379050880
2348685392
135441822
2433573579
47459700
1278287142
1469295432
1063854666
2438522503
120103652
600936807
1851142015
1218403951
84813754
2653271653
3564681017
73623921
14585010
579329053
607591827
2778873567
1257599581
130115333
20719533
246222302
37523006
256015315
2415729313
630192510
581811498
26450469
227743942
313885927
453030125
20690398
60959527
412323112
116994659
4680239034
20002004
952364011
3287679715
429989117
123600583
1868678738
1417251
767730643
3379219385
149980029
186513136
179522915
2894554985
937466071
155649836
87786244
3026109106
2384469074
4234438523
2201362369
19232587
143779403
193313425
19964034
51023644
194543581
9204502
224653835
970852207
2902103777
40375589
90146016
334687601
1416094266
2866085249
14385329
631846768
368513087
3131591489
472830024
1412685446
567222795
11348282
255818437
1137227065
988853484
1893500400
79187745
3358654546
64474358
42950930
3654128967
388310543
488846355
103865085
21436960
17384099
226115727
988531724
40426996
397349361
552582271
1568499744
190198605
2677304461
20692386
627380042
3141582423
53998461
18189723
2673428779
140080129
1645561117
165425589
317646821
1292199480
85641140
351566345
3508175477
2264969914
551078919
1335932005
387259966
905784546
271010827
520449734
217749896
66401056
2591680224
31784030
235164203
68692575
293966763
374498138
180779476
97479037
882100777
414851320
3872351241
612672504
76644398
239548368
70796349
133363030
98845145
1065499148
274598056
128178316
2979773758
229045433
2294328252
41552732
171621197
115134484
588973447
392317014
425024405
17473694
22912871
100766356
36670025
780024367
911787835
4266997827
1693474219
125928028
524524821
4218712799
2507044406
221025260
1103426514
16500843
474698871
4164182920
2159970682
76966092
50425887
191069908
1281819840
8866282
1613018149
3137370390
189100457
4209872499
60877603
972693630
535269645
73593143
2192030256
2715411526
1910856158
78602972
518891781
2332206391
3401283695
4100489122
4185027039
2778871868
1332621613
3687664283
390886306
100855319
2917939811
364810202
2811227663
373538175
39871442
2718164052
43306157
64683174
117442705
252521025
504911709
47679441
2463404328
1006052036
63420653
780981931
91432615
70442867
172694825
215935472
220747094
47958542
92004949
45951703
276974151
36018499
87205530
3804812121
2919257502
305560674
95401304
409912530
899794140
2513029571
1320239634
177894542
359909279
30090289
3358560065
701858228
3349018007
3143510609
2429497027
546777114
3981855442
2458130270
74219748
1060001168
3815289561
98924112
3312370353
61524799
3645365235
19282280
3118628843
1568717095
28596803
65647594
38142380
491175292
420393876
50727454
28680544
43095041
266051385
44849839
485105616
3231160427
3169894708
435352625
3431330625
2756965823
1227916478
3208384941
323998361
1268333359
1326535494
3828597455
2458051544
27404391
319122617
45404490
2544335930
3004211085
2170957687
3327478637
82689908
21641427
126059855
3001318950
2978229974
1598644159
1582853809
378206995
220776068
111073483
2530589917
327206200
1550622756
83217998
2460079057
3229185765
2325950954
305192043
2709178268
149760844
2787276778
51042610
2290872542
15081182
478067141
628335375
631865146
424141332
1885475462
2365646844
2945959759
2976796559
360488971
75030709
117366399
613456182
813768752
889590577
841631425
835025280
847376136
1646217288
3329220077
2566535282
3357231525
2866121667
945931681
251113918
1000092960
870450067
879564451
16422358
3291215177
43876479
1270678909
1303819826
1969630836
2296202275
740042299
373591679
19903202
64643056
380648579
38630618
25049056
17571518
151106990
384800335
19489239
17469492
21114659
6134882
17990493
25067168
1994321
95048311
19486200
1310201424
1291825315
22917508
28995328
424403879
1021822392
1543344079
1049041352
3401314714
223554988
54542776
400810784
315128930
311297890
335683213
19780648
17022314
66349240
10933582
41591452
546667400
354247976
2192809501
1864191372
3064404057
2704857546
20982609
225857392
18720918
2483903944
33014441
2203677632
29165172
3008122042
36036999
6120542
214673436
3336799889
545116243
118053638
189948728
319268829
2354603203
125627909
172724837
256490340
20244985
223493163
2754243824
315104962
54525431
38724995
114783668
50587051
404066588
431509598
2882459559
359959450
34596733
265541795
3301954990
19040243
191958490
37068486
56679400
92773408
15774741
43328711
1408457989
791635
2658441312
814968864
767381952
19768990
1008629899
435161686
72968446
20224563
2202984493
84297665
563281155
2158549098
303937344
2764346511
3258504160
505128641
3056882171
2955155603
3003807303
592248104
2369117648
20766956
104674131
3339320505
2327579196
893834852
2991948728
1643909461
372562827
901537399
1123642628
49783954
2827812868
14784939
351758000
34274375
242855522
191803898
243547637
38720436
2726450549
3362016513
29695330
331658004
122448174
238200232
108541382
93917450
72646092
1380397004
2276485255
14869618
117089224
1323246924
60313223
85807445
216317712
23521853
147947496
36635667
2807919692
2992689970
1891593644
271407673
374500668
1074147517
3370624737
2508851051
1335599142
138889825
46156948
317583447
1961215519
2811286050
1024865137
50607986
375854213
2651443580
301523650
2739978119
72054184
335421367
2801698838
362035439
3002057294
202773634
2905586965
226662318
342011546
1965457579
21643958
1963114699
2148780209
3054506033
3095129086
127967449
3310663366
615135061
2505202274
3280133917
45557837
1430770668
3413670011
2527446426
381164388
1680126858
3355630360
3165910443
555854913
3399439972
820147838
2857662815
350838755
304266877
233468102
126740440
619348262
55190298
79173926
517669608
518075850
488132533
769267585
563626799
425217825
3063861971
2490439322
1682981294
613708346
2913769499
20944642
733617661
241123679
229782724
366634722
20358219
1889413764
2647053313
618300542
75974281
544517731
284602545
50374439
24447643
274649460
50393960
148305598
118351622
17062358
597279326
130134724
1389809382
3352632675
2351968045
600120263
87176850
630394998
555970601
823458433
754860710
51185757
137099503
169426475
2292454922
242704372
2822756380
2854823584
2870751675
2762688664
2890679800
56653728
2885720897
2759678914
269954983
2305462266
2174288930
2900486290
1884150769
2724208526
309055666
2894509683
958836020
1432865034
3299323031
532704535
1933552705
1611698954
1183108200
172267021
19396648
61203418
216871083
376424845
954178848
143016988
93601153
36247903
20982151
16557472
1634959669
93858456
2617008482
2292717529
399156475
3042790149
17152053
250604118
166714080
29697325
18918939
94680511
318489159
292927415
249812910
2493246408
191789666
60741791
503955524
418109191
347146152
2317952330
254711055
130138925
59440137
3291321552
869912514
14795444
83638901
233918728
32417875
45840503
1976143068
202529252
54449062
3040586373
493284199
23123622
3327136402
461818086
3080511838
1272947498
36711363
16126957
1680994094
363606801
2688004247
299206846
1227841561
154838894
2872051948
103715601
3285593010
255555288
18907301
317693123
447790922
269842666
2902446154
19397785
355537379
846906536
903985238
273468342
1626294277
100550054
24401061
895234316
518294616
18774246
15070980
2370912601
322670538
18895192
227937965
368032559
1454003245
94628304
339625530
2783928702
1384230013
90628610
2291113370
584445875
19742143
19111767
75896448
3158430271
453252817
2354158484
236341020
180280085
66294319
1103558480
352236212
321865327
184803057
69258394
915323018
96850006
150648240
100597763
121645977
139691796
537960230
182043397
435320728
336110895
172024653
484736970
341633612
192905558
1058994655
364780491
241676711
1205617447
479982742
413803642
16927932
1296620989
1234889431
74677314
419688400
930040429
479811984
466301187
281480151
1633343066
220604600
788371586
133269441
351415646
413005864
164259878
69515548
185691744
19636850
123555587
90324876
464110034
293549404
165338054
62468343
21346370
586051809
193759382
85497712
441212571
360926693
116511372
414810221
132191265
461421839
566273875
627331618
52357982
137206854
63882558
461176448
468249929
142740272
22555984
3082499172
2692250382
200080581
1192669820
1524426252
586015709
270569708
81719888
2887077099
344094670
211165765
61781260
19977759
33300246
18874097
25251018
102107018
401977837
869727206
2736632025
49804228
471293861
53445274
2835617326
3082325184
3019681239
1044661212
2439846342
38650550
19533817
111349115
2346524875
2836060511
18736221
494306386
54249845
2489391388
213223080
3383605503
2965043212
53757167
2383797895
2682105606
3325079295
470573336
2891515377
19401532
408587321
312097769
135935320
112398730
17922098
125671517
21796484
19290942
43298395
137341360
137637703
57368113
84555566
22800299
3032286119
26461339
29442313
170730420
109525104
105086878
2953233739
304936858
137041926
325432876
19179724
1680599503
159126438
459587081
38576013
133380580
318944945
43385867
15713489
3254710077
2606556046
243318995
7589572
246941871
815306454
16558943
160573474
175711277
719739980
57040227
72899640
203253919
1545560610
2820262990
458966079
293546473
2873030134
312577484
469263260
3252153683
1120186334
21673946
21290809
128370270
896260094
57661046
295793175
2960131810
157981564
20672100
36329597
489752789
241877070
2464807905
389441376
733681478
3365804086
3092414129
632104194
14560487
32360913
21496838
368711188
183707120
2222961211
19534873
19811190
10228272
2786816568
3349318391
2916517197
320790659
13270
98583506
217605071
3138338070
27485335
1349082427
359598616
68690605
262817941
561518048
166301200
44575167
40879169
3568411
2680336646
118065669
328440716
3248003890
1052616420
1125937411
2343777133
569194033
1116605510
319212134
1410723450
1656413190
3332349958
112166465
309705905
182493733
81305054
255682490
323685364
1324190474
84704680
2874417591
20449585
1517373367
50746928
383951691
18721073
1113836640
46358463
305545423
3131011739
3346442313
19925839
410043283
17776744
18020011
15559134
33459116
22756830
19834221
20155652
2461075736
3039183543
84125491
44874400
3065675733
2680125943
3097866159
1911068461
80606026
107540002
18904582
41118393
1568105364
2365123312
326923924
377312917
141080858
17159441
2886658179
317173156
2911126348
524641229
2861686598
2439805694
18623527
3245179401
2785949082
549602180
15987393
107029948
781296848
34729380
3251187941
1156586466
484197914
16139649
3157003525
332792979
366329677
20752106
568011741
621162834
299591843
3110855320
19061720
339697820
1426454995
3234132223
313996724
21110473
29111590
19050314
2186062965
406191376
3189914117
3157936122
272175633
86695935
1911103357
3304299880
119644401
2629217704
2223592112
349901114
1305737952
1276270050
516757783
26230231
3027314961
2818183231
2615225041
40878868
89726963
125370749
15778426
57333022
20445725
221350037
334602996
722291904
124690469
148870751
188656529
134812919
2274835668
823044884
272346778
467152181
80043213
1784991
248868797
431673892
2515619605
443779677
2338584960
277120302
3226238609
117777690
538004194
2172235039
64322878
359618576
2723983835
1734756686
22941794
75742264
1976070637
15066876
309063652
253536357
208442526
362986008
369131225
3243397089
400086050
27830610
343961846
92943533
22046686
247365368
235354536
714564630
2925246563
461827669
218817724
44084579
294348604
569519754
1311688130
313242413
3091378637
22423611
19553548
522159892
2374133748
47647570
295366310
19256096
1497949304
182064555
366330233
1431686082
366672743
2583758533
2920073996
25537232
2974562080
3066003765
210556794
3169298822
239295541
425886052
3228937691
3088303481
62014896
126278129
326665662
3024767848
447518314
1222081195
2589750691
52268679
2836999594
504601602
2985913181
2623858099
746978280
3128449070
222853245
263244696
2937003928
64779539
20973388
15173361
1952093857
19651183
109669470
22159580
1387596289
2537643737
1029073418
108587399
595555642
976273940
190363547
2714511624
416334247
920761550
300821251
437140715
932652996
111631534
387562192
72520597
24691376
421112102
108392679
1112300881
90804267
12804422
15057943
352372793
239313282
17185109
22127667
25311070
21298320
151532036
255903064
20439102
20596231
18807671
57051476
19702113
89211580
300762634
19659316
24449616
253234114
91673645
2507557358
960385638
980612994
164641631
147491390
858275990
317781535
238507280
926139738
18018806
857001662
390628590
2846298737
3082342090
2834033225
22353416
318448440
525005120
3298992591
88621782
360173263
123694443
1244628656
15288851
349098695
83567424
61731614
17159361
70985635
221574668
1417840321
1295328858
552450278
441779125
1136650447
303642405
621052501
126371828
2779389582
3000996340
72841956
16596200
2593852866
18550608
43077689
11945992
10869022
306956219
2892639147
3234829756
1920286645
2616078570
3292973933
980699918
2789505515
324336650
14810076
122994639
315797677
73857275
1472528978
20763851
1225696320
14700316
69231187
14499829
14159148
92242991
588666492
596893898
1115148079
527526077
15467944
17647191
2525579803
124149414
221122208
407063436
2535776109
342822563
2565960804
569901657
2497922608
2607123872
707372036
40661214
721567968
278583497
55080321
19723342
261732527
500704345
24882328
20426939
621533
92943741
1147740474
36132639
473700448
76972169
145664482
438187994
2385079242
19914329
24859220
403488296
19980947
1096210890
3066276107
279502731
2438762940
102958885
362939921
2150530628
348420346
53887085
295089111
24764773
14450739
112560821
3241872345
2865020757
2803970264
2780451658
3185507792
2917554232
783033391
319659925
56424516
2261776322
2994052241
499187808
999608719
3052853477
2327654917
157997359
1586704147
2914527363
2870267489
204864531
40259056
3231270424
231810392
2874198561
51344412
39536151
66774405
25097735
95785319
3245275252
395345906
15134277
125179654
2324878491
18541636
235229140
160952087
20678866
1642820522
26366459
14281853
26461381
2303477106
2802195142
63196333
16528461
60865422
62759300
23760251
95229500
15821039
3056806587
247378651
8170292
22812734
20543416
61183568
14190551
20609518
231286229
1638828828
177143073
2726242453
18737059
115141473
14049061
140118545
621293284
420780462
3115678678
2575305639
3144283277
3095204387
376267732
19017675
103065157
57319680
47331384
38709313
90453400
74688411
16543454
19255050
19396413
17632266
27613071
14811775
74117081
54181547
2292488509
87155425
32126283
11294522
143390302
2963232939
217498355
345295356
20407644
3208829746
3030176737
80685646
2589646512
3085835595
2445809510
136004952
3152255205
6539112
23581211
22473844
47636400
424127411
74692745
14138785
110170447
234447761
19709510
148714212
17038090
2464438418
34592271
16133530
2348215314
845786930
83814679
43623294
240339489
358191676
158479424
157299529
478559402
98729760
3065954537
485590773
1720489850
2482391761
3095283904
78588817
130641462
125524036
25080738
823905
397998902
301309392
217750417
155568211
715124802
179560864
4012161
1197211220
19719076
14869414
876452180
831988411
349638947
1548159349
27860681
25098482
41363024
17870719
497862799
2550843704
14385336
17120611
19983221
15947602
250734768
501715631
347704988
90637780
2553151
1655302574
30257834
15143478
19658826
796111807
291514311
2160732810
2313733406
1904655540
2372173141
2381981054
307252924
2451939146
267105975
34937173
2517978044
133236790
65327819
454095118
266094415
66967746
127503320
759251
102707504
6107422
378816584
368318249
80096994
208019751
21925346
280964527
270426642
19084496
237210654
19661994
19360351
21996576
608352909
1141034970
125278484
94111112
22182504
31100650
16568227
22009731
21581503
32365283
17939037
1437053400
348392970
1303530595
5225991
35749264
137645230
19066345
531747099
155860990
171404842
45576176
567066601
1228102916
1181778944
20399716
1544159024
210827388
2282016398
1445777702
1953858199
92529293
1904761490
1578025410
1201864435
24383496
2328593431
1880394354
281569534
370626746
876194101
44854493
55622855
423590219
25984418
345584263
15318242
14073022
221702605
19530134
20699709
15370362
18887526
19544904
23602600
621563
24907913
27847455
950249762
348974190
15559763
48289662
33474655
65661019
143478208
23056885
39263607
17898494
2467791
138037459
117060803
89494940
130456459
10933632
335798015
384388286
2097571
80588808
17481977
40015678
14157134
788524
274569960
742143
16343974
21857067
807095
14700117
87818409
382527632
14790966
36042554
76351820
14353202
21866939
219275799
6705042
1652541
14224719
5402612
14871898
10810102
4898091
5988062
87416722
15438913
160926944
14123751
6467332
612473
7587032
21744554
771827406
