172858784
2324671124
60610778
358903351
737719829579345920
738080573365702657
355317429
160952087
66710042
17451841
365086985
3389573903
453030125
122448174
42389136
16228398
1633560414
423658186
65045121
219041453
16974993
2891759425
22162854
349803020
47481357
49267889
3455796672
158504581
17985482
502442856
14700117
89887215
70707457
513872434
101798589
32922642
18228898
18562122
47451496
2180202369
28453669
371466354
32294529
489475164
65336484
883421593
15872716
310424310
164554364
165743260
18584210
84957890
302971361
2301675037
14125897
214622133
708895200727334912
35221731
11347122
375869113
21792170
412008580
514929653
16469505
930178296
73797943
257234051
20508720
34592531
32522323
712786914273660928
7573442
54661743
3041056268
4662575473
23912819
734138576485502977
51451083
2188860223
431932157
18363392
38225778
25383781
2849102111
131497030
291189651
705204465930887168
496440884
18581705
4785764884
102178242
228865063
15012486
14669951
119972954
149249831
277261996
3021970719
23245909
31532083
22975495
246599348
3291753758
16600574
4872555615
1665298740
596661417
562456722
4796005523
4073671214
369232105
4518870555
1613223313
3093573484
20742461
32780218
17011177
42352386
19086859
48012011
38413836
130945778
367873443
16249394
16721061
2285311688
787373558
612057704
2400901568
3394741149
3309654696
543780273
3120700223
47455112
111121710
17501295
174110843
4852896717
50149303
345902633
18967418
2273872578
185768634
712010865021571072
27058591
47475039
104299137
51426896
3893195542
425462839
18018355
2881295272
20744708
26993825
5943622
49986034
64088396
97780931
14099695
2853815035
2893418415
2176191584
4920951377
725101273134075904
725177847594270722
364029477
2795404498
580847938
16007460
191477653
101334380
376364316
716972670571716609
2338340929
183958809
27538881
3932000235
424511268
195030017
73206956
18655567
324545938
465700933
71048726
18743915
17156932
4228770033
3919654222
25495787
17409240
15113565
31310158
19611483
54885400
10126672
8775672
66369181
369245377
21637503
16742806
7912512
38477209
73238146
73181712
369505837
22523091
61349124
706990010042601473
717715502190174209
124003770
545305702
711823841274830849
232483995
38254095
18298094
32871086
238319766
4055946196
23754278
2557276022
2568992936
2570541021
2578842660
2582983692
423804754
11680962
15467700
467774585
74712538
19562228
20015311
500042487
274119641
492399548
6427882
57097104
544517731
1198406491
284602545
18052474
234053160
36823
14655868
15335534
459872442
49715850
74211907
3065753301
3290070855
3333055535
20616741
454100672
221298491
22699560
721945274449399809
14761935
173908484
136655165
598292943
22086608
15182798
14230524
137063147
476315898
70144495
731167584
4739088137
16378093
50374439
20609518
289118612
46564642
15727317
387531939
79923701
12096202
14849562
46525604
16259251
280983272
3192216007
2570615502
15153843
72198806
86359331
324455870
293711508
372579816
39421059
723175496
119539314
290319629
3309139560
207750276
18220818
56838529
1211852089
245424983
337921759
23077023
128044351
928829323
291814511
22720093
258900199
2593708296
15461733
112818592
1135388684
164007407
3060489838
105560705
25872911
15141153
59702598
1318840760
3431718874
341073423
58502462
58915476
894292836
24544452
21212087
118245138
44688778
377778216
15159913
15730467
17397880
702147673651027968
14513611
16583468
580312540
259943801
58964788
17050748
12811952
1861751828
138168339
2314055840
2966970788
45645232
1563164448
163984564
16459415
1086603308
1713118033
31128529
116505994
217326533
17086475
15220768
21844854
1697954779
3041355094
48357731
113349253
288755234
53929374
3151723815
4716771259
31127446
324962560
872748295
702898128823963648
26028780
3150098774
234841262
20121575
406402277
17211727
103130238
23908002
281765208
34713362
44828614
22139417
22182923
1475168784
424370015
183399304
16582131
43383705
14690078
4187444843
20715936
270068926
165185776
2521541502
351754528
42809339
17147223
63136498
14790524
823738296
9763482
16868756
2991368880
3907341980
49285444
47296192
796261392
17756037
2937516482
180897456
778798705
21111883
15754851
586853452
242836537
36169080
144927376
65272235
32411838
19165963
3150687218
115710058
16017159
3406500304
26548315
573788425
1330404805
18277208
21628223
242992653
131596986
2274942961
14146966
4176516076
143853190
338608917
30261067
1656958189
2165395147
21457205
1161879818
24002724
21867341
1712960918
21447363
2269619268
2193259544
19546942
16209626
3426768574
714973048185552897
59788234
3743652503
253719364
785460690
1023020557
23394667
603025587
88376643
94154691
2308265716
335740776
122567822
17237253
15446551
875390904
232851192
21757965
18538833
2451326491
73050826
49021031
384445331
436314047
64349555
257180565
3920426061
720902978
2566124461
4650885269
53128486
49656209
361569788
946549322
2293940731
4847187136
230891509
3207624605
3153048404
3223625856
3149579266
3154160697
3382470375
3161132279
3314649205
3406193625
14548098
953173152
1566650000
1543986138
2289770467
19052834
47385801
196802928
837561853
2310662821
149751818
205843109
4434221542
260674089
789244177
205299497
419285525
16170253
499073990
546247295
18924291
1039121
3167058077
24024778
126722715
583127113
22064255
26063171
1581289837
4813986674
33537967
61863728
133832049
140981163
26564529
3058865345
703806789876207616
3086875936
309422920
31403779
3187175946
4833128677
29679790
16444544
19052381
317439395
1614054846
42261611
25341604
29995782
1210022401
15939889
27391292
14466538
2830022882
558093419
2214984592
23005470
23696533
1604931252
3037243165
1621269175
2890516759
3541476679
143872695
16721452
14185317
12004852
4794182534
4850192153
188793260
21111896
1531833024
337985000
80207844
293227742
81185073
531864926
19608297
149283816
16050065
362314911
328679423
1058520120
272004287
22771961
711359422883233793
14432658
297191567
4832734925
3065966919
3056090573
3889655952
3330164391
3231942716
4917092018
26604509
3031746741
3215160807
1604954443
17090710
2412949568
705423560089563137
2695663285
14190948
710293568984723457
3089024884
604940737
15368065
708072909114318848
106907161
72892399
1967216306
3863605355
1714431205
142930878
327680992
19834403
3384912719
532779460
34139680
4890120460
7841652
48120914
1455678973
2940964728
817113
315331161
33938700
337808606
43963249
325830217
26070572
865003854
918169628
27132546
243731054
160596522
16815644
231510077
331317907
78776348
45671898
2667470454
44988185
2229273212
16074889
25110374
15404472
153218852
2723153944
2377977842
3349433536
1053236226
26874124
327577091
130496027
13493302
44864385
37774152
14854961
15537302
64001145
780353047
700850673504522240
18587457
65647594
227837742
344824686
309354920
489243839
134911751
3231138109
162436508
19608273
21348880
15463671
266830495
295665805
43996908
221327667
902971052
1013785220
84126644
14434063
20182089
2317351705
37710752
316389142
3039929661
12897402
1518019460
2880236897
1716581
408051296
7313362
26020293
148868920
4311393022
133880286
2956105127
43799031
104701452
19308529
48807945
87109898
3153357197
315577705
2608302020
2794535639
3647060906
171968009
1291770157
16827148
193365375
26165922
117876714
16491569
297690193
4549791867
170296342
716813053
785756168
961710014
3199425676
20562637
135575282
29450962
398959859
19831323
2865992597
634676291
125724234
4877191041
66914769
22879254
17167572
2704863679
216669640
2686640648
241674327
3033441051
22294757
34486293
253860949
128476237
76807968
580130219
21868866
30284449
932429773
90655300
722630419
16631024
2491964094
130936537
1556620338
850341738
83398512
1173685621
237845487
17763819
3880198877
2752677905
46213956
227373977
16329577
24909624
111141045
1111940934
155784594
937367178
499887988
18351721
63160617
580857186
2813171846
3302636194
16157204
78161129
21982720
3061734398
1281519512
4585971972
332304361
134162047
366229034
32731611
87785659
14485447
248836405
32314966
1895637186
22099802
25564023
322874617
73307828
2871899817
3505437800
498402567
15400962
23803056
903015312
4327242015
17164664
3008913329
374165464
329525509
2841747221
2308082865
55334133
90091421
48520727
550708707
51259550
4830593062
85131054
33235771
76999647
30231573
165665367
22330739
59331128
268261327
19886160
532531457
701785700908269568
65159344
28602948
24195214
31463652
242597627
132553024
14007532
135173872
253364452
4825402078
4149690013
1735969045
22891156
19007693
612832554
239949176
28627577
2679891896
256349962
336851461
14997156
3232054991
27026371
33435693
242601373
53090314
21696279
32189132
1052893591
1684222141
617825073
46822887
15726077
2280037440
39979971
535932676
26877811
1473779814
106962822
44196397
2485456808
95094652
207609111
379754341
31239408
33310366
534494917
22799750
20068679
16051471
299790272
126629610
264833204
1385920939
1972989888
3236446039
479562736
34643610
241201438
334715818
39000115
2922928743
21431618
65707359
75069067
302628587
258885469
61602076
344687656
12272322
184136149
2241546788
3497941
2332617303
124763921
71569841
292505409
19568591
42995067
300642262
32921077
146836304
146160591
531561605
34793170
113061485
19362341
44618911
110827653
4353841283
86886026
16244449
324169263
714973730
4826268304
565469671
263879706
6751172
428328096
300354212
1513958744
3071251042
29417304
49548023
259420367
3188226642
49049279
30313925
19107878
13748672
21879831
34012907
18320938
843863647
4926149695
18082945
12670512
3269091415
296571098
40152529
167518667
4283343199
199606534
364501819
227095732
3893210375
3136161212
97474887
19940085
860530914
22331129
175434906
16160943
214246330
139924712
2840915387
438561525
21339555
190787830
21461944
16438494
16563015
36890646
3320557224
33879063
21268897
22454663
49698134
1301608392
4579781073
1586804930
4211625232
60919240
124239018
139823781
2414913756
211588974
248884036
126223865
60841112
23608092
341335599
17924258
2811455407
15862440
2788049986
21750185
1071777608
3254866206
36835532
23636341
14706877
23031094
20476151
23819676
550253258
32820396
42731860
606907410
19088288
21814305
8431652
4700354069
35391464
139184646
3111889034
262223982
18982396
64302962
980611
3217694460
2523313824
562670376
14187071
15893116
246220722
2240756971
15976705
382370203
18459548
211181482
22737278
3065900255
464854610
18464266
286680865
942422990
53503202
33545336
21316253
157099071
21461995
16209123
41984111
230450027
630321272
26186655
214615758
2413996628
3070366039
14529929
353280849
2357252378
33276161
15492359
50393960
117662694
11489
22151193
20065936
9207632
72831048
15104164
42063805
3422796922
4441401507
377011275
154595919
2756720878
304543512
288530605
164772346
22677427
1861887355
1546412148
1596471534
1658084096
1510918164
2347049341
2303751216
357606935
4028048473
346364970
370706157
123749721
28183933
27978179
31939866
47964412
2359926157
968377092
175098387
336445332
188006067
443215941
29442313
1536791610
13112582
37072821
302527616
120236641
115643685
62513246
92450951
1660468830
32589145
3001802343
496223313
2934384588
35474809
13557972
7334402
2591662076
2196201139
970207298
36108089
89787662
16681542
22587869
25333609
5695632
76979789
119771348
121887978
36412963
2983890130
376920145
70915740
1151607000
49800332
115750973
147649517
16082787
398239057
28706024
14824849
77329593
19426551
238862918
16172991
414488432
23588075
21705181
13058232
95023423
242288569
166624682
21144947
50073507
369238541
35903137
389841834
15007149
76348185
17798031
939922981
16006592
19296037
50627981
250386727
325340909
352145373
888650520
76027332
16153562
14688489
259379883
851711263
3108351
23839835
16711026
16973333
15766082
23685118
20414217
482133423
21307076
1344951
972651
47855979
249722522
308233424
13850422
19077091
242850876
221969181
302881437
24773177
487642650
519332561
1000507968
22012091
93111391
18029781
14676022
322603418
39609732
519076313
329443994
16795628
21134093
990627116
615318971
17258301
294728278
24797315
18949452
360285166
64621630
14345062
70340051
19058681
523439793
14920785
86044152
444819440
272642804
67719573
520157881
297532865
849169945
17093617
104446737
23255247
146644080
14993272
264231189
28837388
1604640828
18382184
17686959
338355113
20402945
28654816
21768766
29695330
204830272
43815496
53019309
340613443
8953122
15466386
115485051
2330771641
17469289
44873497
32522055
279358548
102873922
93419194
168759825
22940219
1439820774
904860181
1571317760
1073947542
294991606
235475262
83346026
26096444
1659156038
78648493
23083404
12354832
93957809
38271276
34341362
2342596081
248270337
85243004
250713094
34565395
71907621
564947096
321774180
46176168
42540510
71715641
207717110
22642788
180463340
21036497
50746928
20322929
22227307
21717987
18916432
1950378002
113412625
1251828655
14413466
1881355532
14700316
237248191
250247983
26495702
59145948
17426310
63013144
16409683
10228272
88539966
123327472
128763579
228015335
27124758
7848802
637313893
138409823
375405313
231094495
275190051
350336411
115563859
45564482
91951727
243291022
61220477
20221159
15846407
19397785
183876837
343327974
2422179284
597896605
114779087
868856461
212808638
46272805
1868998410
421466662
29465136
334984455
16074930
426578718
47448886
152454076
2332794877
7587032
130834357
2571704037
101445000
32283017
2442381762
49342507
361005092
215369411
213662269
32327154
136325306
628261951
202622031
49573859
16922689
36054262
450582237
242653461
607622157
205864193
1286312880
44134773
19697415
158414847
5513002
595515713
45617221
70009161
14123683
54320038
456046583
16698389
28117048
46003622
16820569
91381345
17325090
21012092
19195460
20480549
296427730
27698202
346169795
20606095
1362621042
1342880923
62383743
5402612
1652541
229075545
380648579
16645321
829797714
1900694785
15049826
14377605
15922214
131144091
47462001
44177383
340333435
388513351
1135399020
61409422
836562037
342484581
227035102
862525724
22295962
2285913601
91713348
80415454
2187552628
113180383
1145454884
1662966852
25781141
244746802
2254857197
1879548708
1914640993
58369929
99369025
2163869886
345154025
32671625
550532198
20728008
166364464
558251172
1512100374
195826487
1947301
356885109
325265073
16012783
179732982
1377719425
453319164
19674502
92394644
1615463502
121208305
16228479
18320874
92079350
114497182
16581604
164412502
114547989
259395895
20772763
15458694
874916178
767
4898091
5988062
16589206
16076032
15164565
24165761
41207820
423631401
37477697
168674628
26914870
618441662
17471979
57779415
18909502
142977623
565248659
14589119
242444091
531337455
180471019
1363911882
361342191
228554424
71695172
176315353
264192601
254186356
15808765
403089984
1698130099
1242803587
1481098070
302076570
21524655
58528137
14213413
143257853
2232005612
148529707
550612446
74508260
15764644
16789970
21220931
115979444
352548417
1115348904
20608910
89820928
11856892
355906128
926536159
108617810
345556628
882273144
27754737
49412379
22465989
21964694
21874364
26822709
168818394
121594383
104234804
47554499
74338355
390070248
16005114
128174162
258873196
739989793
266154807
39458744
1347253039
14518260
80895456
210399196
18674590
235784026
16406120
254566067
203378066
622899124
94410277
1439157476
448237360
164072355
88861803
782270054
1567297621
23854223
1898294118
1174505832
24655343
1280788698
291336460
50863024
221107945
38983903
1273373016
33213714
23646953
14745294
211724324
73828637
1204171
57811254
1656086203
323253870
14173315
55705976
17409753
121909919
581001305
546477901
77853875
361437624
39387450
55388358
44644109
70782161
193146881
17167494
15931637
279390533
17243582
139500494
54464635
185953214
92604283
491402003
28310737
350545629
25920303
272398543
1258470998
1689184105
17877245
20455625
348403037
602080150
18622869
34310801
10615232
14293310
2467791
17074440
71294756
11640472
9300262
14246001
18170896
759251
843290209
242944499
86129724
22509548
315135991
17291393
1330457336
18227519
21619519
152301139
1877831
247334603
500704345
17006157
69181624
41814169
103081202
30364057
9624742
1707321486
832190868
70302344
1404590618
130617778
4207961
103065157
113420831
244655353
16303106
51241574
14224719
807095
35436391
909028752
153004670
19394188
16160352
122258041
78187268
502281810
90420314
17220934
26053643
47438401
91180720
48802204
15224867
216299334
158426909
35940348
1733421907
50325797
158658574
16017475
16129920
409486555
1093090866
757303975
813286
19434204
1339835893
742143
428333
116024827
