20418832
2377919005
45609049
407834393
23282213
4099171
1710736904
1575902725
273657499
35990109
3327720838
16541021
586136477
47216804
15846407
25365536
763440894
2934945155
396991160
18262639
1281223296
316389142
15642209
143192279
504321786
44812313
250831586
2987451199
20278758
711663084650287105
2904533564
237890582
46499681
80604718
2871401817
2330774642
4706398634
114035804
238782335
396890131
1357159152
166215202
612750924
57107167
134923928
3178364748
834316544
16151010
254333914
4115162254
233602171
245551982
622493
718495181914316801
75974281
2457590807
304679484
2409588188
436266454
2346970694
464973611
1647304556
611105637
219144430
2893435432
17602896
2832524851
765344342
15847618
547289837
29650544
5695632
2970849671
32273826
2198405612
1615255508
411017976
405423693
540477842
103920350
2569261434
207588053
300548556
618891562
17837463
20108560
734866610
17525171
4306123092
51564922
951521490
26053643
34036028
20208660
29294947
36467493
53338746
407516846
117884308
2897938046
276520075
184947207
2162359654
370122409
21355332
28144741
42662397
624056226
55364459
19870967
59043141
58023319
998513647
25009961
88824652
80921082
17877391
19666861
38678666
148993572
14992785
17771425
18216888
15343682
1373806026
16863932
19325609
1415508210
17187186
18927441
394216985
329313503
436171805
28409795
35629382
17937213
2651517961
614623794
26869655
218570999
1599382622
4437787999
4625687418
21132877
3379208405
3355313961
2890222107
229219088
258483856
2218546924
2439032786
568491898
3723833237
1445510138
2790252560
2582924202
75947558
701615052
583169359
305891808
391037985
2715115656
361270172
47285504
47786101
3063032281
580097412
35377943
15877164
75097609
1079713159
3098753514
561624223
89503894
2717254872
36850898
120689778
260674089
18173624
15687962
191561031
22490294
387604235
1033361648
1139216256
2896294831
2760416706
1635398503
47816452
234971933
1157789744
2925162764
20012204
25589776
111556701
26398660
20097100
115520925
1339835893
18827700
1551678024
21677586
1395644130
2200578367
3041888764
2601226496
2889796426
71428459
275293914
1246268834
3016309322
631577561
322776926
15270559
314159887
395795159
3031851589
39706984
2883841
22083910
20015311
2496119934
1873849255
68707062
123457006
2815216354
19329393
1209342523
1558589202
1626143628
547183624
1971577826
2165352992
2758683026
42721371
1144686726
539233140
46337023
29682953
202585336
465892041
1358665352
2296670852
433751394
57637755
1209309782
26536426
23546586
23621780
51874632
449585732
1200542178
108371694
2334260779
1472890225
2305914547
15412376
14604779
17446621
16312576
20632528
14022672
17783278
19852483
300351053
235062309
304669638
125173659
22179571
71706534
302974524
156431436
88092937
219117141
338596872
228822613
1065949825
25209206
48222215
2166543823
58834557
58748818
265554862
383044849
59199168
1939017829
18470958
19538986
361564025
73443014
264498030
18993601
58233603
