254828810
751596230908665856
734139849922465792
108471631
725295042013872128
1077414290
17258301
743601656097443840
2960196001
23746411
37220746
1917542490
757647993638182916
71625544
1442476447
277261996
84958161
807531732
47716888
247844554
3344005587
387802929
361544166
3103583472
4874887923
860687102
117104543
20594278
47630337
447406418
49966935
16896548
4126237583
48293556
21572898
1304410718
45871580
744194214
4642671982
3356526207
4694417744
2233525334
65401126
25822421
37131103
38616611
3270358028
51813493
718138956911656961
757032370373484544
961476368
2775892105
4177347678
19691135
2991854545
81705720
726151048151191552
574536155
740965468127830016
21474305
743158468073263105
3251305226
740710632769654784
797421582
53503202
3087796935
303940308
754751390300319744
728930346109181952
2528590273
469107911
732767937170284544
2332055875
774497162
27355545
2299663596
755024857373474816
3676507156
16649336
2899783733
1173765506
50936590
1422241538
2753807133
733872607100055552
32871086
4852337032
489475164
396706815
308206380
16474992
708273287978164224
2446411267
267335272
3436790726
755227110654873601
4825957170
249997262
767862828
57755615
277354109
322802128
22162854
4874896845
4573093401
2822640558
725330619320930304
1923742562
289963138
1423118240
3052884712
719375446748504072
793199797
291774022
34023470
32206125
737717173754290176
486359270
17787826
296674343
15054012
4905757104
3164266630
1582072040
4857438269
709880334280560640
86644028
750491087085723648
407807940
737842588732919809
14007532
726616624527212546
39246787
745827534244352000
116264391
86617755
118048366
232330159
4812778686
1342016096
14746731
994053811
923964859
1441673053
2432221788
4097985741
712734180275265536
740955539354603520
595665351
124868958
381666934
2792672981
3033373621
403667375
47467614
4764953297
1961510335
542947234
589606816
22084332
415381836
429914633
3237109164
3070270996
127623510
716202792491220993
275714700
203650771
3241924811
4870478255
4650885269
67169191
3012462963
372497412
106331667
2379615913
53105686
56625292
1888217911
1934787661
72627052
734040021053898753
25195591
313495039
26448014
22165261
1934992172
14146966
726984148229971968
16452136
1659156038
22312331
3473549662
115563859
30726383
2892944791
33721957
131745190
1195684554
19038210
28938202
4065475151
40943685
3150687218
138168339
2245899935
33951948
23132135
80111837
705509322856468480
242991940
15538804
3383175081
4476084275
2389984039
720048672801701888
142081532
84685398
33879063
2633778800
4753851480
16801243
4440203236
40874240
84759456
751630722297892864
2892976359
20964739
18644313
2646690067
4771580661
4092379467
48128080
49800332
2772258532
470792609
745281528146497536
444054117
45270329
424392856
622024793
748946826972332034
295225623
3420813371
353672532
25571493
4256842251
16742806
391785748
2788972943
200666467
1157143663
442593662
4647876373
703615920
20115368
16075327
55948054
16744260
234186830
17688491
1917731
17217502
710959152168902656
45079860
524024759
733156652715675648
18907301
714419097262538752
302991001
125752774
2686562168
4877208435
120108428
2823929267
2914487847
88186757
724047241862766592
2226140491
17756037
703738045984591873
2345891000
18876259
862716120
35841335
22837004
2736039738
3697637595
710375905873494016
312228522
2904428957
728370479665315840
21822121
710903894348578817
72169114
1112961794
807095
17995409
393855734
3025052073
324813426
556340189
167760471
16163955
982995216
4899610029
299929232
714482749122347008
726872852968931328
321767799
4835463215
22970364
481762079
713091735140708352
1951862624
907376150
4281574153
2871899817
204538077
164554364
117450444
61734492
3160110589
380919448
711836609876856832
63237178
176860312
706568541353283585
4822119385
494837281
747457993063731200
719003629265547264
62439819
526827494
16028985
727749427318886401
728425654358704129
737457147009630208
720424925681438722
727558548540956672
1246900826
4329560965
983215267
727875273585086465
2876711739
3266623945
22873947
69610369
292594517
169631598
28654816
2373857028
316788501
4702245870
3586132399
62437744
543452426
1016316932
2566165214
2990513860
708282547487318016
15545122
6794172
3892714043
15138844
729370090022576128
3019385613
260718880
195019820
4077013648
583190908
726510266486280192
738668414269575168
3396143585
3385951406
3315764499
715341308940910596
3188866297
2267700079
26215019
2498397335
130851044
281055314
3420477195
737262062
21027387
970207298
26350255
2575523881
275714825
733437157591781377
854724680
338298739
3233236457
397052586
216314600
4803435259
389841834
170404126
737090258328752128
33558181
4437233895
735172264178688000
2905749286
732229531382259712
554758945
724677137802756096
325164172
2746525580
363275073
2514045312
275743098
128429068
720281941908463616
892848180
143663678
17012824
102183152
1703229200
324586504
2970873111
2190334998
17721912
128414115
717358812336750593
2948622017
220824996
60841112
721709616
36311109
735281631208968192
297191567
47481357
833420533
228554424
720473346
153218852
93583928
705299120
32121172
382268135
2226615308
22821563
266326338
2829241367
549742082
25027494
729006072762122240
267601748
14063769
7019512
149543566
73149477
2363804264
213165537
357674108
27538881
463765807
3309654696
313116482
726161607034818560
14373302
596844152
258885469
735594241561403392
721327574786392065
2467720274
42657110
2156190929
30657398
328702453
714884791267516416
1695197929
707766407061069824
92298330
287453721
719441191045955585
627995915
712691718353649664
15166145
18874834
4424491932
710137761207087104
338007458
2583735188
1923870720
22694007
1548756944
25855350
3660147134
458377940
35253573
3455796672
17985482
764622636
561959489
246103
703536063881584640
4886779211
2389738746
35599836
2430341433
100321921
2802139994
15066876
189892853
118065620
734541515385655297
316573327
11667542
31285446
716972670571716609
560323997
3190388565
705241168586661890
32649134
31257471
4764133452
483429828
32318775
23282823
34662470
26015031
723584486261182464
245564291
2195478619
4902016168
2290340035
185723734
600697222
2853692704
636652493
119816962
8566052
3302993621
7829912
734881029404557312
4009828512
160310194
177331028
2902674233
4877442046
319938963
3349433536
17442710
67602503
704350953068109824
392047970
358277172
30899109
636698120
15115280
21970442
376744269
713422715701608448
1516669322
2826806322
371889510
251627017
720048569743331329
18791138
2354597778
4416768012
2841326331
1398194666
97383592
2920759605
96399170
2861342687
3195553725
2338340929
1330404805
907186650
14774634
55310956
628417129
106174697
142740168
30498550
874405711
4729801216
212988926
2186453322
14820792
57174187
21811446
327561051
159993740
125122422
18204833
2533783604
465878909
702898128823963648
32605697
260593970
110161115
2897028973
1941136946
194651747
4851532317
726609547159183361
3307417512
2349010292
3110353779
20719498
6013272
4706615712
488799600
1969699820
171868146
24102746
117983479
362290415
728981660566433792
161594344
3804963562
116630205
3050006307
1123137259
716813053
167964184
262312552
700850673504522240
56050543
1651181504
316555577
4799649134
3071663408
2421067430
707760360271511552
756899642
725818365512568833
2254313035
24733117
182047549
2373146017
4917092018
15989022
15157971
28608767
2382321121
464266828
720446894397333505
1924395420
3278075011
20634939
3230930205
87480406
33596934
242658172
726947932646166528
1119245714
482385007
21495530
4697374993
824460816
509303924
1458109609
153966123
241368198
28201999
457140241
355317429
167478588
37677094
632284182
55303898
1967329470
796261392
725154675062755328
2704863679
246163975
16640037
2831988279
709406894905958400
1022356213
3119305737
324042503
26184882
44320262
342309995
243444413
724487093137764352
1282197158
18353495
3932000235
4839340449
222727342
2478015324
711385356491423745
20663138
29184911
316594616
466679767
4831721343
710131519570845700
20852175
574166517
480083441
2747035544
15389813
378712861
700723240793088001
3312840571
297447292
116960062
389768752
15893116
2833227937
2615294426
1147702358
37781634
30626499
2734953286
195510109
39576271
2894863966
3218191185
2528891308
21169078
24247106
2224644214
22858466
3247344656
707946321043431424
4819292505
16034560
704774715987070976
141237418
1934798646
483360857
179732982
1604640828
716665842037956609
18267698
4785292626
3152112661
2732944034
3406500304
2878701780
4860675752
3302041212
392425423
24719342
18959644
716545648
251341054
701825647
3987161712
701488129903951872
706666581741318144
710908819799416833
2468536818
3814387102
2711736046
4750874478
4925828339
4910014602
498167911
3061615740
3398770055
21714521
4917802760
453321264
16300160
259252751
21461995
717044648464613376
822508514
75472136
4828013916
180897456
95802312
206844298
866504532
1232955438
313772276
483272505
123386371
71529455
703319185288462337
4541726055
110803365
3327420822
14253264
845893680
50458131
1025187769
1928290020
2414073730
710643313267716096
390914510
704967105402114048
3131161846
718283360540442624
948843770
57141572
21878594
177070701
3265909706
14412533
466319594
49205207
183958809
4785836575
4794182534
74211907
61149653
181693933
343535198
469732090
22728028
1584645799
292684762
709383098476175360
583117972
344233703
551239859
247119832
54496494
301019006
851963809
227010728
23860507
3091936475
462132518
61868777
4770303330
1328206963
48551015
706990010042601473
3309139560
580312540
4432280356
2165395147
181309290
712759841794760705
3679704142
260613788
2209184731
16582131
329196439
461798830
343618991
1885129123
3489919214
3098115975
1244408377
29679790
702261605703294976
1344713761
4893086944
18298094
16672561
74175586
921824922
705402570597134336
4847187136
2217250051
22339420
1608321360
1477241472
2317484126
432294867
2481088441
53306833
711439062519910400
4005375497
532642459
520029915
163194830
1952905440
47554499
500391228
316551217
558093419
2330962234
754135908
11395432
822576654
14578954
540472551
426578718
525925642
868130508
1854620118
21025381
23005470
2283920237
2903194852
4790585689
1897239480
509641330
2289770467
2434294310
107727858
1969346438
3920426061
23255247
878055726
1598574949
21705181
3142839960
1634832302
599857189
263437634
137354145
868672483
931391137
710244184876167168
827599440
706706552363745280
737292332
31601858
1904253714
4876821796
708337996475580417
4926310961
14469246
384940104
708477796796895232
200697773
3305406949
22208652
292898176
28190522
21043723
229518601
384013424
931908926
18220818
279668945
4084761651
28926547
740600552
2965284615
3167183369
703262033727365120
19463681
4187444843
27124758
33952326
1922342803
17133231
32671625
25038120
3179493427
192698391
1602173694
1358501365
4813986674
1519723458
3273997009
3436249294
3150244351
567345950
21440866
181278090
3298431304
2329498706
2471494160
1523891821
230891509
2372488122
883421593
822411577
3266526978
705053565874741249
49379886
887562596
2861426208
4754201535
129891935
2937516482
2353974979
57100823
390103810
2565489511
861508788
2840915387
697992894557392896
62879222
251000898
1442432402
273323162
4578050474
24556105
2856875981
3448466178
4159203832
4311393022
2848847405
16892534
3901058956
2279954815
838627057
2373990800
1884757826
4488233199
14993272
53090314
702147673651027968
528687422
607622157
3509458035
775831849
4732288278
246156265
701170297701969920
466205000
3882169698
178063571
95094652
3169035458
992081976
4354153941
4149690013
482479863
14618716
3150098774
63160617
4789873223
117798486
15379585
3761572816
874846453
4866522269
512417432
500307660
1421631721
4817772331
228865063
2177074008
4700354069
15315204
2822274342
18464266
157099071
23803056
104459389
4893031932
748761679
3151702404
3122706789
4894095909
2802308323
18825344
760017242
2275042470
33416297
2973590788
4879212814
233291124
113349253
622546464
630321272
81406248
4005092840
1869575251
46564642
182630349
543780273
3164513660
111125168
1003669872
214246330
286680865
1127187127
4353841283
1355218452
2841747221
3080884331
89770815
2735569132
274422511
792790628
349803020
174935459
178595022
114474262
91150764
2785095528
1007187600
43264119
19848466
2934009661
16074930
3893210375
860600868
18898038
704095868
25655525
2792733877
14366386
139590902
19002934
47442324
18209668
1639114092
4017653352
3070366039
16351724
315577705
44363702
1570623740
4885148617
1075939369
506429053
4890022605
4828567011
3308308806
3010492622
16642424
3006487744
113153792
2303751216
151299888
2216532829
60923323
3074077823
396148023
3062262691
1721163391
1072478329
23912819
1909087813
272986795
19915883
21545913
100531988
2545158476
479562736
20681628
2341358222
32626943
43069742
4877191041
34341362
1551532544
78924349
4851327989
1922271644
26070572
449980313
3307295642
3505437800
612057704
2495637565
32487224
305415046
738794040
288981065
356859394
39992789
915971629
299220494
1626066301
560833871
103600744
207609111
812953368
145862955
252221052
22064255
251318959
384974702
63713866
397393245
708309848
60903033
1228651723
2254884070
255909904
5741722
109974187
14270329
4579781073
495454106
18391504
15808113
843863647
469845522
31403779
329525509
270528803
4703571174
793999634
100838706
27451967
48417802
3394741149
183753455
264931947
20618180
3784601953
4221857565
302881437
2556239780
2254482542
21868866
50398239
16146535
22846618
2470792357
238648688
102871670
2723153944
32168059
3289482160
3344387495
3891108395
1351541984
51259550
2433194094
22454663
4024549125
400188508
2827479370
3670466537
1289801750
26919151
100880543
60644777
351148925
3320557224
476315898
2360448613
387162020
3390254459
51522136
3103213542
23033270
4284871517
73050826
2208500749
16377431
383892294
201077617
2326576213
455537870
4594685598
2560148358
85881268
845687880
4614651
4631548822
4704750500
91673645
284251529
3225924410
2434732586
634676291
2258393148
1513958744
3287281729
3215226003
16000856
770759270
49021031
19088288
978597932
2432416417
307930619
22355962
1038389708
2394711223
2153626892
723175496
520565785
1965905755
244655353
2400901568
357606935
2377977842
203765012
3588277825
2769713315
15075684
37308433
492507438
25416225
322986132
301055281
87957969
778712281
370135213
294213625
132617902
850633633
2244729336
115530926
1562825972
1471159992
488911358
48807945
22103425
33435693
3217694460
997682274
4606946533
27750171
383897652
117179079
2657544186
3229506722
131018989
270068926
146160591
2785663088
48088063
991634754
2250969985
192749697
14434063
12897402
4452015921
4520240174
79218153
4147751584
236485849
61863728
2200221
27279989
78776348
3056142064
3071251042
507877806
21360280
2173646835
3040288339
15007149
271026442
1957346588
800663185
1479840834
558293436
925630458
79743108
18678924
93069110
1548714900
4327242015
436314047
37599351
591297698
18948541
1950471799
84126644
321748989
535932676
169512661
1161879818
1923862850
2314055840
3344711285
15726077
16223927
18382184
26186655
39611720
45671898
71569841
82016286
116621693
4152066639
21940835
244051583
4407901827
1151565781
352548417
223634084
415176405
32774989
2460088998
182384817
24225136
135767303
81940030
4385653835
326255267
33014441
284857868
531626188
2332617303
246000188
21867341
42995067
124763921
269314519
1236731600
161450445
186559221
1933042237
11435642
43963249
60718655
817603842
514613499
3256373953
45413198
19290107
1562072268
478359113
168838692
14803701
43261344
369284564
3722784672
1071777608
2916305152
30599491
3232054991
1012402238
197192859
2664628069
306909253
939922981
574202775
563129014
2420584772
192729177
19671185
487849778
16563015
89460898
2293944366
149285149
716516792
108694774
25832522
18346966
2409424681
552355237
33276161
587875070
1955104237
1104724639
1380677004
16125084
7433632
231169484
400265171
851711263
386284351
868856461
48854106
484158909
57107167
221969181
382376904
459760752
230217212
49108140
834126396
445596884
46775436
456722136
137910484
44187349
221274019
1526148606
360285166
2176881492
21785215
1613681130
117543420
23281108
322830431
14987514
21313053
18230440
205299497
74820061
1140708798
4560601
1972487383
1936377746
1720187179
210609611
824859920
329443994
467012057
1454749736
1497337766
4816
1499218915
1947301
989172318
110973595
111133717
51199031
193377401
7334402
166655653
402094758
133831752
16017475
20875393
43634397
17017636
14235041
16438494
78081644
1449069342
435564722
75069067
29450962
22322730
355906128
15074642
15145995
144199278
217511909
26657119
1364930179
4170491
1330457336
21094888
1339835893
27457788
10228272
41017380
20448216
13393052
23993373
2467791
434394646
87818409
813286
606598790
25491788
15818978
299751154
93742250
93921487
74568060
14792476
14880616
24626969
21324258
68999404
81163402
329746058
