1292211302
787210418
3358739307
3322315576
2583494196
735535359040360448
774694940462940160
572742887
2465207132
251077183
3314896239
365099909
714903543736565760
28406518
1369670652
506262012
498794993
61003804
618336955
30974408
493249666
495074577
126370504
1114869991
716700560
2881890708
4689254005
1022555388
2904295744
1040478518
3790146015
4738466187
1404306054
184078115
2867724715
3832739356
485922200
705072247082504192
1666459794
1436742871
337395462
2161708219
4850891945
1442378322
3193625862
1665679850
2259124323
4796924318
614657084
345450289
2240849394
3208151129
4193157443
709477793223069696
51183534
580067651
588129502
51544998
929861430
550389984
1144740042
2766160963
862499940
3353374763
1975122349
447405756
56812356
3290127559
2897504936
4715627003
2435726126
837553466
4919933344
602272903
4311637221
1332441260
3353295531
2727294694
1263266024
2198645672
3033419253
979047547
2255929038
112586133
4739310792
4869045683
3373332383
4644251117
780305311
1686240529
459792074
2258598755
3428706400
2863160641
2160875698
2360965538
952462472
258874611
2567615953
2247880470
4862617238
493421266
4283210532
2341433989
3108248219
3393252004
350213997
2422529166
1308597079
321925927
4653567269
1223059422
179530666
4851134163
2826861210
1662187832
2576078256
1040307901
527767121
96655484
1653100946
360196468
2570350306
1001090125
2272110187
879596982
3385974105
2887562848
2239935415
1411591314
1861612092
910830662
3405813052
4796483315
4708036396
2335387142
4835638667
499810043
15945351
3438981995
4821512111
249466571
53690751
3731471664
2359316368
4755933285
4705506973
361397774
1601931716
1312402286
630311655
620080807
4755360983
2813669180
247845435
2971467287
4754967400
934725474
2951717944
2719150605
1161429138
2194135757
4714485548
1566386340
1021984136
268579282
1587343428
2827639654
450352243
2782686009
1512900894
2444373694
3190325862
4657123380
4591680555
855484568
323394467
196413500
2459936887
3307209138
45319256
2740446824
4654625055
3021478691
2384844521
4568964225
2412958501
2247679113
154280902
3431673514
2789494913
2869825138
2221738984
73800726
1135877646
1643342648
1622599476
3136247205
1270942142
3050503681
3917785035
1128652453
1320490760
3221974581
3396095539
2917777441
718987232
4211617744
1318065709
2523693545
194655786
3027591245
2364930509
250563229
2303850469
443929234
186043237
2172668512
2177460638
2729472692
3267916656
2175385802
2869546061
541036850
3436859229
306571570
4486289261
2492184293
2425875061
2290140972
265017370
4072055164
3103263886
3329435110
129462042
2290742683
1535370078
4506968373
1596322777
609585853
3001828303
2877920828
712519788
1194427242
625994159
2797397038
1142668532
811166798
74803442
2567349476
2753971929
3257738194
2606505636
2869624345
1117115006
1269600211
2589505305
4537552709
1344745182
4071756493
1123611642
3054207391
3849837732
301787687
596777854
462368390
2376130014
455488130
240439868
1404602306
161212519
3309667499
970246783
2475838742
2452749739
4494350356
4462157428
2758785000
2310559207
2165471399
4258165033
4301757749
3960221234
3600224479
997585038
3226388436
78848295
1271142024
2708936892
877558046
3377785833
2837458197
3718955476
3036217618
2241367799
3366200415
2157283144
2855836165
3293348730
2853622039
2957885030
3179588770
3259934472
4611694814
4396393513
466163731
2351315559
2250641028
2645778254
768702709
3331595200
2951093794
4330879462
2791773087
2770138528
2975362532
3610244835
2480845589
609256917
2635923435
927939889
2735535863
269320256
993408985
633285703
4557229715
4323444614
911849797
1248982428
3006607436
3880056448
3271461451
4264460475
856828512
1482326496
1248169536
3117988191
3247769161
3299070186
4387875974
1946418992
3318440654
1061366107
1627233523
4268639113
3389915488
3436323940
2576993706
2217877576
1421446171
2684463504
2334610309
4520254636
60419091
4074469732
4173294441
1017817526
420156359
3977723056
3002158281
2580721734
4382442682
2412239600
2267242145
2868454080
2582351245
2841954504
2173792287
1604058924
1406534131
3186903127
502759738
2712003811
2453252221
3221202778
277311459
2766973338
1664221177
3044827193
3190517114
3083799249
2994685786
2776056492
79168490
1436599214
2882776450
3237864386
377480910
1156849033
2899957934
1082507720
1875395221
2785856773
407998625
2473859108
2799475483
1351511533
932615264
3035984586
1039285158
1974908354
3190521636
2153001019
2466547238
4004706976
557009122
76433686
2250890026
311499296
2582236526
971542152
4620691518
2268875132
1568823756
4013958913
2572828027
2904841143
2767154482
3126826413
3436703086
543521311
99645341
107448862
1960428462
2955859017
2909311901
1545597091
3166287643
2443675521
298413355
3253455422
251005022
283786439
3265072437
391788646
2737295391
2504725995
2916717966
2244650981
1456416602
1975031918
1533964687
1640999108
3078294629
4498086088
4548032112
2168384185
2266823635
2297722801
1828269594
2640168069
3635368281
4064277196
3784419797
4250138494
2429415360
4534230574
4484773762
2700111244
4126721195
4485560555
4601466259
2940508934
2866257982
264660705
426738744
450281376
500971490
510030121
541837040
546027962
620812243
633840569
874039494
1114797439
1747894784
1887382489
1945077206
3177937854
2907083141
3250549688
4038310397
2863326854
2956897037
3186322970
1629298838
3062469035
4248880581
459974036
1328795929
969198403
2954659171
1289511938
4242584960
4006212073
3432026391
1241659302
3052416358
585404403
3580997545
313997542
2479101560
1697391739
2345381006
480124909
2827937921
1645780934
3060010586
2887490447
392904825
2722513074
1039756128
2980031519
4539722052
3024039477
233744782
147353290
4322115753
933562758
2796023850
2867125859
325761728
2304187451
505336775
2710877657
2893781450
1220756413
2891258618
1566183222
631218045
3816789436
2682854593
2942531679
597644607
3834484156
548684049
3013995826
2361829412
136987322
4536989421
3391122693
3184797192
2429770646
3513398427
748726466
161817886
2571448070
2881735126
3239321196
611143351
1249089409
1451887225
2637831304
2367425506
2968593520
1897052216
1528504206
4548183987
4608207619
184146303
2330733945
2350868688
2561382438
2386779663
2553586724
4092872117
1564115659
1665779143
3390855855
1699691653
2609364751
3116493404
3037753739
2220091288
2413922740
3138814873
2958443346
2412267475
2316299799
4406458047
1045245288
4137367174
385413441
2260454885
3228345877
3315851489
3278305003
2512361148
2924719506
3222710703
2951666539
444889426
783599317
3388314880
910630554
570232209
3116949277
3009408673
3152538259
2626539059
3383871934
2279324244
302446213
2857503737
3351090202
2698056128
2567301600
835184148
852851473
2510875603
2351557217
3921960799
572467269
2681387040
1275960516
311532722
3038813277
384238489
371969954
303985433
2886565416
3187564403
767402666
1488757986
3140352504
1677709728
369438417
877103910
3401757459
2837199567
238415953
847888692
2481697383
1951168603
3509271072
3433698419
1292426282
841710775
3336849291
1833350125
2668161615
4331606188
621903355
286846740
3076592420
1296470401
591622060
350173806
906173497
3017663883
125631705
3316857210
2388805757
1536446167
3060954061
4024048877
793889911
3543660254
3226307383
2163798923
3155137363
3131904537
1019709900
189597625
198885359
209055397
906845292
1484997433
3154123324
1891637593
4038642719
584086111
4025547920
2610786745
2995888814
3435730391
3317475108
4152477075
2762835319
559830074
489655526
2857910675
3110734756
3352611904
1398490957
2881777358
1560916842
293810810
290707354
88471912
4034281001
1708835317
2341308643
3098054587
1112472224
2981683022
2716017706
727749798
468535364
3435228674
3047496946
2869586771
3163410349
2521954464
3115512646
2724114347
1045633975
107633995
238811325
3396904684
739537574
4442713347
2206237874
3352929372
3395485073
2416601898
1873144513
909002275
1872026478
3350015549
952441410
550714211
3387168073
2500314411
3297691527
2950047157
240665089
360980141
3747688098
496065624
2858574793
2238828095
767594725
1606689972
2383338466
3910261281
2760462260
2790479287
2251887643
2572083260
1326227336
2975514721
3242118401
400573921
2357985372
909902797
1179456390
3304663552
113678096
2297800139
2781093548
3120767590
3047117878
3925405995
3385967933
2993525969
2731761358
1724090167
2901511077
2545354653
2385816770
3908359039
1616352889
1975673052
3929687014
3245150121
359083075
4594787557
2364246770
1908644966
3234242265
1566824095
274618420
2851138304
3064012484
3352019295
874394864
2949462243
2868804320
1328259306
2591979151
467915532
2716933091
2327931590
2367894787
3383984511
1183789447
50737488
4064169340
27442455
2600501778
2980872583
1209660150
64137713
3176812308
2936491627
2705458351
599530156
3173270662
4603730670
2878242718
1891474556
455207248
2850698925
1237531190
2511431576
2913331703
4205860108
533260722
3047515480
4260117193
1609637444
1651668019
2440608496
2924579630
2941389677
2882562277
2906498208
4267975219
2192037934
1386830149
1372014048
578128182
3190468008
3304905583
2646606814
4557962474
1281087001
1470165182
3110018677
393910011
2956614613
69313123
2529129744
2363618925
2444402995
3667548135
621131840
3312727630
3207749789
2342738545
339994332
2660927015
753589740
1441200637
2823289601
258956187
4211604555
2796739270
2964415002
2367889247
972690355
745512912
1331991277
206774019
859141285
1679103433
617648803
2201651628
954104053
3504243796
1381679048
3519536054
877089536
446558663
1662283338
3719806517
290754833
4156433919
3108560685
131299460
380282645
577503486
3344332223
2443407242
594147646
464447134
1635053851
3020200765
3131399633
933885486
3278348676
945773162
3496730597
2267569988
1066230866
3722587396
4268443272
4497552813
3113375569
3240820499
3154502561
2209569410
2249136320
3135935608
1139575968
2855441560
2948362449
2292483397
624947620
371380871
3321097069
2964376444
3176559533
2772416304
207509315
1875109687
1134182654
4164413652
3327929398
2367884620
2781337904
2275214496
3734895194
416303036
1336551306
3250648088
2467872836
2786323258
2557618393
755897281
3151513793
4286283675
1634591276
3305517923
3165612855
2227811256
964602552
1605676418
1711320517
3341081817
4377405443
3136168583
892897160
264025194
1572808242
736915778
3053575578
1667530374
304279130
4252256500
3050919346
1888771316
2934892024
4211598274
2443863768
2574783571
2761240696
3400178265
1220012996
2733776631
2705750744
1538422710
2255420101
4188399281
2303038945
4535753837
849814080
2506192146
2904050476
455145565
1382263908
1024892046
789983713
623868330
597764211
2949298510
2768882967
3063093761
1672542228
1009390442
3872991988
2417122730
2800923469
3155382567
1543706274
223045872
2561329848
2244387920
1086993667
299244877
1164405704
3396194661
2285225544
961483638
2343960286
2980154849
4552865718
2804246737
1032479954
298652662
917758686
3055467401
4603159212
4106010029
3252210574
2665608837
2499173952
794064218
487337601
1695827058
2909231062
2873935963
4483498594
2791310613
2774155457
2880895566
860147822
4063298123
3289204688
279623020
2377770187
298463483
634657529
3121682703
2644234899
2739867478
1964940337
472728561
3121326027
1732420201
2261969366
849491496
755486569
2922779882
1441532750
2956137156
2252166622
2192137394
3181402248
3398574393
2463172704
749487199
1376617567
2484310712
3471977134
1470582972
2284933536
2881478764
2533271389
3173585350
1630054609
4202714283
4220795327
226349422
2382721599
716851402
3950792963
241869482
1525785152
3356415413
2810780395
1426794060
2328303983
3257182374
3114938736
1202241133
821258430
2433084606
2858915920
2259908220
2284870958
2158263762
3138587725
324134623
3371315477
1670571499
1849248716
2441570864
2580678513
2559445250
510765708
604142194
1357026757
1059979340
545910963
1729343887
1634916847
1594068546
2410063175
2408270466
577575653
4157974813
3780599181
3701181733
116423914
312846840
2235023903
154460369
3924242296
1024968102
2168776091
3199114229
2308996884
1385592271
2435689182
2157968296
1146077472
358659813
3561408380
1403966784
3475433716
2227447420
113785006
2901500108
792723170
3324198826
4239492291
283543540
2846245221
568552898
912252151
563816941
3123990791
625670626
1406480220
636631784
4528842859
1903401524
194734918
4424114669
2756964557
572816117
1592119897
3137571993
1086403302
2481945184
986810448
962750882
374005247
2792729799
3298875650
4061477909
4100378241
3165489165
2817552639
2450733077
1601502049
368257194
857030737
1679493704
368267971
2802153604
592202911
2155903519
270547706
846054973
1005496992
2482711878
4346216962
1350071394
2889185723
4268424569
2873911918
441316382
2319496214
1205515412
3785916027
2902103269
1042902114
2319086116
3165093147
2543727344
2771755435
2386723901
274148412
1081324430
2333092387
2780529784
2283969221
3134603154
4191286574
172897097
2267098573
217846953
564585376
407230188
3122981317
2482542746
2490542348
2275930322
2866847119
2165495818
78121306
4240027221
3199311871
4346028253
2363456265
1338083324
3192395093
922189308
2334777412
2561413736
3312439084
2885043973
865691706
4026093075
2842930559
2938868806
1520240622
3295201731
2324459077
769208718
1037925126
2731540594
448371943
356910019
4313241701
3117304475
2700936181
405223165
3032013223
126542490
2885735846
1675850582
1681539499
3023122624
4135863921
1041164400
2311548336
2838115826
3196471910
2606878211
2310413490
2465795448
630067113
4097526732
3345518619
3246931673
502273303
3293351883
4331624893
2490795591
418067814
1906034648
546336746
465730068
2835962353
2189918930
1934913420
76454918
2210404248
2973384609
905007608
2420207286
2828782542
1681419715
1017246240
2472181358
4019837722
433666840
2809707573
2807605732
2187262916
4157178737
1123112245
3431288609
272561314
3630440239
3590183723
594964231
906530786
965183563
3209691856
1586660401
3742265061
3389400664
1419491101
3028330311
4137075322
542355063
3936414683
2875756898
4282491079
1026118052
755056766
4212867635
2155355943
4218891034
2415808009
2892574084
2778379688
3374345704
966732780
1467711692
227751152
3115494261
1347647738
285752407
2941060924
1681261087
2616582039
468602568
1104956431
2515644085
2760754068
2865223909
137845851
4188793287
2984874387
370279336
3854969979
911307325
4124499213
2777026529
389524248
2875859286
2351263756
4125923547
1013678659
2748673103
637290056
189264135
2212750405
3252784472
622697330
316536957
2535331199
3243591250
2407556030
503050147
2559729089
3079417782
1632620941
1615398223
4045042394
2726952812
4114350069
3525717803
4101307587
2846189027
4026864373
528766080
3295785335
2874298509
3604516278
2966986348
281402123
48351933
3120119533
145621772
451525131
166938112
3394433409
2677178387
709221331
2437732898
1524615596
3391603671
458244102
37241918
3178406834
3278515207
3368712613
3317223037
2214638732
1189697708
2467927659
2483905903
2540967745
2911139463
3123646429
1513750490
3090972351
3432655336
3654004815
2466512624
1937788874
2265757140
4026708213
1669781240
325121504
2778366625
3386120584
1171902625
718751149
3273145756
167714664
3121700945
3231214012
4029757396
3954754221
415745334
623121793
4039191493
93054028
2510854592
3401040412
3304004052
3550776861
2237754996
3300991590
1049306666
188230263
3559507996
3299316710
2956188707
1271702706
2260543949
469856882
746152956
975819290
397906046
490463534
3130580997
3130983945
533359726
3123631122
3090617397
3027632255
4038898769
613615419
3317654307
2246156400
3323002110
350266315
3305722466
3123250783
2149918921
85452649
334194500
2788180800
54300306
1007332141
1586536542
1270407974
1105322268
3815743102
1080124123
2267558778
3090771911
294874373
1710420356
2923903427
2405693644
3585096874
380399508
1654276296
2582776718
1106058852
1176795403
3252651738
3571626686
520879035
199999865
2490239666
1615702094
1735153579
1414196328
3996734662
2329054434
3980557456
192639867
2813630826
3989322201
3940770198
1145839837
67377408
2224039734
2825175601
2553025267
3412004421
3434346814
3369668713
2825579619
1923427368
210989421
2347932656
147846373
3507580333
952797522
289611915
3939269055
102178135
3267112760
2338889798
616198810
3420819221
3949366995
1331765953
737886559
149471456
1584847758
902640230
2883377159
569608156
2402343289
3360674337
3302259070
966204836
3705901517
41070421
3100881858
2202403658
3054728102
366650874
40286048
364765726
2869129385
940422673
747957804
835096435
925526700
1541947092
2760593225
2725687121
963075942
858106518
1897696158
301717236
433649560
2796450582
1435409820
3882331535
3144073005
3152215202
3874329197
2708857711
361373917
3730033701
2182388328
3854371162
2776551752
3411341459
2843082261
1295664164
2433012180
3187700633
891734528
1259304896
3295041170
2481595951
3081761167
3832485794
1052311982
201671003
2987360885
548712178
2367931586
2997790294
3392273835
122675429
2634953605
38260753
1973211276
2476992444
2257492314
1195725944
3051117457
159428552
3233402826
2839910227
2927999496
1594262024
2917017492
166478326
2191456231
2476234456
410268525
2568737258
2690400691
614623794
353504742
2429106170
366663170
522041603
23578046
170090280
300121348
221891445
400875861
2314076370
2407145014
336307710
3707568434
69491812
1602094802
381731942
3333348473
2155631643
2897976705
737168304
1601724320
2745534231
545787144
182877347
476336357
2442084626
631060489
2229111004
3007159080
2406018856
1512757940
1052853649
212607630
1968166200
507940553
263464365
571619240
2367390222
2423785962
3303257632
379408088
2601258566
3047450812
249715632
1860846116
3194775127
213027359
3730260077
1243506313
15485441
403246803
264107729
403255314
403245020
439125710
3414137531
3328024450
23151437
275693607
2489125362
316605326
3278113214
552772248
2207332289
3310314410
3139998475
3169189738
3492887952
434600013
3401093757
2848306072
3002856796
1913485238
1734665844
364428814
3404634381
3241663782
2335596212
179756181
2886079107
122949202
3132687701
228933366
442948592
337728776
2973397005
3391685571
374669419
2286161232
3341905803
3105127632
241590580
2976877995
3302076894
3399689759
2273424432
627844544
17881816
512595240
1387565982
2491577645
172157797
3278257087
112457675
91408245
266336410
330553842
3301504927
2326373148
330764460
999476424
414433862
1652657672
2722673011
422006511
1284462409
1958710598
3712361535
3655011795
443118534
1264311894
1876544646
2824822344
895823065
3013075858
3718924395
1582879699
813999997
2993453286
2716851431
1951894622
1192631370
3140708064
525265282
22618942
3327909827
3098232589
3320863064
126162675
1480221991
583432183
1403696323
215952307
157088360
866575902
2981403225
461586748
1308029756
2356290679
621168417
2150063901
2755723019
1931124205
3597118338
2952870110
2693292932
14619266
1972631016
1955840893
69953316
2730848537
424664881
515625314
2448211171
178451002
524615498
1624056253
81901622
3193767752
2472575672
956633102
2483430116
2254255390
3430433319
483695616
1148188964
600709332
2943625763
2218311080
3023773192
3642446182
2806634149
2566083968
1650641881
720556071
1851740701
29077464
1279056644
257485530
3247966368
3337329069
3376925614
3220685600
1354952502
3595743437
1418553746
596815797
707988829
270492496
1618254163
24976353
224071464
297515820
450826148
1615183830
102691008
2472307946
249344968
292335685
533030997
2718547857
2274711717
2695108342
2416090099
2751699555
556312149
3604752135
3296381950
796435297
421139315
111243284
1632702644
1434667333
3255021199
1467022440
197271949
581994177
3426793660
2235399797
95440193
2913362619
2277418890
174416608
443802049
2792891226
184584255
1618496964
1073330503
2586255218
2429570119
2375771978
3160697576
3047780634
2261808925
21219827
321970500
157140968
2935203118
437539935
3430055836
492399548
22548403
53338746
2538863219
499494637
56773228
262454289
234443392
33597201
130991061
29756339
281258276
105715305
27466653
153098292
236699098
209708391
1543693110
166739404
37972440
62930111
158314798
84279963
105119490
176566242
181561712
15846407
17919972
73443014
23375688
34507480
27260086
180949358
81825702
23465218
114026804
14222536
72064417
289869074
216430965
