362283022
4447309032
4041205632
4364513122
4194779235
4443651799
4441886772
4415626639
4409985740
4332876615
4157721281
3301693551
70688934
4260643409
3072255937
4310486772
3018730410
97155079
881926578
4395897434
27686229
4331145135
4107018016
462200458
3259160095
342000256
4292560395
298670693
166655371
4318671689
4318591816
4318130423
2820309936
134971660
4313008822
2326703505
4381139832
4037685730
221250067
408760379
4293544157
4367184192
973688010
30983026
280701600
724305408
4368180194
2934810511
2400733504
234364221
2256963408
3397716509
4273270409
4038337756
3228405182
3129765151
4038183861
3298164633
4040865502
2885909481
4345327100
4265495175
170028242
66240539
4327615338
4302483433
3017838816
4221537143
311146947
3017883236
4317015434
4202038853
362187235
3292074347
493215926
4304507778
30869232
2671010517
148800323
4226273253
2811845653
1633426808
121218438
3983019327
3238883378
4218970247
3368141139
262284707
4272369613
4212545548
3326622033
3284474504
104324925
4269447673
708742723
4112836174
3152546639
2937805865
2688427070
23088100
2256488185
2412820644
1436092699
82149309
4012563739
1614234020
2732462617
4184117008
4184057860
3352396565
4181035179
3245130812
4087104974
3270302172
4038366094
4038210316
4046107377
1137467930
930805326
876550261
4030699400
44329824
4161135856
400364870
246160575
993405366
4188653840
4181007372
4038245962
2964890403
606596040
4038439523
4038413548
443538773
4179386594
4179210972
4038194541
4038178341
171527484
4038092279
1560946658
4105317794
4161669914
4135254633
4038215871
118016347
4038182098
4012006632
4038216857
4038150621
3676873407
316580376
4119892522
3954049875
2882672788
854826810
4062617114
3720717974
334435253
126466517
2548946454
335544569
30440615
3195852835
2548923924
4099733841
2397294618
2238606087
3717658696
2552572020
2370950064
2203696820
474796607
2548777976
2207102771
4082929091
2344770656
4071180012
186375794
2332576710
4072889656
230788763
3291931709
2338113990
141686955
2846274728
2770055967
2267480732
3007903915
3729656661
49823214
20654194
3934697532
2802599539
2453958523
1357526173
2412115319
4030872321
3257407542
3190784641
2707760982
2492122184
3753506975
3568119796
3229069638
4019870872
3242835685
1083600288
3751861466
558458402
2855486038
3814611086
2983768789
455051657
2228051384
3958951692
3111870567
111222977
91274231
549245420
3830861773
1223861184
30297377
2569279256
305991130
3990512931
3987627077
25038173
3800889382
2647484701
1223906023
2341925700
2332481144
3710652075
3247690852
1430750160
1223895637
338095809
317433585
763827494
597666956
3637306576
3953752648
351892463
3228933967
256162655
19410434
975844585
315654138
126502645
82390302
448189265
3937974387
1938435132
127808964
24528253
277433628
55074948
87008998
601043072
3739156636
3161817865
338084081
3907420277
434901722
2921083699
3405061859
1093004334
316566926
183319550
316535688
316120715
318161329
442642550
3575798052
3872709394
2969306801
3860748737
1449664009
3649163664
318091125
198059424
3758752332
3025980262
262836258
612206089
3838368437
316175394
3413790273
317130109
2661861995
316065003
3456625335
826503493
3719082674
3749107156
3727072520
317801236
316622170
3694533739
2264363285
2544990950
120131697
1478740284
447340521
338204439
96296751
1559876762
2831719586
3752069183
447783075
2383975352
19569136
3776559401
1223903767
1223896706
442961413
316592974
3469209615
3343725700
3232727954
118068798
1223902753
68263244
3763965195
316588678
220304348
171337448
118694552
551930905
3671364132
907198734
59324194
316563567
59545978
317353246
3495368237
3659463314
3632092692
118680044
1668982022
118705866
857619919
2863621925
263592435
993060546
84181563
316560407
2778984792
1223879706
3296089026
2709794412
459884404
338153499
3351145078
316563700
316556602
316555825
14645160
575206339
3456888253
316595993
459747979
1223897869
1223893004
1223892026
1223878392
1223876184
1223896987
2792568086
1223879040
1945435921
2841099346
3586702278
2462716923
176620649
117758425
3208519047
1969767326
163373716
440638344
3367627640
2279246874
316598165
445536511
318011556
121673936
391173687
3051430662
119568806
3167383694
316601423
316541796
77548797
118736708
444666748
316625120
122161898
770866662
446273295
2179603053
28893013
461259599
2913397629
2424289652
1375130095
454557231
516404945
316541852
3480174136
260038804
3586892116
741194701
3578825902
349552695
3427957019
1933042237
3581705296
2674991126
3402760839
56948920
317124518
316590002
20641934
3429856094
121218651
316553665
117692266
3420735074
3411782533
739794210
341382951
2205347496
3115875522
1358508182
317415020
2748783476
3502770629
316596663
119982069
1012063068
3500834837
170900539
3168220500
117694041
2900746161
3399383178
158402002
448713191
177794208
18548136
52095672
2459891374
820205892
1622905532
631660808
316626854
1013824788
338159973
315544561
2965788550
3389981728
1223890190
3366639200
271525862
1223886900
149842253
24921910
438184790
731293177
3424858444
3215207661
82485081
877666716
2313729012
453823345
723155778
3019067179
1572667410
119930291
229308183
3438787162
2899153866
2595052975
45379408
15825795
928735272
162759066
3312697065
423578695
512217933
39391275
3333517479
2972384860
3333592060
3199466830
386091851
442090230
187923237
344348446
3293723040
2918158440
1151480528
3322970759
430056119
1880622289
209798750
1626650312
2493514705
140894504
750216786
2477688450
2367811847
636938006
2724268319
2707677272
2182449712
2393646206
2793391385
586775494
280135102
2480498994
123175067
500578550
229920687
2455392403
2182718032
3157647625
550457453
2697241251
2219853072
1438083715
1297300182
2548782066
2910942128
3000730874
2420736764
2324854344
3252792304
2893390383
2944034681
504663070
242506973
233738520
1263423978
716592986
814461102
717683449
717616580
717578328
716754427
717738212
717408552
2426803148
2445830785
2740298969
2802855245
2934176587
2454469194
2407455744
439469227
174986521
2929954533
166757015
524232968
2753224335
2960758780
800594353
1240419678
2610356665
931174645
2537810918
2488383150
1711757436
984284360
396687590
615264083
2798389874
1024994090
778541184
391001736
26415727
2841631551
518934043
178900619
859156200
18686755
717367802
717892112
715784130
433902573
387640629
2167838484
2334188436
836146220
2454196425
2454126628
2495442195
2509104580
1329326264
2565695490
2576573648
2425739156
2652033273
2601768806
2594953015
2658016338
2743713269
62864350
2762400829
2825935483
2809453945
316368012
2839532070
2334329617
2742804326
2845058865
2734508667
1573324898
1573209080
2878605231
1206077209
65758539
710447670
2360391403
499284037
432994305
1260371198
428238250
1040722129
996334771
2577784531
3199830532
320219981
2731725645
2740611071
2932665048
2740904009
2190646977
2844705911
63565623
562914883
2861169244
976769436
2875838186
99479676
2558611406
228427067
256462515
37002399
987406208
146296797
183781558
2951793016
2937882243
344591424
1327036160
36838286
2352067280
2958421524
212065265
2465665826
1340706408
2357577606
79350646
3002613671
2346023474
1048916947
184477303
3099636177
287123417
2479788198
2834771882
1380827822
2956582542
555957901
473507557
2349949345
550484564
2898942140
2363300779
625019330
2356162298
2901629314
2906932174
3038503370
2481593314
2980766582
370531067
2867508514
2927720983
2361020419
818328546
2614982039
547078982
888177090
2815505647
286966983
386479524
41679730
227024759
127319618
379361008
17349755
3168145868
3047037588
3225063465
1323845288
3200821013
3192490658
3063928146
525673663
2981283460
364013887
564790991
316186204
1126126716
354522431
1211241662
316569438
2432094724
1910091589
2919513651
1738226040
2265944843
965689657
249394452
2353151401
2362985952
2355730032
964884480
2450092639
2352180943
1509637585
2352912252
2363571716
281873508
2346103494
2369662184
3215184975
2244269821
2787426697
2366542279
703180761
3076244350
2488032128
2479994736
2374427696
2354042702
2360171743
2480669017
3000024728
1947426506
2466448286
310489934
3094127781
260807652
1344901200
1153538011
2489251412
18118234
33923443
230022687
1379759798
2412226481
443660409
317476101
2218376294
3270171408
2478592380
579041036
936789926
559624246
756980508
1256010822
3342859319
2197097898
1569894552
145062134
89052010
318074355
318367563
338092109
2357397103
2430281976
2471974982
2480465580
3281393173
3307100832
3402008447
3354416943
3003854017
3399896823
2520811265
246964009
3229403504
3323232700
1550634914
3323891398
3323865875
3380305864
719397690
3353394881
1339988108
38626771
3299959008
1297179997
570854018
18200220
701914818
3015492383
3427006193
2356678027
2240097517
1396497661
260590025
219496700
2252632848
216998174
164439438
3420322594
922555356
3312048289
2315982086
3302420744
2295178238
2177074008
3180081972
933271692
3240269915
317124626
81994188
480422447
2393161561
2597336106
1028810210
2430758132
281570507
2360729329
2360562750
2438134081
2361374654
25902251
2360253632
2429697409
2370982514
2653773895
588559501
2672877860
362669915
436975724
2720754263
405156131
1258194433
80412740
372822303
2683123838
1870292605
1870202478
29157352
68345439
1093813626
1870095505
1870107360
23953625
304008418
1870120298
589558101
314389766
105588068
316239944
316301808
275885036
316480313
202211456
428532599
2268202045
259085092
519942441
2568605432
18936284
2551173702
121084615
2213573376
2614094175
1402047570
1375097173
2287169729
2586549421
41529550
2329469400
277527745
1870095404
1189291788
1852967502
271247137
355078523
30249176
45105778
78004883
1210711831
348894401
1458862290
2320624262
2511347490
485475104
393605516
1547238858
2508471287
2469773839
2480586541
2547968819
2497181923
1090433198
2498932190
65725352
77780218
2394572934
2427092445
1509736442
344215473
75396247
2415427275
960186295
1655595751
2412855646
2416650456
198937000
111581556
248015175
2427782052
2418678926
2424815690
2429345238
2458251797
2429465876
24623861
2426378562
2415356431
2410447466
1499708690
2434091760
2471363968
2473788893
2470057785
1078535288
2439993498
2410128763
2417340578
2179277808
2445872234
478381421
2448054289
2446937250
2306612849
2341131884
2487602901
2268961032
2441265516
88962552
2450761746
2437417022
2357231797
2460121794
2466252117
2460561517
2327631834
2428450435
24989789
974200020
2443717387
128814263
221866054
2506105462
2342220824
52429190
2425524613
2452827990
2483359543
2468377332
462762019
152896233
2538035302
2490491742
2492757714
898842433
844357513
2546921271
415758175
86256734
2497235118
2549263222
199778791
2260203594
2499076892
2502625196
2227477518
2508533520
2511299803
2506541492
2505012523
2505748111
2528846589
42594427
301078886
2513199792
2506003110
2535318016
2521798903
2488273194
33872072
2564770522
2527579219
2528525138
2528927034
2569646943
2556541912
2334563515
32726138
2569026047
622732994
2567912193
2537683146
2539499022
2341106797
1868671586
2540327946
2490232848
2542111106
1419670238
20673691
316036715
2544541770
2575285269
124914275
2535922394
76776706
455315179
358394411
459822134
2224897906
2552282611
2411910732
479852331
372153470
2372549722
110989226
2371078975
43455103
16115590
1463270522
2351144570
2375897155
492250220
2382516852
282727158
472180146
2405532743
233346654
1312653865
442365851
554903883
27696231
2380267282
139204328
1673342460
633377983
292763654
299812920
332792979
19464956
2322311708
1466178560
108760644
719571674
459936650
95716414
457296254
1319670930
2187314556
2267162501
346266463
708870884
754527781
266420236
320224513
111980703
905294804
2268050629
1003047138
321140211
1391278392
2316070046
28038059
2334828819
502293699
66494320
2331182959
508683517
1927271520
1046338146
460331461
528139419
2348990138
1488584342
1267668018
286505072
594956350
161948349
83670342
2260589584
30136317
1944790824
24698162
772140588
19319043
320133202
545428554
611959284
546273894
58026534
284323570
163036512
176224244
97150159
481680652
274510502
47073286
1592411407
17921936
424848890
918220374
2259231674
942808393
46492704
2216365037
760839374
27225688
886264172
80480814
559164969
208265278
288127547
1566541171
460625661
710780984
98587756
36984059
456619047
190117654
1589095764
268242375
141744357
914567479
1605785113
16903239
627795944
449440301
52266142
376615111
371639054
2230866776
135280055
1960723146
225180739
718174728
979274232
334331683
29063370
45591439
381870937
339032964
25989495
256351511
324518177
30238832
201159429
834236726
529789569
461099632
569742531
221205935
412787351
206049469
2206208467
490789828
459766233
1387930698
257452661
711987702
2175784401
404574113
2210441281
2147728884
2210995628
1083537038
1659533898
35726888
24400109
216627841
79322378
452540168
2184686784
621975369
1119943728
975791282
1043119542
2192621089
1009705339
739762854
414987827
1678576813
515983375
444786647
561043267
2178276695
496549625
945270696
718161351
19828976
135997901
555759078
545918705
803169206
1537714404
1401077330
621301322
559249936
241301366
1123150392
1152066661
560399864
536777509
1446777750
592229872
428057140
280885112
838955797
995101428
58990388
178111849
103065068
1429228861
1681303952
1300575458
75155016
322968451
594790187
473658489
92621736
550470874
123067914
405136831
1678623128
1235157126
547977614
36304673
51975009
495524132
19068720
221837723
1886625991
2160118681
1581449490
304811867
242099453
1455513806
169997085
209307702
17905508
118573453
972484226
947113183
703181544
259928072
220468944
1657710324
84654311
47518531
28677746
299743379
543984523
371416085
1896276336
81760648
585680072
352302962
446837456
57996358
227490968
294448390
95777219
113682809
718144592
534459162
601439828
1099108622
223188781
715878289
601375221
155654814
264810275
599907672
717712752
598568615
601447189
532970079
718165928
711720777
30929540
73231838
536212105
425445122
1852601750
1853505697
1880493799
1452253152
354550194
76407129
738959372
39624280
2167339921
2164486881
205951789
746285443
138155181
2172686209
992447844
1381452175
460614718
493450627
28939258
1909390182
51169327
1854606631
23712369
24430459
1599870054
305654393
113279837
248844223
50179807
943303657
1013461086
18595693
377199941
378120788
16483349
17758578
1623644395
603180598
338467116
25820838
1391099714
385311970
50394835
83254797
179134605
1455146462
627207480
394420500
41173439
636310503
288128833
577745527
411780756
89282205
164448936
108491717
231522509
285792713
229183343
390965786
343410534
1246436106
1606278354
30828929
30984030
460290734
96013599
1301838584
303604894
16520168
87900546
69654068
1021120502
57758942
55031637
52354253
857007858
32981012
24653076
952194000
741839700
28058751
212849414
1042955917
31317590
414446726
23978832
558641226
185580116
226285866
30095364
22206388
1431229273
592956178
49848819
816434088
629478863
434525571
431384619
431351119
230503547
438546370
251352075
20741213
1300060987
28523431
20571353
23316389
152853721
448056539
394899434
372101906
575870532
86503709
248940318
118089019
1460062988
1209653198
255581254
763664198
1445623526
228111338
332521012
457692070
886704434
26778576
29328953
422788180
327528447
1261002758
20434396
897266395
23184896
213432299
950024940
28446156
35176496
153786994
478140490
111463665
27933956
1276629128
949954232
1339628850
573667499
590252849
17372615
114630654
83782290
1400890196
157138475
407409482
16357635
414791011
437067955
290754668
927145009
586784353
1223964056
992352793
634757076
716521518
508092488
79294815
312429839
202304603
1390651861
296646196
100267454
1357649137
471316569
293794570
839029052
29077875
387978466
994352155
1276149289
1005334453
967101344
270079789
560364329
265034249
239394772
272933351
588609127
1059302904
839035832
17554456
292229728
39047949
522712762
839028884
839026550
232972350
22118189
371438428
262923300
897955398
574234052
995906809
1037056429
768512575
25435864
86584390
296895425
119722981
244746802
839028643
22684039
250698008
20648696
136022270
329625093
223231071
839015796
1321964670
381468062
1363609687
1034532427
27457454
90695701
24059078
361111836
112501212
982582298
1006673492
229917509
1011013141
556792889
26406749
591200092
61701258
425528043
1159610928
75911818
361563239
267900155
990489444
93455665
44672530
20640984
834374310
22100012
786172597
833949218
188119280
1287908965
68069493
162140326
45548084
93183948
1239865260
575138393
569664550
44816923
312171322
1070920477
350645607
409376595
200181099
380120551
139974813
66870760
115033818
385287241
85196666
265673507
1279083504
1021444344
83634849
35563232
1096474068
1158908222
234723233
1260065160
957502022
43154983
404100969
258023972
337779898
30043972
763910756
614460232
831361680
239186520
87759599
1271207257
21625930
282914325
1210368326
46166769
282123511
563301391
414647627
926614712
268327375
375071705
1256094067
22123928
586789384
989750550
435094988
177850827
29502629
16367983
403496168
136102085
930347226
1093468681
27697245
1164062678
832313442
15259397
239762393
942902366
282809987
88204158
1359561
429651715
126521000
921058662
1031933216
18818207
321146438
943076388
35928682
521004636
19755235
400275780
1181767921
485276521
317880565
541149058
405879512
1143808165
231014931
1201711562
385222955
254090729
851689273
586814929
304324625
586805255
813177558
372151696
266373518
139540839
45638054
370352072
235571980
24789570
382319487
93712683
956150467
1166636732
17372877
323251024
376073243
233270958
75013061
922310022
377491760
234784219
577639519
30338304
763713493
29353550
704370235
95615424
803295464
432140413
359102531
479445356
151569525
228267111
944590542
624393314
156793879
95766380
23335196
390575397
754341126
506091518
19276719
281119812
313603489
84780964
105287977
269339434
15527589
326660770
120132329
457914747
403060786
541148165
320471809
276172913
305347243
763624644
193512516
763697101
23233737
163242091
926731940
763633231
39537891
73991173
1020865999
263021634
612850418
1103957245
307051616
167346110
763662570
1065288228
214489148
85895188
99202046
602863436
108204823
119141257
763666634
132320867
1070573558
763641144
763686120
763695816
763690614
763631347
763717914
236441210
732599300
763666430
14870804
44367735
148629237
352413205
737280595
594203031
742416602
763651405
763714429
108070964
599707985
152169668
541205990
746240850
490776945
441268443
256719066
346415447
281383406
1081641908
764681994
38218275
46181278
285066990
444151435
172669182
356920738
488067926
86258784
329045732
155773293
993684276
137979647
991365523
38131155
928760672
916054362
303693151
747871274
625170505
1046517998
52358292
442561517
342301745
78475738
230070072
628722092
146035082
386553435
78195709
282334443
930416653
1027830068
331164178
372467992
736035812
938484642
142176132
19839492
138680877
284313920
56621108
788525588
570118901
575530835
501146664
514608669
457242625
238363248
975843529
373168856
584927811
297038318
490973768
617046207
29766384
289678293
39859738
741120518
394185580
442283784
47268291
188556034
479207868
204038789
376470804
978628364
31471175
859775449
31173072
971581458
79697348
757204554
966361974
44688308
215073799
866357846
805247432
623141493
577420141
296845310
755667264
514781491
479818714
320215901
187622999
140177924
25193572
281221704
357913081
950479274
61766315
36005506
583459907
116250280
68668509
733185667
203699352
297119093
17579364
16148546
628364017
479013712
947109007
248462548
26105352
60079656
14060372
38368614
515506814
608677578
36221183
308869996
752150208
723019482
104419684
28077573
836251622
122446075
860230272
364126030
288531547
371700794
18211716
126541245
475561576
838177050
901591772
370543365
887870546
42967777
541062222
503172676
811751652
268069450
276724300
342512565
271769055
389591907
18753627
862108214
614464136
860990371
291960943
414492518
293153934
350552021
70880367
583496609
249564928
35112058
183328383
172898886
16290711
832510891
305146552
18910365
244947125
25560787
398831624
15474043
133803499
466536537
772426429
17010074
845978280
127883506
603716639
403281486
626084797
31177734
346633265
758395525
378619947
824075611
819979411
155903867
704070139
555563409
579883100
255944254
94078402
429947144
189879837
47698426
391803891
715302680
247723716
563269523
213895269
22035932
631126576
23153909
55544384
269010221
588534631
166600306
554258679
39053402
103975872
737365584
277858775
585500703
38537299
628992637
443253962
299214818
351078906
498102645
518723862
501182812
93548574
358208682
618556293
445795337
33925132
219629289
609276447
618107634
614106294
615966598
617718902
321083954
352447412
615979896
613874974
25291961
610674324
16114141
609900510
581605260
583432355
592374574
583464749
583475543
580476678
592327037
584228668
596913179
597271737
608822600
608905574
475818180
608001911
319788510
234881393
47546250
20192882
368123578
248878566
17915095
602668079
466829180
171236966
24771082
148911140
400211881
561499743
209769638
314412432
182160923
32454168
366747346
181858126
594115352
385460980
54072736
263203518
519670801
328018064
243207212
375096851
443702470
404054231
51957126
400792948
587807140
182995147
583499526
384465848
554475068
331564672
584195204
286499324
582603466
33488228
191521732
116622577
581434239
560017314
321168595
17240235
181493385
184885221
407170277
15574948
244045091
189619885
224827646
490919521
564557153
358869534
161210137
239117207
366499818
576244765
365270375
16639962
252877320
392901135
517744693
302682993
274160120
268199366
87170557
570721952
24904142
188215598
190982171
236285982
326155641
348437376
355922621
524963262
214414669
545550767
30574386
54941434
105558379
356919245
328096249
53570668
565234737
384909289
342395776
417107796
324928287
308110548
19424599
114204436
385549368
261771537
355547304
25264091
164767943
357646757
54048122
226029800
101616138
433576195
308124494
22269993
326238544
75711686
405980238
431694196
186520790
352756877
352755580
281997824
49423862
282002949
297644638
94267501
391607197
338258630
484730220
442616529
485820907
338259955
337755722
92469734
338259880
496938349
337757435
425357429
460563582
178024623
503820230
312846727
41869227
482331748
321688811
23953273
388401083
155713466
32920077
414516171
528715837
513735612
484372922
420370104
21817105
305915344
210292495
368456100
302666759
547820481
78218258
254668150
154558180
20837081
15109462
280355060
