3993819389
260331920
219617448
20609518
145125358
1097533159
2597413135
338191619
2541363451
3244831358
3238597503
159088441
471741741
240649814
3740152873
229383772
2978763563
185142711
76294950
166884342
3024787007
204060281
125620439
20596281
69231187
1213502011
2824821278
2687516120
33933259
48544403
2720868859
259925559
358814014
631289812
1196254680
18329263
990392605
167292006
2201639311
2946364784
3090455616
3581519833
140690195
3193235556
3219575460
2922679981
3084184765
3292047583
3301394144
50254626
3540812473
837218858
4003933992
4055048295
387533579
3990768552
3650569936
338256364
2971725199
3573370633
2954489952
273053494
533200584
170627809
57947109
1282946089
2936616810
149424781
2795446105
4081695554
3918162328
3744449772
3194039222
1402710696
2662153364
399255492
45452226
78941611
135421739
92708272
71201743
2611121070
2604088764
111445505
44150842
2392528418
516471471
2387337853
178631319
1597796234
3128605313
52638336
2953316923
102549058
2274500544
317163879
1214658974
110993912
130104041
110384388
2756101566
18378627
2616870668
466647990
1637129882
2906079698
152984643
356380773
2211313687
528335923
1112056370
113877213
3170218292
120207222
2410790131
250132805
2183816041
36425563
3196005528
2429765256
128127533
3086076258
341066609
3151252218
486291779
3304300057
2593579898
2682793663
1548233497
2646917150
2246722783
2808813408
1726146978
1690904910
727670108
2268620334
1553529852
1117702471
152634205
758770279
1328258304
1278131738
2292334710
2810717155
3019133162
619877593
2242142287
2330105239
2797878578
1097213642
452870846
1382339863
42871117
1116926101
2917266680
2928104606
31383244
2983982700
42032553
198828614
3102531531
101209327
3075506497
3258826650
3533888419
365651300
2708360605
2837628608
574640827
782747096
3066876901
115852160
3165839522
2663365465
2317336250
386773769
3138715406
1177977529
3237670189
2974465410
115046028
115739740
2788139996
2228726731
2793588158
242712171
3086174227
2673186416
3142349846
182857137
591640089
2564944500
2957024462
3640518793
3904641434
2932119427
64355384
245839275
76334638
2857651022
3164286294
310401632
3219624883
154502692
533072323
117302418
105443297
52648146
1193007020
1193628180
3308763876
1627546478
17307429
50243741
1105939712
2673327426
57270122
242891339
626258843
127515557
20536157
2720768281
160880876
599873118
18839785
139876086
168606635
1384985226
1656024559
1613590393
