863878094
4214873415
1493089004
738370967899103232
388361100
781135724485734400
1163993420
775425766133682176
926674940
2736085693
744117305370681344
4196602169
500924668
754036434907070464
210878059
2589788193
1248982428
1572768055
319108767
732119962475741184
2557359702
2228777888
2301034574
1285310426
2442622997
3326902631
2258598755
2391296264
438515283
772734066248515586
1094897640
2272573614
573214348
4222679953
766784725511970817
450347172
623584562
2976537859
3001814483
3353827341
768261387902590976
134234000
755048203
196415460
916077559
313087874
33467823
3303212552
2682630087
586671909
3252814362
4330862598
555196984
809015856
368711188
1445465400
1632078392
2921734312
4346918240
4733789847
118645994
55053892
1955844960
4474535117
3606274512
26149700
357028004
4635015500
439345236
724915501558861824
740348885281824769
3162647186
4845435245
3207410648
3271822219
738190118771531777
1977733333
711486107809157120
2882776450
725354383827959808
1863897746
3301944219
713250519796555776
740269806876827657
735614186940571648
3241248075
740247862060023809
3180350208
4762650835
843407598
740212606040969216
734149897369354241
740212960879095808
1373307822
1197376298
3777628692
505585012
163750965
716521837534928896
3180907309
3146107011
2638127909
4089339981
3719163681
3312700827
2566083817
2991580510
3058829356
849997286
2962719329
716368399337725952
2988545651
3929303542
4832655357
2898176523
733387844140535808
2538441462
3270413792
3315687154
3238172860
2211528049
357102071
3675645017
2928981098
4754610496
2498832523
2174467477
2579263117
446140508
3094432114
3953304973
2309068525
990920396
3921865636
739468450809008129
714554429177860096
1004571060
133447972
2937206252
2506367351
879880656
715595140459589632
4194710193
2824627705
4751902014
939073004
4861316170
1665722894
258444977
4697364769
967757833
1361156654
22966434
729780321495977984
709382511571443715
3011782856
736558681316163584
2546736439
2345267899
3579012568
2807837025
4060879643
1941861176
4582368874
4047347229
2563563671
3352734987
567597196
3124451273
4593171148
723209364551639040
4839604612
2778056225
3871559417
3297573685
4549575503
2869495355
4124616200
732008891123273729
700995828383670272
735448750873706496
2868663736
2701786548
2684779816
4493835574
2496478969
726554307131113476
713722371849453569
3085387040
2897310102
4889056280
2272965454
4434254117
2641588607
2478762810
2189781714
2960306567
2693345953
2965332054
4046970381
2992040458
303104509
437648206
1837068380
4184727850
2879629066
2927261582
716635536568532992
4580902748
3001757734
3140587156
2582602094
540700393
1330928864
4784570129
2358559502
2568508062
2436583374
4302650178
4890910410
2954276700
384432239
1952472481
1499325169
4873527075
3404565065
4431072372
2879296038
3307913840
3194860600
2900943647
733782796246880256
2385649764
3086404515
3140831218
3364661523
3361002849
3400110809
720805507519225856
4839563804
4033300997
4827604269
450453233
4353983914
509119217
2192817763
715625411678441472
729158145524649984
2494832063
2341188741
187322174
3956108655
3197048011
695637418586742784
755547312
2155587855
2962307848
707165317298950144
2599724869
3064363041
2318395935
2512889959
3389644930
3281970817
722998223753891840
2942209267
2188108719
359667978
625994159
3062638370
30892730
3113038376
2233783389
1199397086
3386871374
3101177178
3366999553
706538746733178881
730789320307548160
3078419840
714590010402541570
728281995713859584
720603407
2251940204
704929856233062400
731366548326076417
3063287518
3742071976
3980559940
480627003
2408384389
4882199932
258950783
2919791602
250984526
2962116352
561700499
3494026036
2752164683
85779882
3120393493
703578878439256064
360619156
1071088752
4914202979
4158073661
2314477378
582306601
2218311080
706479635572379648
731848281211310080
717366479189049344
731815311884861440
4003946069
3025105313
712985889794887680
3070919935
4685992178
854045162
731278013975961600
191264072
4093292423
712311868711440384
727925064964943873
730808315035439104
1911360600
716083548466384896
2825989393
3387659600
3224543876
548745700
725868997283999744
1252332902
831931554
756355993
3258294228
708297873465614338
4594787016
1024190149
719199614809862144
634799970
3671884814
3449149999
4836294275
3852182777
1709825743
893871078
2327945966
724221180010463232
730368802320351232
633894651
3372165125
4851064624
4691064482
3498622572
4840676702
2977425435
2397030174
4861527112
4559580554
2572992970
2916213480
3097607411
2774648125
3684729915
4869589126
729076356160598017
2987687212
186160313
729058752855318528
718577208957079552
877562612
555192533
773927017
728300127237099520
61003804
3750539727
3794887481
2751154033
4748035431
315795219
4855468926
704806433376890880
783545520
3544402156
708049777569767424
2610049356
2811422314
4507051458
3608979375
2468185327
372313717
1358310996
2483430116
729750595750363136
717443382562324480
3090624219
4404465436
726811771403669505
2746231628
1123561986
229248205
2420495428
2932512489
2269041277
3763090574
538971892
64889712
2825443148
700760977881571328
470869914
232073637
395438205
44854304
724675088826687488
3373332383
715230866201513986
2159324557
213739607
401604323
247250685
726797295694532608
2265359784
272519586
3315678533
307972201
2165335533
4581588453
3028648905
1644007129
3843190516
721790745284317184
489655526
711249578503307265
3187899839
4838178837
709998825042223105
3956141295
2482630392
728797823018356737
4835963195
193349615
2933415150
4251571883
4243734317
713439348495151105
4087257914
720157946408235008
2957366183
394755422
602257147
1393354478
728687805728071682
4802900233
4663875984
2296416894
2277200528
709660659684810753
712359700579409921
722483900132552704
2245673023
4379857400
586960590
4639265662
1876222608
1646679768
2910302575
706933350141960193
1068661170
718015470922805248
4658015259
3390908771
2628057126
4252054919
2155886834
3198514747
711472312156090368
3094964844
568617532
1663661346
2267169139
3069148588
586841723
2692053489
2964975963
2557708670
716298873967349761
2342956333
4122924743
4679237449
384529777
728281499192143872
77347649
2194807363
2869023790
3257873553
718874053583331329
3937146681
717835391341043712
2233077137
2165355362
2795423540
1917735068
4857643655
709786510036488192
1658322697
2609952501
397682166
1267894711
3179908200
3351325936
4703416652
2563593987
3267740838
1692847398
2291838076
2867754205
860218472
722934604500340738
623882592
4297431019
240939089
2288623572
258097391
2264133374
4039096519
727469629308727296
603502673
244934653
4372128924
2725455112
2365091911
2951493382
2894559004
1030182320
2802344953
2736399844
702605036
2909972745
2161565485
4085159620
706726164258099200
1322839375
2768469810
3772496116
455472601
4857005659
722253562412044288
705150976387207168
3796032263
568829891
352546571
2225644687
2883048560
1681166460
2715196691
2859856073
1081041204
478273463
595049854
2992800752
3042899013
2759290113
1120876460
3091651713
2763543767
951823027
3356641385
3400408876
3019855515
390874180
4825222203
727686686331817985
3109114023
4636337509
711334350525239296
1314659737
2440883438
3325837084
611953916
708582300095610880
3779375232
485816032
724338411952283649
2469918470
242352895
4150131013
1954011024
2962921912
2995576546
723961081383800833
2368801328
1407938544
241811745
1718215956
724905800980901888
4040988916
4889061718
2162318060
3405579507
2779726232
1355251856
2869349350
4767491402
2930009295
3841148195
2731929152
2869776039
3128949700
2954912927
3305862244
387095654
723240493677719554
2352287850
1167853141
2894753895
3891618256
3367818887
2763874091
2984746354
4877398306
3131906223
3144538696
4851513088
3290598977
4203664217
4904932636
1631166624
610752176
2794006830
2495391859
1030477068
726483129981112320
4047779865
696466847189831680
2258201019
713092335316262913
3384436511
2833655938
2285345587
4249171654
406264248
3347759356
726831518513942528
251280297
2832639159
2897612356
954233394
2433269357
139323931
2380722559
3299531397
2804381793
2933810553
1010109636
1721823240
1043050741
612685813
3338879889
3298070038
3023449023
2801721799
1974020214
1317099260
3433959238
3386242527
4726000423
863590046
456143313
1680532758
1955251399
2750676689
2998995643
3416628161
719241261
2335810597
4846316165
1602563460
2334773057
1709388308
2884098640
705334449
375890348
720283759631708161
595405312
1436599214
4296472577
1295254321
720255013352775684
4781880409
4634606448
3881252632
3290173433
3260351538
3150550608
946505185
710301356444225536
2859742186
3221494205
248364800
4440207694
707960971801788416
3128019112
2755599432
2931798769
2894922610
4550934815
2850310370
3404327565
4866698104
711463733126701056
710392219803521024
4286185469
4707211647
912456985
720110463724478464
3308968278
719782581844123648
4581910815
712348582423175169
3426780833
700891542836215808
4512297797
701160403779219456
2798634808
4863223397
2865797703
3197070606
704893151
3115491063
3717805460
4145707281
3435728705
4889989876
4482211516
3922494376
3234691303
1260292836
2160489730
3118874460
3081601272
1577597875
706990459483201537
581437354
4045954935
3138440043
716195382401888256
1597163280
3153267210
1086316848
4774635806
706608332228816896
3229224188
1134064370
3298249415
3947950912
3687896352
713483774785400832
2817790804
3072663923
2940584410
1965287989
577619440
3576128113
2333996443
2979711381
703643083251032064
418024286
2396924270
2949837010
4886093392
2860320705
717521630428327944
2791997162
1587551672
2428904132
2545206312
2398593421
4632852494
2321411514
711285873455861760
3079140916
2556717697
2376068853
4374240867
4497325578
964602552
4844213588
2859124324
2491684712
1848972252
15945351
1058791340
726617380772823040
147305691
4516257321
485185256
1602935833
726044871492915201
714120958307672065
3000633645
2923903427
2597101626
998491303
100629223
2510263008
394702063
22617605
312276772
4086974363
92070602
449919571
711755501659299840
718279178332872704
27050000
724187415242481664
2806911005
980452328
4559563941
3674477597
4821257290
4869546971
20629172
2772756957
4379485337
288539997
2582593020
2320940414
2830071841
3193658255
4754695820
2212434085
4598679557
2882298659
716002548700811265
1122662664
1728982579
3399961373
2939352633
2270703997
1112266410
735166208
724230862464655360
1723314582
436037147
478975244
721643711503998976
1435010611
197271949
449116401
714580787870339073
1315419661
3301025733
3195059211
2435657394
723964954097782784
498259549
263425010
331312563
2283488195
1499206170
2561453254
2429061094
961307154
4555897825
2850281032
2239434199
3248228486
4874287141
431553552
2453565079
716028854821916673
723222034046697472
3193990088
355260792
3419281042
4789509502
355492844
2559217818
1647885234
4688156426
2317851468
2885331290
2847752909
719824988791029764
3119439014
707948151693389824
705737763304415233
3250567886
267865172
2364939041
1417588549
3544794078
1282874922
1292524297
3634597933
718546518156972033
3197885561
1691244193
429175366
3533919016
559870096
3365804596
1952402246
808643496
3417149313
2921553767
2397688670
4048760613
4659749183
3954519023
4471866267
495011181
4046976467
4903258279
4745593101
4904523715
711223753066287104
710531449628311553
597700873
1075414082
3321956020
4195959983
2169401922
4693409550
75394168
414393891
2183092422
718651289207328768
2936312346
3183347738
4890937797
4862388327
242501387
302790190
722127320950181888
2863699411
2372317400
3111905797
1069790414
4779206834
3389402884
903882626
776457012
1581261744
817615171
1965200101
3387390579
3906092844
214162702
1019140340
4861165096
881256991
2859030630
4699306562
1260039474
2740189395
4775707731
3423212807
2971470977
3322264189
4341382409
2768171103
3004071102
1683140688
2225773530
710639575597764608
3043130010
3078237410
703667726150213632
4172892393
4527904994
1884346866
3319246526
707340901144723457
2830266414
4106769100
1304863171
4854120328
2827090512
3287883335
1593506983
1461102056
2846117637
2886707226
1069944338
2322394349
723317840
4249683562
2610263848
3131608906
2473045369
2274155353
515985509
2923213924
2851247209
2888155127
3196389971
3428872840
2367771907
722107656157048834
2670187494
4757699542
3118620708
632910217
722370260544987136
2433738099
4816703183
704510874057224193
721737898752499712
3126261071
297114235
1958397426
3051837957
3899416515
3041939809
4005313036
4096528065
4869258849
3185721948
3374418017
3189065054
1653794293
4795541089
2717617344
2960923516
388890085
711698027740860416
707654477256527873
4883618908
2877796916
1956111780
620381745
466598235
716577452
2816734923
4903159057
715586403082641408
3548255837
4784828779
2905333817
3873738374
4902215175
4627453037
707617328775573504
3111599970
2396826168
3180548697
3151879740
542667465
4261166201
2943058138
3139153762
2623374748
1893853231
2266936894
3135881029
846956510
2233520016
3041202281
3932898203
2533057846
2543091944
712227227161784320
4050819793
2946112115
1067116909
4666851424
2569520581
2434283905
2795513317
3256514372
4745939535
2483437998
2595843181
2822852915
585891780
4786401140
2857530913
348198629
711491328153096192
3422810752
1703217576
710924988736339968
3860183896
2848538129
1061300208
4459877631
1865868445
2920252178
3154728665
3306042833
3187976016
2990186840
4796408836
4253942961
3343600065
1246125708
2932619825
3053092916
924012079
1721189966
379967960
3125568556
3226210318
3430876329
3137642344
2867280401
3031057659
2210819162
705123057782951943
2164373978
982281404
541837040
717170228082384896
4113342075
2180218232
4525399336
4853812159
722549812105768961
4576728377
4214241352
2761847679
721781729963470848
279521193
514431689
2181917562
4835163973
2940408464
2954804646
704396061079642113
3383113114
4526759963
4858753303
720996698974253056
4883421598
3335114997
720950533171716096
721048350183833600
3241209162
1122732866
709129092
2355229069
718752284008517632
4513094176
411044135
4911000106
2856943273
3315485449
4327303633
3831811632
1886497470
2902341014
309265958
719868838158942209
2448211171
710458901922246656
3040682043
4855361380
714583491141238785
3832676848
718984722152624129
1658567353
3251159827
2192284720
3407091610
1665839389
177490797
2432716782
3136226563
3255330050
713354881327886336
708624902425858048
3258460878
718560917361975296
717810279346782208
233498498
4287560056
1615487544
560455976
572515349
775685551
1173396259
2841113979
1013194976
3407725875
1941171547
2433913082
2180335493
1360306392
1531992475
445709841
154916719
1632638701
230547800
2535805943
1640374032
301619722
484865404
328763610
712292451407568896
341555685
4142737721
4082215259
3065622754
1573566950
323173742
713007862331518976
2319878351
4288201273
3317993942
584824188
1859600616
2909711012
763137709
2373552806
2506635075
1615560948
2754006504
338438881
496895121
55748578
3413446696
2745711903
702599889117683713
1655313792
4378095436
2518028791
1007080375
2482386278
4796924318
708613905854111744
703607530916868097
434297405
3429850011
3251969144
1303961678
2766510741
1286523854
2254821442
1891276723
2909938431
2829655120
2746624121
286126506
290791206
846149839
2582242125
4559797643
371969954
3989611695
2783975986
2184124898
4775513699
582036976
3401853497
714516101745532928
3014214674
892027082
471685551
981550158
1226989262
4820560876
3430261431
1320043890
714820564242808834
705520000480780288
700777021639512064
4637966176
714417829278142464
4883464265
713757007581462529
714229163243085824
716662037225414657
3932240653
4903541439
4854910522
713095954627485697
713159843608076288
2522716891
4651653175
697811501776764928
1252484929
1300481425
1217749123
4881496277
715687066894536705
938285814
2265536547
4923874092
4080041065
3021466945
631210990
2207697159
2765150489
333017992
2806493805
3387967775
2270336407
1953619838
4841236455
706768170850320384
716297908333584385
3275946752
1978919100
716261389149413376
4809797433
3708279862
3883731154
702588387010727937
702004401653858304
3390770171
4436508915
706958787
335043806
2409035821
3301297253
3338681773
2163751110
714522851202711554
3322422422
540625441
717352479801741312
1114276771
4536722793
2454723906
4771316304
708892306200330241
85283857
715748140255567872
4260659174
3538346659
3024569498
3034391882
2938892138
3167469109
2938124284
706153280473157638
4882365155
2982571048
2824822344
980203435
2945721825
2907916973
3220090262
4812446107
711555920
4089867179
3183224474
4667927611
2285088763
2203003512
2720241178
604539712
2180621653
716453248337518594
2882973085
1507232574
2572231686
2781248060
708924258806697984
716154036693512192
90775013
1003706342
705859376767213568
2189955141
4898761401
1231070492
476915220
2885904180
327745257
2814189042
3381874227
1479445826
716418867254403072
3147831320
2597237450
716593218796654592
716555901365129216
3767369174
3035035244
373605238
2724217891
3006990448
4899823520
3009819569
3197464850
3248704183
3151968474
713588606720315392
4005993794
4762088888
713650295075680258
2222817536
4561684650
2949797014
1195863774
3223149307
710033981610143746
3094405531
2256244374
3181433588
3914537052
1139304325
2270226229
2851661576
4540952534
2721271363
3179152441
2475063391
4918904297
296681809
1392148621
2779952418
4480355234
3208404454
4416452539
4686534925
708648114802982912
2408566981
2447084737
703920496736231424
3050658013
4861650166
716644744781115392
4814007410
2260405560
575724537
1308236090
4634266096
3683064799
3366326218
716373851295363072
716314406938759169
232172253
1903684201
342661357
3254497530
701904390945378305
2861638777
4098677242
702164600968638465
4825050214
2338597524
1464107515
1112519743
710433958857584640
3640745243
2182084676
715605147116822528
710228346211278848
1971460669
711730885943382017
3235151648
3310430143
710081358475952128
709190863977639937
710708049435086848
2428522231
891942649
1597307611
2259551910
4498946238
2168425258
2919564123
3303369250
3352035747
1435291794
2955491800
2942928898
705867301707456512
1560330157
3377256225
2748116567
4880401921
1187439174
3290036060
4790687894
2924655720
2734527112
2918403330
4901625790
4539733185
2416570855
2882730113
1158310202
2323752493
3103021527
1521971040
2930902890
713234224535310337
4813263462
4213612937
172194164
703454823547535360
3041013945
708424680223461377
3068632325
2561238858
3309586129
3313865121
3266321552
2768470432
1945035792
707410679263846401
743984244
2489529254
202015051
2941683527
2269077244
4470786875
3313624198
634836959
1493081304
1386536042
713072620904779776
3016776663
2997789733
3286368062
2787163077
709007248828321792
4891683341
2937608873
3013075858
289728133
3227955124
2354809764
2796278699
109713620
714007068223479808
4706903501
1566025993
2246202882
2739816955
950432401
3299070923
201850666
4790005298
3076043487
4845007869
417338181
4643362117
4745947575
1165070557
4876234744
702885623938605056
4572328337
1164048012
2379210165
1641413180
4854262263
3248727298
482242183
2889300725
2955093892
376583299
3026820839
2191557584
2631700302
705574894961094657
1147079318
2589060467
1591909939
3249456069
4241037622
466015861
2751699555
4919980612
4543084794
142262774
713355983188144129
2297893117
3838198754
713327499686510593
850591034
521049379
3238594326
3063207036
3982224395
1343204545
1393987920
3435306436
3138196978
2341889406
1699399597
713464735933587457
536507800
2939716076
1644022002
2855146994
3337149598
745143055
698638925707898880
2840737015
4895254361
2942787299
2963990613
4826982993
3246337605
2752815472
1079336310
4802453803
3308754744
711514526190080001
3979350855
4838684044
3191976666
4049316253
3242942234
2827585023
4709136797
2978282060
4580208107
2806105125
3229221430
355771763
704625965251502080
1531627758
2163963714
4871373736
318184248
2263920186
2378309202
124565944
1578682142
4547499192
2950956421
708694373614149632
712378160344600576
1734036326
1763630286
1272889182
2868316906
462837624
2683686863
2806960281
3063189207
3930304512
2975023707
2739827876
707283809352417280
1462178310
520234436
455952395
3337110329
87530803
3013863357
1137637494
2760057532
846668034
2162753564
3124255958
2572292303
1435831854
3226389271
4546921168
264401024
2978223322
703358243737735168
3011886526
4328088134
294165989
2851178656
3236215839
2159681126
3794781435
705672593232101376
700903441363697665
4268471420
2844391865
4829430273
4075117265
871744932
2868007491
3093430653
2650200306
465252178
3385763790
4351345340
2827884628
4561011557
442391189
1734360620
632818349
2823574428
4685331182
4898792254
2557121335
704786661238898688
4536179123
2930294346
767334728
1048182253
4835197095
2881539562
4228867725
4605540912
3296968972
4748819681
1599185130
378796533
1252890656
2420446111
4879574955
3982083200
2452154850
2842743370
2263748390
1555907730
2475697137
3779022073
290646230
704176549709389824
4372303535
3234253040
1594358078
4118343381
2944339412
3316733040
740587597
2854485842
4910850975
4769198129
2266172214
978885870
3308361575
301729803
1017868272
3147954377
3245465624
2930857729
1567942986
1403738018
4879718357
4150493433
2290125132
1294864999
3363026392
2905621699
597359164
4902060004
335041132
1651238858
3079683582
2717654776
2373316133
3283360772
1701617917
4441268535
2541408203
3221924102
2270930817
4523144123
3547793722
3069976969
3715763064
3226055081
2915901611
4901701151
597203137
1603500806
4265613327
3178337278
4728345278
1271113777
2994580458
708994531899781121
919878314
701359540172890113
2974059474
3288346819
363330273
3051074826
1969312986
3077345103
2724465762
4841517445
2461040906
897558084
703561960986537985
708321676035956737
2724700593
3048391896
557026576
2708823686
4130696908
3290916439
4608867859
4861263857
32625905
2504175458
2714798128
4413860728
3632629821
733194061
4107152794
341953976
1655586427
2209586868
3323472857
3245583334
289644871
2856395773
2839910227
405728790
2994278522
399552354
3991226319
272561314
3007503513
4052345354
2571626726
2773868449
1306774261
2940722263
4351386614
3299402707
2698056128
3310649498
3033873294
1047982980
2431222579
2683753168
3383871934
3718955476
2778916289
2906980737
2165471399
447375821
2254050744
1699691653
3374377079
3099237669
862882711
2867725234
2172437352
2737500767
3260526568
4276194492
1451887225
387164259
3243340191
611884741
4540595853
3199702929
1558121660
4032401655
3752152812
86609567
2157951191
3374267217
2463423632
3890359036
249350043
51538147
3765140480
2492035530
3293251521
3111713541
726256572
2955817197
3198774019
2494063320
708596243
2907751295
2778278618
1196364176
4012934362
2548634545
2789699837
3057927751
546452325
1109762492
2781337904
1671818467
1258128109
238811325
2829887219
2410107692
2573572667
1329146282
386189310
2678327099
3117150172
1712374656
1418760342
2868779709
933429812
2558992123
2497468046
2333359846
1658544842
2956701395
4627726550
967247888
2429962812
192274569
546342069
932167476
1385506339
2938891459
3291232668
3280239127
1007260478
3185840569
1274233056
287334686
4045953179
838063123
704169012
566906442
389562934
2628076607
144783785
3187605475
4497221353
2852868219
4251810328
2875044289
575751461
2523698620
2170365734
2981683022
2856963517
2205231284
3297375766
3259607263
1696344480
591046565
915573156
2155838005
3476016792
1640756094
3117457912
3374682081
3231312894
1639744933
2454217933
4206865521
3282083208
1900405490
3237872739
621953127
3053984311
1109755274
3018227581
3707165832
180228195
715140092
3237864386
4628024533
3146337663
3057959130
623362388
3920407634
3321016544
460430465
612307201
2980113472
543655222
252099822
203760682
496337989
1393473919
4618906392
535705693
2373920127
980995315
1898490740
462142254
531675832
1605722880
3408200602
2407225212
3014055781
1475037126
3403612018
3258834492
1717395547
320378848
716431301
329804871
2159207988
835084956
4464894434
3167036113
3308670277
1088618341
808541893
2302099874
2463599552
510765708
548684049
3333155303
2793928668
3396462561
3256963694
133464390
2825194015
3259692871
2928042103
2713323624
2904552381
3123990791
279890788
1578253321
3026665115
4144011221
1420821872
1648476572
2822835194
1733549918
1467842816
3053114677
4223463494
2217029942
852209018
1280795558
1045245288
3118314690
3396904684
3322331234
1397150137
577392086
391835956
2227522591
3299774297
2848023205
850553749
800561238
2728329263
1016567652
1125154147
2813836424
2938030161
348397340
3042340407
2712784513
3957888527
1918123729
2354884094
2332923660
2844943750
3712144994
1312103305
3245542740
3400115529
3316643287
3281885659
2295932838
784459945
2976179307
569782209
549232442
2768373687
3018280760
3035985451
3135281285
2811569441
1002190176
2394624763
203512942
2700686431
1929324498
2576894598
4054474287
2460662273
2514097350
2893846070
1007006498
4458919992
1415511756
1665463429
3183634194
1632702644
2282962464
2298102233
174746709
3219693205
1398961670
2204885622
1951303400
2372166259
4437346154
2833655749
130830209
2903992069
2962025341
529699894
2323622966
954104053
286442369
1037741743
1477742257
577468332
1197742968
3432161849
3068917378
293397238
3230380953
2921977799
3173270662
3344404509
2733682840
399579946
2643763504
176502981
2200375650
1903899356
1350280549
3605652259
1692065640
2871445024
2307523445
3803039129
1179737882
3155768357
1598937392
1936746260
2987851765
2265661230
3140032116
3288752838
3977611633
2995301479
4544611996
4535136982
2361843397
2224323289
3214397302
2481458005
729422977
1010327522
66607689
1759163365
636000593
3257378046
2570292349
545374653
1955512250
3023274129
4024048877
2888260092
4234141273
2334610309
584039182
1356588200
2376811304
2257114992
78910259
2778438133
2238039252
3491606722
4210750294
551144138
2474657250
331244444
2601225042
723920006
2990941601
2882118088
422314738
616713945
3132573456
1553464213
2624809558
2553265586
3145312161
2863208437
2643415533
925526700
4235357319
2407537907
3013226658
544561308
1943655984
3138190794
147069545
2267123810
395994558
2733053973
878726112
1545330156
2889557858
838461522
615497959
2983102354
2369079764
3414251653
2523037059
4211802052
709291416
2695563649
82330305
1003363832
2257352688
3399368483
3869661254
223624741
2378833316
474472445
2367425506
2681249970
2519291605
2703741042
956339767
153539226
2836735062
1884492019
2830591720
2631318796
982197031
3131182143
368166854
2696749939
2678552508
4609179793
4273367056
2800668499
3109926984
4567840994
862499940
2931144913
3119258012
2868714680
1279303752
2510473140
238415953
166709846
4071721872
3014260885
2440663824
1061940362
1551638646
1691402042
2267392226
2275768724
619601595
1181869255
173704781
2808272700
2720308377
4185283692
323531736
296595564
1551945912
1331865624
486360712
2828739786
2161545391
1508686914
1891047854
2601019273
2986359507
3076592420
3906500178
1019709900
4180873319
867133022
2352358861
2588063636
284140106
1715684978
2707125307
3346821699
181606443
3325167456
1704569899
3399020723
245431759
2906689263
293205611
2848447900
212087267
1386830149
2895971771
3120767590
2500505430
315769723
270612197
3290545443
563816941
575680932
2395257811
4527997895
2997120472
4018583782
2766371052
847989571
4137882921
2925601133
1848481183
3415834329
3073325335
3558952213
425147084
1422160363
254058878
1328114886
2273951013
3793603875
3969237673
1096846411
4385810679
244225397
969417336
2857503737
434371544
150159299
559364995
2424545535
1536508099
1114832335
1608329239
989079054
590176049
2169808712
3109899306
3024704609
2855196940
1916864599
4171157714
2800201870
2309355535
2829880511
3038813277
3979645523
4012426035
1128488940
3328372326
2935228431
1875109687
2483819905
2488518834
1861271618
2600423100
709787076
99654692
4205364381
2924865206
3920996597
1484914176
309551935
169243760
2541840786
3134300838
1716301224
2175069598
3018502969
2971518496
359149054
400022114
993585336
3230965371
402541097
454060184
4313331553
93455625
140241564
991724484
1140152346
537676922
2367884620
2937721898
2300811108
1604128135
2821648186
2323576711
2980455621
613274817
2885178898
455690866
3037650665
2565503531
3434102649
2177827968
1339258092
3046353294
3166419818
2830969598
193808862
3108641101
1281005899
1030183200
3281886354
1258426682
1599967614
1046372695
3121688466
2728963496
2940599491
424682205
426738744
3995707883
610964155
2724257853
2450494225
3207052010
2731831120
2168647693
1680397778
780361134
1596449346
2501143626
366698113
1975924723
4097526732
340188231
3177222741
2744896324
3238908023
1566581377
1742959308
3235823569
2956010413
709208062
1708653420
1032479954
3982729457
953986159
3438530223
2825342584
3052621197
3338449335
791331499
927708362
4601466259
2520228976
539337840
3225820764
2821710380
3623831415
1734892148
2835694348
766350236
4268077634
3037816559
2913959920
2255420101
2988737944
3016730173
755897281
273736322
1336551306
241466487
1301337420
1374745729
614871198
1264178366
3138546175
1311442598
1891540086
2709417570
2760583127
3390589768
607976637
4252256500
3265180085
2869224539
1864511324
4026066407
2842445089
334574548
2266063976
2323345387
3382228138
443142467
825749498
1584446119
269881874
4386245956
3089478448
3059712400
2332662257
1900591098
2942504981
1036830450
1008619820
2408612005
1421174275
2792748280
4144348708
3345467920
2494996646
2295943213
3032787902
1452130165
4039357523
2368363284
2644234899
2794596437
2810780395
1364715506
1572808242
1296786486
3101604347
3047497930
1701553440
2387957712
1708422050
2552704080
1850478450
2639007726
2844048215
609759693
2832433144
2422177902
321289959
546027962
1487485922
383606523
2184053540
593627904
2867475962
2358261922
597762430
473014856
741190537
3136651669
3248085953
3324276045
246372916
2401543934
1159616616
1280032466
1176574837
2247679113
3323354720
3368148729
3189722352
3108980058
3324284660
571794963
2466146935
616272723
2761988411
289459976
2908437156
1711320517
3412456281
2360696545
1522111308
2856968211
3309576446
1390320776
247847106
3411215487
1373286786
4385131594
1921091953
2308996884
2902689109
303985433
2310766587
1667530374
2554614164
2772332897
3376303516
3381612004
2194099685
2981743162
3297216554
505014493
3514436904
4334566992
892897160
1220012996
3210188183
384901072
2761240696
992009401
3140539061
3050919346
2922779882
736915778
243281720
2980154849
371330865
2850004666
311630817
2800923469
1086993667
1320753738
2804246737
2244387920
2641732443
2529502191
238908188
3389101223
2932775554
1091180106
2791310613
883273250
1080282769
2303038945
1142549401
4211598274
1055791058
859746062
2718050644
2705750744
1083158040
979011390
752833422
1240345177
1594068546
1615398223
2179500110
897089276
2853622039
356891349
739609207
2192137394
1630615530
849814080
3121326027
1143664543
920418278
2752723294
3471977134
455145565
2765397461
2589089812
1581283884
3181402248
627249693
2911897157
2611052977
755486569
2785481312
480690305
285248125
854390792
1039406455
2418113656
1356181980
2465795448
3582589996
1385592271
1729343887
3919488621
1670571499
811146470
1452728948
545910963
1566964872
1872105918
264025194
2609583284
2417004744
712470674
1260966758
162449481
383060021
2429415360
3988431569
279623020
2290042294
2290408591
1732292833
2377770187
1729965607
2899427626
1343620303
2685074077
3155382567
537652228
2962896690
1287040778
724691964
2956137156
2533271389
3167065397
3114938736
3257182374
2880895566
2755984461
2763717588
1109363486
291823665
472728561
1634916847
2739867478
634657529
4320441492
1533046968
2441570864
2997463509
2814022045
2417122730
1024892046
1382263908
2330165925
387703481
4483358608
2289335418
233920887
2250982702
1024798758
2328303983
811359326
1667434531
241869482
2714674204
3356415413
2155631643
3053055810
1859917254
2462738566
4063298123
322544913
3325783018
351555588
1426794060
344009627
2309130578
2559445250
1357026757
2957292870
1849248716
2784110619
3035227003
2906302525
3402878657
553287784
1956631375
1416070388
3056223098
1633957866
2497697039
1939017829
379408088
310072711
2727309983
2455014958
2269623713
3924242296
2235399797
3015294849
452522020
604142194
397906046
2261808925
84279963
158314798
209708391
181561712
105119490
