476675010
3981942198
2391232105
3297937016
3290000119
517295819
589808615
128479879
17659206
113259902
573299587
505587119
1429480158
113842072
21539210
15846407
26257166
966125060
26565946
144902286
27195114
482753590
91053979
2557521
23151437
838951045
33844605
17919972
20231071
35689802
70401175
50916567
120178497
174611730
278460899
211395583
223098742
25521487
12425692
36958020
156620910
813286
123529004
37950212
153691784
148271173
64351333
182168448
151785057
195696075
15485441
1387688922
86899675
