737023745076932609
371993708
751077925991096321
1652179196
808033152816074756
2358648824
608655007
733351618381500417
2533186495
1138126861
732970823930249221
326466954
764641929325862912
703250484421853184
1632132056
1619053411
739148595862081537
1901694259
2962032629
1932079100
3371212893
794612628781928449
2497861762
2390044327
3074995876
807681732656951296
791494137623248897
802961999198121984
2895115516
3223965426
895166258
1709626602
766735250680639488
2892146045
2172428747
3319543156
470360291
4819847595
4210979315
2602110446
3142687457
706810544364326912
3364262074
4875203531
768145748542251008
791051098811461633
2847202303
1945590866
748300635150389248
805103925200388096
4107492124
173938162
347229363
573911608
3369818633
709344199238410240
2214970581
2902604756
975000510
1596386617
3138558355
712339798619504641
787451518471528448
803943621263327233
764592774
3031454274
2638171212
3331049534
33792219
705050815086505984
773331564411363328
3289065951
4431099443
737869408232742912
3127002508
3092241503
4827797554
735623294049718273
750514422012141568
800874518591979520
3369528429
790991444500705280
757406461790154752
2932772294
782721449492643840
559948967
2257172849
776612137980551168
425991333
3826784763
255721197
2785362788
2874187347
762460745665617920
781542084390031364
793213061465305088
1058973734
3124327295
3378485896
2269909330
3298085601
445864917
2828579285
2216783869
486942212
733144224732958720
2465405299
3023396021
3302612366
3016312933
4583331132
4330378108
4452919585
4906908626
2547233548
3889536500
1964208978
2154809107
495247925
793106125730308096
773171228848906240
4808988569
796521675391139844
4539240441
2300824406
319407699
3063913588
1878450026
1065789223
724791534
2507404775
2568020292
794686193501958144
26426132
791260164699676672
154325791
1000635805
770474463905341441
3150179806
3199113263
765231359073935360
3149424965
706330633912655872
788100441641025536
3381321736
310573633
728735189518721024
2857120674
3249621339
73529148
3001794603
4626671122
754417658511101952
772542417807482885
1382967818
2873996358
755923593855401985
2958001427
792846176852803585
762721543143161856
785542388668309504
727918836071202821
4806832175
2734251070
794693403229519872
762746523247599616
4254193258
615545925
884844182
2978108542
726556439578316804
349761668
3229521237
748170234738118656
4895809403
2367248190
3041828997
2912125972
4144725796
3160549786
4886185174
767380941056643072
707103902
4031646820
769928216253464577
782006703780921344
326285082
791286514969878528
782407128183111681
2863309833
787408598615941121
790634753733066752
1684210188
3835994379
769663479607357440
784484128045539328
712242266535026688
3232513462
1318738580
791016448252604416
785898016582479873
4213630167
4191161121
81062326
3062034633
1633666279
2267698608
2236491134
3232187962
2499904333
1654090454
2170899898
791797682662694913
761285554382176260
748645363846877184
2750290823
765245148846559232
466785746
763538701490221056
790703431929462785
725434962871201794
4432864162
4902196299
3397988056
734447891591364608
602320716
3011173576
766491014647472128
3657104296
4879624797
2996351047
3093010349
2903768344
526320606
2573253331
2218387611
368008922
4856897285
2753348916
756260665241788417
698244427987488769
1400437884
767324319055769600
782430683897757696
716760942797852672
767473267720523776
2252436840
770837615910260736
755147153551622145
776462596530634752
792038536547565568
4827699005
765548367745257472
746421566674636804
3408655653
4911553612
788874416931340289
894769154
2834712615
751469719899676673
741658206590652416
779744667046903808
4882806424
4167964367
771892753143824386
780476431746920448
758444425014108161
3353611762
2719329441
2996938781
3483057082
749263743243214848
3989499983
753293738
759118029275922432
786369848548950016
3310032449
418909917
737042858830659584
2872300000
447189334
2954120193
2458756182
2463509066
608529582
718920949643505665
3085258939
715347519082008576
3392195121
2367679267
776146755075342336
2612761995
1067088422
3277967844
751196569098125312
2638970101
304100768
2907682337
757369106349850625
754686872413241345
762486395357175811
733063499665006592
780892209180766208
4106218520
2677822935
108049919
882744740
756716919747665920
4089458852
926218837
3166659790
128479879
1385854014
705238172960210945
3159154765
3863517501
4835472791
786324583410503680
1594383073
1067872831
624108086
824167848
786702410794332160
4079444055
788390642225442816
770727963943964672
3414081257
2632813097
781125484985847808
726863969483382784
167028307
754848724019474432
773691213375533061
2982128045
3853897337
862972495
704666646347194368
773924122992713728
765673874625269760
2200286546
735644483367342081
717739178893684737
3830010802
775012456926154752
844111224
2990135193
2598273854
3437560864
772384962339299328
3402847030
724265402
2734458293
269487371
783846816555098112
3869846717
2993506541
1591131403
3037760753
2306476832
907121269
2262879377
749656748760371200
2167632482
747118779650416641
4799780957
787425703532826624
1114886731
3152886101
1173387456
2609292424
2724396765
3368315782
733795603998707712
762682102123028480
2867635851
739930081473245184
786211582388740096
712798150235439105
2883701635
781739551266078720
725082179785596929
764587388295405568
51194167
3289337674
439222521
4343460389
4179511109
1011122676
4818579579
3308576432
884290165
717319049458401281
4364633542
715250322415960064
753073601042055168
755926475505885184
763748304165433344
779873176243372033
783836057716523010
739142649232396288
3346019171
2319296426
724419057433337858
2984255986
3054607925
2305288819
4107116241
3385042144
3242126038
2583126338
785955219364573186
4857420898
3390120653
3436117589
716024620063789056
745444147725643777
1136643894
710474380535582720
4164593188
3432748313
3422636201
723941582072872961
4167949403
4916082389
4836277407
98507672
750088995976179712
771773690849656832
90903684
3411901901
4614839536
3257278827
725286448115634177
2222371070
2287229323
1107558854
764191102513639424
4858502369
757706318140600325
2998733836
4870682805
2290184664
1321411172
776948360255332352
746066908747796481
428210616
747918787362586624
2951181513
3201605926
3495708917
776842386588794880
2494474951
2438850224
1371931236
2696098243
770105810504613888
292528089
2765465529
4321149089
3310658099
4019049735
1225625131
749795722841710592
955638204
1505765924
4830564322
349795983
3699033735
4130181556
765610508003205120
857045749
4056304755
760092368024563712
760120042994434048
759724628071682048
760116568659492865
768168269836644353
776149852564619265
698176998968070146
469532962
713761510363951104
714206140603752448
4710595707
1223113338
2461725529
3157736429
767819780250370049
385123406
759194659562352640
4823109461
3181946464
3101798793
2259343874
2423105075
2924823960
163471470
705092112522543104
2416057164
4918567521
2983259684
2762146510
2982017045
1937805764
3111747783
710757230
784616898
2211800292
2598847878
763672678830137346
1586145079
767843303849091072
781538549237682176
923854560
4729542237
716079791942856704
3077245305
2868237875
4704848778
768060110174289920
3000055925
750128712339820544
720720654811721730
723040224855613440
4122518129
199868655
4366545496
733075440487784449
568871711
3047987041
3429621077
971741624
1969501567
1891340161
3290458649
723961639750512642
782650126468644864
727249194
717866068048486400
741734447263961088
713010392063164416
2571425416
2517096910
2555922577
756153560367190023
749390342206713856
2239556539
3160463517
2943114725
2537404812
2440516854
702179871775178752
776256230826319872
4270813577
2932158309
2153823678
887464729
707196264488824832
230563743
2458691207
2505994406
2239971948
707190801202286593
706210710875930624
761225963309035520
3359367903
3578302336
1455748519
749447240637374464
326665891
3871395501
2387983892
715294217174650882
746396147330256896
3340408503
751982203018543104
771336582725038080
2256037052
3384814169
4048642673
766100306950234113
2336615222
716324870641041408
4843036473
1349094109
218575515
4860802195
3078871189
4493805802
2216003015
4552728979
773132279174561794
748728682340978688
748200776540000256
777923599269236736
2613511795
1469309059
2272654854
2293574521
2645931128
399691857
4834567065
739911294531305472
3948376103
778777525992431617
712263121390403584
4160690775
607379708
3246524111
196413500
732634822359822337
3218809009
739099067406487552
3289450199
714926004968534019
778752294657593344
77329235
767501175482638338
3109204300
531788822
3304048617
2360267479
3358975241
293782813
743160540986548224
3335601659
1439611134
754168321134690304
3152781255
3137607376
3984439641
4366093101
4222377309
717201164614385664
722875404520796161
759457137399652352
1630955352
1128274820
928085281
4826876067
734444555475558400
758654867569270784
743551849555435520
765294384225083392
2750309444
3129510034
775754488758018051
3308747884
1861359884
706880894250909697
4365624076
1848930296
742185402921029632
761275404699271170
4855588803
770645870807224320
718171653189017600
1419544022
4833231881
1511975370
4212117214
3135650051
2666436085
747559359140462592
760564133704167424
179472778
764834537402687492
330255947
2745341929
3326006650
758355974675660800
4896224919
2715149657
348013143
359564020
722566551602360322
1614130134
1409332903
1892469038
2258115156
595790756
2470322506
3070744541
4356045317
704402285691015168
3422938247
2484674204
271089100
719606128829669376
486563125
2151853825
3027180015
706175525501456388
4136411133
741709204788912128
711677544785965056
2930433909
2990556737
2257522648
2941096929
4816270293
743648464723124224
732363745666707456
2420996131
1722480703
718584564206186496
379832637
488588016
1286598079
286761174
3840443855
394402241
2353492035
2863020821
3066018483
2339409153
755079019108982784
701144235580530688
189647912
3930043264
222951932
2362010578
1706055098
881063424
3432105591
561411417
1074490094
1265755633
324107347
710876403944853504
3407845527
1043428874
323171425
4258480733
2750574216
3037985385
777286229104717824
716790727238369284
1493681239
2255574492
3181371809
749737998351228928
750472645699829760
4900305148
702959849802432512
2873974311
2987502267
4605427157
494965807
1830342228
2985874744
1687340082
760546768610324485
702916005786488832
761236797754048513
2521145920
776784964633366528
2628011059
1623843974
3296840771
698917315606351873
4923511336
704077229697966080
708680065769463810
923591035
766620913
2746590184
1169609582
728798530442285056
632110916
3383734461
400835440
3373852881
2776260730
1898322888
734825380738174976
477112268
494290032
763924296905347074
121125227
2981668847
761025055467769856
713712274398175232
1070984238
747791443452899328
43119782
2829833943
2979100090
3133007983
734565614442971137
1629297769
1370620562
2811068003
3010470286
4498230081
353283764
765039120171331584
4740587313
4212730517
3697386976
4005624269
4893932830
2227351159
3634618455
4114498456
2411386314
750757413423382528
2961164025
774742963918364672
3018941920
3249180993
611290095
747172533439504384
422576603
3043359982
428213118
3196636732
4376867057
131873810
3522369977
479318555
762457567398289409
762772569271496704
730422908569440257
731655141338824704
748806538936983552
78642060
2558117041
2334715049
3697039462
2752537618
2987526922
760085632534339584
449825370
2746884477
1377513254
1643194700
570499370
744017059483422721
3238990975
3735481458
2827095743
727592834006700032
608598983
632857958
2968413891
3428822801
2225065303
769560011055984641
4409189494
774671935796109313
3418520295
2959489563
714822868870234112
3666649414
3110865417
3325000469
710307804972765184
774257995299622912
3247057079
2344276735
1705307407
721937992353505284
3614107162
3311908124
2633622307
3247028675
2857183213
747980732409208833
701383157011058688
2444391475
4850250401
1259815926
460267471
77323549
728241176235655168
749324806248693760
739193807615463424
743136396609789953
745429465258401792
1546464229
4197894699
3439473365
730445136820355072
2966925471
731135780085698560
733500234165301248
746861208683356160
741032665810403328
739602734110900226
4826006986
733054705669156865
733374345981112322
1250293490
740942525020680192
744974543941406720
740755919466844160
745013074994802688
773368242916171776
4158783400
2211139047
185446560
713087730272628740
168855750
3503699955
4878501425
2830720945
719310994921635840
4898155084
3662636958
408177579
737817825029574656
745640321749377025
745560498033168384
2736610104
1674146010
868989950
4923981491
1631838080
3006655389
1115614704
1239507349
1277501480
773292980916609024
2830615851
762386403888070660
3167416565
1428137370
2875680761
768476826578644992
3431653077
3325797753
2619395863
756879018981519360
2551145831
173433112
583954800
229953888
761985830130970624
705873567305613312
3301062394
2250924598
723742994319446016
697175997955903488
742409641544548353
731521700270120960
3080334699
4873171115
339061397
1643420071
3832487080
3776757442
4830336857
3610852936
425381498
771776546151497728
3416516595
3301025751
4907396805
746764210630234113
3956936537
2755722546
4478100015
3249039251
3050906505
1678850192
1202596950
3361247679
327499326
3224503439
1974561404
1961674350
1621169598
3645829816
746544525657706498
741642852137107456
551997977
1272908552
737363590995402752
1309252885
586501052
715923011128467456
3885342617
735548389862068224
3932671985
2926118249
749369070345150464
2776337403
461839033
3378177761
4768473701
2969068690
3307197821
3335954663
1538854008
2258330116
161779555
288992208
798466453
318661506
3755580867
3804132448
506260171
252408308
3379744721
3203659888
1099523366
4527586529
517238337
1609361749
2805049066
4091510487
706560174169972736
880614072
4205104041
751252922114174976
731490445004550144
4668848248
4553761103
730874382311116804
616640123
739495555747942400
1592251585
723545365576835072
4518675700
2875412784
4864470215
3337220692
1418600754
3348005099
4864635369
4189250181
765476870041264128
769266785577304065
558043645
840945272
755203234327883776
2264703228
150470714
1319155694
196619548
3418866141
3792668536
373763877
1888461001
285173622
714121679048470528
3345787173
714954788757225473
2764841165
745097858244710400
3362700988
528801439
761422701470818304
342956306
2194444542
3054279168
709766864
729888901431709698
1961065152
86983772
3129056526
545527240
2881977268
4480702881
2701891388
3220692126
2216804842
763891502162599937
4394571617
702471630585532416
2918200172
735922946208899076
4846710922
432830704
2252367436
4462395459
4890368176
2764343945
621352173
3361552985
1293482796
524430365
4537913193
90098789
50600062
21526685
72694909
702760534609944576
760374491226763264
764200362156888064
133385481
1468665710
1146176154
3377819572
2681439410
3485161155
493481978
715202586022948866
2167263259
705088440849862656
377336111
1432286744
1075322286
4750233737
396381235
1617714758
4498258229
1443961898
3443035757
3395893953
723238560019656708
3570630555
579862805
2493708600
3987170649
2581010317
4766501477
2703736686
1213923858
713910830517985280
713919403004465152
714197338475143168
705475297534189573
713889959925645312
713153188837371904
706078208563789824
736216606280458240
500984784
756610937956757504
754077974064984064
2859821231
738898055764836353
155035102
42311715
3408089579
1518258992
4829926583
4872420478
3288610547
1142686921
987844669
747600597382205440
2634924183
1143135164
842800152
4407206812
727897240317071360
629787001
4632621982
3018691426
2722480123
1080292514
748581272981745666
3939838336
1455384367
744302847634857984
3012639093
1322552444
707317182355660801
3045195741
2882055317
722532644047687680
4189003840
723208895599153152
2788310345
2689184849
3865468227
264991585
2359723786
337202102
2674931245
4558411407
2241721554
2266787581
3004942642
536965491
3013383358
866217355
1049009048
4596990502
703703389171949568
759852355592462336
1691893086
2533814995
753762708210802692
1673799397
2539145693
4867748385
759621517747621888
2397421019
3808716022
2638478400
325104701
126752291
1601726010
3264623093
171249783
229242380
924359060
2750856424
2448131012
2885646100
3477840624
4231641406
2914421133
714080245129805825
700555882979983360
3397781879
2767932748
2784460560
736625958325780486
2484518827
4769484255
737468814112239616
370895989
720061641191264256
746431270264016896
738468683895451648
2834945374
4860323142
1364834923
494387015
703907167401803776
746831274753560576
159542870
2382787363
742487817855598592
836731988
328239147
818451925
309246711
3932882963
3301736825
4647148173
1969554590
488409419
1835202859
279217864
2999754883
225936854
3130816127
3130719069
2542528030
2293699424
964522465
704774975748706304
2476240178
722881586698399744
4376001627
735859800752394240
4647276573
4415959714
572135947
3528879377
2589817287
43779577
345927104
761225022585307136
757379534467506176
2467899567
375115710
759457606763249664
834316544
4574064743
724055982368796672
390452286
728924363471372288
1401397826
494321695
781310100
338724609
597522394
762950498
2821955380
113642504
2253791712
485776491
719552601247916034
3311190952
352160899
3030158859
4515788775
2779576369
146531623
3081092858
739556505272344578
701175051073298432
3188185987
220130683
1522340587
701108969788612608
578437875
1275050178
2849547613
702262727075565569
386580863
3197862092
3956575396
3384680957
2288708946
2884835776
321733751
429985280
2918145419
778556646
3359105776
2235603515
731902320133476354
472085488
233971775
2714567427
3221936727
3838414757
706440236704739328
3252894287
1699530908
727615107505782784
3367828265
302361723
621336007
3986349603
3995724196
717781727201071104
4395718817
1057247424
2715876221
3946139849
637313893
731317848702881792
2350461890
2841569005
2865786213
3255081461
3539284577
1640756838
4710250919
1972042758
724998161467629568
722155523290828802
726048940223815680
4275300507
4659674601
1242746065
2241132937
3234306619
3420046096
2584827498
197553230
2917168267
733349165271535620
713194384259461120
724345531678511104
733022823426449408
714896341579771904
3244673214
704660045703860224
4439674720
4460791822
716732175333330944
704451086803968000
732253312003768320
4180868289
2554913804
734206364969500672
4885443035
4867651043
712646292380454914
733029917642895360
3902614575
732249181818105862
1169769259
733852962729164800
1365219738
701800783558406145
2563599120
4726760715
1193212706
2243050471
2222050279
2931120760
3304148386
3481608089
712369382614118400
3091948858
3284597558
4352526214
885493428
1857834444
2815264196
2686369562
3068596102
717507493140758532
4235343857
4184203096
4817938689
1347143214
730926817016745989
706307971417042945
729861222842175488
249777598
2742214703
2348505745
1507035120
930765132
703676874367565824
4388329715
2943095681
700005787998011392
733361009012924416
2289500760
222945028
721392788038922240
764404520
873947580
4663853973
4746426262
2783163666
4226270489
700406160516640770
2163692401
732989005827088385
2736669929
2831961185
700726123311841280
592210676
3690325577
958055054
2390171400
1898189900
728655119437410304
1723366140
1890418015
227000787
1846436462
719214443809390593
1598916128
732691267264602113
2307228182
10794032
1900552849
392416580
2587374105
1415657335
3404744637
706206853424922624
98638197
728345122325159936
713547364443824128
1396956036
725109550660108288
411718075
3642777561
961555890
2788312684
3921791187
561587724
2295174131
3107464511
2870844009
2295631308
3363890205
708479846545006592
704716239801864192
731680236312645632
3050050060
2310504021
2787192989
4279886897
726143858019590144
91552787
2205803440
2798179439
2258309690
71425292
729843124583997441
3975725537
731664799654916101
829547948
1683914510
4481584457
2611781522
4883685575
2891369751
2282802275
713046797116121088
775989330
2713600468
2917845533
1542251761
85836039
3091712451
730911512508936192
2762636048
704047314940403713
701612105389232128
574065680
1740268094
720719573004206081
709442736747843584
3007835621
4068273987
3932798056
239746578
28798077
3435552021
3401934849
797049762
717382634129793024
716720741941641219
2727636868
427517384
2910924257
2411403189
1615813998
50858699
2928818079
302803290
2762836145
2582503225
2899238579
2518970132
115633063
4149684088
3434900614
705439746785415172
729388208182661120
729347275802193920
2764047994
3998316814
569460848
4745570056
748249436
224399767
2247131304
726837901749850116
3903748035
4867553944
706915344028450816
4785351393
714103414502850560
1213339880
2172858852
3026549355
710607676657557504
3065681505
2597366034
706592271332982784
724297737127231488
4830172666
1609477338
4709454975
4627586362
386719478
908340560
2302085806
716705791
2699239477
724640441329696768
1927162622
855331574
4657169909
2569297899
723664577242771457
703931366648446978
2983952842
3025736753
2214654734
1665124938
2188918687
278543442
3234089258
3234084104
2977648617
3306668373
3306715493
3170118063
700441376966709249
4831347641
1532931211
722609314305847298
441309326
3373573468
4345589717
2497087123
723538281103798272
4546908795
2225960916
4925247503
519861852
1310788567
707562714596560897
2391232105
1429480158
573299587
4790453897
721416068695224320
1360497368
3730378461
708373379867353088
484932802
4167625882
1409798257
173605666
4377042795
4868016171
2571253099
711670313558396928
2896659003
4141590519
4825659358
3043826107
1267894711
1591320956
256277067
2923737857
2221943408
363038594
4366670962
3024345387
4799331857
720711007232856064
719992686753771520
151100032
620521500
285827132
376283740
715928843744374786
416511804
1199666076
1537493077
3199011071
2611421454
4012682555
168683422
3411297646
705227342
366811507
4817737907
2885439810
713557563896422401
1037615454
3974090141
720595345533771777
606522553
2493653228
4921013043
704712521404518401
4659244647
2590499143
3302647834
412579023
46759880
708797334612779008
720728317167542272
3214310437
2927520784
2957565603
2239969229
3339706773
43534925
705501592892645378
705926053869572096
1058117558
4893806429
3247149975
3491156477
721301606428516352
1021915814
4862742417
285321079
3121848148
720649198509694978
1225518030
718808693358399488
4700972015
4698127315
4267703735
3385383520
2750859713
718550760796065792
4143619577
715201254536810496
1353173982
3211144005
3314485566
2923641430
1561271233
1216796816
2369487547
2543237020
117202778
2896369612
2330991160
2435951658
1214525298
3364488191
2762400285
2718260296
3237058289
1595108251
422755982
716951544
716553862157635584
3119218300
1623865411
711641369643773953
302252639
717243975560794112
3433120757
2706979518
4222083958
3837891305
4526862975
3396182403
4883364857
3975347302
2183166230
602998431
3388462149
1119386515
4174080495
716337203694211072
3272128040
704776855363125248
602849716
713498369222701056
705834824838332421
705903104231940097
39409188
708035633294536709
703794097253978112
705886075512877057
2288528577
193090857
226440513
70267418
713548942038839297
4869241445
2235346057
4092453016
1143118586
702175912377380864
1156344793
3010122387
3183569338
3124399687
3049546716
3064724045
713087426403700740
1148644172
714962663403429888
3011769206
4693074140
510438045
4871639194
3203010659
4877951753
4870621949
4870895080
4869723183
3438631846
3980883549
4839471247
713566561961947136
713527375871524864
882787153
3296187996
713758361943220224
711293063088508928
3134153668
2923347119
713532836289114112
3135335109
4872967931
4613360309
2734681413
2572050343
713505859427508228
2792560935
4047153263
3080019693
2970304869
1638992328
1641570931
230805138
1629059179
517832950
4182528095
4708550723
550247478
4841876145
3242144748
3219194819
2870018893
2960547307
2888545059
2241601892
3323002277
4825379775
4572109223
3342121995
3070680339
4243445956
711835272917491712
4128586593
4835781381
707379948512800769
705603537212985344
711961060455137280
2425518712
3091757003
711886601475989505
701435794410577920
3332823861
2790106864
497315661
4520784555
4920253547
2889663953
1099714368
71038091
1632550860
2480177320
710656514306998272
2897369369
1626242112
2911589187
4887292178
2758117461
171309112
4867535193
4830170619
4777841115
3680175387
4696500192
4907694634
2542142041
2379248138
4873869467
309722145
1125837973
220847563
709874706661445635
2698894555
3914092816
425116010
2762069715
2723739483
2952326026
3315284442
3077345103
4494840627
1602547400
3411308879
4238841003
274932621
801013514
3705256393
3120378789
3818916304
709416671342149632
708051069432143872
1369956937
3003470379
2910520516
709021838668656640
3003406155
967976886
608304750
268414482
2699462461
1653456276
705094696431910912
2225721800
1407508897
4666851424
700690429390544896
4867172343
295376709
564901959
709039343705464833
708583279566389248
4833439288
3242617301
4907200948
708783907584524292
2859228867
4416216675
2417956038
4888869861
3237986908
1514215777
3407602281
3068628844
3718922357
533391344
254569337
3381012029
547184474
4857886696
394191743
1312334168
1852123650
2225107788
3295525074
3331936228
3286435142
4519813515
3283944768
4769605757
3224983179
3359665114
602288602
708024811298099200
4833325745
3302174043
4389621263
4312537876
4551442637
4485279387
4063924071
4405833946
4485791661
2863184780
705555612944441344
2257274661
3740445612
268976582
4826191498
701878628552986625
701223657566298112
4863870791
4071610048
2464970104
2846675525
4622407937
319499865
3290420850
1911895399
253415014
391115625
176758431
464454076
111332557
465219474
335141638
3020906177
611347889
2236541260
330561602
705583282549817344
4709867363
702289108387958784
4893141483
2919851067
3130807096
3451665317
910661995
3364501253
2431318645
3351307666
3386460676
2985040654
1549802857
253742150
4901412766
2937227680
4828620844
3288510115
3371221913
2704875928
3226287438
701728205384843265
136956091
4904585373
703224248425431041
701474040784011264
879038804
430820710
2879172063
2996138987
2677948916
4634686995
127844691
2258000058
4928476905
3290709977
3304848669
216549542
2974652993
152897361
3361725394
701432184071135232
2880844131
702567710627131392
702333124047298560
90678800
2954041171
4243743935
269545332
2740358146
2246046722
3302147919
491575972
4179556293
1058584994
2973975118
3160328578
3116484050
4833017183
2788873504
701796880112549889
723501012
3120429417
3293043876
171682730
2566083968
2334694812
950613444
3379902017
3010777852
2838301607
701807327356309505
379424219
2930082159
472149046
4872876375
3119540085
3647242935
2894346104
632097105
4871709612
594686579
3308232527
270677119
2208113402
4700489809
4320981935
97763986
3037613320
207050355
3495714155
2858498048
4921057707
77733517
1537131810
153289194
4847548378
3463830315
3351073989
2869702355
3291548450
2484493044
701196563188736002
1326497532
3310375900
3438806465
4518017369
695698209369387013
2962403637
4050160697
312875487
3631526549
2494598081
700818049922797568
1418323254
632248192
2840625087
700638388529967106
700532433020592129
2234694470
328048462
3459422909
2192517513
2721219849
4920022389
2827922406
355890374
4222086329
4691923172
2918933701
4573762761
4160423236
2951333521
2744814904
4921569501
4040575403
4835671965
4830002723
2915628352
4847603656
2492241626
467042129
4840422281
4315746736
4164685053
2286161232
315612740
4923822970
2560596715
3100553308
4886570063
1287600192
2888492019
2190847920
4421057355
205294094
1317005197
192968576
2779916560
4874671623
2772292421
4919820412
2994152975
3047463723
4726239928
350392682
4835034706
4860388424
4822176371
4579233149
4879087571
86876958
4917576394
4483837913
3473818636
3419165836
4909718608
4843670519
1873561998
607421654
3903590242
3282167441
4904876637
2957440420
254684169
3153608494
2270753810
321489486
169243528
716447274
423781033
3982590610
3808000036
3423229768
336214533
4870759090
3405115247
501971210
62615894
3025532434
2871721741
4243119339
3251918472
4112560049
4191504201
4899948808
422458175
4906361031
2580412842
2409699320
4889458324
4759344857
4901346255
1546562906
4882092526
190006879
4875168508
3056193095
460295516
4865968797
2836899655
2924769158
4886791149
2939795373
2499169075
437712622
845937403
3658730392
2907813659
4474718073
4831368346
3127841095
4865278684
3033510791
1254847050
2505579968
4899928457
2971317004
4649597417
406787176
4894989209
2322610447
449043253
4828223449
4900193537
307593705
1710119388
3090485488
4649436195
1875700093
4514358886
3559205782
4198493763
3138139575
3431675775
4893792418
3313926454
442378684
350424316
3722698162
4012253080
321389242
896243006
4041889941
362756190
2456955247
100788146
368746058
399771015
3192561850
3344515133
1032517033
45434539
4898762488
4835277376
4011527716
697414649042640896
3891929415
3020291104
2972467840
4892481065
4881074295
193826447
28659281
1942657069
4855203741
169236507
1620765956
4842820079
4895180889
4895335341
2493071519
697495277050015744
537457429
2940943959
3409348251
2475580196
2922117832
3400174851
701861767
1902174804
4729004008
3413956042
3401862425
4886570962
3102144368
4891576192
1024900543
4055550622
3228254334
3066357683
4867496241
4344813257
3239824702
219020656
973526522
4876601074
4879251935
1706666298
1089455130
550582442
208745581
1921104882
2895433859
2590785131
2450797572
2996129615
4851338152
593364579
3981467240
2263699687
2936210233
3040786026
4851012833
4285046958
3436059604
2997177270
3076502971
695389171926507521
3748758914
723198175
4023509413
396226821
1489703012
3295973424
4547057783
2431276051
1701789024
3102084274
3247081384
2634859117
2417929478
4886028964
583184756
556436416
3246988131
2997283178
3957428955
4885738601
623584562
4833001077
2873123470
4295009721
2396424968
582352792
4820884401
2244837327
281402123
4882045539
60804437
4886387885
175573447
4867135798
4448959882
4385138188
4362222016
4361792601
4460882505
4060042042
4367374217
4444749434
4561887740
4460430927
4439113101
4372041737
4394810417
4438084463
4460142569
4421057195
4460798057
4460539821
4886142357
4509129869
4525150216
4556494635
3174727979
863186304
4884623434
4687365637
2977447851
4883445521
3890880453
4823212235
134841782
4795085316
360971530
4873205283
1105256444
335001553
2883137116
4422189754
1628204875
4876532812
3344368613
3295385528
329243782
592328803
2981498674
3217010006
3413949073
2976735179
83853687
4718522062
445420041
2434483130
2385696608
4782217810
4861793802
2637167823
79527175
4693177458
4069152677
2559402127
3105348515
387887562
2532791674
2994100123
473056507
3292171786
1493039682
394666219
454064601
521818392
620414335
844626590
1558537687
1349821920
2276746272
2984795215
2992454583
3035671066
3090004978
3127697344
3228640391
3373063360
3374592262
3413415419
3495021377
3524715023
4076146222
4105174227
4594639639
4728649883
4835516224
493552991
4828075613
4571000895
2608054400
2243318617
4758460398
2600947266
987494424
4065121456
34411758
4882944664
3596850912
316782995
325541762
2730009803
893366610
3434266473
2902945635
4580734049
2185040797
2525880276
184036366
2985981568
3506025915
2678681862
135319945
4599247463
3171794081
4876557478
2932678178
3071877198
4068522079
282789510
1201819550
4203397636
2356733022
436840774
3045123443
135632409
3006236037
4345879180
4462942217
2750044592
4192975577
4879270834
3137013407
4877347510
2257889272
3222657005
4775716276
4562107456
4581190702
4843814253
4701445993
3344122281
2326305058
4839079025
2419530452
321361670
403828161
2571480416
1465667005
1864409503
2844308621
4877980924
4850139119
3407923102
2610245553
864454296
3021651275
136928574
3408285022
4483077993
1692567109
2968866791
3129733475
4691974459
2710147706
238409479
116550365
2907253966
3126370948
4749845421
367441170
242333998
3494979735
4127045601
2416061594
3305288800
297083826
1104355070
1176838136
694885482174529536
3002846704
2277906978
3298628711
4332868702
4868128023
4854540923
4373011701
864964470
80055070
2285823725
3264247120
327598541
1113476060
59009527
450160558
4861436058
2868285711
3003462161
4633335022
295449708
2161402496
3305067070
800754223
162565287
3056307897
376317513
2906734902
4869551787
197595393
2402816584
425192184
3145922669
4137277156
3323049045
2924720312
1609056608
3074688695
3322500323
4524473049
4828203483
1439826115
1570653133
4704955381
4482595576
176497505
474331243
4865602606
4837098760
3145523903
4874128420
3904005556
4843334763
4633583955
3091188443
2151778352
4631929402
4874818053
3930447862
3017673879
3010432259
4858917003
2209185788
59530151
355170978
3047817450
3390085762
796293757
3494658022
267412893
3107499370
4224296061
284809520
394208593
4373004869
4842794081
4861530921
4573344435
3434587841
3378051574
468804582
4855846493
826254800
2488508505
2777359624
3431999091
342447141
72273419
4870140003
928146888
2251929642
47164576
3177061625
694946314077999104
973889922
1691165948
2568158242
3097923400
456728101
2364747914
1448209950
3386363261
1917255294
4837024061
2887258221
278092678
2761086036
1576533229
3123333615
4562540297
3030202403
1262183269
274576008
3975516136
372011849
4776546857
337878347
1668366534
4632339456
4853585373
4502787569
981332107
64932841
2516893082
48863905
3176977361
221251450
3258273225
2873164905
4872968253
478119389
367219882
3976131833
1319057258
4333245622
3321064839
138910663
96632852
71395892
4872748030
1594538197
50232883
4401227321
3289969434
3322982553
3190721325
3829359449
3234548140
2895339490
3274724883
361523229
3921001347
2893716562
4121930740
447465949
2205347496
2610966546
3436051330
196415460
4828087952
4397872535
3219636202
1898543258
3734593635
4776847233
2932297462
3647153422
2923288557
3154443175
4452974273
3408916084
2187225482
634012875
890844914
1584071778
2579236470
3437057579
2597068369
3293371767
624260700
2269608871
2893891353
188109896
2898031125
4866860121
2704961038
4827437483
2687488582
3712740375
3009479784
4809873499
1493460242
3210107254
4042291541
4442785936
4821371806
3171416589
221533057
2698691941
574384394
3495499875
3242396440
2831968880
4291815635
3047928238
1216954788
1451730332
2821189330
1887744714
2382461894
3987684502
3392695871
796611224
4354463062
770365460
2207591345
2924510628
601962245
3038202479
2677933236
3524573654
3318399525
1028642582
4699640540
1143081018
3094620151
2864421112
3363536619
3229027649
528739646
4779788821
3303206490
4800087567
2856395773
1642582782
371661752
1646457709
2865009720
4481650335
238611925
347390301
976221624
2678095837
3323802387
2867283677
2856892990
746089142
3258089362
4850054188
470383072
2976846239
4644687855
1151155166
2715164373
1545562802
3272562162
63226813
1336605589
3749778262
3096955942
303326136
3342709864
3238353269
2298581765
2901050157
1173760904
2900722749
147039803
4818320985
234591466
3407817377
3372694930
296814625
2696252017
2686317140
4840792011
1268302579
3405117851
3371829910
792277160
3258576155
3125446853
2957828410
2976621178
2194405296
2962567110
2846037388
1018621848
3436901669
4829894092
184081329
592240847
64132524
1121625632
3342716735
311278296
4837410574
4450772549
4451257042
4833667553
4836761199
4837245028
4836118750
3037709021
14619266
1923621890
4002889822
2784038055
3434481335
1634285527
1400070055
68792381
275400224
169740780
2497641325
4825493945
1549114748
328214455
3033187755
3028254952
4534244536
4579250860
4300175477
1387565982
3125088201
4064529694
3099751101
4813395743
3419090765
2395051173
2226408824
4627998857
1517825785
3131941235
3435550133
3598327817
1901965508
4767817366
429210169
3325554069
3293546816
4789058685
4778500937
1132631258
3380635522
2360799827
4458919992
437487910
57972602
4779162154
3226369971
2194458616
3299967405
6427882
4745630247
4635527656
3024083675
4660479454
393747814
233003196
1261677744
3731209517
4642336343
3592676115
54387680
3296195512
701607056
3729400103
3469171642
2808838244
794610259
2653845549
4418475987
4419703815
3436377130
2897758461
360266331
3234262682
165840917
2959340548
2750630721
3262174163
2941787284
4107594256
4530645501
2386994924
2655358194
3740609475
234954291
4259252873
1732420201
433486821
4344346455
4442183842
2642058023
3317649941
3298751544
2579697925
4020475456
3494570663
3875195661
4513343775
3427251520
2919070916
442723990
2345087802
405728790
2934177987
806709680
3329759439
3111105785
2713451907
2749220656
281766200
2740758087
56783491
23375688
1373581460
840495458
2937635811
293807001
3245397274
2421379401
3023693501
4321958362
21024838
311663105
2837625808
22136866
30282704
25382170
310687757
2743113943
560457866
2859431225
4300402275
3231245771
528856990
3116501974
3309838119
1738474914
4322466923
3926712805
3303390034
4261139427
3507260114
2878416569
1051811923
2975040159
3146762390
713317677
349390574
379408088
3491605642
2801003834
3430807996
2756504049
3106821773
67934821
3293633161
2758986649
3350659089
4197551021
2766687936
3010395917
4216907900
3409115897
3307403921
3158577490
3413235958
411526397
3314721165
3028301547
4164781533
119194752
3431996242
275015947
355705486
2242567033
321711672
461567662
3713473877
3666198447
386162520
3714965482
1921303608
458123349
3072865037
4064007147
960992666
525350633
244767833
3407521787
3342853047
2708618877
3327642893
2614753574
3136743202
3493419022
3084658558
174283104
37545509
3665828955
517024992
466244002
979120381
3301913416
950523984
167361989
1141666159
2474666940
2615228501
798247164
176566242
105119490
264107729
403255314
272561314
112457675
403246803
439125710
403245020
3637059743
3658377196
3337317299
3505300996
84321476
4017937882
2178824556
3585165197
3469451223
15953740
14213711
274011049
479561834
508131314
81751472
31631327
62557485
261308632
14128609
226542162
