17363090
4772231240
4777152150
40596741
3161163805
3323277121
454527089
38908587
74950072
3388814473
4007168113
79355995
3282218791
137654214
3835633699
98310564
189671070
122609727
268371982
26243698
3313366232
3281368988
3308699810
67063550
3466155973
67309732
147791622
3287233182
1263292416
199274986
63701775
58954914
33150122
47213732
84259171
341484821
15448383
35134211
271145197
171574926
279788564
330826792
170965705
14123558
388945610
279338697
744894541
63845742
218421917
27042513
153011582
38788864
51023844
77888423
63596465
115485051
133880286
24890732
19722586
149441759
20609518
337836372
185314895
472546062
855393420
89142507
225190303
481856585
21246710
295571253
166739404
57635158
39988143
55807518
49212471
77991323
20503999
124721190
119621455
169686021
149993274
22465833
42225200
33827636
98775132
154453512
268414482
42335426
173769172
41229669
390824761
36608061
141052723
500704345
630337617
69197000
141749200
27157482
18948541
78263967
6427882
16331010
392134026
492399548
61184728
15422794
285282053
54491455
25272149
27778893
19058681
22108885
116077660
38355380
115368958
37163168
58233603
278072240
52551600
189503518
310495603
26565946
14230524
58528137
55753842
62786191
36686415
14824849
65237354
34908898
306025835
613589429
81831739
33872505
85603854
332638865
184910040
17919972
21447363
25365536
16409683
268439864
60583926
16190898
164255906
54866152
148354126
100220864
382585400
15809249
36395526
65569109
47953538
129144705
190973276
204721531
69068481
23294489
68468333
48899204
710117845
41889498
739033596
76589464
270176702
108345784
246171516
425573156
40677226
145514541
42613274
143380138
54902299
27847535
273516926
485801479
23563059
117365648
428258461
32721501
72720042
144847609
237662663
19397785
54785566
122278704
64106222
44046882
78432764
265696487
431662634
500042487
121143179
245992215
372704181
28208983
222018849
379736440
274649460
304946304
50374439
31685653
104448662
145587945
60500389
22096068
283783357
296631356
124440843
727249232
109213578
297842718
27191144
143446454
44728980
41101847
456697074
69129044
86565815
268984678
35094637
61507091
462489802
335691457
627094179
82548454
409062152
41991527
84109416
460546145
548940718
165289700
198483230
2883841
113603164
160804409
84043070
468997099
163737649
365606681
32488775
89894658
33590001
78229179
113341451
135901326
623456010
28706024
15846407
