2765860919
1164065268
2434516190
3974577737
487105840
331394663
1188650689
1176616116
3105299726
188684410
61104605
944203176
17437511
40644000
63652756
407042279
91441711
103394487
190371395
46694102
15085498
382303129
400448353
16688083
2861354860
750567798
2859167786
2644697608
175180732
2981297384
15792387
253809805
16402111
82455213
70740986
745418704427458560
714639571493871616
2879148805
944835650
627949093
412806234
1292376426
406745433
127377113
724236934470492161
4699593150
720973791958999040
53818263
3401174114
624637711
705953394838544384
2160625530
2795331308
113249265
3472316834
1031786832
235854295
208506172
1330625646
19174806
2811559122
295053705
3151056913
1697313523
722121653346394117
3229205802
4067104585
2531790020
620693804
3238956218
3175965272
4554039494
3308514654
80201195
4728782174
547642875
2684545483
3237748357
129383582
2852110398
704933833053962241
323664951
125669885
402323962
2602265461
309514160
4916451319
2878272253
706531092287791108
3317753310
4307464575
62764427
2469321650
3303736243
758912244
4009351513
1449246151
4361858359
3327587874
3804851174
3023257561
3068233370
2933498886
2919330451
3328668324
2353108964
3316509245
2830051135
704785461890252801
3123455903
39988143
3315224389
3302091203
4217865793
4635803773
60583926
32751684
4288339393
3154785100
77180916
4900747502
3283399484
4857023790
3624694338
4832983760
2490966180
4528912933
3266591520
551149727
2905050607
4767408578
2665944117
256932842
1263201492
3017016320
2154201589
618063945
3220390742
706750293854191616
2256049986
2431403930
2423050585
2425295370
701669027337388032
3645807494
4529716274
881925625
27879969
3566960654
706178901165277188
701604630594097152
631960086
4838660996
4875781334
704267628827668481
1100222299
704173705895628800
3322531194
702917373787910144
145159649
81784791
702698985656492032
4721373853
542615014
745207129
2584919953
159669879
4105128681
4911329982
3676406539
4031518895
4150870874
1939885134
4739421492
3313439714
3982291099
340199191
3483705323
3233584890
2644447166
4923751578
701683781955026944
4047040878
44881200
2953612296
2274084638
977222264
4544991558
704806583054635010
4187691706
4121545454
1246112814
703194722970374145
194952157
3558965605
3511678274
3551886132
3186626676
3289421330
3658775240
3958532899
4900718467
3545362214
3314702994
3317401489
703166132786626561
3646272074
3457308373
458318318
503274993
154375741
4367809285
3433688003
2885903868
2170013642
701937056143044610
4155346994
703138931588538368
705937734930534400
705932436656394240
2748649992
1353624764
1328096796
233874287
702242925179043840
2849480569
3825768133
4195921753
407290211
3776317994
701313280887824389
3997316959
3638399174
2215406990
2522016522
2151196507
704909395113713664
3228747085
2406328892
2884916184
337499625
3013213848
3062048496
702763536343117824
3311542830
23332215
2716048267
3256873706
48300030
4386985453
110674921
4832723981
215909898
3172242036
729846007
4925840602
3610519513
93598909
703945621271502848
703448503989571585
155468091
4153809193
3707896512
3922329137
211101522
2833346198
704849680195137537
4315970842
703731369315168256
703537140831883266
696970603039821824
1948569666
703731552191008772
3269048648
2401075777
1251757201
705365467247017984
703567961261371392
4289604404
3190095500
2226116132
3180203790
4693566938
77941152
77214614
3294061248
2678954250
3008404218
701981369086271488
152777421
704803131268399104
3535404140
704788014128504832
2921501352
704612614702129152
3878427193
63076186
3892272314
3819141147
55318476
3568303334
3713056051
452845277
3986161214
3181210351
3442715352
4783098714
703665527676207105
702288120109084672
3308562596
39036257
139684976
3676685593
3735965954
700586965582778368
3312842048
703730300648488960
703513106224254976
3277215733
704099864213192704
4743515546
698777453926322177
4835636847
2696833136
3852158114
79696205
4861446996
3768244454
4637089764
2850597113
3222042068
3837879094
3808499594
956735275
3313279302
4767183432
3500476452
377135842
2406285395
4810757958
3304030045
141741566
3056173592
284476450
2895596173
84286905
3702662898
345865664
3475896379
2982187034
1060445228
36895952
807642642
3393208092
1577425429
391875222
501583715
1646901613
593673705
41473062
3511862654
1382294234
3683296819
701582751099555840
3228674178
2812292466
4848392136
702990853053288448
421891700
4716631160
2758312802
204772351
320097026
3312297080
2936905002
3584533454
3868340058
3765398053
37880477
38807923
3932316373
3708197713
561141676
2911935396
3791976920
702057212164714496
2424656755
79532866
4849727964
3654580094
3421281735
3328934071
1594615548
3241919635
3319914066
3316851811
3860730433
3637928294
2885092907
390586545
3725454315
4101138133
3512104454
4907359375
3780373814
4880271313
4818405105
4716481927
1049695903
4601820012
40203263
4872258368
4389454674
78300229
2913567182
4109544538
2905463192
701012466776588289
3007708208
2833941728
2855794052
4477305733
2428676654
4121348359
3893717473
3151142102
1695597150
3317308011
3055139709
3471658814
4236600592
4886522870
524677129
2814102979
3310766082
4842884515
4208686693
699942748699250688
2289580110
3857883914
3458152274
3311831664
3497715734
350490615
223681465
3384373992
953103224
3326917488
3275551254
3313565376
3743183958
4725991645
1239872394
3035821315
48990362
147617877
3229497828
3225750054
4787240058
3835902854
3399450618
4797709812
3585461114
4191042133
3819970933
4889129650
3316913480
4088497214
3598187123
164241115
3311497856
2926037761
4268177845
1306672706
3492692414
3572208018
3680067192
702740371529273345
702710292241883136
3305106481
252006857
1637194164
4859977301
3301017768
2906979502
555560456
3586170793
78520236
702121413486874624
2377971113
3316821157
3571355900
75765656
171442476
595534086
3984638354
3659806459
3964494792
3328584620
1256072119
4054717033
3166169414
3727570153
31144419
3509126232
4860002470
702573697123495936
4052559073
80553688
2976460921
548296922
2996480815
38623763
54823321
3230504748
395792350
3312038042
4346778493
372176521
38589297
4431060918
702599954661937152
3593653278
3980209512
2791414661
379035321
3782040372
3501243193
4051846420
2913728762
1540902872
352843808
3061155666
200438129
298989401
3690492921
2975685728
2471374796
3310217388
3247532030
3245628949
1015031090
20214322
2993375155
3311106692
4689021584
133189022
3311405834
79527980
3266115043
2529342296
327204753
4806407431
4564768226
3098690707
484718453
3659420178
2594573772
4807726645
3914680152
3952577713
4445407873
4691452398
4920446773
4142752938
4194049633
3709369343
4135877899
4901181192
622708493
61063045
35364154
4239374953
4108431254
149185205
3165974984
4099047134
1592711600
162990450
4886451942
2317031203
4153524200
4911659227
4574690532
3502136718
258745429
3692870354
292088329
23563916
4532972145
3830766492
4023716953
3488181132
4895262974
3457555280
3688369176
294461673
591501241
3593240234
701993736
4287433814
700708146679910400
3289710420
3981475334
3166506408
4034154013
621024453
3234951696
3526516939
4266311533
4618814012
130352975
515052604
3404431033
2308386302
3156184700
3501845840
3767130859
2669403024
1098497754
2835521480
1311660636
865003267
3230727288
2932436000
3319634564
1575840890
3228663067
3481532772
55802183
2393680326
2806434980
297722360
2982638035
3369471026
231780395
1315788511
3755649494
3934058898
608725715
3222637633
3681245233
4639284612
3312757920
3902626760
2769341911
1318140726
48668434
4899432758
223384086
2802983484
4701873800
4811883907
4442593343
4891659119
216680696
2478148742
3755597234
392015471
2181373669
4047722894
1666206199
505370516
789195456
3966693852
3241886958
2465448223
946943359
3820652174
2228785835
4420429521
153746390
3311512338
4675800313
4880692805
3354955454
3314748672
3301755052
3228804804
3229447976
77708207
4831614462
3238837974
2995287553
3258888540
3869904022
3146223792
219190258
4291326506
3422025587
4745298044
3415213672
3032429803
40696642
1937444382
2461097360
1900174117
3229299710
3229311758
3229332134
3229235456
3228891392
2176821871
3228751747
4735650674
3488433317
275907588
83885619
1666455174
3491285354
3746220913
3629228054
3145443025
59391252
4501976353
4036974312
4286697672
3488035093
179041978
186367387
3744004280
4682430582
120318447
904151336
54813594
3548705053
2617410252
207259432
65558774
100410036
3314550241
2842214376
3978352513
301206368
2902685347
246307429
3593388440
4102348218
2211865051
3681081072
342091422
3670051698
3346398800
2642910097
3004917078
111548365
22236920
3337242810
3571440913
3301353094
3948625394
188254291
371450077
3481701083
162728717
3220271424
3493668854
33187774
40361977
2741985000
788563322
2765766912
3692050152
873865890
3544505773
343547084
3612315972
3531095052
3286511048
3582983054
46388339
3337898833
3650357719
3654411800
3319533644
3195164364
3257614183
370839709
2733050124
134112840
35430121
2946827121
2779672195
3569284813
360491100
3309810907
3323556962
3591542594
3541666098
3542676740
3502343412
3401775674
3591542178
2807089248
594753839
2790329830
46134061
454676366
3311211739
158004757
3334059014
311230470
2588655704
3312279936
44906548
2839168668
77459168
2798924132
3315058087
2833642531
2490963644
3149448967
87392201
3309547418
3103087939
3592882153
2263574900
1454116141
3315478261
1661202175
3317897972
3318383371
3228778214
3499142720
3225101917
2461235492
3146861251
3393492792
3491475924
3533153652
3301386417
397829042
143023499
31313277
3479930654
3468097933
3311385498
3311338308
3313193737
3313188721
3231175705
2901130778
528626048
187842770
3487086014
245779841
3314824615
3189426002
1312126172
2481746041
3177641252
233686335
2343415308
585744399
2912309243
3241707380
121143179
125919934
299247511
3421673067
223993870
3428517220
3311926134
3118547042
947856686
2842950649
3468856700
3229334508
3499814594
2239558038
3421135971
3582970693
3418987618
3254781522
460847351
3313199624
131807283
59394510
2959737601
3232318651
2838520076
1069991160
74064787
3301659117
2862392516
1415008436
3505416084
3503970686
3097058330
3328738927
3311174874
3355522323
413173524
1402102429
62591415
2829974088
3105699768
467191284
3312301262
17919972
87102355
15629005
3344169923
1299266473
15872418
255384702
1309645802
3277919760
33494125
262249901
195682573
284980600
334594860
2834086580
1057026788
214410802
105000120
3312391297
2453502846
1368673176
298410926
3231566750
3434131393
2931878332
2986628531
3224640877
3177255510
3308866332
3244392956
377649956
73300671
3295716194
3238482202
2251902096
39158238
3171679908
3312536676
2787142688
2739146208
2848570363
78855244
98310564
63701775
173706022
1654364588
336639209
3367275618
2268876589
3253324124
3318207666
3312103536
2747174611
3280725086
2999179261
3301792523
3311649224
2449669068
277047868
3225872804
1279276116
3075341545
3305371889
2897422945
290946134
3229599019
2922379590
3282752322
3441639197
3307234040
190986096
553154845
3344540974
3395072834
3407144879
2432745722
2999656308
2428371510
63596465
405375788
1293961572
2322407647
1062544248
3319800764
744791286
3314128044
2926445130
171323654
179613499
3194265402
2532408104
3225778392
121357269
3157038571
3308581477
291652087
2468912376
3317348180
117985876
2418405402
2439686068
240568286
296632458
2432303268
370470481
2847771088
3223045537
924444726
103550181
3278001768
3194145067
3242494940
3300828693
3235682467
3317619860
294662790
3287272423
1464452982
2923715036
2738981384
3230491386
2501347336
575270875
1383931614
37606314
2534943512
406227978
3313309934
2989229286
3379406085
3031925408
3228456998
3314046170
3310727720
2589284065
2872962360
2769537229
3311441539
445829118
2805312134
3310170770
3301631508
3285185228
3309270241
2431713860
447783075
2757920964
2831078348
2862314695
146299154
3228355536
2208595565
325741179
3274728283
2937386726
3237101696
3297364837
812309671
3236685300
3165514092
3230306034
284291853
2959464191
1424671640
3303903568
3301832854
3314984970
3225017994
3236853919
3310429225
3410224018
3029239049
3179008939
3313152133
3311002560
2911288483
1438396062
3179056939
2925477271
2415520933
3018259158
3232244880
3245804000
404590361
294069268
3279343538
3146342135
2456019728
609847762
3228930102
2886875879
2460839400
909243270
2566505022
578669268
2853217621
2574498318
3021001512
2856580578
2913542420
2761566403
3421293177
3279316242
3229040071
453706536
427928103
3153104005
289806524
2284877023
3292295658
65580614
2999228760
273032502
3418837336
3312558656
35072996
2994853718
344417596
66352364
3310056337
3306610464
445179187
3412248957
3311068753
3119661560
210994636
329892205
3018772110
187586062
296294154
3228811242
2741935518
3227124229
3223504561
616253037
3149690192
3289244616
2841615499
3229202173
2784264276
3221266626
3269412834
3228069355
3309496100
2530143192
272383428
271230040
450146896
719480966
153735818
371055072
3311255148
2923011882
2821455470
175040727
2776617492
2993305273
3310102778
2436816295
3146066780
3310978676
3311057803
3313417106
3301439020
1690381524
3229695014
3311068724
3229266978
3091704747
92235437
3228354306
1162705856
3310752697
3035877414
2448870168
3219374000
3271851998
81309422
2950275506
3226919695
3309561720
1891764714
3228706261
3223832594
914452831
2738976320
915976872
2769875238
2440282118
3310759082
2511950604
847480164
2761603800
2911911061
2854370910
2876631998
2413819668
1294031166
3311171059
2490442459
2829637352
510094137
710495792
3039330676
3221939383
2861560742
2423015028
1030509678
2770155594
2549634944
2536618112
1041408710
121419183
2530176038
2787707534
2522785866
878017056
1320738673
2473271463
2647333158
2914747950
2832042247
2766298620
3246888062
3300411124
2877839676
2556282828
113255114
3247880989
2900421037
1491703309
1625108222
2872991928
2443983722
1354474446
2523975960
3252452022
3252281270
3190771856
19719328
86492181
300133945
30184143
464353133
157922691
2423811373
742289521
21441186
333439624
326662671
244586178
235577801
2467563618
3232298586
126400767
2856256705
2854324376
46602211
1150960028
186712788
39229266
3152076127
491203818
2251872307
2977730387
2901079897
2835014006
2447535060
50522979
2846417345
2606707749
3225716191
3231655369
3248758261
3232019095
3237937650
3232240921
3171640592
2930533819
2228110218
2516627748
3108717618
3011979200
2573030960
1372665186
3051413025
68593717
183078358
15749825
56350240
64038747
62216533
45461766
39956328
3190517238
3228497208
2566537934
2991233078
2852798462
2765872957
232478596
27185634
2805522036
3229422360
2985746269
2395605288
3012383545
3149607565
354168842
3184114200
1827750854
592572772
1644626599
66496796
402483632
15235629
108140192
78037972
16434613
85433682
1454571
15430849
2482021152
14791918
14847086
180461338
143528416
2461247876
2421684402
307788439
2407124858
2412496454
473303551
2408889392
2412138660
707247980
92683264
83691020
382177545
1952674158
2394838195
2405196426
2428168580
2478384433
2766464881
2534736967
2457842664
3150612384
3034428644
2275558112
582771612
3102218809
180505807
228532030
836999060
76295654
2953595150
259195959
622737190
2386138428
2383605296
2388415304
327735418
155891389
1003676100
623705516
748344523
1052225280
914709073
921092905
294578881
616139519
1150818097
2773768801
2458121052
1118678822
1336083336
2426763638
2797985868
87702194
2425351748
2738799318
112274284
1001108010
19636948
18138157
18999641
17881732
27947088
23002923
15227791
198873627
17293585
18913727
32579231
6433472
176400389
22965327
16252784
43698701
15159691
53184267
14216661
8736882
26761802
44412106
98963477
443215941
20264228
293611387
13683952
18638090
23119282
164687686
1223101
40306315
16044997
31353077
14500608
15112070
12848262
