487734072
415850821
216905833
13957012
95970580
1634208277
4541361673
41909971
776272687
24870433
337320462
29210791
2323018748
3460667015
28954941
728755554651230208
18926788
430239866
2351053826
446516768
368672699
19254722
108465379
3161255514
1215657750
339539939
2506247172
23701438
46898929
4878575751
706934749
2431837669
2989776491
3022965401
703939788294852609
435958880
19370504
2555597972
33410754
1938744642
347627434
4005235994
1936536769
2655156396
172126827
2862483336
1555331312
1191779618
3016875940
1151095778
24383874
484229824
415552102
706405535743152128
3021120843
858993643
2544335442
1251812930
2208095516
4830713122
50462319
3957920723
113137765
3051515762
1334075256
525954207
4597457008
139217461
915677713
142715397
3794595441
4355797094
2365031707
297719218
800445865
245990733
3830912607
3429119674
4363198276
4056983819
908203088
33574885
2155220057
2485285513
382219862
3999319457
167956442
2926179374
36349655
4064240985
703563362966368256
300254302
2815747198
4153263555
4901249158
2935621768
1065869268
702956068620496896
94620467
3108359848
16206579
390082951
27789999
885794670
145601854
577383147
4105765714
2302134816
1447035235
47796987
1572171775
3103630328
38351186
2738923215
588093462
4436638932
3241596008
63868961
929974188
13322812
4851318494
28492543
313091571
4686488156
1713036884
1665551456
3313779296
4495715146
22531120
4243233616
4852076001
538481859
3083087059
4323735923
4241379074
4842195138
2916054140
177867544
297457814
3438690190
339421883
3034946900
26900055
1618641848
569498883
276336372
1663975998
36474907
549477661
4135365027
600352663
29507306
3464860760
277125802
829735580
110855805
4857771612
4912086355
384330450
165145111
535681746
362157378
3420668289
4718794794
328484372
97074486
343464009
21436506
16134535
3254145463
2358259308
267264119
956217427
2885832963
158060289
619494655
461231528
23570349
607355278
32871616
471038551
387370132
115276132
4262087414
17478809
15610459
3905911100
4214746094
1510427534
16945967
374712154
2753238146
3179532613
44382195
4048852873
2845849081
3345915579
5559492
16481756
3384716398
3957056895
3101613139
2903173173
3106534151
2392234325
1702475845
4875896757
3530279000
26108952
3228315884
3015769804
28932421
4878100157
1113229394
2493418185
2511642768
3711628096
1680294714
66054233
16640857
1370891270
3184571905
307650876
917639923
3434518743
104297073
2776661028
47624310
2832236690
14615353
22577886
41919896
1078211665
1146349951
3218146808
4378590552
3427945215
1263002017
577337789
4886767701
3252107574
2174509045
3317808374
3331438299
3580385187
41430555
122811596
2686010270
460848476
290097255
896972016
1433427858
2410866554
1169689868
4599975683
76855943
187579804
4744232172
208083510
19102612
292423442
3771567196
4892048217
3246375279
383314897
4405628313
3231533425
2850030400
2608017626
2581695386
4389666737
2623825404
1596102794
4889379645
3896306594
30238204
30161590
221409958
3273222469
3360388514
1191624822
3686488635
3273769284
2844435437
44547422
357982354
2724577333
192330097
4868998503
3293209278
194097857
299846524
3274720530
304061756
456271850
102824312
4828311314
2175196699
471641303
536723320
2997677960
528986602
2173016900
2856385387
933693476
98967516
483588899
123694443
45348154
930631981
79236840
17424987
2798420048
1702969784
2335874654
1027530452
2202134430
2409084032
3016055695
3017752532
3130134413
2371405917
19519035
2223064093
2341464631
1432029667
2505217933
3330557069
1097105120
4839433331
4299954755
279167748
248692627
317909559
326107583
4282439188
1328597425
4340273833
4834553991
4872606291
3083467741
1206885618
121624263
903377622
4771593853
905019768
115681686
2913579677
373331421
2550649962
185906955
2845681325
357180164
1359226843
2288462990
200163987
54769979
1882122216
584962389
1876680134
3187180760
3103243210
272107377
245605402
16997512
328878936
972909709
4665076932
3634508187
3262160865
3111909523
2911828067
3291327433
15333661
1717467607
2307021294
2352159596
715044396
3034820937
3763761
2405105594
337454127
25073877
469708044
6160792
14458643
28618036
757033212
459692778
872606893
358545917
1395076262
