2502015385
3656080582
4644251117
1905293971
950207478
2254940652
3213732118
3384543141
3537347422
3075601787
730704783284289536
2362013507
2957398253
3927289033
3867331514
2873000073
774787299724976132
391588976
379408088
773484043186864129
2156299840
2156278138
4197814407
2934299518
4899227496
4321855541
3320158770
23461858
4896464164
764211816956387330
701882455737901056
735486105408045056
3251918472
4631921124
3786833533
3609614356
779898205
386875275
625670626
1392236496
746904700771934208
2658233711
4038362244
519929459
4322622616
3326102123
3537278121
1696706041
1927011883
3332319664
4720272151
2151416764
3710287456
1310630059
4317786137
4650408315
52436357
4008390743
17635904
158467109
2781483572
2205030477
405706961
3605160263
2575626198
1612009074
2268719606
1614689701
171682730
852877808
2773547313
2725623611
2748339063
4625308462
741762526875144194
741729286730752000
2754438153
2317793150
719552727852965888
4332203357
1593100332
3138646186
221799766
625526781
4737682589
435074846
4604860278
2223144590
3818953514
3390592467
721690841564200960
1735216639
1539684469
253656392
4228867725
3439576108
4717578861
4010280435
3348790618
739406887649693696
2768566431
2500912789
2543374593
606307384
527315986
2348307918
3258601591
2474666940
2937635811
62011489
43534925
3507260114
4696500192
4016612591
783214
2155011860
3383007460
2746363823
2900633813
4025558897
2367691999
294129262
1974585726
3415169008
1668538645
1358236951
2434043868
4720656149
4023980955
2729685263
2513361517
2605865870
2762897047
3358892134
3119398707
22908187
1026025164
2882410571
2878451289
619505868
613355672
2372345156
418751264
2425901634
2253504144
3320859736
3146762390
2853138044
2471263017
496975932
4633240643
3313834109
1290960642
3242059017
3052660613
3350706995
3359882308
3984359834
4248761061
3689651715
3300367246
116729547
16694416
1907462197
3337368033
718261531834761221
4320347607
3398077685
3244608284
4324213336
3363342014
226690054
4926509453
473051329
2912101390
3223714309
370419168
2986161066
3016019598
2628235545
2426572867
4838669841
3918539980
3623916493
479315245
598629440
380399508
4706778562
1468571624
4867405426
4622947882
1306646808
375861459
284431938
4817520013
840495458
2305473636
45709328
4243172650
3017261102
3883198572
167361989
397906046
2938728196
605635854
2765508633
3405835606
4118645433
3245397274
44700124
4638628355
4474530675
2971497874
4558433112
4282491079
4504098867
403255314
403246803
3291615077
3000129826
1863534776
3096645818
4304537296
1933975249
445398182
3383428636
242315847
3352235182
3355103320
782714396
1697192610
2632693287
722424349
1329808386
1244041716
1262716303
37665086
187742960
4016861548
895208996
3854969979
3940588576
241962917
384047557
2938166650
2771266094
95440193
3750277697
403245020
3020503592
439125710
3060560125
1161836096
2881746799
264107729
3985886567
3195703010
159766676
3233402826
1015505540
3357946695
3138103914
743012288
3557309592
2168011642
2518019881
21441186
801610123
753299844
170090280
2261808925
3412554076
591661900
1147538318
2916596067
3280071739
423590412
2206185650
23578046
2848306072
1657175736
3021478691
930037458
3243264274
3230768052
2790553109
1028706985
167714664
2334309388
2923903427
2872065648
606518248
2535331199
1603242559
2368349023
471243860
3228171141
573078668
256054106
3047780634
72996154
3123934244
3139641860
611757099
1086127998
1630310167
572048077
2825099415
1516644649
453218346
990434610
2241367406
3263041788
2994887588
2371242613
303994911
520356548
2966990657
612547503
1440600588
485748039
1063460329
426951343
441285746
112289040
411112055
755375798
744672330
994763113
581994177
447125617
3223256697
341561902
735086305
3315209177
1730050573
331699666
424615340
2892427602
3044812381
563173987
2872624247
2501774664
2847312148
612989451
174416608
566887137
3091486101
1889313822
136190190
2869223418
2357317304
2214907235
2712548508
1096053290
2790673257
1457878441
2286091494
2848555035
53235275
111468915
1639807706
2905658428
2989934717
1052749182
1601258263
2772168988
179756181
33258398
2375771978
2586255218
1588564536
184584255
2668429728
517680491
2792891226
31090750
2916474497
2171455836
1598589668
1173662634
93839201
15162193
20908109
15515919
14399483
19933480
18912121
46186400
41707730
28134825
143552619
105340932
64574086
18220767
340671834
464139666
105296218
272561314
2726349521
2944586877
1186021274
2951518057
270533441
348682754
10228272
2893199542
817825184
300038050
2391296264
1732776422
16407145
28384755
141052723
16193578
2314076370
2874508764
2866597771
2880438292
569138930
988162135
1210851440
827424102
1433293070
334842287
198270108
180949358
53338746
593370001
2449601442
34507480
27466653
180505807
72064417
1373368608
219049532
258923616
2205082777
204887235
416983726
182048795
2659778334
2274243713
2717988244
124443269
258140881
954427716
2211652825
2465109301
2476100415
2272085185
315150746
47264317
446244421
1104623226
19748674
39538010
88442109
112457675
510119324
209708391
17919972
176566242
158314798
84279963
105119490
181561712
