748864401852145665
755435597888622592
753949674256556034
728243532239151104
732051528287162368
759790857901834240
2371846124
1669363465
752606010901204992
752975521013723136
272470659
753096606254325760
752890816570462209
752307886747942912
753018738245562368
99782622
4576968862
751877294835261441
741445067848589314
52320338
760047046602686464
274024383
3164374787
4771209199
12209422
748805977470668808
1668999024
4173275421
1478378198
1220588276
4697973270
454207346
165175739
1223951342
568437023
2364466172
4872105892
1229998610
1226604468
753024691246338049
261598699
308971429
513187072
3168996696
953536112
3176539227
4834954005
710575425039237120
242637589
1219711141
1217575897
338007458
2631333557
1220116190
34247411
1223855876
748438936830214144
1217123810
1236487460
1228775066
492220708
749739302561742852
732852081468411904
2486624690
749727438679126016
747116754078408704
720165177103106048
94695195
747110106593103873
741703335766413312
506065372
717329257417023488
744528772829937664
2486408593
730286577130328065
1075324656
1233150806
701827877218680832
4596218838
1963878277
238134426
1217400410
3017742806
1226348983
1703310500
52035938
1226685288
717986257272508416
707438272113463296
751700989871263745
358346082
1219946762
709214590417117185
1236961694
753678448913186816
2393248974
725346166330822657
745666025484484608
3212503672
2939346963
703287127010840580
519671346
724521239742713856
752170092096618496
3331335129
736159428320202752
2273603826
2887119563
3170907307
749537738802728960
2792635282
747175709471309824
67581852
17832079
749569772015198208
719645820950286336
710694696545202176
3329350829
748951607233118208
749862212509073409
2485765182
750661611044700160
732980722135244800
749673114229940228
65037536
158834146
223622738
97528309
1730556139
2700544663
3293278372
4427938637
748045487794696192
748053344070008832
107075639
746985479992709120
749880519924613120
1228765232
1036502490
746846020533886976
713071676045598720
747940076685041664
708378258664869890
3018352425
1582913286
85855990
740570433464852480
291666235
746898569051934720
742344747738648576
747314519207096321
732232980970737664
748893306130694146
3063880865
3425604166
227972295
910428272
386489232
4288322237
39523927
2399296919
3166019412
747406372321566720
3610901596
748245873423966208
747478782198546432
3727548893
256321383
746746570960412672
3194081854
735419636565430272
1000886101
214049360
748146959366643712
367866014
735506632252084224
1649543479
2662861692
723080057007132673
1254478873
747098293721776128
2823437855
3342588957
558809089
733388908717846529
2433335246
23094031
256076704
745842440
735966159460143104
746391368562520065
18390138
739021976312778752
42882370
50397341
3170504543
29559043
2829237609
706927836825837568
3331112613
1871419952
21664805
99668269
21282561
746655611903967232
34713362
555229144
2202029642
135955994
3291753758
1225920583
4601347093
453470776
634639222
2226213483
263073412
2651784121
733915846838358016
746471225438904320
746791377296625664
210138735
2949458490
703671131723542530
746092553431293952
2946614401
3653673792
4102907354
4103211073
3230988631
3750468313
4065804614
4102547654
297320460
4129847680
3106650156
66967746
2922180423
736154865685037056
4834823074
4613184253
19815240
728948029227712512
4896844150
739215439037894656
4032399613
4025564652
3093262046
109527103
1925199355
746339219958804480
2910020616
3001874045
2997734037
563906996
19355829
4684504765
28641770
4025415558
73395886
20947597
4491811
28072087
1436722596
2890303152
481531888
4883225953
158315486
2587136887
155623700
746973301
739875033460428800
112870982
4637220866
258127708
706852006728749056
3106652999
488981714
633100594
3149350530
4034562973
3087656786
2827497801
732531062069432320
230465725
2387917249
2932792331
18858027
2878533622
2306449342
206696992
253630733
496067425
72599805
31261656
3578364803
2828486491
2910639580
4032305054
4066741873
714235715178143745
451623060
3619080137
1178425806
1891008452
21519725
718428185931735040
192993369
23181999
745142227278585857
4892956295
585855923
2495373115
558830605
790438963
3452654533
277012264
744209159302713344
1649424188
3667189167
740863119770017792
2153053644
2250410807
77540948
1666308924
745247618935164928
928144680
4874887923
732854005290897408
28543847
300242761
745295679883456512
744650614341251072
198492070
85311024
91129958
2899525221
228179817
2234129519
736222128991834115
3114422673
85115415
1201792831
81149350
744453589045698561
13870942
22812734
717829109750095872
22607674
3293993704
2923214635
1649450960
722291785079193600
4866876208
255618241
108444881
1334942359
4806046505
2932372067
57427104
149856713
2593162595
84811398
66109042
106383950
221459779
929472253
1620467930
259740746
1542959628
1555197800
2690336688
44875780
42614653
376966367
326090399
1304786708
15219092
94286852
56663992
2583696030
2558557208
82440791
4001345176
818141971
54299099
165524640
388832900
2883025793
112166465
1225696320
1902876056
42709151
168512052
86942017
744184581046308864
2496213486
4233943139
736303719793471488
2408256554
2306700667
701036554618277888
722875957569130496
313201496
1662989768
867573492
293124748
90375332
4885558849
704820967004966912
245513323
254634455
24859059
702623647308124161
313011028
3121196236
339335860
96132243
744474707244752897
703716403
19063664
937019478
4099703772
2163608575
742864100657618944
467830442
413846179
24444965
2566952931
3336799889
304399481
715797742036062208
3990511212
2488485206
16175706
2583735188
166512706
9570042
425736798
729364932626677761
193826447
2733194172
2461115036
4431286295
744190646383161344
28091807
468487089
189285132
116140292
234841846
180415006
16463138
507134601
702978120358326272
3424788731
38247862
2862717940
4624571554
708044669226258432
734047382653042688
2804470384
2645544572
2293490420
473118309
586255942
86373403
388840894
712606798180663297
4877802731
494024366
2883893531
1850806742
2267968574
703127568552046592
3309046475
25356462
724592729980846080
45795865
115326822
734304418162606080
166712218
29547412
14569869
716510182
133407633
303951870
35225144
1012206266
275212985
4662776473
4731263847
335848627
4916876501
707160955432656897
3346641929
513306640
66972067
706109425136828416
2396070000
26003792
28547642
215588335
187602448
4928375805
114039731
254071578
2203530430
341454994
248777189
489315806
4821212529
723617037998804992
228105459
172061605
16949344
192333905
4865253027
3342581849
714834361170927616
742730258873516032
405505795
413830035
4877504127
716956270700441601
2430920839
20538655
2804636481
1951862624
17963440
48493399
62513246
463293303
22027539
304915428
876718519
20949220
181689773
89180689
105145573
55886379
2687608932
579121925
105565100
2382120503
861102308
607979198
3013064789
20612973
589406277
499307825
22625106
1667639516
15119549
54191027
28406980
631414716
1854649939
280404412
241200779
733074763275456512
336580531
360110752
4620807017
19564282
2765069386
1234059062
475728454
16956481
1048850294
700614470440132608
20132290
153914621
20161694
821330863
3110598310
3295265494
742714809939075072
726161607034818560
525005120
1274840978
48315339
83680160
2710879462
353457568
741996269040717824
727577758755229698
44364619
723170926343262208
742760175707250688
3413442681
1464403518
66126399
33310023
147968743
4189517549
3677341461
4355430737
2595176995
129315638
2365445227
705409022959210498
3311141295
1371525726
2285105610
1894253047
1484967949
3271297804
3673682717
3241825523
226741217
2840199321
705889507258863617
97283425
105841462
210453088
577854784
2770231725
544990828
27212278
2974636437
443643885
460541113
1972816028
406206344
724084748
311545341
579971395
223567995
562185202
2773264611
851286392
185199028
20273528
516365565
946154948
1878474036
2798103784
981211704
613723708
731217919812624385
470128753
1286379498
2251065191
476101408
284069760
386012255
586540144
89222458
133677829
4709584942
2569296551
2291685603
3047197938
3010653555
926202559
405630582
2657782155
1230530965
714499602217611264
260419163
3037913753
183253966
622321960
40708065
23695985
3362646929
2427664928
757296962
270946125
316091066
197518427
233121920
194331960
1333706185
83421055
117530332
2239757682
334197154
321910484
2589414595
2897186849
516856033
201888681
451555431
17156599
175011514
100713779
15232100
477228123
1303708688
579993619
85603493
29687107
288995652
119897878
3214727999
2713216843
1459520712
1639875835
1080217543
3287582082
4611626296
3053402550
1603547006
722347303
103822311
111388931
358163846
22653760
2729998382
1920249818
43557178
35538459
1738524913
19333010
725755206978383873
24040206
90424949
66793906
139162342
733799857538912256
2870848881
738139831281164288
721280020199665664
732265069082497024
69618609
3298010181
391692889
705049304512258048
960872473
342417366
1974493526
301375359
4604379012
739666927774138368
84296426
1908317268
732062210332065794
107975788
199893336
4857402875
407574538
701681427721674752
4734921935
717830426727989249
222958603
45121261
124587315
303901756
284964930
87261125
1365582672
21557785
2544677699
225529832
1045445924
320290302
51687741
2222304989
18763033
42824699
2964584867
102205850
1352544818
2708596896
138454537
3039238721
4898254719
723283293240696832
4639961902
219920095
732683380433793024
2982955245
707790183022858240
722077826535596032
4728094834
2978109879
740424272
454779231
719829462334992384
718469005447716864
4631081961
4197237915
4875228940
4173975316
3906710960
3068378374
219310366
701442053557846016
3817896615
4864434969
3899833354
703599463986819072
723827407002714112
718190904276819974
708350824343326720
703602228431601664
731150781915762688
3940003995
729407381344497670
718402904516911105
727431337754386432
286707786
727172697831145472
948488467
410322459
339846924
2494340462
2724700593
4116625874
719991354370232323
2165674242
732257964636184576
2788538883
733879593459843072
722370515734761473
4727423685
396219114
19698191
717929712
302545659
1379119476
427687443
741159608245473280
701397373000556544
316576850
3347772455
718351697031098368
172430944
58474131
232298798
1624047055
1377288740
163841641
257088406
3871335701
601187291
293598457
436565597
41316716
3982351041
3843578835
2786038676
3834061887
720873147088506881
3240124383
21109388
229034047
2984536575
2422004738
2289767293
732832388049436672
739545995416117249
427354643
2195684316
4122161452
4882743003
21189641
3224946424
4904820549
3189001238
740879890350759937
4717936273
73760208
61521791
4904879183
61104605
108200253
390628590
3299339574
16596200
2818555806
2965688163
3254559028
738708458569093120
27482263
3391994122
4842372993
44487132
281552395
2823165238
27024419
523263084
718746260933591040
3395638948
711379983760039937
4874900615
739540377745686528
4625080177
4439085256
740159777234378752
736343042379141120
2289811698
204271515
18363243
18898153
4213239682
131285653
58920389
252569527
708060201228886017
4405913302
2513269222
1499026446
737370586716872704
195743665
1598802536
3742181
4099171455
2872426114
720062790283763712
732865784058351616
731006972732936192
3340073541
731119597705891844
740238881132556290
2597997282
733637059454373888
737608327115341824
711258529638825984
729767860248186882
723061606930763777
717785682622685184
702490707328679936
700962085258326021
715582820916334595
731409036810309632
717028182277365760
729014320831602688
703171017141686272
720861832924106752
721786725878665217
4806808293
721402925113810944
702185705091571712
728885263057965056
3843030801
727018370411945986
4924959801
730343202125959168
713052948117471233
709316632053751812
720288706427355136
715803575113408517
724556232347029504
725666889209384960
719887838968487936
723884157265428480
723865866270593024
713491147608485889
726107836703494144
710809149685293056
712589201095663616
702916946967306242
727961910428237824
729337122579165184
732626118897979392
49075627
710841702282567680
2364434006
3318793748
778676551
736326651722792960
722885174053044227
194599393
737989948612153344
15701678
739577689854648320
1580159910
2507557358
378623571
20123366
4284472095
20675681
2322316765
698558387408207872
3572133442
732428143345049600
28341150
3341833487
137766465
381112363
570762277
599588962
26506487
27650051
207914726
107854694
57368307
2336919738
465079917
73487469
3002297862
245537064
3720896417
716435086757994496
177631756
705492771
201606433
717283989950754817
19609134
129774151
737020587311300608
4885464333
577245783
2345818017
110660896
58818990
949533156
20807751
1373127236
21499904
334215889
35705861
3003033083
3245481977
2212648768
570713768
20309620
3235731347
708365135887409153
1655478984
878648407
2698748396
73437771
419877994
169446388
38675346
964265107
59762637
739571370556821506
131288500
452098509
52790155
33005362
339849702
27538214
92777624
278460018
535417023
733729129858764800
62626567
3255746206
1320872048
835891958
545122257
3373649859
4725523397
20763619
35902225
44587183
728247689176072193
1009273134
21235531
469240448
423521772
56148982
215475574
17893875
56455056
92862416
39499195
728969217064751105
21064161
35238047
3095355973
729457382275874821
2579972365
4011536783
192033394
3041358687
2333952157
724706154509639680
24578330
3869876177
1426325430
4569134789
271413771
1102135904
42367908
4474628177
2850232828
576999101
722136452214206467
16134483
95926798
3594328932
343587965
309826353
335759920
83681066
2759800144
88907248
2182149721
22610702
324050948
355767824
3909907113
441972847
138546888
193337982
179224654
41398531
721407327866396672
86802357
3515584655
124118425
3321694071
52382093
90042028
394177513
151081653
472830954
30240098
301348885
4156043297
3697703117
1257878772
2756163184
466146768
759939776
1134550993
797988056
272894302
4481167581
42910254
248157364
3030539633
3341194433
708390133985312768
18906599
731038483
153752259
2960483590
707705321268056065
18273674
32825692
3290186977
88800900
2394624246
724912584927883264
52008669
51801639
1707865434
484644041
2695696538
20802015
2409472734
1680499843
711538951308365824
1665455340
4718293539
620050037
103065157
3391539717
878383982
737512941365252100
135658292
4016184979
130830540
236962264
2896300774
2693854998
718478091732021248
196498048
727217817913835521
38474832
725370080968712192
729993357087346688
410195425
2226697009
45013443
23197501
14550414
3478405097
141001551
1138113397
45353898
139027124
728955170651054080
1535765221
20426167
918886238
67332739
85613824
31113188
4438718608
52835889
27629985
111313620
121081765
2235203404
142677879
390660440
407933180
717542002137628673
4777371321
4067232323
96952193
14844439
278984300
1265204588
246963946
1842135978
1596182576
310831156
33473277
53743384
43769617
3956024854
22649679
338288493
85582920
702465323409260544
2176329720
3361065315
27975093
221852133
54923680
228073166
22344800
23766876
45024332
707881080611799040
388519870
2969975253
2790661308
193878701
2752394060
159600609
19786539
2423744954
19719076
24945834
112257768
377884826
1430241120
286559952
731946359117516800
126636596
27845204
399969317
2776474086
175842330
28524547
389063102
576579071
735858341285646337
17968212
87475238
520883513
3121246970
98413302
271427781
4106573787
2409555511
936812784
49275365
3136261248
471114578
344592619
4129851801
187561802
22076721
541510910
30287603
619086039
247939709
2199783427
115354184
26969929
717266560084271104
208213467
180488477
2615036298
280468213
444777159
1716059588
3350557827
843867350
252218142
3177280954
4876144037
448766191
727797736469344256
481927340
31386188
4031435242
22170295
299701176
65069145
2151035682
729340745300226049
723111919729545216
52411945
2598484104
578191975
851022318
281652452
560556432
89028080
62636285
221681108
277516975
2439498466
160701431
66769642
3072375010
3291051821
53142734
216396824
15710208
489474910
22130371
989073182
272373040
471032334
1305608491
79440761
14787180
270397385
229515463
2288617842
310746442
725679669232721920
124165415
1594617338
1254609403
18942393
2305514390
23661209
65093756
178685845
235510604
299932956
1024223744
774275906
51831895
2420480856
62640247
161695726
18814734
528786929
137034739
728512544571330560
194111413
46362305
351542333
726467976493424640
718558077797212161
4022223623
136396429
3098797852
2344194188
67043977
251709114
842217397
871892486
176842941
51116242
1313438497
597098885
262078459
1969318825
164242701
134574426
303865724
21291637
585603640
446176799
534643466
1848566844
398787957
189534661
414093650
64358850
2934075514
2875198266
4241911035
441119087
3347876097
137753513
229441348
1705071762
708697744458833921
4117945617
19592079
279989169
854917322
48321944
59225934
90939288
3438428919
228826153
22908829
83854160
19243506
728848462775762944
206331492
21676311
3131571730
3326778640
607246268
2897405909
234535286
1289583804
111556364
4864373644
199644781
718017094680494080
2408175568
155337323
14558138
78715995
99970058
464951827
2844104818
338314789
28775864
198984307
4048815437
4801202835
2838098860
149487112
2903902977
159138098
380301767
93606227
231759859
737272043314483200
143151255
183773521
1396509236
904658425
45803498
195795008
415620020
3803169262
27102266
532329824
29699913
55575281
48834523
3861833859
176012715
298040646
266127983
21856484
1613757121
85851737
1972621158
3378803681
1951832449
409481864
271944604
23742736
207558258
313632409
715505925013024768
34937300
260469901
2916751741
2521281425
309772038
2339744248
2268939584
3362293396
25080372
132548455
240642515
173859546
270563163
43617802
1882714520
176597595
705155142665039872
735161728690880516
4866237363
3018275674
2440921177
721004308783869955
734792367929237506
3251407126
352672125
198898732
4853381597
737131600039825409
1736273936
345401648
260845720
26467736
2810537992
387831555
708678799014109184
732667003740250112
902223938
733327939341803520
729765728879054850
20337134
1365572076
16506571
547213640
1338457596
126739637
939981487
2306584807
53134628
3221166969
4107729568
538607967
723835542350258176
725974718302543872
729962497587974144
734651405894582272
702806430248779776
249550038
250665761
250893767
255513758
257389607
257505360
257628711
259284390
259954847
262870253
268178623
268224635
269690105
269962722
270043389
270256597
271573807
276603352
278179792
278538654
278633474
279976567
281573092
281610959
282154595
283913706
285110445
287314706
289260523
289816425
291819149
294268448
295889512
296117197
296279618
296332523
296883897
297385339
298827215
302261142
303133200
303667676
305657262
309007198
309030347
309126590
309668266
310980784
312044446
312227792
312774230
316068441
316698023
317985730
321248206
322893771
324592182
326173639
329070845
329702035
330552347
333311811
334685337
335931128
340191101
340478974
341019541
343240177
346029909
346571061
346595182
347130564
348065984
351682793
351058188
351247891
351997582
356077642
357098239
2802050568
358924812
358996162
416934112
360021947
360513385
364785641
367400127
368838350
370679601
370734375
372310277
372759072
372983576
374606299
375056569
375827602
376180523
376920858
377408523
379422860
380550100
385333090
385511019
385687788
387749502
387870740
389410780
390064668
393911487
393996033
394289442
394618029
395269081
395526482
399995537
403665365
400120064
399308216
398060198
395558084
396009506
409302959
412248691
413039374
414554456
414679822
414939340
415673665
419770922
420622362
425101069
426853368
430511283
437307151
437728869
440629393
442196289
444800709
459643167
462731925
472755364
472976396
473242849
473792795
474036182
474339288
475067792
478503320
479321426
482193207
483783181
484370757
487538960
487621454
489231092
490537238
492233017
492263486
492362490
500832975
501178205
501202325
501567256
505144410
508848934
510006835
514738321
516996232
518857561
520731564
527738961
531579827
533481224
533108464
535357322
535770060
537055042
538157472
542719546
544549803
546651035
552731669
552871896
557593235
556688964
557316858
558566843
558926869
559596803
559710517
560547145
561514149
562434288
564024494
564132772
564863870
567468607
568470259
570749881
570912152
572086526
576971228
577300620
579256111
582009502
582162728
583957784
584509496
586564087
587554122
590000930
596142626
557966149
21905263
718742776154845184
596467962
735757910060322818
212262483
713410347395375104
18218955
47586577
2369189581
587414782
59726440
3010492622
827153660
4524980836
471043083
4656317909
735574690413072384
2612167670
3304195534
1128071294
181614462
4114650202
702360138393456641
229011398
732319035745009664
131895183
2978934297
3002232128
3048242283
977250697
266668925
1374924439
735228732596707333
3085591404
393575981
50276630
2973874201
1588845806
631067964
3197896085
731153925403971584
3387214707
225135399
33238876
3413219416
3230801638
3621844515
2327875854
777069847
712700846128160768
3390853785
3840313273
461899452
525191992
730559632851251200
131976118
728927471412912128
1583359764
336720583
78996834
581900071
582953166
442868497
2412580496
4370472978
14886553
2615416442
388454092
4818358553
215679747
734394223550697472
112215087
161243998
135577188
606412878
4821952474
19873046
3144403503
1663166479
2909409227
263763045
1819863038
15190357
854737392
696975765829767168
2285688942
700953973667340288
726054996169609216
60882049
1482947839
309705905
3293828002
6293572
704603522474631168
4494965892
74501621
723251262398054400
2212343151
603408716
604917918
605511043
605799894
606161378
609362789
610292139
613429182
614421571
615875014
616012735
617203565
617928593
618004370
620819767
621469859
623895529
624852742
625027190
625500180
626510605
627726314
629574982
632294412
633772184
633823147
703704745
707151763
707247224
712179857
715107231
721316602
715191418
730440602
730794823
731592672
732465080
732990932
735629431
737536538
741296912
747071089
751126405
751556004
757150051
757475378
759174692
760422344
761137844
762383112
762406369
765971851
766290524
767885616
772246562
776267862
782964882
786767910
790331797
793878403
795461250
801271562
802494696
803051166
804285830
804715818
813690175
814842824
817175802
821176640
819729673
821098256
822021420
825253520
838478616
849645403
850738232
851033234
851268949
851674291
852753602
854953824
861096896
861963078
862909260
864490680
865117897
867699661
868569548
873248557
873928256
875528364
883189945
877502078
887516420
897524792
900583676
902375202
906303090
910344944
914336977
930018097
921801660
931725102
932983358
933766496
934732910
941768478
944154426
944925252
948509982
950304805
950395278
953353004
959992386
960453457
960807607
969125660
972119833
973665446
988951022
990892627
991292527
991220282
993202350
1005969133
1016267598
1021776386
1027362379
1037135268
1038232656
1047444601
1051024898
1051786898
1052803110
1055259770
1055645546
1060819087
1068491126
1068850496
1076204359
1091888455
1091946841
1095982434
1096105062
1100847463
1101520460
1102225849
1112791418
1117826850
1122265574
1122994248
1123007690
1127637704
1130945772
1131166544
1133948652
1134396547
1136621964
1140990421
1145178919
1147645646
1152073914
1154083003
1157888113
1163611178
1169341356
1172856205
1175457230
1178631398
1189418448
1190826276
1198172773
1194579373
1204168843
1205526926
1209256376
1209974730
1210944794
1219915226
1222855105
1228550552
1239111721
1241878015
1243524205
1251455994
1252241574
1256787480
1262501556
1263185191
1264479168
1264696993
1264701745
1265009809
1270028479
1271049752
1280683004
1280871182
1285909531
1288253636
1290586002
1291280953
1295624641
1295891504
1295971398
1299894301
1307699869
1300526516
1319903438
1324510825
1327083138
1329676369
1336727088
1336954938
1338809125
1338959287
1339545691
1354089631
1362923316
1364022691
1364172140
1369511857
1371149502
1375126976
1388994626
1389541256
1408757696
1410159000
1410300542
1410347076
1413885985
1418984959
1424011128
1427318402
1428130303
1428439915
1435034682
1436726658
1436753635
1444306915
1444822255
1446463964
1447212769
1459253323
1460261448
1460747568
1463342492
1463622218
1467996836
1482087649
1482121813
1482868428
1487784506
1492706623
1500998959
1506324205
1518848648
1519599336
1524690656
1531167120
1533676694
1533743990
1535034439
1534298305
1539046568
1542822752
1548000402
1548213356
1548533617
1557663024
1559972628
1566700638
1570053793
1577692579
1582715706
1595897827
1604324088
1609004420
1617572990
1618121611
1619951042
1620215623
1623703200
1625407338
1635758306
1638015822
1643026196
1645813986
1654994574
1656011546
1665068720
1673034007
1676058300
1677869954
1681300584
1688409734
1686039174
1689270668
1689370668
1689467366
1690311422
1698607646
1692108343
1702773324
1709383782
1709395500
1712603294
1722298123
1723356745
1723602026
1729848626
1780516453
1829673396
1845624570
1852589328
1857094885
1857903054
1860300320
1860420013
1862882160
1874661787
1882772804
1880473327
1886967288
1893305917
1900308709
1907278050
1907719526
1910415145
1911187806
1920992677
1923351488
1923452084
1928347476
1930098157
1937888076
1938014670
1938504156
1947084228
1949449596
1952489371
1962426726
1962943249
1978411860
1978726867
2150511871
2154621536
2155139839
2159115247
2160643043
2161293642
2164724750
2164993626
2165130372
2166420313
2166775694
2167242109
2171183499
2172000308
2173268630
2176229907
2176300504
2178413653
2178427500
2179856864
2181807736
2182024651
2184361682
2184696809
2184780709
2192354634
2190338996
2188745178
2192574205
2195547185
2195964759
2197593949
2201161957
2201308896
2201407626
2207356176
2208677604
2209162490
2213188213
2213827216
2213916956
2222976084
2226271090
2226853489
2228341826
2231325943
2233706837
2236515296
2237929038
2242143727
2244206774
2247258044
2245832840
2250369776
2253248240
2254785098
2257945376
2261894216
2263640967
2279100828
2279126647
2280426516
2283033421
2282188706
2284887817
2286769036
2289471006
2290454567
2291651623
2297872411
2298542264
2301031237
2303455881
2306317207
2308346606
2310683702
2313507812
2313820526
2315184511
2315648538
2318501467
2320904821
2322434629
2324422680
2326487013
2326952220
2328930114
2331822488
2335337630
2336934276
2338199121
2337003822
2337133303
2338305195
2343650376
2344239697
2345519482
2348952188
2349090860
2351739864
2352371102
2352936090
2353825735
2353508017
2354724716
2355018197
2355060854
2355085933
2358348042
2359965223
2360929843
2361099138
2363013162
2365490472
2366185266
2382475843
2383824854
2386322687
2390754726
2392464514
2396856565
2392641612
2399329580
2399374477
2399393191
2399443147
2400251358
2400500988
2405788209
2408555457
2410773578
2412440041
2417887653
2420834988
2432176316
2433537436
2437100862
2440248944
2442575559
2445165846
4877856807
728270040571744260
701073518922960896
717303062277259264
4798673236
719783445669535745
706180993766584324
2965188994
2999986390
4497810863
4343749527
4715564139
3094292199
2159264468
3917491697
4744484008
4502521007
2916217473
71114802
3260941786
2903985255
3511990155
3257564830
4589190443
3245408975
4265287995
3248881547
706866125624180736
1897437001
4076115688
3195143310
4863440081
701426678124380163
4858293183
4853487765
4914943899
4860301318
701399862265384960
705012327297511424
4892138805
701044773839310848
702624107624579074
704708518667030528
709439651577270274
698184521301303296
4927005057
711657035948007424
1735615580
2447843758
2449269320
2449350499
2449672748
2455533878
2459449338
2459882413
2460991010
2461291700
2464492992
2466358412
2469034915
2469312780
2469978263
2470470894
2474642730
2478570000
2484454099
2485169942
2490367680
2491373268
2492026711
2494196035
2494849489
2497049618
2498936851
2505690615
2510653118
2513415945
2515344157
2515481516
2515661323
2516336693
2521489979
2527508110
2531418725
2533795685
2545967238
2546304818
2546720582
2546749632
2547208126
2547677677
2549725819
2556804799
2558957238
2559332784
2561010181
2562144542
2563832995
2575997560
2584116102
2584885234
2572860536
2585844104
2586514595
2586524171
2587488966
2596365924
2597882599
2598694574
2599523911
2605143810
2609844757
2611570681
2613149600
2613321649
2646372942
2647292617
2654161815
2656866259
2659985192
2660989967
2667566482
2673664999
2685885696
2686706213
2687006513
2687258226
2706939919
2707907475
2712378691
2716424318
2717915189
2718615873
2721025049
2721052768
2725950278
2731301959
2731334785
2735465923
2736006773
2739217712
2741239583
2745103491
2746503255
2748494590
2750583694
2755211206
2756190952
2762210311
2762272812
2771097648
2771396118
2772778735
2772888517
2773746255
2783960947
2785027349
2785639711
2785756262
2786270508
2786445652
2789882508
2789926218
2792774463
2794688061
2796350507
2798364243
2798553412
2799814670
2810003223
2810341581
2811837590
2813093252
2814800525
2815269974
2816793826
2822872817
2817993098
2823040840
2827804411
2829255597
2829476170
2830177595
2831340123
2834123759
2834298165
2837490934
2841857626
2847088089
2847898711
2853964889
2855230731
2858590869
2860519523
2861551581
2862280500
2865398637
2869359231
2872224076
2881116622
2874186125
2883171358
2884154194
2886974193
2888289021
2901505120
2905268245
2908975767
2909838453
2910572181
2915254109
2915320179
2917604252
2917849739
2919572327
2923049866
2924801368
2926617514
2926942396
2933510229
2935258427
2936738632
2942580388
2944528474
2958127269
2960175418
2961813641
2963921741
2964107081
2970962056
2975123734
2979804190
2980714092
2987263683
2990279380
2991511303
2997638686
3000272946
3005397725
3015410721
3015417795
3017264349
3018924922
3020673563
3030343419
3032250413
3032774320
3042297316
3044553915
3044789217
3045876901
3050102176
3050519649
3056413031
3060213964
3060282371
3064847632
3065916711
3080333860
3084432197
3088926004
3092462099
3108920063
3122164606
3125742984
3127257579
3127853288
3130742087
3133022542
3134549290
3148315174
3151595087
3152872403
3156198623
3159079316
3174039952
3179097846
3183699743
3201922241
3212472785
3212555350
3217078731
3220759177
3225237473
3235657437
3245410931
3247064991
3247629610
3248189103
3251234919
3256589878
3272221530
3293439371
3298539228
3298588151
3305450727
3306877487
3307267750
3311933375
3320509247
3329655652
3333163395
3345273718
3347527216
3353107264
3360712541
3392064093
3403845411
3404183999
3417862870
3429823019
3437806125
3544356443
3546913599
3566667916
3851517927
3874678335
3903347021
4004612422
4031546199
4067881636
4120564035
4177888036
4287049881
4516381593
4645910002
4690254000
4733640383
4850129651
4874448807
2440112406
2560917373
166582454
2258856530
2668853568
399343116
3130790848
2414220420
188342689
3360699613
2998650305
3034600342
105133540
216729274
484676377
745110859
376425145
2279656891
2447407711
460558242
87749575
223484394
253619146
2341892785
2779355778
1204252398
361973628
1089190958
597660271
1317271933
389458971
532150939
103836585
903697004
1854602916
282766001
202181967
1949393522
25089965
29689237
89721924
278141121
132454788
242760375
362433723
16745046
62507937
22907406
360844323
4118427075
729432373117526016
1347250338
730514125156171778
712040607867338753
731172435106643968
710053581399969792
700452818596061184
718052214967767040
701021218707787776
722514840556806144
3574875675
3342929843
