42008257
337705010
342601720
3311587751
41178396
33160996
75742264
512690342
2495139440
181450154
80759906
53210455
47503235
357668606
22634164
976857223
2180217510
19955438
17536486
20022608
520594575
240618039
24035547
3340292110
118403934
29168488
29386276
78174452
444268559
712392667510870017
1326839790
2656746978
88886171
134802879
990697074
1256217336
769837321
130090686
344768154
88621782
390439446
708004664655085570
1652541
326665662
3079131311
2320534424
25951981
122648663
2335593960
528177366
2896836572
3046284631
17600294
3264003207
414057318
2793063717
62673924
2293759616
906184328
4220228615
153966123
2415041785
14503196
2932345977
3287916110
54237997
706178540
2911422027
2725967636
2570017414
2175257492
772748622
92956019
294796440
2587474264
2201941
1915465831
108698830
256964232
2989121887
3295811575
2815823672
2813612226
29781852
2925878687
258627515
14763734
901755962
4536929606
2951864027
41650600
2904031233
121752349
317005063
21889115
573519769
727094240
23929786
20743268
2852586606
4279198103
4225096219
224940210
2356244840
19073796
15768312
182493733
3063418949
79218153
65588182
194569649
117636017
14662354
17919972
56410991
2890961
1877831
972651
1344951
15164565
4898091
34713362
1754641
19546277
624413
14800270
28140646
20562637
391903528
91478624
2315554142
565718534
89192116
18548136
4202342654
1367531
28785486
14173315
15012486
51241574
5402612
5988062
14511951
14293310
742143
2467791
428333
3108351
807095
