3119695850
66055114
4901794853
2517187819
749952350
2655830472
3020264574
622426790
168406862
3298827229
34282164
1958104718
469292229
138716265
24143580
2180023812
181906806
213009133
1418255024
65556234
363961928
101617959
330705266
709213383552212996
525060895
552397358
3193891590
3193661561
2847485779
66339576
27022925
999639157
1016021178
724223456
981057535
35465596
633624911
297302770
428159786
2305049443
2843359322
1576611865
3154651668
2235464642
2302138069
178463040
2748474312
3191913150
3043721557
313707028
4803716305
412274171
567030300
233430873
843112550
506793945
32499999
482658470
167361989
112289040
69523166
3175573145
2232466838
2957931055
2959579085
3252294788
1626363216
2953922135
2252896560
2810354745
3269089622
2705319450
3286905979
3293506981
15033666
1217696930
3408076085
3309653010
3433135816
297549966
1264376786
3287749291
3397054187
736880186
3682010352
3688134196
3407999633
3536834714
3677737452
2371313451
2747578075
2960415971
1003059156
3742086442
4729785203
2957834178
4846637027
2527345614
3144168651
2687840425
4255198214
364283299
316551569
4781471480
205957912
2342199558
4765396762
316502571
701656274652368896
405357311
1906234147
1674254432
28335508
2305562478
3494104341
2576238121
21143468
1949322061
1088207396
230089143
380399508
153098292
27807739
106915372
125786481
2778537414
3060013832
252088905
60500389
2160521473
16098642
21111883
1530122682
15846407
26565946
100220864
20565284
126370504
36008570
184910040
457554412
254830969
1564177926
2225910829
76823111
216581957
64107740
64537551
38535159
409062152
344779704
2370794532
255216186
571005962
1223524129
47711578
3263085115
233299602
244329468
2583103967
338204439
3017061212
3165918812
2731762444
3230657514
270492496
291493485
440806142
3253064101
3245460638
3095356789
3257510488
3146801172
486760134
3128413110
3127981804
3171325118
2929146372
3191920608
1380636096
614564357
3106620062
3049961924
802100832
2940554503
3104642304
29300489
15265990
18863815
75916180
14216203
2889803569
1392048145
3301019434
573459961
255335896
1305995330
721138920
296623811
1703499732
2391062954
2644660062
2906449762
3094571620
2232996836
3269709534
2467344690
2885776368
2942134290
2511935821
2292697314
3041199303
473410725
3026988497
1915698344
2433656017
36086019
3313682104
58466620
2261808925
727649894
360205151
56332747
1494558829
332924844
3316466631
2591109290
2629376572
499758610
27466653
180949358
18657864
2539528610
598919816
1886499060
3318648532
958156806
1371843906
1384494349
289869074
3106326228
2409324288
37972440
216430965
416983726
288566365
34798701
301856426
1124868492
1005405096
2900398836
914006203
427995158
3133970611
311032328
1077189469
2807688588
343547084
2233642323
22596730
18734884
1674947532
3148033542
2903155360
2781627279
176566242
181561712
196795202
158314798
84279963
209708391
2309445380
3034675433
122482029
614620699
487736815
191457842
1265235060
403255314
439125710
2644738272
131102007
1249764811
631680891
3057625575
3057666629
2730122944
3057649773
1510273165
377892604
93167589
85452649
180505807
2952374904
2529142272
383097559
2938376335
3001425849
1487984190
24886570
7111412
24939978
73992972
67995848
43003845
40981798
312230865
390860562
237634998
259132164
3011908177
3004312411
255621330
2720873912
344316738
859173372
2892743341
2868241616
272946272
2896343552
2983376388
2879190535
731190660
1651045298
1933921759
268531577
70456877
604894389
1114900975
2244172538
112367086
105119490
403246803
2850373525
310072711
264107729
405728790
379408088
403245020
347753538
1133653927
2565937615
2606687012
2994172256
2273582622
1243573092
99639819
1899871321
1027397959
495074577
493249666
30974408
618336955
39956328
836999060
132465429
592572772
1644626599
1170311498
17919972
2179660290
1492283720
197730832
363987162
457318619
406610350
732797018
451876566
45461766
555692769
1499925276
1165084460
1470919644
390643039
31685653
10228272
39453212
