3147269232
3184052067
3162073612
710309848022441984
723921476810735617
515006189
2711451255
4767623183
322584314
2485215636
3987213075
169712931
2866389221
2886307433
3006158339
2353504861
774745801499303936
2319906134
755217750612701185
729205782080802816
4240845792
1930156962
2986549697
2630781319
1006422708
558694947
774373156794437632
3238478327
718033282294632449
3405508197
766925816722849792
736638008443711489
595457025
1862331938
3024826713
700590137
1655116518
2383975143
742546963409870848
3184768773
438705083
370420202
2892060447
1603232870
2159023039
765739036715671552
207038648
1589844571
739413153440800769
1697513538
198652283
2856822023
748475397671632896
890438342
4140277889
2316453451
2482936783
27241710
3098161010
2379976123
4203376934
3295401741
760212598902099968
760335560556720128
2282638182
156422100
1960466468
342661357
2717524461
771628064723787777
771627700104540160
771626865882636288
2732307000
1165220449
1640764321
760029496380624896
536274073
1386961261
754302963829448705
4858050471
109569392
3271806427
3386032714
771891934218575872
349677616
3395399843
2985208930
751632290413817856
1514722946
3244363859
2993117976
421507678
2919353016
3150550608
2696411864
1937004907
2767205361
763091257505746944
1416276212
747445712997089280
3047549464
2197586444
2660234067
1198355605
1092921481
387742134
185585454
3113379281
2422306425
2718494885
3945893128
1115652043
3022508108
529244476
731524191762026496
2432116818
745077373
703968878028857344
2893644422
2738104934
2589505305
1417787288
719877624252743686
3191710034
624687961
1114869991
717773543069454336
1974733153
304413615
3687955514
3268071320
1734892148
4236774868
2639613854
1269765920
2832867739
1209813024
909594276
4027442429
280994404
1274438138
723812772887171080
3519010755
1107295087
4546343117
3158467476
421752057
2560028600
2672908139
4010974217
2242296056
413073164
702869329486852097
696614536544174080
606678925
2378618192
1642595504
2559729089
865021117
2353181524
2999618959
346354840
1666250450
970402092
2564380488
312276772
4815129483
226695753
4836207640
789162187
2481559399
1573657987
2670986396
1406480220
2397838520
4012121834
1709374075
2372956574
2436604603
2188102618
2547235616
1721864232
2960204773
593879537
4167433576
1226219624
2496885155
4159243725
453877453
613815868
412195496
731625656
2841207567
4649332160
1383203503
218669183
4737825515
2495185453
989830051
2890274822
763855196
2582227010
1957858238
3429499943
586432209
4634109220
1648042897
1579820941
3052941077
2305504069
2883506095
907461206
1375812086
2210876899
382125014
2359421425
3380581743
3349089569
557575812
2466679597
624898219
2791559495
2278487282
744984918
711787621
3869951532
1340372006
2643870191
2854945421
240366761
2611805637
1568657478
592028319
2173763182
1399993537
1552431679
2187084458
2965101362
3198768409
2843846255
386426985
2782309225
1359480804
1538249700
1687241666
2283978985
4831416855
4831226301
2594846196
4152150917
2727487600
1466327533
4819975629
1862631978
521037729
4822685511
3242333527
2481416563
603276649
1413430196
2573014868
409540686
420550018
4697129210
3014322215
227888069
3432090203
2261999690
3678009698
3901445656
2738892648
3119734627
1196330406
4817814447
1535511738
2835278717
1563916213
3136275842
4068735373
1534266810
4727886019
2762405592
2438254033
2311270459
3394259954
1598142924
4631899891
3066485888
1695866700
2399909334
2265399122
2783851916
3000129826
953119957
1473653114
372173226
2954390186
323011941
4771795333
2398701715
1646352368
797884416
231301594
2164020726
2365152372
4332803300
2556947996
518527876
742741033
2568741542
1556372036
556598759
2578914552
2855652124
1425148885
823452223
293883864
575711161
776894767
2634203221
1273362805
3257543924
2596021249
811008506
2926147969
2766016760
2226673147
3293323432
612151384
2297176874
1103208649
533030997
3166107949
160624362
1697918126
107367789
2838906253
2431867411
611166124
591371545
360086011
113496018
2740182160
1527752401
562696581
315906137
3373286248
3034622881
727484041
4701157098
2447460852
865939904
1917162013
2978244256
1093010180
2620433755
619974834
2179207112
2607814934
3309698756
360105403
2599727952
1626384805
367417174
287008167
2806454162
352090056
2226618992
892333568
609058371
1353148609
1515882608
1584106202
2350342861
2555757414
621243352
2232442915
1415775690
3178354759
2446445558
1519843777
2425919340
1407815166
299585799
1657445713
1089537426
2772004190
3319519613
2441907986
1964055091
2402674700
2547978565
46918915
3936624254
2973335971
612332524
2451056580
4095383292
1425450008
3255610699
431101900
86608440
1310589175
2925844345
1391121006
1850313336
2475402920
390346756
810662845
2914671582
496508554
3139893530
1392896964
2235500893
2542280092
572309908
58919408
3020209604
2269998936
2940919028
533166461
2583713065
3139629789
2425501657
2325361134
2370273139
3036163342
1366664946
3131560756
3112425242
2545338441
2910224636
1899813253
746422928
2386848816
2805294746
3108302413
2197357938
2561137825
1647734006
2908209200
4408334068
2689061473
341386072
2249260962
3956430312
2503998172
2544465946
921554917
2844728557
2886015637
983533806
294516481
167335410
3039513250
3011134772
3360615603
359272897
836178602
1680314570
1458635670
2248211082
2908084343
736661203
2388867302
2739112802
3291325640
2958594046
265674516
2249153020
313054056
3907435332
1678839020
1022247223
1666293162
3468491537
740646944
3128856827
4344352872
438097326
4235343857
1479600871
1238628787
1895344494
124857108
2943692877
2682191231
1286502690
3611671092
2450526139
1110519488
263200839
1151411262
1260691172
2581024512
749838656
3121199674
3303079172
1059202194
802096344
2791554597
387644939
142383533
1409893400
163022427
2959647433
2492932616
995429924
2609674801
2709179892
2880377228
3766621992
2852543930
2263648632
3030201736
2360974179
967700864
3881252632
119315763
2539449062
3130034849
3170281143
4109716534
45417768
2229016396
876281580
2745244750
1373428146
2979452157
2565014486
125453420
2498347724
501539172
1366937671
1572986803
3331400860
1426029450
1896902796
969417336
603446446
3131719447
1324118443
310329418
2751583377
1309648460
288263991
961991509
409774781
2285222654
157554974
625320505
271133846
1893835622
848724745
945756630
93423966
991974151
187307359
3152556973
3305389539
2394198618
3197050015
305463246
2771266094
2782068452
3108328969
2497445333
2277141264
869028901
1940211187
2932526039
917514878
2919672918
2809945879
2396470825
2912061139
2536686270
179695477
2705350142
1282061978
895208996
3183905822
230914219
2952272637
2155897353
3110431038
1343720035
2989401518
2275937942
913989217
194495812
3165208598
3146408094
1412916188
2399987545
3014148434
579014340
3184013731
2853257102
2262849169
1676682096
2936698026
1862841518
3013288080
2982948008
2879403878
1457297190
599850800
1435388312
1248630594
3009224845
1626780601
1650998437
356094755
2771837828
562266134
3032471212
2413150027
1683753764
2210453515
2386414170
1320046760
3131332462
3107354406
2380473092
3016974140
3156113537
164641089
594351742
3129544944
2990424804
2187849967
208485011
1060599276
1450895130
1518378024
808799016
1328842806
3213508047
296716062
1664093874
2423114534
2478323640
888668456
3152727834
1949722434
293008536
3178892635
2670844322
2889557893
1369113517
2359403383
1582480645
555844324
590938094
717806162
1070802361
1414042153
2406328892
518697432
2474214078
631814572
588139337
1715979025
3025730054
862728264
2228026292
585583727
741863605
2391988189
865578786
983974394
1434338498
1342126957
1675168513
944860681
3062485866
2420113117
2646601597
2892513559
1893234426
3106691514
2954929393
710147774
560756636
624463625
2646849841
2821945495
2900245374
2962679300
2882695988
2323325011
2907215774
1544100530
619805056
2233853479
2517020216
1590061416
2408683754
907634592
1137136093
621656668
2940154376
575052993
2955378415
1714789244
435778497
285034459
1178655164
2920164745
3104838968
44203243
288161621
987875430
3179475116
1691783353
2376676087
282976016
2793489175
483549728
1417894116
2526703232
2350909092
2226483324
2871145450
2467074139
497203651
3040964664
788939010
406727622
2268832992
2892731203
93357737
796659174
1341363636
1046909138
2320094558
1105181520
1084743746
521378929
2878085364
92569797
3037541456
2467474230
306042854
1057787821
2942413816
2645978874
181606443
940985948
1956441858
2930893241
946239150
2422043761
1972188109
2942903199
738591145
2900235186
1032993974
2904388915
1607746610
2807237440
1634210156
2889892641
2826128932
115521644
1168806703
2709251298
1492209235
2228810413
1403731117
515278972
2670372673
2724113817
1115782374
1192314613
2278665534
1318581380
2373242407
2877950274
167676830
300737187
2547889526
1465659008
119002186
847845510
2360466583
550501272
1963190952
544259892
2990418601
3006066543
2644397512
1420075362
1909497986
2223639866
254194967
1196354102
1601666742
753671185
1032095972
571644003
2457735367
1861469443
1476830719
2368224043
1903549572
1923735517
2890790078
744545426
610008447
2390987203
581555956
958685695
2556625046
375001186
2713571090
2952830806
732477182
1551303703
2725680096
2469098024
2409461101
173311900
105708497
932514690
421262685
2959091293
2185884250
1052598032
2802126553
1718877457
2713938537
2886874432
184284999
2482953829
1319035447
2993596996
2852887813
1457047759
2160986959
2800916879
1678450526
1506037122
809726852
1634734602
2866476466
2740884568
2502547740
2251095171
624200940
600709332
305122544
95605926
780463878
2183441739
2771005295
1592958745
2989624563
2769357356
554123581
188669289
389148763
2935396732
2164761104
2861512023
707828738
2302220476
2991512154
721870230
2247132329
911386494
1194453373
1666112840
2180417185
2593917163
129502103
2541178598
2241945146
2829985153
328417822
2173862348
142693434
569595170
2276687118
350845187
2436700808
2719324548
1684867974
1701599221
2266519297
1213867183
147458277
540890290
123738162
2901255439
1010983914
1686614012
2872672479
2269583310
1690651950
2934266229
2542847994
1661055140
1665340298
2184021768
