3233794745
725634537464553472
2779417804
2787250985
715214449
744259570894241792
336288580
4627890312
860448925
111278246
604940737
16391453
39349894
52544275
4795838269
343579122
2344304872
4368621381
2873148310
3013468825
129235890
1944400447
751513441
102837987
2544186792
124829064
15210060
1469773459
15628274
329706765
28484970
513223372
26949666
2446824792
226662318
310339240
147479994
548133519
177831593
1575135691
1731401833
438132665
573854819
2489677652
190589983
335431998
18623957
2760578788
523548693
304811867
2528225546
16441100
2800696176
629482056
2772247496
1918697988
11673662
2773188200
2789532782
1465954957
2555818135
549406338
2257995031
2796397825
1326119604
109882639
18912044
23678096
140640762
2157625378
2657178559
2781779419
75029535
2248147020
279559274
163944581
761965519
177584156
21707592
23183433
2218418312
26563525
934341318
2649318025
544459972
587966084
1445581466
880761068
483771071
56470763
53434947
2227861752
366812553
325860286
720805808
2777598176
186211233
2401987555
217158737
282271953
137461416
386206041
46512916
2242158134
100125756
2274479228
599349336
188013000
64828599
1656690139
745675892
455677699
2777426659
554508569
293338829
634141770
2497722217
560294760
875135869
2742035008
2550817063
150546196
994293373
614903736
28852919
1956624822
763929312
1003989258
300069227
591200125
216329795
14124688
19546681
2167840812
2777738317
259347326
105669501
2484594583
28959960
604569932
2696016510
2781115008
20515090
110182628
2185960706
162611402
2395268660
264941610
18185124
1952076517
172846897
2431583503
2558114048
53019309
1489923278
2744836500
17393362
144657491
312552086
57497901
2655470227
1647647336
1425120278
2556652706
24436600
172635054
17486092
1957760071
39651447
495195803
445360132
229775006
1410746617
590585352
19684844
19713521
2173016900
1618641848
2183747407
180039330
518399661
116909103
419520517
516720845
2313459221
2735417209
307482701
22738203
1125937411
568632080
483980540
493609953
962681071
14505871
2678556204
156214500
23008116
306939449
388379132
2696887802
2752838300
2464039092
2361413834
256628776
985186471
872423437
2230710120
578321883
69681766
48771393
159389938
456702712
1241669749
2611484288
2211328680
57440214
1305807127
1357008854
2269095733
164656105
218723484
885717746
27491396
1287128935
41691959
378821768
33971020
25580745
50376104
753205987
2686507783
2495955023
1899607428
1120342686
92628011
2755342304
90916312
14811468
2732672766
12601142
323918881
15377115
400962072
373398832
387181116
30357579
25736928
35767916
14448173
280826651
33495086
35120520
42158021
22160488
2700847994
19053307
18936284
37391190
1870134523
37877645
25253084
1870181858
19515059
421610271
2565259660
788665722
1686416857
324342636
17877864
2209606452
399330771
2746745638
357897234
951972434
1122600787
2772153547
19478383
118095932
842217397
2336787329
68596524
915931760
591403109
235775546
18924384
278688736
15610459
2682013394
415083072
1511863236
58066975
305278066
27329169
885733974
17240235
568568539
22077489
281740237
253732880
2543902960
327763645
2534342832
579899791
58334411
410411107
127433163
1186808365
2397132581
249740683
1258161890
904780472
133487623
2751653794
238544319
2171367629
1014275629
195097945
1086232159
239893005
1511964535
624443062
844415269
1062018775
519407518
2778364615
2214775429
2691186956
1702659487
1899786938
2483544234
2549605682
2193094410
115553529
2723134469
154523730
154141023
840218617
1242543092
2400411614
2466123974
1340656639
553830364
1242331399
2357484469
1449450078
2413466165
142846660
1610712337
418755766
2460728034
1319984684
2405537916
2273453585
263358545
814766444
920120467
1383396050
1554095036
1588960086
2300322475
18906599
1890976934
2470437846
2638133233
2335549002
66951419
1252806792
933693476
263285930
2481601577
490686776
244209072
2761410968
21343653
468698428
174861858
2740108585
550186490
2648449219
19222164
19235719
238873872
2276761669
42381853
473755203
111152516
1397702498
104962266
1940722340
1639227427
2600665502
2761711891
118953812
329990577
1425650394
2693369953
2333710026
462934944
2696493165
158418172
829511071
1139993394
1548118290
2256850213
107507375
87026303
991330362
26473089
595753830
1444276819
20501583
474886791
1322016853
2745806196
374331041
142132410
1188276043
1355247529
377030707
548646200
344882852
1192161540
174950408
114618877
1488993624
1866727674
2322778608
444940567
71165327
24333544
1917715891
2460865265
115724729
311616153
2430100934
2684879131
2603852838
1456212816
226135392
2723570443
2657786311
1842819642
476245746
146143442
2469941592
2259054132
143168574
73657657
493023209
192931378
2208798888
19037984
1607096918
2429876353
2561092394
2210997956
305277457
331825712
2484441172
2382503240
2387937618
2236427994
1277769800
480494661
346433485
711295860
873221929
418103027
916952911
50360391
244232625
50094643
222157352
89496720
279709695
469911895
2394984492
2742522928
819668389
2265345620
1082790528
109883502
974964422
2599773326
44171091
225517782
1968943514
383875959
2742815939
1850025186
2764575271
2712101100
341730948
2174517756
2459531527
2260277400
1435605097
1663314332
1964795682
1427364492
209506717
1224837032
486902248
798557862
188886943
2172527858
494934276
505875213
105106236
761175936
337197566
1588311330
1869032966
381101243
493524550
1169986602
553804714
709396746
38746682
325782357
252743334
2323555374
2605633406
1435058173
1925501515
2244592586
2758596708
977211163
2568032588
2389094004
2760659563
1086643045
2715865528
405179307
1699019120
1722154105
2758707409
478659921
414212355
2149720910
709970308
1265679950
851316548
1152375114
197465625
1695513164
168234359
2586936396
2209692512
502958527
2557121756
143482149
29000063
479562736
220796564
793148808
913077949
2616547518
1690525178
38485326
53544165
46955805
56456194
1219726182
342894187
615687834
25608298
2699597605
2734367325
1597174627
492833134
38804737
1892311172
87640290
36418115
185790555
234365083
178655399
2740253539
2749307167
24568660
2753841643
1671748231
2564039285
16274410
33608041
284616027
54769979
168423969
87710468
1870183351
16146117
509064573
1332558948
838816748
582906852
2737267131
2740263498
1142814942
28918971
162919754
272936841
264268489
2454479347
339202738
829446506
2560415816
2375459676
83185208
2585161697
920177462
476739644
32497478
42025876
1379288282
21093423
69163320
1107466603
111225697
2261405917
1129720458
282385285
15089959
1302829507
374200483
60420690
43874073
262208063
1549066418
277125802
2732429825
263265230
2582736318
388365142
2401889084
153266090
109441206
301172278
920126682
2617147578
97963881
121656624
182265955
2595161094
32947008
200583835
315520677
1285383793
254732884
175439376
1723975878
278888992
823112684
41400882
633150966
2722658104
360844323
7074742
233667091
1684153394
111081551
35518332
2194441140
406155025
373783051
248348279
339930373
302194920
1706079505
940612220
1557015818
1148995892
114114781
275399945
724858279
1586703860
179708362
1424561394
21368516
785908646
51464059
35150914
356604591
1588962332
1624734126
1128018452
533670216
309535454
16752148
515492693
1881210884
2418433230
625337018
924285990
790947306
366375833
1952143824
2429083328
940368062
954124423
338655059
486525004
20259449
114374226
42786325
1432021448
2393581879
527767083
2618159698
2316401191
62969197
2478197437
300112511
20497596
265070814
16337909
226810898
20033647
2558068521
15803977
407177656
39298128
2697343777
35150454
94290822
448430865
17760814
732980827
1464874417
42663654
382367501
95024674
235662557
316712331
77651007
20684964
1733454092
2614065342
329688737
2252906316
457712573
1308509430
129643062
1716024654
828120944
2174030340
2569585265
1702689662
46923727
494758799
467723007
600581009
45919302
1870115797
1688814204
566273326
1833789710
1238238938
1608325573
1870184845
17798031
224672666
2422267465
915192618
263479742
266613166
52309360
528088995
2591667116
2180934732
1122994002
2677949662
441330704
589194482
1553444053
1072386960
2360346678
406340597
1702452847
2598595441
1972416156
2396823222
2312501143
2721360805
2607633722
315832917
315589270
789430788
1694643314
83382182
2274646646
2224593648
2352554992
259956008
1484256702
30760896
2314750706
833963088
347627434
28461667
885794358
893700626
2654555875
38018407
1244645004
2351198118
1305324672
314169551
1964909868
319345681
2649303001
435622176
310580814
24868023
2274511201
838399572
15546191
574630639
10255692
333550143
809743100
951008132
159447476
323499989
222299436
953319468
1870253432
