3300931226
33184997
72276797
3854493018
25272149
2318095009
1977301862
233104818
3226689698
1325691294
3398657173
3386700498
384287774
830465600
3289828573
3299591142
16115176
38908587
282082074
65694131
3297538885
3291800630
38623068
219674636
3308699810
67309732
26243698
268815793
3446920885
1023132396
1885808396
86278071
2952517312
3478809625
54491455
67063550
3299469926
179046547
3315477308
3309174876
3249701161
3318337602
3304208106
3311235936
79355995
2356125410
3256336878
2878377823
3306730099
3306675212
1579028893
2527257840
3305895673
3297081092
3299115044
3289548896
3288842642
558407078
2298602197
3287233182
3388965316
229738216
3301396250
199274986
3288465684
3130440619
769797708
3281368988
98310564
63701775
1961716729
87102355
374212227
2465853265
2894953435
1263292416
270176702
189503518
710117845
39455426
147791622
145514541
1703499732
2171457637
434881906
2832075180
2447549094
287278552
587682819
176566242
2186275128
1372665186
158197244
205957912
2555916811
435921103
34507480
216776734
2919682981
2883252931
411859932
426422223
600244924
1380665401
2584658958
132774626
2354128850
22775766
101744237
474706454
349540312
904796011
359332435
127245578
153002327
161165980
69129108
198175318
1957758842
1104171636
2366783378
810798793
22349399
45461766
227324947
1383091088
2671717550
355307031
40607359
2853680106
17919972
21447363
26565946
340271962
150178004
46602211
183078358
99050904
197807757
300548967
284291853
259195959
328918379
215825897
76589464
392765652
64701971
1498628336
27191144
27847535
15422794
1117000302
23563916
43032508
32751684
233430873
186712788
22096068
58528137
146299154
202890266
204151028
184910040
325451111
316296994
389807920
19248106
30023434
66634942
38815052
546020691
209926219
60500389
24886570
126400767
109213578
226690054
155891389
345328607
34252332
62786191
252088905
169291609
98783278
11026952
160694892
189671070
25976458
39453212
15872418
171574926
60583926
1528743306
18768302
85511768
180505807
128472974
375478760
2411488800
545443555
27760317
16548023
44728980
245697549
24143580
816952189
110473412
2277153704
2425231
85452649
2834844206
2795290318
2391159108
24111037
