758274030684209153
3321520226
910874659
733003747580862464
2463480670
3396825733
58348369
226981004
2476839597
2380929588
731542277127057408
731639482911477760
2944060025
1041751958
505945135
298641964
481454895
287722927
1513664090
1869544272
1051359344
2165715894
2787038927
1728896960
628177719
611259407
4629105675
2381181159
1260978968
2901375504
2832475419
3381055570
1494541315
406985666
1014056370
2239508606
1167514464
4421380402
171902558
3367894085
3310786813
3098245946
962976110
3193669515
2864614393
1151411262
1363330238
4736552353
3151713557
128988739
3210835343
3295286487
2937790156
2959288244
2969386172
3001430233
3064572705
3415642282
1708586275
27260086
3151960089
3050950092
3292011258
983570862
1961868529
485367855
1697215658
2539045066
151514918
2223685832
96748210
1623865568
885870906
2733043488
1115325576
1656122220
4074210555
1591814690
162749398
2436566962
285139582
2292707849
80306694
34507480
542049291
2299454528
