753647772948127744
2892295473
110261209
2316356702
2424016218
4863860536
4166125115
2179079761
585244062
26487169
740697772635066369
724286729667137536
708659375
55623038
987760428
3384930639
14161240
18773427
3892378648
457984599
4862238712
750103916742795264
21840130
18993272
861871424
39334221
16589206
727593313524666369
29856524
3301094030
478081439
754496358330097664
533414140
27914956
3946785917
2416974884
1874184206
4264313385
66331931
45750682
581544707
289427528
3018791432
787012
738802573843406848
274891222
82921979
211886314
2771601152
740894695115661312
727529229068324864
2948407959
2583735188
4560016829
2828116835
424694052
708063091418763264
1074583705
50064327
66054233
4905243038
818183186
28611453
723458294375931904
21939082
3314688078
4261318354
741077582
167956442
728055753681080321
737049621411692545
701259623894921217
2283509016
107953123
529547229
366819502
711188856943411200
1164724848
524943970
3763644089
119161370
3237146698
399814591
704017048792268800
717484315198808068
2241850407
1339060338
70477603
3618841873
19346335
328029451
4825856765
151945857
708838526121484288
3945784187
709923567488487424
4608342450
4164011009
25446957
304296756
3974665634
3376781080
218019401
36556446
706199160517746688
2610290468
3884540537
2298121136
739947734774513664
112186577
488977238
3629331433
22558532
39755667
399065347
4851276082
3018712512
3578921292
49709066
1284817364
4209684039
4063985534
5820642
313024334
3227333732
980590310
877012760
192036002
713220523677892608
101122971
3403937658
25543012
18247062
109326259
3629421976
742181053599645696
15745657
20279215
2753699888
596844874
38976390
1337951700
1679672113
352963308
246179810
4852163069
292423442
201694533
427924454
740246364752203776
53524514
513438857
82383649
4568945958
3030071640
729689945288355840
726857588168638467
2306844150
3267456386
721135159475437568
2879873850
60800364
2363153406
3538092137
818358278
19017675
551622232
2402241228
206302924
1593917364
4104189345
1520883330
717820719942356994
93902984
711923136
4488611353
2724735427
16190478
358545917
314547496
3307958689
100638300
60882049
16062087
740237927754534912
4258811727
703990775223169025
2727716160
54266097
44951059
2812148346
289056297
714957218320293888
1194489445
705229345745276928
4909948916
4448444059
1299803965
407490941
142331406
3101613139
3104028792
25692368
523409160
2535590378
820935110
2832946873
2581758266
703303258476036096
57892088
718550672732499968
3260189928
1090556088
14669951
205823167
719276823809540096
1328597425
19429287
4786132700
3355373201
465170464
531487443
3149556063
2928451870
727472528
742227457034461184
26855099
4013745015
18055296
4535209154
240315352
4786763677
4851430763
3068014287
3106007938
364488011
2357142594
120964097
65007261
719344158662647810
2186062965
315083853
2594968909
730754980227907584
1097268498
2372333125
2329396765
17327882
1501893036
2534195028
891059384
348130743
2916054140
2502210610
3193583563
206900656
9977542
3236246273
1042657574
544569728
2641993872
379767285
369341304
700800823
2485785571
2559925034
4278386653
424927514
318001410
2223064093
4463149992
4910320040
3947091915
608471241
375994659
4551720146
316593308
430118889
711228940833017856
267420770
890497890
4218156466
4761064634
3508811473
2638372480
603660185
49210897
635275400
3244703755
714251785183977472
602239077
21426342
40491987
43196336
16495811
705035511203811328
714920195400269826
1376536760
632294767
3249458081
550730704
706959926879334400
2754023296
18635250
3438487642
720967777134227457
721449273410383873
4716634460
4926296153
328878936
705441494698762240
1548975014
96807699
68433206
3464860760
1140923334
533712415
40966769
20830344
860110616
18087450
4842923147
4065725475
711336112883671040
627053327
41224459
705442898188210177
714614269032198144
708161593524158465
4387685536
3661168817
217551787
28263009
3274916322
709882746995277824
3287916110
3051515762
435958880
3139668973
112047805
4922884573
2887465954
20602461
56459846
719281218965999616
3166623503
51791139
235337115
2893768217
872688145
702628810483765249
3283613148
121626258
2898797140
719184819440197633
1029111547
4103087435
3316868654
717554036510068736
1345827078
4147378522
26271469
4591505296
190589983
55004670
3285975517
36452050
3325408622
2998451675
3145178862
706989451470213120
2748522718
33611715
234996840
174072012
777143324
4808999154
3317957657
3605828904
703407696809238528
905898240
710990834972233728
3151903901
705212431941787649
77012250
3068913639
379943597
3231974736
701570150508539904
709897775362605056
1455378018
703159573411028992
2431253425
702879461461659648
4856012787
2400769123
1288723170
2869532963
2835754637
710920492354416640
96655856
710998180117159937
499316976
531487234
3316069591
846009488
245153611
23305759
1125598206
4706270920
705245147726917633
19646347
3577891403
3409498392
819055338
700698868799770625
3903570210
19091173
484383350
57174231
3274720530
701348418137018368
4806144210
2764770081
4870642869
3020425427
15709066
3309041036
3601319962
333515191
4718623882
21581475
60667165
2877266553
466910067
18124830
2957699066
421575263
115681686
42228475
705103783047598080
923885029
581132385
4220373573
4260368123
2353742575
4584443975
3210620945
812352685
1652348096
1155742220
4839403219
4156223774
2950321719
4810747934
336638653
3752079317
822232050
4717892303
4236806414
4873800587
699593669129728001
859125680
4592514447
141919840
304061756
373783051
4698427297
701513221388136448
702742492324749312
17980523
2273797556
39576271
375864094
4893125805
17171142
4914539795
4813107140
20109011
351158464
2533653547
4340689887
3349925638
4345523654
4714948245
43577172
4250580675
701329728880267264
18478669
2890515519
4547869279
381919729
4102376488
2673762353
4220137864
1695830984
2903166449
1141336530
1656685598
1686370159
3082043421
2590038478
3084360275
3084866039
2540758755
54443091
213348850
132111956
2579342751
1649144358
1893836046
503585510
3603476537
3905715985
3392826359
815493158
75224769
4856770010
2319339266
3580248555
4883677198
4100953924
3234781559
3795292154
4292036594
25314325
3278820906
3083467741
1681425248
3433022621
4636949955
129235890
232720513
258025056
4831576839
2606301939
1963995792
3314758074
1868981054
2498271878
4250261325
4855037211
20194941
28170108
468646961
970240309
571212190
315163250
2758422311
108554712
234827348
4847989533
4340273833
44135635
40141424
48935222
4311371968
472132412
1096368456
46302096
24901256
292777349
959668675
2927284436
2712636045
2802540806
4415280438
3475182432
4271904983
4272870988
1626294277
17961649
31057963
83917916
3525716116
3219816631
3391039258
4355797094
462370197
330624184
533408527
279167748
16425672
21829541
2288723564
3308560736
30561781
331059968
2560983060
467724003
4181435699
3790035733
25350094
2574833642
4043231488
254174325
956807916
593360775
59674605
930406068
3974504118
3320712379
4471584995
4141742472
3111670868
395693272
30719558
4021626857
2973525349
2827148094
1284877082
575648685
26122639
2464933328
4289431230
2242085304
4224729994
1009864844
2485285513
538711270
23798694
3397826081
49334903
239760871
438829747
30359711
4525787541
344102044
2997925069
473495152
1958082043
501010881
1329183702
330605466
2169095395
2822619188
2914357748
2759593652
1198570398
4496549793
168939739
255645890
3374686642
1305807127
4230092898
162786595
148291255
3890345237
198686194
2953295697
3691232175
3308456234
829366202
60317232
4513809798
86189825
4498590977
4511163252
4198222373
28983830
4482480481
3360131914
1263407377
4332740714
1433427858
853259838
21440926
2488997646
2815968593
2280996480
1370971824
884202938
19173608
23681268
1442872940
39790265
48459553
264461851
895853653
48576426
4163792778
2557951345
305547528
2941351219
3836463252
90480218
1596575564
3873587412
3309983028
4079134623
18217624
3528169698
606785697
127546379
1834201
65977908
1635593876
1609275470
30198443
41919896
454249913
44832407
906620078
159453520
3550037417
3981225735
158201879
104036336
171649681
161977776
16386704
1960998284
3638310498
3007329800
27553958
431242070
1132994426
1649967228
2572374532
2203782530
21149655
572656810
2369189581
1488993624
4221517347
2557356392
408948885
2340695821
3582003436
1963571004
968299640
3424521514
191825698
3990577513
3676072213
1238467843
2380858166
1398807276
902319876
3883704833
20118767
3434421484
3020719215
2660292819
17971455
2845207617
50462805
3367987133
107766082
3470996714
3450486982
36500431
50434933
1915518302
785821477
3140982924
4194908892
279762114
1350303332
3908662753
1960798152
3516195738
21982677
17995040
15964067
501060187
53198836
2892478027
3308439507
633940200
1887672271
526543074
902596597
3311694683
432284932
369029151
25373969
2325067037
2847871826
198222526
109693423
3028284024
3226854169
15964558
2882013788
3376786851
1716924013
180039330
80204559
891449460
392475888
19737879
2528738670
3345627220
210071271
26496457
48675152
632347405
4039401982
2748582465
1735783621
168804714
35593859
3989295372
3248141375
178083995
3138338070
14203214
442477682
3319494386
4088243776
16038334
138889809
3434719150
364844072
47914260
18533363
2302317949
14134180
3452894301
3440548823
533712421
3044258071
3260379132
2526730607
1065897642
1345675140
190089336
2443823527
3438317523
3540252020
59511805
3271939207
28985451
72882689
50019727
449110269
2206912764
3679891156
32475192
2854781367
192435640
211324541
28079508
201428373
19834418
2840119261
1049681827
3969530725
2828705712
2459199644
601932622
124075592
42769016
145735273
3684289753
2217039596
2989323842
431071870
2315583427
128760201
3436973898
454912111
2331151852
2148299336
2207780696
865636782
24733117
469194846
15416505
594643011
1343178872
2159970682
3656092409
2908170952
952816081
91947456
22733268
3524510721
1450386223
55836822
430775674
122596891
3288598806
1045017146
167414897
593975078
475056290
20713061
3715890025
100235408
3390061349
3245070880
7212562
2570631118
26459660
2312902755
2312494016
2530039118
47714847
557909211
1027809378
3548862801
425061632
16151935
2300551194
1957743416
16710420
2267796877
2912875425
3741231561
173167923
2977758552
104674131
2448444847
2949901418
1717324226
1359226843
1587530371
3008665736
23468661
128393253
327071763
2322627596
3666520105
619822803
192091856
3645260053
22275767
3242527197
3008209056
2651716056
2788278833
3254876994
237422935
1561426878
413398594
3486342376
237488620
932795072
207646972
3419749948
2417844248
53836671
305655577
2703832363
409658798
294203162
3033154947
3420965393
23197119
68229682
3155025981
1286650968
972909709
1319546174
2352603978
110454549
2429236534
388602200
102836050
2734463639
542962969
28465478
18572616
111138017
16703058
3214214153
557867182
2845849081
138463658
3234108048
906413485
529600847
56440721
196621716
390905408
2252839610
3034782866
576840078
3141765771
33535091
60006552
3138260060
417268397
48567923
108603575
3082399059
1239062041
729657313
174316096
127673986
470159418
827410788
461558727
133711297
36988190
1061517114
194273662
39595443
570281457
3331905027
2490675820
3375015255
3112299732
989446776
2921047581
221250067
3297859190
17078632
1180379185
3110905846
3138701077
2614101470
2847617106
140233495
2270982404
1407972582
116198288
335544497
208568172
2413480346
234822460
2254482542
3307544550
1166994914
247062249
27897429
192538987
745591364
1332558948
1467503960
111832673
59461030
28006508
70707436
3370854327
206426068
3250260895
2802062539
1231877641
3372637667
2949922899
37431585
3306434174
16389971
832541750
3310106389
49033732
1338765866
3285819409
3299793525
954124423
488829795
54884378
2799713600
17930514
3023335539
18845325
307699687
2781010250
106798740
247981000
3302017177
3266856037
175902324
54036451
2845681325
182377433
537904539
3168209881
898524019
1279624999
243864403
2654505852
1683873386
27054030
394478412
282695161
2312829909
2232536197
475811383
33438221
2565507516
237403203
49409439
261918703
131103229
1905292321
1326330290
2371338116
3245477853
842580410
499154896
5781452
289860450
3396988815
531351424
2701640767
141084952
963480595
552125363
3382530555
2885832963
2303431412
3389250491
1350725479
2954110321
988007136
142150016
536793765
3023863007
2756771755
3257411366
2996533537
116732301
1068535296
492616985
2757244158
131262336
15978463
47013408
2354367164
359403242
534903573
2882331822
2870567566
3031838684
2895094386
19937774
26278305
3152525286
3029619754
3062501600
58231838
48867183
2989404364
2716672169
1852488133
1668756914
56249795
2601118704
3226902157
1692083250
123481358
1075460258
2432779706
180111748
3278874775
19500176
153412085
242283863
2305142845
2922892366
131301097
252708695
1316556301
2950061381
185906955
2890185025
3118429426
1697315450
431901670
278279975
751513441
2843168429
372706077
2666962567
3257948678
538547125
275059677
2949980805
503955524
287453721
317801544
249368015
1674244704
2984727962
3250244221
11102352
3021354992
3222025592
2820698089
715044396
3245516841
714469454
28623510
211899041
317778881
407403740
1128075277
583490818
271182655
35818542
176336596
3263051440
16389783
540405511
402216337
1947303967
28239343
3060828237
544686866
931286316
183767243
2735776278
3196453645
212004905
2981606896
2838450295
316034613
154184964
713898991
2530830345
67657700
255633660
41306753
1444823118
1507459464
1470731089
2470550720
384393903
2951464703
22964326
756075224
43583486
3199389838
2256985338
57388012
903377622
2392933562
477410739
2994634058
305211380
1226500387
365686717
368539766
56037463
577281559
57164762
339832905
3291856732
3226612236
2302134816
2903158613
2902585625
342864030
2983843448
18768324
2865205199
823112684
197845065
63996778
3005762823
86348899
124455128
2912754262
3220724838
2374990268
1343305784
1253135906
317590045
61062172
545927599
2945352696
37249903
141834186
2902031256
2998771683
430952981
1155949453
62815642
1943934128
81438841
167958868
308721235
45741687
16672662
3081853491
3122439447
19450163
329323059
36593049
2188617884
1445123090
940503344
826537184
15669672
940368062
84491326
555832700
3031923352
614627531
77019125
3062349526
1146358172
2786996610
1345822466
529562997
149965942
338031989
44655711
1580956490
3028727361
328829249
1337804538
769971685
318333376
2391488834
8735572
1325438424
1146349951
210951599
2940545469
1960789190
325005382
2787338146
3094773145
438449199
2472722514
1561423087
602807375
12144232
2321655144
2434306537
926324450
15745368
3121763914
318458194
2178497382
3015195680
316598708
1564676498
3056828068
3027306700
351262776
2926128044
297457814
2744949803
1880936238
3131525027
3105612860
142015635
15455253
899084911
323178643
522132942
3067329491
20987538
787845938
2209806914
221573322
18810387
634347282
21424262
2943064514
323998361
620309171
403992815
166990746
21065479
325577961
28740137
13514362
17453382
1407855932
2997910595
265122237
21048939
2321771472
25713562
24796255
1350877831
28478793
3080756993
346313311
2878768800
3066195736
2468517816
21587082
71600459
3069840587
3111145354
20877721
1895563525
589403744
942868836
517166803
19749751
15784302
56315666
129019194
108985609
578742822
284542517
340880465
38244366
628736840
15215142
536803217
48446352
289836894
30358699
240393970
58379000
409430647
72955560
50980914
450062327
2983870677
2354196326
29082995
805602769
2883869950
58115655
34460094
2471169961
43037025
38495835
2641505999
603708824
535765658
750703231
2533730178
407130574
797557909
551644827
708522042
71513606
44945327
559977174
1559937942
450919703
288629888
785830202
632985793
290097255
13301812
2740399876
629482056
1454229751
291506429
2505217933
506864606
515154835
2903747117
513704992
454513795
44296846
22966253
940612220
2459121330
21888595
3054999667
1636413558
2149465998
2941088702
118845216
601076863
933008323
239903519
37418509
16992416
318136173
564000560
475361307
2971986082
2210261760
34927577
403899803
929278123
3055067522
89277004
277818877
221838349
2749858280
54669212
847638908
244268646
17648725
405963037
2603173734
91673645
17522884
2519134542
203226736
537065336
1955103432
45638072
24333544
601001021
603386518
572753273
407938437
2518846417
2740563252
2626250539
27565899
33571894
1217982678
51609807
42170658
3016960252
1623194148
24133242
968650362
2544340879
19948559
1191779618
347001848
392562986
913228118
394274636
368397875
1656413190
66265121
196576780
1855592144
228134082
1722709940
310333973
462104542
2167127884
18961384
701615468
864584708
27368525
805599150
2340605852
1343501538
2438889943
10126672
420560706
815783863
2957683070
1951869001
354248645
218733638
811352982
2287887180
1898509585
67328110
2650147916
603475584
2897902292
912598626
2391736202
408219053
19061844
2261723742
292929271
2712571328
1461178272
308210202
228448495
16031927
19291441
2486303658
632466068
258527170
2203682453
89490661
2891400481
309705905
3026426517
1877905753
29458079
176306447
542550562
438972019
365004530
1078284426
23134945
3031625800
3008845621
2996573846
1029486110
1647782178
216881337
2957879799
564927741
993036073
476149277
191479479
3030957766
94695195
531481241
317685560
2777871397
603393454
350991677
35700018
159478788
2961395055
19114497
22440812
2495496468
75736238
83068410
2392475733
2847808646
1976507426
2887919545
1258538924
182073411
2418995672
101756062
96307231
334715818
3022045469
2247653803
313015282
2352012152
1163770970
55217832
22523182
300449386
388768730
104613835
2597621624
885801416
1417201002
2921006676
182265955
32139598
35218566
2889274898
2801841123
2461452080
175964378
2162637748
16597389
2610181146
417271020
995212500
1201081308
2871828326
132204038
1027360027
3006962664
732980827
2192417166
415951586
18775482
2748418494
1135579350
343041182
22055226
19489239
2353928462
67562050
2478736706
80601437
717144530
1345704325
45265619
2467073419
2987765697
3000205389
1639410468
591133486
157161926
423083149
584832007
294852352
1956052561
2678677783
827947602
2892992507
491820465
320441416
510409753
2885523061
607316347
624795117
18444388
1382718432
107440670
749708839
2858830358
2865560724
108532283
17701099
600970489
2190922251
2685199019
51915336
40532427
2159779477
915594294
2387604200
603469461
49136127
819668389
37315032
620532546
2683324987
2984973176
211918431
257939371
96442308
2823618194
549181612
119444155
316551217
288455050
373931285
2944271678
2471373595
2906333558
1099542679
1265679950
2938199235
2184024872
1932475172
2803182067
48799712
18863455
49226489
18305815
768710641
603470397
33919134
383896720
518399661
465290310
545377339
46303458
22080483
1447070082
451586190
19068720
1251812930
1150915164
1005284010
240400042
1375629385
134600833
885794358
2941059354
2511556694
2792034505
307753350
22914767
172852209
770120310
446228264
1937948592
2975144964
1586358246
18112970
485373368
2410109210
27671624
266056967
1060492003
21416153
15972765
2724563700
913138123
885684950
261074207
1381926373
55677432
322572436
1356992605
2599057032
2214755390
2926814793
1536644642
909634520
261296077
710772980
274017531
2906069705
510245805
168541923
165091971
182550591
241273903
72547151
417228446
624080892
1694814012
121439463
17061263
2949878831
2424205688
2374775708
2412564816
167512844
506946706
2746979823
2599862858
1638874248
403166926
293267862
178503776
1609140835
856347266
2925992923
1254490128
257234986
306187852
17794337
2753515951
874612346
344322726
2949339839
557444210
454159132
864819445
1142814942
264268489
2911514910
424682418
338291677
78523300
16117304
379498878
139974630
1228839474
552421902
2422633351
406616566
794645850
2575746780
531928115
133022865
432340815
15066876
2870444788
16273055
600581009
1053392120
263285930
18315727
787859474
176614899
1939110636
23195603
414003816
455996058
24240411
1908512005
581147148
2798261472
944440838
603470856
2915881367
42091611
50057841
2899908942
2319224426
979302511
126665405
18610043
2797284375
415773425
751214924
2909346923
88494677
283666442
17983365
205425209
2828425213
2809183509
239432753
24938430
233861094
341330995
621620724
2435583908
316363116
893856362
519529733
356434482
2360602320
19607088
2604459826
18772468
1728926227
2451213262
33946024
24425269
857001662
2795191209
2512732765
2483010143
49162880
18201366
526463447
428456644
122513708
2361944108
1290006391
2742394456
27744185
2873407587
2779857823
474335627
2726311681
2362831658
15393823
563362273
571846363
454651841
376486541
1716429511
2161787000
453205202
2332815798
393490421
177018643
2363190510
101264587
14419063
23205346
73657657
39003445
383313838
2695810070
289705805
45450902
2878080953
299066548
268565046
15905092
2821142984
559623797
344462082
41280377
259349567
458214340
27789999
51885332
605635673
1634486935
1147086920
16671007
66951419
20091551
31065730
620298126
57360176
19408986
231295638
942470940
458909659
373018802
2356073252
142759156
23022687
2612935548
349582502
1296182228
94712225
21527658
15219770
94607882
1051557925
373703200
2874925778
1002317977
932642034
836305999
60439280
2670390968
21484891
2477503142
336377205
16538877
381399271
193978434
1499714022
26652733
35216399
1529948365
246885642
57215100
33345091
20709117
2776456116
74526911
1159608882
2834522289
1225788398
228020119
885733974
17714851
2783800689
23330730
1931964134
2865664820
25169797
721652930
164322849
196871565
43662736
1669492729
184383206
241972988
19220761
273526335
1525441063
294892027
53818826
32896052
1542524642
1069836566
636731640
24645354
26582786
554335063
412776430
307641183
1357779576
2718609396
737294036
1467207810
1663975998
45988063
884304968
2148771794
1379288282
120181792
2611782600
2258666541
463010338
536118501
843112550
310325693
2270543852
127039123
84155118
585373512
842217397
125454330
1216651544
36792190
1870222346
2578428787
874724448
18039599
2464945057
2529008882
1219144500
1415594922
874606098
1360615250
1202175900
1193413045
355784391
31449275
194833325
570911869
920393460
532285060
2562154980
90651198
2632716033
1969439738
19877089
461489320
565930491
368545981
701825647
65517621
19515059
21651982
381108914
32327154
83312898
549723596
26913856
1064362644
315878798
28096105
2708101094
318044919
243304344
87989672
255301474
24222640
617246776
5644772
259059584
316781372
2546562188
823454042
88071033
1261329704
134236463
260527870
1542335869
2255610974
36048950
892071500
22456513
18953266
73408582
403715681
15551300
106195892
1493267851
35062313
174618314
1717464030
634598384
556118417
16814727
53757167
42300159
112562263
396158429
30117361
59785531
115945502
1283749560
2648441622
2416884205
20443460
347976255
426986355
195271137
248419585
1482365425
1074480192
794401550
196168350
289010309
863828790
32258396
2294912437
14465607
417268820
1431873422
2167674121
88458875
109782727
2235189276
417228924
73774016
855552331
40366128
46479775
24935003
2578240705
1969630836
2467271744
2437662536
483195215
754185648
39940842
74167230
139020999
16052860
559755873
115679415
231023430
242618658
561802635
26900055
308997977
130294479
25073877
14367719
260920107
316113546
589445768
233000889
18697728
64072619
25975551
933693476
561654065
33953058
14828860
48130304
880237465
785615245
2475266353
2531540448
52944689
5950272
921292178
16912671
792660210
393190233
19336661
1365203815
158060289
233933230
55702797
1020857448
54769979
261749735
620451650
54647745
41634520
111081551
822663973
26591324
1235999401
234061294
19426551
460848476
2539777146
1428116497
2204542290
1014322812
492833134
40443752
164386441
177584156
20897273
326639353
307897027
91882544
2811995960
885721369
65531952
20243128
2667900326
193371072
2667855810
2718551547
33079769
2393063119
2734367325
93637779
172635054
547969112
114009456
12671132
335115633
291513513
60784269
50094643
118190428
109441206
53544165
236928181
2333710026
1930980487
2468221996
1432029667
2765709046
298790135
14847927
97963881
21702932
2581191864
15455893
118401061
46520074
49372625
21343653
829735580
746213558
16552921
372875229
466090255
17561562
174046229
1485773706
67792695
2450034645
383422685
105040178
1870173668
28587919
1264788474
2616571734
952112047
17471979
374138602
833963088
1618641848
2329290121
101395252
270724260
78641624
152007388
249711527
2450600312
45375727
1403950364
16145224
1565678965
71362507
49964679
2316246829
2883841
37710752
45641358
254957094
2574956743
2321141725
751413241
403171779
346924655
852855630
2196253544
1116793099
73448937
379962842
17372211
42154670
807289412
211638860
358270358
208083510
88168692
111225697
347627434
828151412
121656624
166211200
89496720
779883350
39279644
50147912
41219947
1525000885
26368063
12663812
25170188
1887122408
133363030
231269578
2438717066
255546135
2289118140
415678203
331468901
564686965
390860562
262970655
20486418
21406641
734933852
2568595462
1960665782
2289073874
504892952
2363378742
40927223
827877331
580015689
19850687
68046835
1726122608
43306669
19784831
805688094
39362883
20525376
2195887807
394418952
156587993
16193528
21769127
40336792
26281077
42785356
39735970
274665686
9779032
17057271
20802277
16298447
87493961
69288394
28472085
101019351
15302162
81173277
761706091
552255421
24174496
125515154
500704345
1624047055
31623804
1691747173
69083921
186254782
369586340
209159923
18984562
253848167
22674239
555928038
628079168
870556525
5695632
2285701868
23004589
594736235
353689448
98448390
1715966976
601393440
431746909
183837177
32947456
14749606
98767459
7831092
2196536618
174880736
19028248
15393552
182976349
14269771
44426926
31403901
934888128
22261326
789427375
137396575
77888423
603073195
31504542
236947097
43380756
427828588
59737625
35774540
24272063
114759965
18944903
89509937
14192680
