244408995
782585911460503552
77720906
3668113405
64106495
2356036920
63701775
47047335
3466155973
17363090
199274986
111946118
240611246
4848161419
34252332
139341249
26243698
210353625
710117845
3944695458
466798413
78558080
3312307154
3297538885
3105629870
3523870992
201095003
425573156
124721190
456697074
219979106
428258461
3326366954
165121367
139470646
3482418974
282082074
3301396250
160804409
94713472
72276797
1248208405
155891389
3303729499
349592359
2970815041
4626088523
117237034
4746887202
4851258798
2306329045
116150959
3560595497
4673176273
85603854
54902299
3521202140
3260722346
4604434398
3306020762
3716563814
40596741
167435684
4712517451
2800156795
297198578
4273661177
3769518073
3750775054
3578257880
3605940332
83069244
3319502472
3321333626
3458761212
145698166
301205073
4453984392
3317890118
3327605131
67063550
3313343886
573283956
63333976
510942393
165289700
3282218791
147791622
60583926
1269763033
63091437
3536834172
3306730099
137654214
38908587
54236340
35142205
498509548
2681931932
2977210878
3758701454
3288465684
3166565659
3733287196
3515025553
3161034559
3451021819
3513099973
3848164978
3023636162
95146245
3130440619
30162431
3614834474
3322539949
1381255922
1078260488
2576298092
3294167456
78541168
146784334
2986790742
3016445765
1579028893
3842191333
3305727254
3292187557
1583631481
3746334614
592912481
62786191
3025621020
602319944
3379096753
3308699810
3438774461
3600854081
3308701357
3312522152
884870900
3357768014
595710460
3416182973
3343503494
3325279214
66956524
3287233182
3588157034
3596196860
132824892
67309732
3397401492
3486769753
227943749
3295004774
810239784
3312836473
3312811478
65694131
39453212
175700091
39455426
209840364
219674636
229738216
3435997392
3308583164
79355995
41118701
3318346688
3678091575
161126630
3601261332
3298697263
3197466488
3415865362
3327562608
747047864
3396975973
2356125410
60508028
3184653368
2317024206
3400311912
1424593722
3313433304
2894953435
3456697766
3312085416
409062152
367680400
3072435974
124419967
719371220
3311235936
550512107
3316393634
769011950
3317763006
3146891383
634921204
3283967779
188140364
166481764
3300931226
410434256
208506172
248585481
3282734340
145514541
1263292416
769797708
189503518
270176702
3287790708
98310564
3388965316
