1564990826
4698823236
702586346385199104
397060718
4671409663
2217530371
720266814056374272
4888103877
758912244
3526995252
4848161419
140808777
4815251673
4497447385
293859610
3399350774
42562446
4783962836
170424259
975358658
712093570581139456
18073623
4856135885
369506960
344620700
349441616
630725815
4304860814
22314366
3848227992
40596741
4362614017
4923751578
4443339553
4601386752
22477669
454527089
114174919
1492801
2318095009
4887259416
3873867072
2724700593
3354473832
210353625
50627014
3312307154
3727234872
198355370
4613557471
235910204
3544943353
3481456874
3437673912
3415581868
3665822772
3328604762
3312451956
3881236875
4859286281
2983793988
1226885178
4854652315
4491635178
51313694
4785737808
4847793207
3656318533
3293674982
498086230
4736185280
903280957
4848758656
3310120724
3870538872
579909205
3882875294
4152357612
4681875133
4189553652
3647517204
77155301
3747449173
3398382073
3683180834
3303274597
1403956256
4230074839
4536169580
3246903696
4471342752
3061089271
4278072612
4053645973
3703436662
3681440353
3526028114
3179176100
4496349258
4509714749
4242518293
4397661673
4271649269
3733287196
4537242074
4526942681
4451021896
2817838272
4602030073
3614689272
4371702553
120463706
3920459413
2376814470
4631655570
3469598533
4636081777
4247314218
615587552
2682725544
3664144334
4336183459
4562269447
3603936976
3893255899
3625557133
4635390252
3590989273
3535559173
4617000799
3715782504
3699456198
3600723980
165661804
3844988243
3309831428
4646358553
3639961704
3941498412
4648036057
227200908
3646654392
260568335
4376818347
3756018012
4652780354
3314366923
3994009634
2776113206
3487280954
4660972634
4665315008
3725369600
4115046140
4648394832
4666403005
267056229
4666860012
3638656572
3906960798
4483737973
4664225173
4661228113
4133996173
3682643593
4629084972
4557410113
4562512393
4067038152
3901720040
3313598544
4671828048
2399030036
4213358670
4397691139
4264428165
3712250652
3359754912
4687937113
3558363674
1241147198
4688947056
4689131700
4682122050
3756298093
3314824308
4689194610
4694617320
73337871
3412856718
4707188432
3372041725
4710798206
4659901820
4712163143
4711016479
4690564622
3832714093
4713142549
4713770839
3140068177
4486976113
4641734446
3280173877
4723402576
4706601824
4717624453
4718093299
3492798073
4068835812
4730241981
4661673493
3294354422
4364721446
3289458812
4689154698
4722804374
4723069915
4723116312
2791672313
4726893793
3560392813
3186100752
3192845528
2701482157
4767706938
3328635691
4638661522
4833399681
4813059015
303756466
4833875337
3402534194
3459045979
449731344
4832112375
2237978168
15846407
202890266
3622539494
3305321959
4187705952
4246180236
282577602
4733819234
85262107
1857458526
4412331374
4341714973
4603869253
4532835977
4717143912
3602248214
4035144198
3064829300
2556523315
4570646176
4721859734
1607998628
2940202477
4736916757
4738086074
4696849484
4619575880
3578042833
3580732092
3988705466
4211916013
4742348642
3311307967
1472066401
4162746494
4032624675
4704966457
3735035279
4492386978
4403651833
3838352293
3701013373
3309500329
377199941
3255121681
2889511915
4503097332
3300728749
4688352271
3613286893
3050988252
3336552618
4013439013
4751801652
3681961213
3780960194
4340572213
3303574820
2546619149
3551630714
284549828
3412732512
123451011
4756804310
3295912640
4186557034
3607592832
4759903165
4752788491
4762872672
4449399467
3045733758
4753086764
4764034586
2787218617
3480501674
4812779919
4767475405
3392120950
4770890118
3312060392
3799495886
4774328119
4713274231
3989864773
4647028338
4630180860
4727270479
4711477399
2900987354
4707918492
4824215194
3321302879
3613447632
417281365
4218534886
2762551254
4777152150
3118443714
4214153592
4229291613
3991280294
4705714548
4592559980
2821080487
3413310765
2489694612
3315251180
1313134868
4375570874
3607158432
2342956368
3575827693
3609150434
3635366412
3351752712
395804505
3246695406
3522025454
4313448438
3668791873
3304925809
2868271166
3594326294
4185987199
4362618552
630337617
428258461
257492144
3532702398
152666928
4368216738
3311389417
4109919231
3660307753
3143289056
159873709
3327605131
3470861592
4547622261
834988327
4486801459
4237137374
58952172
3368742552
86565815
4324950928
3625088293
4429621394
2811559122
3324429450
3627296173
3558465740
3493288333
9157232
3311797165
4018980494
3301770565
3311246575
4307486654
3527796686
2636850171
953952529
3292939340
3523870992
3769115172
4311607272
3315479822
4379638214
4368292520
3386322792
3319937484
4621442485
62486399
4177711272
79266482
3312063452
4171130592
3315359660
21560677
3305993899
2836630633
90345954
2308691496
4311833712
2742931878
262615841
198393813
3642684674
2372004510
3818098212
2719081081
3302110045
3607032314
84828449
1067915624
4491895218
981763170
4372049412
233161960
77518495
3302685816
3311015514
3690072974
280486861
70480991
4099331714
3450353233
4237213154
3185788418
530919179
4508337014
3309498997
131489359
289736328
4453984392
3855535513
1604012420
33359155
3403014073
397016284
922242968
58755786
181456197
3813199278
3587015834
192635922
526613689
3764629875
3313039579
3723576335
963647228
1899856388
461853598
3313874522
16142842
4430320094
828742454
84032270
461831322
3681556214
68353723
564604488
15947471
54902299
50294399
3572818220
3875183473
4186903513
3192196782
3382664653
4279632198
3364665440
180252609
114911966
3486912374
3581338273
4321837699
269872821
3367119313
3146856150
3311012640
3589749200
3854493018
3297073508
3901819936
3480809714
3692762293
4073622192
3414712038
60214872
504569759
27211944
3314499758
72276797
3320940050
4108148485
3634996580
284884046
3347027832
825934369
3332203754
1223886043
3746893273
109021974
1162656134
3652791132
2311774346
30162431
255962169
3729451513
3237773723
137654214
17363090
3282218791
3815163493
2648600192
3954571034
36184220
3615835280
110079891
3391702872
3312236527
3515025553
18857195
145977637
3591868213
3835633699
3079650103
3677840594
3375778514
3197466488
1579028893
3546066973
3433992973
3624928393
3309400194
3688775299
3886911443
735986569
3303373956
3867984313
3657049514
3303078450
155487805
3318654805
3312518942
3681676932
2259882222
225459738
3424554227
3326283444
276504757
1643185734
3855638426
1889295906
95854846
3832251792
3561534552
248165139
3312797840
69818592
305065818
62690836
3193861333
3422650213
1448127624
3183678109
80342630
94022586
3714716412
3693851898
3699097278
3315815989
72865521
3413763678
78818349
3589812978
453248998
3728760437
3283148671
3795607333
3797662154
15864473
170292467
3309480763
2894953435
2886961699
66300684
3184325702
3688223653
271776246
2669811944
3579204511
3612112272
360987169
3460156214
775446463
1960213940
3319790767
3570284306
1701651282
747047864
3318678494
216616419
44093798
3693503293
3314847414
3100947512
3332511074
357349611
1326507362
3311543298
3301218583
3243430644
3573094994
3639477734
2576588154
3594542052
3327527810
2666844057
3683505613
64925614
3155008644
3313332288
3323939874
91535255
3577609819
3489213559
47059794
3756462499
458243226
3614563458
3314315220
1098271938
121893908
2217457962
3564915314
96038427
3313977073
2265739578
3305006016
3373335613
52401296
2786937654
3524721140
439748310
3383358733
3322311487
376079550
105374231
3564921920
3633695952
3239091486
3432762554
3316793732
3399513133
3699862572
2435375284
316778875
177643605
3574426935
3481530077
2536029661
553998634
3562295294
3702400160
164254500
2868468787
3315699738
3722760614
3681790579
6885732
3304690986
1524534482
1127926933
3323516521
3322782919
70902102
2281930346
3315750816
3602582774
3395519014
3325875890
3446238200
29928887
316226776
3326076914
578962484
3647085680
55738628
3648535632
3326413333
600913545
3354751993
121419183
3454984093
3483527052
3516511512
3545727018
3724115714
3316187886
3404377392
2594864910
3324118753
3408875560
143478020
116387506
1853709374
3486151814
3632287694
3420670427
3668119640
1893028687
3341209393
3567769092
3285000864
243937147
166850311
3405635654
337551584
3713918412
3668425392
3455541620
107320249
3327562608
3311806657
2834007205
93339119
3565120333
3328827566
167681947
3320492418
3427049845
3426362179
3389086638
3336256345
2825760691
3318671238
77143220
1442656572
556449998
85558361
3581840833
2352863370
2864748601
3489038052
3420930613
3318313914
3314175168
3545211497
3654583338
3700776073
1631844884
3535425974
299485841
1299663420
3309425708
3680582833
180505807
3593827099
3149425927
3589920193
3547512799
522622057
3304749258
2470755848
2685443496
148656618
66687143
3305959903
3307790528
3310442696
3489850032
3324163975
2681931932
854558346
2856767815
2853189091
572482909
189652312
3585122838
3303233137
56236213
3443363899
3316605432
3311165204
484570654
35907199
3487241779
270771199
2501870882
3393339138
3299129845
21384884
1062250022
3709950192
925349353
3432820883
1497927259
3499972399
3475035794
1707433232
3644318238
3300837883
3315949104
3438019877
3328062684
3336663853
3366560293
3510390013
3295004774
3317627347
3309244224
3599597533
3544575860
3660804792
78528863
1424317146
3232254410
3437905099
3561150076
141606486
3627701715
3310390538
244200414
3618744552
272042920
3352815612
3480680174
3609732858
216270816
18290692
3446920885
3325492999
295454201
3311561618
3707892732
3311740782
370498931
333817985
600190347
3536317093
2952762859
3285227142
2889346164
2154592776
48642575
3698634556
3611543953
3659278999
28063938
3666462681
429734744
186701428
476656711
3324261084
1722229621
478363818
3535410255
3414999134
3181312519
2477664456
3484279752
3311026064
3666934454
3692776346
3648023592
3381097452
2987641544
3220787384
3324189326
3427628549
799610954
3668939653
3325748288
3312502248
2724790203
3297240259
1977301862
261410363
3382533074
469261740
1170128251
3703452434
3626487380
1970077129
2363511774
594407312
3306470510
3315186200
3682588934
3414231020
3309174876
3703122554
65066588
3019487887
2568588896
2703334039
2848749907
3625983373
3484733837
2445249640
3622197564
2848052797
3667695792
3628318574
3589580292
2805388644
3420903974
3321961428
3481036582
183154367
3676939814
92003450
3660468859
3308519354
3648544944
3660312440
3645986654
3392753139
3684093265
3632258114
3338874924
3647273358
3605735598
2550019614
3313199268
3511855032
3304373569
3683306593
3542407752
3266862151
3638478673
3654585432
3617188872
3323556079
3309389454
3683594696
3304644384
3322042484
3493663094
3613093272
3599861064
3679620013
3531626354
3590365579
3550779677
77467927
3359057125
3310685005
3621423314
3658836440
3676698314
3320647668
3285430274
3325689493
3577792392
3401782466
3226319186
3648812480
2781373910
3469785738
3424150634
3455924113
1896439717
3577749434
3615251420
3189663811
593258504
3314276316
3310830320
3578333352
3616274594
3049144980
3320607776
3443090364
1450697772
2561350328
3456576018
3434130450
3220367220
3605324112
3658416612
3459807858
3660325752
3568649594
3697920554
3687010280
3685296812
3301206942
358587276
3309560898
3415732813
3343007180
3633915613
3464331498
3695325859
3390994033
984475614
3291940628
3588750026
3671757973
3320463841
3460731972
3601693105
3283600718
3470925733
2819987576
734975762
2919640316
3626835565
57590800
3324400513
67309732
2709227790
3614060532
3306367282
33452304
3444184222
79052405
39136111
3460243154
279077801
3643853840
196063098
3482418974
3626395596
1030811887
1227682886
46857901
3308205776
3025621020
1843829718
3395399145
769011950
3309708601
3323863616
3334126993
15448383
3521202140
3160489422
3312537061
445944371
3665433318
3682105272
284928664
498736183
2808846019
1008769416
3310947180
1524968676
3308274696
717777096
26801039
42613274
3303974701
1346870730
3311866560
312552696
378407278
3328573994
115241475
3308606018
3649352893
3124464121
3667025714
3690711380
2943637783
3578993839
62786191
61942194
175414498
3085892084
3306342980
537242484
3422925009
3298010347
3610108459
3657067402
2654151758
3297169836
3292974924
3453896774
706022408
3647356758
3270898788
3378767712
3674910194
3438134365
3322189940
3323655800
3473765840
3316927580
95175578
302344274
416475575
3297856381
1304790391
3315873552
632226275
96159000
561971090
2992340023
330826792
40417814
22108885
3607514058
43092139
3653998454
3603460760
197281005
3683672810
3683419639
3683756719
3683289072
3528462378
55731241
261003720
54621273
146053808
140360822
65878988
133817517
154449193
58494225
199200701
159525547
35492347
130793828
1027881558
810239784
3258098330
201486713
3550274894
3384659054
3110175078
3013369069
3295646546
589910734
3313005829
1271909071
3181498813
3390854059
3683690232
6848212
3677337140
3454351153
3313512030
176349197
3683644105
2281941889
3458575993
3602581933
232813099
3683817044
3683751212
3599794933
3655115652
3377356933
3624822330
41590260
3681239418
3683751385
2152169808
63907259
1682641106
3313817827
3578872940
737927430
3308510750
736443050
100464459
2419676736
3309528302
3302040036
3328885734
485943202
432221180
3315872634
1273912944
3328906016
460982933
589223619
60583926
33112836
3491950519
3388670772
3288958441
624101460
121124286
1240845085
3555892512
3675793694
3317856054
3321009620
3275374009
3310552848
475012690
3637872024
3603299954
3325337142
3321923587
3194332902
3504552193
3680864060
3679085414
3383189113
715722498
3161163805
500365709
312440620
3041560989
3649203974
3305016438
2892330410
1117986337
70035818
260543011
309587070
183917152
116551887
3437158472
3481067904
3480103755
3410491153
3311371212
3546574092
3301912693
3388814473
3667913832
3549969013
3623947039
3678769934
3610289114
3672324792
35443380
3638912354
3319864489
3365121132
3579514164
3145330170
158118018
103510804
2514255662
3607193473
183339186
3324563538
3098435616
3323277121
3664679053
3661590019
3318177462
3465487392
3456799032
290023956
3313213483
3617565794
3312811478
3463186698
3321740730
2614616357
2826339097
3407127913
3568071254
75811270
1698566852
3653663832
3294599257
105397873
3317868924
3426986112
3220925874
1624089678
3613501093
1547689416
3320490798
3312434892
294662790
3390381194
3289864627
3437798125
3309489938
3597102733
3379634954
3468280824
3424978934
3464736977
3311761644
3166565659
3645319580
3313582225
3311283662
3421235332
122094545
1950861324
67063362
1242914406
3513039672
2279476816
3310278930
159132300
268371982
41118701
3311441276
3498103040
271550433
2576298092
3249701161
3299032453
3312792403
33792348
244509275
38623068
3480271933
793647300
3303221521
622626726
2802131677
3526790234
3287790708
2869820525
130055653
122278704
1320175688
928930116
2985235183
3185333851
3318337602
83901678
3689788355
3317902278
36846589
1583631481
3278343782
98659911
3607153333
16115176
26243698
783214
703958736
1346036851
3302046535
3535574834
3329145547
3477747612
3377988433
625362087
3324241791
3013859412
3328758002
282082074
2927540317
3332826552
1023132396
156996221
3315436080
3356091853
65694131
3471607579
2810654929
3313798670
3318788976
3312049394
3224951250
3306796646
3250411747
90615292
121398054
3411442161
1325691294
3315477308
3335822294
3302931446
3303164498
47989023
3303820442
2737337244
295042264
2356125410
3302161278
3472128438
2780503291
3415865362
2366361306
233104818
3320935262
3466155973
2761248132
3430511953
3328149109
305629334
3298697263
3296887838
3323501324
3407956455
489087175
3312533204
3336483254
3324205668
3366585553
3197045282
3297471679
132876803
757201866
561489309
3316114440
3316875444
3332319134
38908587
3359801419
3308699810
3297311000
3305214133
172614686
121047558
3317361978
3318683449
2556949596
3411365598
3337038614
3480318613
172612926
3336700099
3327725263
3314456114
3302079654
348874850
1430145660
438975096
228271881
188771553
856600218
3319384556
129149162
3322200278
3307031262
3332671759
2975499242
3313265834
3400271092
3455537540
588743142
3273713197
3565392498
3300931226
3514940772
458022153
2882836008
1116600596
3180029886
3322360832
3305727254
3324669266
220949288
2613647563
3312002701
3315489804
3311029110
25272149
3414955518
3434765308
2294092962
3434885188
3321955633
125403499
179781956
389699214
3352157353
3314567274
3300367741
2383594346
1562027946
3327981571
3539525899
3309201714
3072435974
77964454
3498994272
3299115044
1605731636
2391717133
78571344
3283080362
3437295959
417226966
3305292391
3314209674
2651108761
2874208111
3323630844
1951319946
3323984965
3311058636
3317233514
3313533583
2156618810
3460495279
248585481
39453212
39455426
3413853964
3435753765
149199696
275553637
33184997
3406653914
3404410572
33738689
15229008
3329072648
2446779421
197366126
1058421650
3266955194
3325319214
3417498238
3312945278
3305895673
3299076301
2641873824
3301378092
3334395553
3344469672
3180404094
3312836473
3396975973
3317060077
3391666394
3395461934
3392272032
3400311912
3260722346
3399385574
502160956
3317909005
3458310313
3310568000
1307884848
3442805838
540492878
3310107907
3309413712
3322273993
3460822932
2662826228
3286516466
866677315
3310520558
3310105632
2939968578
3315930338
2986654518
3310703748
1485068744
2393469231
3420660700
3291450692
3305861209
3267772256
3286055965
3295255723
377443782
3266159654
103198842
1414736292
3317620429
87102355
279798313
3301613401
3307807806
3442317912
3445260258
17214683
3456697766
110343804
710117845
635795434
3236488014
3307396632
3313606874
3288842642
3227061930
3041428218
3319718412
208506172
3383094312
3313221565
3288465684
2527257840
47047335
3287233182
430651807
337694560
93146530
1922548038
1938049868
51509783
3309417404
3309162847
3327062768
2940224971
47104135
417227242
3304208106
3420995739
3333458893
3391579454
426119276
3343700304
3313366232
1392959076
2287821319
3262691870
3314121230
67063550
579969255
3328746973
3312908994
3320884392
3316574546
147791622
54491455
2605208588
3341504473
2913389121
3313697718
583647215
3321057607
209840364
3130440619
229738216
3306675212
145514541
3312026132
3291800630
66067891
28944557
38122006
227839020
3297538885
3289789711
3289548896
3313368320
3184653368
3388965316
3281368988
3282734340
3294167456
3312187334
3419027536
3322043173
3311235936
3334095493
122609727
2391644952
1372665186
332112673
179046547
3299469926
2569554823
22919665
113292385
3320256170
3306286357
1498646564
34252332
3301396250
270176702
79355995
219674636
1263292416
189503518
199274986
3306730099
2878377823
769797708
63701775
98310564
20968166
20985527
254246964
120178497
152100202
15919653
15224867
759251
16308572
6461032
375266631
374209360
366987179
40580714
15707231
524126940
156691421
53296446
23772644
115320622
102928627
70704606
