435248369
50310637
412425734
622844099
1147702358
2412638064
1346498234
1940064132
65934975
384586365
9895642
1262899832
15368940
325830217
230235743
113302838
2065391
345502810
24506246
238616476
58503762
97067279
21303235
188289863
754135908
7055062
57424606
17495447
72198806
213295930
286962864
997675992
66573996
35516168
22136747
609122057
397336947
1473255096
211221039
142436228
22308965
31255246
338679358
33799476
27991206
228812580
1011120284
1650553682
1363463976
23804040
1467371510
591289787
16388295
729267853
46470600
1702296782
17937954
99075581
188684410
242426217
19651284
21387603
32648209
102928411
7643822
25510527
742586083
38336730
316989743
16410995
1154156479
19343369
15802971
166153261
15566794
280517020
18384329
603129936
1654610209
284687258
28247906
31123052
58858930
233835294
2755380104
23749478
17248165
86158118
1942819082
6974622
19235437
2382521432
207300125
27763152
14329589
237596959
607404629
56265051
257094713
35888020
17465154
1009472167
16616067
18244206
2489553980
181214694
2563336933
364683691
862245762
280831586
23670660
1169574008
1333681069
242903914
36725960
840449922
338377768
248313943
358173554
341155365
547758953
2610512910
1335861716
280240746
32349613
2385595861
50592202
122719994
48859963
614752818
3121035844
1143906462
301139001
2877815567
285680273
68568053
2250066790
78047370
79796323
127655810
195892361
963076195
109357069
111585803
33615088
28360831
48837353
620564271
86910712
7632102
3039852035
18880384
1713043424
51077083
460137887
170223126
82180521
29254424
24291285
18877478
73201892
994658642
36177363
233247273
140025559
555891973
69717537
27073950
483050252
83962029
23239855
46155954
606377835
47601406
921358297
19679760
508073673
238212668
317867760
17045783
16406682
125251256
23172657
243920442
97062761
23105172
767836206
86776195
21925979
21611368
266655138
2338535791
1360815800
1392282998
38515613
774180818
305732399
20374624
2927205058
20596281
1432540866
226890990
202546218
2903900949
633841097
2371727666
45315179
50037051
58675816
188788955
16062273
136029038
562773631
1235999401
375824480
971204468
128373075
2531968375
56628918
345890798
2437816520
19230279
188888069
334933685
14159148
32774989
18462603
552064025
595515713
2885370629
2196201139
1633987406
19608297
36147494
19642497
15785683
21713274
83487731
285626945
68754498
193710120
2440465051
438842783
18301196
455250555
232416898
108964710
394746333
1138214688
81494479
7619982
1487403061
577860219
426701606
21571340
2738835603
378948652
16465852
314593175
2464444608
2738062918
1964213526
52638892
285146414
76256268
575003458
361381869
2955622539
2818148283
2421050299
37712622
2398418540
425270736
721327231
1686304615
93676263
386875665
46131559
485321688
34892616
130593684
66060297
103550181
237944363
284534859
2359576506
2211386508
2416284834
70465372
79747386
2828773969
2892191374
331926636
2177316038
521681886
2888164558
242396542
980981870
2979681844
84549937
893064116
131437901
912217640
860952204
176450176
2394323382
2802171635
432435751
2793680586
168418991
47874587
392128452
3003787678
303906088
1562918803
1224023461
487975713
932400589
90014851
294505502
265253155
2798354760
2267633901
1172054364
2803540146
147754402
55904600
461453143
484927016
328666890
134480643
289908418
245531782
353600817
711141830
2740058442
287332722
1004195479
287399210
2214161300
528771104
1731614635
2500075307
326937284
460485592
287325603
1281009672
345640713
1108201754
600518264
2497184028
620087879
286924115
1198583214
62568431
99945014
537319574
400938072
802461474
1073966605
158311839
995965022
121878494
513531731
1617616975
181890879
369370212
2285061187
1201877983
2214267721
137240357
2889279328
183281666
533860022
428923639
314175560
17437361
721652076
2379316416
114543629
105436489
2443803060
2998034518
271884039
150117467
2938684654
2253373674
2828707262
190399772
2420743640
791361900
547905085
712808437
80033601
14223809
15151395
16894559
228009789
66700406
268239721
99922013
152327077
146882655
52230224
49665715
133199962
102374121
12911702
184436011
4168001
41798662
57607741
19146171
52817407
108753654
50599316
367331082
2598154610
2310348240
367119901
86029179
29009124
349780020
2900862965
2457513403
439545551
2492647405
348605192
117388347
291193860
780961106
881749418
553756852
247207156
281181335
122119783
455624793
234522082
351435986
486617642
461136671
2337548823
345435320
302477079
2455519126
906703825
999097555
218826306
92148009
1726402525
2184835252
980950356
121990464
713790470
510889973
498977878
102725521
273813601
606424333
324557006
632843482
377880103
1634938796
1363484348
1317042254
400290877
1968630396
34375161
404032964
2831262158
506054972
1859855582
180281001
121803687
2320383672
1706905758
1356373124
228796789
980113080
508761973
19674024
219250326
2537951239
246733387
335236097
527546590
119518957
543251853
636635583
932066564
187237013
2437127948
420195804
321975214
322479608
211948937
1108704042
338212203
160622434
365583068
481087408
265293670
555292636
373897947
336472602
117735292
164201515
863516546
123189856
177550294
132706480
111235842
1572174680
2280420859
629797451
2572767074
95889046
266801725
278665175
600858069
280419074
117433222
198418181
283459756
1178857063
281463166
283931795
622582769
159951371
1474288476
546708503
148353533
2696498449
312542508
99685954
1520599068
175323069
986245664
2253416792
214890125
447191341
898220556
1162880190
309590712
1048777459
2373297890
899612340
221324339
929160900
279422556
580922949
619360965
217422809
351549888
210051147
274138781
1704090949
240226701
146028726
537018942
270567709
1472323976
215755386
817487160
611644138
2148404038
952452685
289257645
87883930
67404352
360051247
269963862
1734283500
265823685
105321986
2468952242
775817550
236363929
1464573650
396009427
373006671
716873522
289948088
236857113
1536742988
562802856
936815552
370823464
714307790
378176462
50603129
55197102
287860409
375510109
188248313
394733970
2419931432
389590459
293914903
531026946
139550989
23195439
1243845144
744618349
323379542
2591030366
391542802
157927078
297455950
381662619
354502913
90375824
471065083
80145108
808880587
369388308
256482786
280395139
438247790
296131705
397238253
564550593
376597755
380477129
472801323
172740893
594815338
160658934
292394116
1513631581
2444415487
326091762
190208012
289248308
125706268
955604982
511617963
168566272
481589742
313504443
173803683
819185575
159487771
878049955
575880797
275524425
873121687
611705784
216143887
520514846
321460722
2328716934
305576425
53482687
1244693947
204010464
133251719
1612484330
208977537
180767473
383308113
305012949
353155559
299504053
343275750
211960040
288116231
237717497
288997292
215562196
140330578
287754887
374001512
117426170
1553003916
24410173
173155837
2797926886
2865038804
472849766
273923227
340147535
479463900
61724389
525321851
611491048
2513502126
529598702
2244019471
453267152
221056743
816888456
307562375
931259395
96756714
2333422440
2898973055
520281578
286041856
2843460765
308669489
567723110
2188299031
1179802651
1959192096
2525700042
2796220644
399578912
1742213227
2216915138
789279954
161202004
704578567
464579194
135216347
2838268018
1451946288
170993440
270237414
592965592
258049056
1485501414
189842279
1104253250
2834866300
2541974903
202161417
242921005
1857145045
281201120
2472098934
304317518
211231894
2693875952
389190128
992849161
235768865
1174650866
2581446084
176739501
2208583879
484523198
164724191
311341130
525214922
239380249
254548922
147873775
263832624
2313352284
479309553
426820213
461549988
158101119
54881733
837501157
115016527
419140495
308028887
435574456
106266343
579028025
23841899
130505141
227631736
161607775
326065987
556112754
2878063691
55197260
1667937044
471500954
2888032293
168422728
854979192
19861542
164788878
1938139382
2524314349
484091564
388736253
429369163
214448730
246704397
1533404084
249672625
270605214
315061324
2472547844
344086218
299539279
243414870
74175557
503707297
429326538
350713032
118211869
1600967324
55173036
578822679
165376889
296313081
965119705
1951201692
346155731
165557221
700976036
386768989
1238504364
567618152
216006628
2331432722
2723346541
2212528068
535141807
942525588
404729442
536779437
284016664
786674540
987089682
534766319
536269602
536714561
2373945715
537034184
534860837
297337023
534928085
538017870
248568903
625848296
1510777344
273904845
261243822
535076836
536718679
532516545
179269291
132123420
537962823
536441240
534839896
96598588
222028585
536008309
362307773
176511839
171016863
38139412
494313800
536434149
427389903
83894570
18059586
25973922
219318196
344128134
427395732
547860174
44651104
52708349
431766333
72972485
418393774
202309874
39047765
109716506
64652837
49579422
1605423908
115718626
39011632
285166934
21110722
502925862
245151912
22135997
1327512979
47246567
268426088
283499390
356983946
34990345
2760454819
1272461400
835361402
271941255
323941352
6874142
382237885
180590212
365256334
42566787
2332464588
49669773
526747526
29235128
257192320
25082925
348436721
216328818
385158313
22923252
41303456
118796384
119296101
509224146
330302871
1665841879
40138206
412792128
326178913
17048567
477660099
48700295
1951862624
570422300
67801216
18071114
112265563
54967984
453668077
1340202019
21717332
27180806
481414018
66947926
82913019
113715799
83981480
513821921
2267201521
304409906
132461939
32508227
14922043
1249597651
48751877
353814681
250085385
263281319
28911540
56994239
1900634239
449453015
1952927624
49149307
1149279108
28482246
193491771
103303287
319172933
347587762
126376060
166472514
371187458
78996157
304093477
57408650
15353110
500989888
271544128
178189726
764432196
64116552
523538743
1151166696
18069835
38720385
166796266
537705757
375054382
726425174
610774841
95662450
157195801
15781862
231536075
230349581
126017667
462398155
369161301
425087415
61508222
977118691
224337805
217137252
475745716
117101550
32350977
110735747
42878366
23272455
2904810315
402996099
67701498
26792630
72707095
376479999
268999199
2779965499
134528492
457531857
126408820
2615659279
34472371
1686051110
2290943520
1243955809
242898695
14554173
711165313
100874246
51484297
45546921
2866208938
569807293
40296549
2249557692
2548878342
249274029
9619852
26338071
106834801
84200480
571038114
129469296
427347361
557677276
2665239270
387795985
46093256
76652780
28330005
319161725
135478311
27447223
360857127
444541588
321216363
33676058
2177868541
2343515293
177247364
341816805
171489969
47187992
378785115
45975745
2416192658
42927061
80541406
2517512786
1102070954
1631851032
121633276
192106355
14284695
48723616
1051123224
1664019398
48705953
17787547
2291225143
2420583680
80946110
261487788
308533276
151987243
220969329
17873369
148957406
47330865
318964156
148753152
94098082
96597584
95397067
2443190827
23620441
199748266
191108651
19310426
372657576
43502568
2469732564
259781459
18169784
535605964
475610941
277859457
1328282174
351643761
2388308461
254323884
2898997390
899626231
226134885
314104849
318069288
58899700
555176531
382085031
300838759
256509945
2243628728
294032298
1300528550
161257611
1446362666
1942033404
96824917
289411749
1558719162
515778424
2546226578
296295889
26286285
614680949
1159363818
342210103
62378786
586866068
245711949
124172678
197906126
297890312
177677328
56751511
282227437
65265119
160640883
50709118
31224681
177491435
2781473942
46591472
40807205
434394691
160839296
761705845
69564774
501829485
181632953
205430752
84680827
240798763
228661749
1656248106
32421706
68643775
33006928
2799645203
107227643
541762058
140856563
104435596
208385814
228985449
125633425
58908838
740422716
522379764
29730138
279429497
471897553
24190226
46726293
29703485
48048282
87364867
19014876
34001893
23052244
47654760
87924791
122478787
61473059
151445052
17702842
58311487
477975452
300692706
46962616
2353648939
126399969
117540614
1025592416
30214402
344891302
510391223
307315773
245833302
277505839
2529859651
228430495
43064596
14247572
1439728460
153308890
23201196
2456980862
239368636
40924374
54416215
226941310
108265622
95740691
539228988
167326875
174254648
422868223
62009570
237011385
63512123
143476735
16743886
24769795
246797623
246430387
2530214306
421095102
239427494
85024768
189468962
2252471934
2727294667
169390205
1011283945
999470034
311566009
357050299
49275868
77002400
314505545
236488356
248802543
54293472
821339394
268249036
281510611
338604844
340239855
1127239332
2338254289
337041695
82832370
372802084
206211244
198213622
308588810
360844323
58769426
2828763361
2828681570
65459725
