698895400141389825
1528216639
753466388
738421809939415043
458909659
22966253
706290087122771968
3642970218
16074465
174613767
559623797
108630657
737392568317550592
729453907
269199676
458214340
19782840
3337986080
267264119
2845849081
4236116903
374712154
718748352997777408
3368733712
1026696985
750433667516948481
441940470
352560764
714251785183977472
1546678166
788571666
774497162
723615749034631168
609901685
3131144855
3149556063
2523599618
2184224562
726857588168638467
307513807
33079769
841367424
887660666
3141045887
706571272319344643
4857980391
3622251449
716286508542652416
2490675820
723639238206455809
933693476
4847583671
725064846056640512
1728789548
2568983149
2902585625
18713209
4840342132
4171349059
21651982
84014340
2265133784
4741263795
3239288246
17456691
121656624
151945857
4138746173
1936536769
1356992605
2417844248
2964412118
766273862
2823244041
395693272
2762592056
3448003937
252521025
3102292703
43037025
149707496
3246378511
3110898078
740255210874884097
1004694289
2908685848
2764770081
93902984
20535995
942868836
43756456
4825856765
3247942692
743838241594478592
219983463
261749735
4281538335
2478015324
740019177939959808
3232008447
4436638932
3709329729
587028953
521735730
703971004817633281
1482947839
915477338
460306596
4717892303
14678279
4542694583
4698427297
3219816631
18408384
1956515965
4866861563
411029044
3899481526
3158017509
444800767
300242761
12044602
707021369377030145
247124972
4564665231
292423442
407490941
476953217
236928181
3485626214
4355797094
747780085810335748
901116877
2393057683
495670777
4272870988
2863214615
2313099380
601346238
3032364329
61847207
3069707196
2446649959
223083302
1606572625
3109906829
55539703
375994659
701808332
1102468592
4261318354
483415153
4868170265
2461907034
67293615
709165943297937409
4299954755
2329701564
2445459474
741304899967717376
2641993872
49709066
39364787
1541364193
2339238427
4851276082
714906690941022214
4717936273
3390749657
135577188
1125937411
4479812413
4584443975
1264772724
4756403252
2610290468
540815308
1107607292
70309631
730562495711186944
538711270
4311371968
4224912857
1366429513
531812671
857001662
19173608
1952998376
8554542
86333078
4414760723
3239655545
719276823809540096
2162637748
21622781
723237708437544960
274891222
4064495171
30697798
18643437
3540252020
733427277761912832
3173356787
3424521514
4129629580
3105345650
2743792235
4320996201
17327882
738664968002928640
10207502
4765875123
242618658
711201052570169345
2641505999
2329396765
561309609
703939788294852609
1253264389
736729049314123778
913138123
700261643
3298312288
4885689084
3101613139
3623139434
699118980515016704
714395530558894081
826537184
703007068
2975434728
725083765022834694
489507602
2479805844
251646869
713545766472536064
4644743654
167535120
713463163
729866734815993856
705229345745276928
2789153572
2494237140
300313868
727202187944820736
482064225
24782816
14465607
2607022364
265011368
4595106132
30719558
3990577513
3138338070
3360131914
166432024
3011572682
274831602
1855507411
3302536939
1613607458
3060098660
255340030
292634416
107229597
36169320
109441206
465303003
75459502
3951148839
94021685
2923216664
237488620
4289431230
4867745776
488981714
702918648927641600
1569355644
292624934
273187225
2164611
4224729994
4267175567
795012866
111225697
4323735923
731038483
26565946
62513246
3166867476
3105163589
3969530725
2803650403
49649465
2917644652
425273568
729302100631556096
141341863
1346008280
4282032138
60922550
394274636
3347737518
3998221213
259953451
4312697300
20007956
3079986094
45252500
721081786332233730
68995519
83628515
103715601
806645402
709384325574369281
2546562188
4925697549
344587123
725311665940619264
17372211
704748594134441985
3464860760
369025370
84689694
582373690
263712647
23049758
721463443182608384
1073319672
263853830
30013357
32002507
3416153772
217539995
3419229712
4226557876
2847318632
168470806
446228264
794401550
285709236
4345523654
2535449498
356244482
4255054333
52268679
2236307282
474653218
3104488967
4210823542
277501298
148869627
200369010
3097980227
324978456
225142698
3386002685
3730835363
709846113163939842
3311911386
2315583427
588797799
714988266970353664
332315868
2453850531
277355403
2912754262
67310480
176406752
718550672732499968
2357142594
1376536760
3039507327
1715202120
2821032953
1948157833
3508811473
26900055
2858655436
49267935
1072009236
300577598
283301194
510499013
529729778
439170402
269409124
243700410
2602407787
3370854327
4912086355
3310423726
22743597
434675156
16133114
4218156466
242453041
2265661259
28985451
4417785753
45450902
190817371
84964287
107715631
158060289
75556439
2363263958
4277872221
3136749048
72130784
24525112
122194792
825267853
1913466487
78435629
703217528005390336
121483664
2725831658
2831814903
35211612
419246747
892071500
547969112
348130743
431743123
357827677
3092443319
4160195234
17904171
260042196
4739141603
3617809043
17041360
3253182099
3227333732
890094763
2716756175
4236806414
2206912764
1658202894
4784596178
94215036
3400725898
771708205
3405505149
3285197605
2828705712
3033004077
3110360439
27380224
2451990738
3795292154
17798031
703561088
3963054505
19845077
4808970863
138822590
3130817087
178088230
4081106480
1652975815
3193615422
3889716372
36071202
74550690
898675681
2342712511
2885785341
2913927153
3077842258
273121006
913228118
3299917608
208083510
273657076
534653770
4238700027
3338720446
851599873
1905292321
524122127
373416209
4862031445
3098670091
20878297
87818409
3544123154
509162237
702157240417910784
37093688
1151507142
3638310498
4196386762
1314606037
3429346127
376927648
4508630900
2367666996
22661700
2312311344
23865085
45641327
1120000410
544834798
2673284160
3369281925
1695830984
3037508950
89277004
277155475
2219263398
272132327
877699334
24935003
23195603
369029151
937121605
31946780
339070429
3842879488
2301712239
2329329656
2777871397
30293625
20600438
261751772
2759974825
4813107140
3264908461
2451545713
4602421277
1614160416
200163987
2370561410
2862509393
2367633222
1021004262
57057518
379282298
2844869322
4100953924
3654128967
4332740714
2285738774
2685713095
57700707
2522622542
544686866
4251550943
1432029667
61062172
3309965448
2722422829
3018960919
3124316837
2223592112
623471210
254136722
91634487
2598033294
763991641
377717247
422473579
2415072836
4305382223
26278305
266084123
3064435726
3298262525
2753479737
631685389
3425065571
2755455294
224197858
2932460195
477410739
2214755390
378206995
2605120742
1670939658
103020793
1099145760
1278345404
4018950569
3956301615
255645890
2391736202
4635994217
4320115533
522343082
522132942
3300781131
4244489721
9188592
361496218
298746807
3906907874
2674597279
2225105767
137288990
2196727578
193455406
2879752977
12034642
2357484469
17874544
1523711678
958661312
2239897892
860604739
70469858
2468243844
379962842
60995997
2670282936
69135126
3033154947
4258346063
2579115380
2314323720
86381798
4203631186
3355445979
2530039118
78523300
944453372
1104079616
2354102591
3530936356
2788523239
145171140
2974872777
52944689
54921655
1317092514
2804324997
18055296
1618641848
276064146
595343329
4011806597
112426341
3599577021
589748471
460848476
603708824
710212029
750703231
620451650
290097255
2505217933
2372217056
2683311420
178256465
300910392
2530934077
252750846
346924655
116732301
3322182955
637168166
431071870
2922885305
2211580502
1722640027
3234108048
16680306
812665561
2783950651
140960578
2873641229
57736175
2380700497
2283424310
3396953482
3430478583
324810918
3243161177
2484642526
2452441154
14941706
304983264
38111004
1706580566
279999618
3250037172
498767922
392776458
2810148210
627331558
288854744
2189936066
3494324974
3217621464
131758525
2834962863
2394711223
95009696
2494263884
1831343041
2274255962
2345841500
64676776
1170076507
191581536
2264913398
3319125239
450732499
2657268548
53757167
2821451866
14562259
3120998951
2392873728
3187144110
2900321062
2383433622
2874183359
3038821987
3342829781
553736386
2712571328
2217411637
101860842
2751686562
399505038
2604194205
3230652840
2246092008
31137462
2964223251
3084960565
1369701486
3385863928
629171135
2331011791
179396749
1273019664
2539761778
1200563492
2235082016
2934078309
2196203149
7349062
342406304
2307609097
244818577
3319688561
460606874
3293952443
2932701773
2831413985
1292126678
7713202
3010492622
2346519264
325005382
21525682
1243659696
41653798
2973745205
72142477
582606726
2440607929
17354555
898097870
246799077
200785205
2507557358
1884318774
313409554
2711701716
16560900
427343570
3092217927
380420755
22245277
2312584879
3065011727
3242649868
2537862475
2775644394
24740039
2995640363
174618314
39584513
2402963854
2321654497
49699340
2248751155
2478594524
1326653898
2213444748
2717145681
2222245556
52329723
245971446
455322159
44197835
15766082
2225028788
480221791
2921575061
2367366121
3288278979
2479858868
726598346
2243562321
2305052573
2658989478
2326669144
2809330260
189049589
421724853
2490819006
3032720313
22749050
361762806
3039658462
217526251
19414637
2483899373
3064791166
1654822154
60420549
3003876946
838100912
3129968261
2756851112
21976616
2914248707
2602317283
2302134816
2975942213
988177634
253237534
2463674900
288755234
2527472318
3026085999
123549931
2477020885
788982234
3147258207
54245524
100798716
65617648
323409995
562854998
321501726
154113024
420845167
389701913
416504403
212746574
2992801704
2305528423
923951622
31080136
410981396
368545981
90018032
345492794
3059735733
2233553983
2718751894
1924720530
1929030181
2226685783
184769199
1970078335
3070447039
564542198
25625118
845763512
2221493848
397524577
25539759
196724330
2389126902
91539866
733476054
2776194666
994074914
952630182
247495419
2933987591
317645449
2291984124
81128701
353580775
2466323787
220545998
3001893843
102477208
2359962618
2222723858
2719761742
2758588213
1730582767
2555133884
2784660628
54188757
28511259
3028072109
2182381315
1206194912
3025428083
566119207
2474500518
2164188007
1355691889
263010727
1451377339
1244812051
39404162
77127065
101565288
2337451080
90286816
2831274544
188476061
2979483185
2995789660
284804190
2249718348
69986363
2406353654
276979950
258082651
23125257
2714844984
2704027533
482457700
2196234687
109569878
16185879
46454906
52682099
2900416973
20012895
229030584
2734908327
2305780065
2903632683
1704637098
429989103
2758413141
2421207841
25514299
73868906
240609925
2675614934
2187692766
2404883004
95942215
243238269
450896622
1109250438
349224388
1598554111
238770887
2319917306
2733242832
38123446
572111302
2698369310
2751152560
250376516
2781052657
2752787574
1628764051
2449085563
268466245
1867417856
2677766264
2171261742
2393448206
2208091680
416370934
2400235495
2792151542
196994616
293530566
529134092
21527658
254152377
2751830174
2559629779
246188086
2363975233
27485335
2319726739
16814727
93887048
2462670259
135578944
2514841495
22495574
495464885
2288308578
19319302
14013202
228008865
876006139
93766096
576625715
16624174
1284011834
2521281930
1264294554
1630482644
1341554347
2369768550
118952409
519604527
1042307696
923804467
706595600
16334145
2398775125
2660410752
2682680929
161302782
93637779
232966858
16681715
101682247
1312300225
59369435
460163041
294727387
481499244
111273437
221715528
87830601
16044997
356777135
2806166341
225227311
1485429175
2316246829
2758100418
358328909
41585709
30895043
1337542880
635883509
1078381062
1612410164
8383592
975731
2494318567
157981564
24150634
20226248
320524842
1626294277
187796215
373451094
1213623457
10196452
432573289
198618575
165335229
2223656113
320192129
938829744
338871700
2172578344
2745620849
2553154040
292346558
2283700272
2220885181
936079812
2412133080
308789303
870394272
172145144
311032328
58898651
849763746
931605320
2287333962
2595088842
15369990
108989895
405017662
2387825464
2388075212
2317703892
272019676
121884901
36080516
735122173
479450241
272172091
87914827
1334466152
375027645
108035677
562331498
844062990
449588356
2328640506
2479224200
71048726
23917612
2310889430
1676245988
20662345
70760148
53017384
325001316
2479712239
50973242
2366088408
2365362649
2491845824
23923352
179906511
321879959
472830024
130804178
192407828
635608354
163789086
1316084036
2328525793
204448003
15512670
2313758816
23497524
2382750942
733582717
1347875372
2350868276
42402455
579747564
34792486
34713362
53347647
2613887972
196686885
325843123
242653461
174695653
46818339
1725292759
383733061
2369592728
2313755861
52003080
459872442
1615463502
2241386012
105327432
2359926157
297100174
856501890
1376264448
250849580
348102823
2466549918
28458272
52752441
138128898
2437341031
771223836
43960170
961974776
132737162
51241574
114820319
1115348904
742143
3108351
2467791
17718831
111021184
15007149
807095
1454734730
236466533
18549724
19394188
570011484
26322687
536438944
129947794
83795099
122994639
15610670
92564640
30313925
117029568
2209863607
32359921
213436126
151840331
8736882
14216661
7401202
