255368170
4833968828
4861953090
3843915253
3319712885
4066194014
3301370867
1396230894
2838302829
1960418346
2531784264
229011237
301206368
181103053
2641775155
2563335660
4837951525
3557489599
3285087092
3606243686
4031695813
3124339118
843199597
458976554
1178913432
3303756620
4599396432
2915467728
48668434
625259288
27185634
3128166679
4273748545
4170880157
3309608310
2279840412
3305681629
1319974255
3515748913
249993475
2465645228
3420205459
1003829876
2182610890
2761378903
3646235774
778015687
489004603
1572667410
2337837390
495803795
2941604882
2540790738
478537482
75526581
1602676765
352217522
171015011
2191820155
442377408
3256430658
2996994302
2872533246
3239379038
304934472
3624410119
2478520164
3614249725
3313381824
539783990
3318276522
3299729288
3660844997
852557942
3487773439
3286389600
400643079
58174193
3254386423
44876815
3324127400
290978621
3236822688
3016383739
3099888121
186111735
2941039352
516416771
2483294389
3146907500
2636107573
3108436256
612553918
1079181126
560166623
2870013919
3190770937
2963641010
2966449932
3145576022
3306814092
1127554369
2776005530
1551965755
2481732534
3240648174
3222333427
109784023
2480822173
3267995490
95369739
2355844004
3278568973
3325507195
3443596812
1143371911
3390802752
3462403992
3284624666
396396335
2868833370
2893765632
3304671883
2805528583
3272482350
2193847621
310075401
2887934394
2674062146
3097909824
3277327441
3303429338
3128185454
313092437
360491790
1712461387
2563044841
3156903570
304259869
3177917768
2989268527
3251277811
3029159422
154426751
31313277
