1710733578
2258871425
2610994166
2302004359
1711074001
3302585964
375107666
3631735032
2196596833
761786274
2213208113
3121855199
348876507
1965950635
2729235874
4364377395
2717644053
2591052618
3284665904
186995265
2984999886
1373004896
2379898213
4204276960
2848644974
2478057266
1302528278
2723087876
2721074825
1607331841
2651880631
2249978793
3182036742
2432697560
2711923981
2476968151
3218957318
769385306
3131400555
3181663092
2379622358
1584462542
2266321172
2733138901
1506772160
1959347910
2683500895
2658466938
1551520231
1240156027
1330276760
1928458284
2405060539
2746391270
2159409211
2444386201
3105624445
2593592400
2415465917
2165100962
78035324
42170630
27869888
62216533
35400566
871963218
284291853
99050904
15448383
15749825
328918379
1014545814
23924581
183078358
501583715
39453212
153735828
478537482
14380925
46832898
258092886
190955393
22801835
30194318
102395023
15872418
62786191
122027651
84109416
64038747
52977655
57905993
62452990
108345784
204151028
170965705
21185473
35703000
356062484
44728980
279788564
31685653
229660972
312110695
171574926
65694131
23563916
76589464
32329366
330826792
254098644
357433536
109213578
32330365
186712788
154426751
62224780
202890266
98310564
461831322
54149214
63701775
106344746
22096068
69251421
