18978610
757303975
1330457336
34836001
24236494
1697174628
30313925
1339835893
2752819796
1321432124
1969417976
14230524
18948541
115093438
1395091112
19798881
1543451664
616276456
69445227
480535865
42995003
2984746244
956017374
2312184181
272219510
31053508
1260027090
898088498
16055683
480724499
56875220
2585342086
1541520613
498401612
2450065016
2156060304
15873448
36492584
14326245
2711349135
19981142
494600371
161839674
30598827
586805730
212360622
213121212
625213522
1471130460
453250529
221121139
977288280
501188683
280845193
252989807
2268997992
16976954
2207777527
31499549
75052666
91180720
26657119
17171111
125453969
42702999
141356020
1584065882
2342121509
17437511
25348246
2360162334
774895339
563865178
205358878
52866770
889921147
14203047
213295930
15443085
73536525
336334154
281233598
372937865
41878131
26794388
110318383
17478928
242162097
341277591
66933315
53607306
260650892
135639305
315084659
320380188
706712167
85995373
85720687
612782918
79266566
156901125
164021794
65437348
240999264
263907004
9952002
118857505
1712378192
179607869
618542623
322415080
224359740
35005178
589247365
17922476
38271276
16490790
1583581362
17060020
240072525
2224699346
197962366
1292376426
83768558
1350549294
562248311
16303106
19921215
2339479417
400492418
21692297
63172203
416865344
19608297
58463213
366606110
15792387
213088670
75759846
31055544
103394487
22226534
46505391
32774989
46973152
16305330
46694102
20743962
285398189
190371395
944835650
48100887
26534759
16688083
253809805
40644000
406745433
295325513
5746402
733228808
128956175
12803352
52437361
74501824
149103331
127377113
14791918
28165910
215386146
102595595
1228304612
41229669
1161493932
111414505
31583882
15097615
180240257
15227791
68172913
731598175
237845487
627643923
16244449
11856892
20608910
28549816
331816614
16017475
248747209
575393265
22891564
15752323
158426909
182503471
21862217
455288410
15862440
304679484
15675138
860652794
32135038
34793170
123281100
154714727
35474809
409486555
26548315
52419540
89820928
20480549
4207961
50325797
59031230
56700964
18686907
14962779
45671898
15220768
133498014
43996908
344955115
14676022
14946736
41276782
15224867
546365022
18510860
115979444
70741974
526819699
271888398
35226444
25521487
43283406
29282820
813286
499073990
36169080
260292052
174593833
400448353
15085498
407042279
121221719
273542042
139823781
75641903
103099657
21414413
544517731
388521369
19697415
48802204
475286355
287856067
16402111
70740986
59145948
34495219
15764644
82455213
21324258
130617778
18622869
41017380
14717197
8039442
55355654
18709112
43910797
16160352
15635604
13524182
21982720
7001272
26818085
62373715
16129920
40260612
47423703
13493302
18587457
1106501
16955991
16076272
7885972
34643610
14181135
14270329
11651802
57917441
124003770
16680111
82219663
49650930
40741302
14124984
15614156
