374712154
606758368
721338992965382144
2423923734
4445135416
4218742998
16589206
17995040
82464591
3532479797
2837244053
289828399
2740651386
2840899226
1000181929
419520517
572122341
719865369532481538
14353202
2797521996
4884663951
17908893
241173956
20878297
2535590378
517940435
1359226843
2329053258
110478289
2796723891
117366399
699970558205763585
18949349
252521025
21201150
719833569447845890
332151711
3174036887
168286601
708238070496235520
34655603
16683666
159992511
465973
303232642
1315339339
537175623
216327829
833504414
28104195
723903587915538432
749991156927397888
20903223
66673916
137413599
181755324
745385226
18641988
456977393
130203872
960729085
21439144
369995340
3415552415
4272870988
730039478740500480
2830163865
3570410056
44959884
747707127859417088
4912226817
780691290
95721440
11902142
815629837
2453263154
731555206320754688
216083793
85386747
526205164
152333242
153492935
2286483986
701701249356455936
351120282
6268872
3130930611
117655609
206962580
113616861
3189573444
4011107243
585604003
136205033
849880970
26985345
16133363
271297553
20830344
938591299
4717936273
2501559841
587906229
32372694
2779389582
187626904
577670568
1148901061
3635324476
15798091
346593417
84871482
1903372854
30122242
2512612640
33851953
1125937411
17514954
1365423529
457060718
2193945487
2631570888
2853461537
4216879030
168644899
355633084
16145985
2196100295
3184353350
417992966
65045121
1284146730
4023878716
1320506124
273028259
26584956
4691437897
730526974003838976
498986721
14157134
38281180
25097735
592534430
136004952
459390022
76227785
4880682041
35760904
448516309
43415501
443910842
391692889
2935219918
719637459794051073
4745245323
19703686
205843793
519914823
725469917844262914
2365875094
990052896
350782341
3382497941
4048259655
726857588168638467
4252170254
706864863050645505
253428481
1558510549
2969457687
3761322683
418595232
421863150
3899497877
20415386
8873182
445360132
414490555
29111590
14810076
437814330
19553409
14085096
128370270
3391985055
19017675
22800916
704652692891820032
350793073
19644086
3135565264
305248807
379962842
563061700
19058678
840218617
1215862682
295911940
4866237363
405605548
720098948736790528
4547869279
635335663
258545235
174646175
16139649
186947829
18809812
227818863
588081305
17427729
54019702
478679663
60741791
843169339
3031229014
395693272
126707222
20442427
719281218965999616
2242085304
2311347357
18474984
4874159487
3390728889
1466783923
41634520
20733972
43196336
2171767518
713291484276125696
347411113
761703530
2196203149
90480218
16163639
42825230
342894187
1182376855
347627434
17848070
2798125167
2463033168
55403428
1209148250
496293711
2163541586
4733080641
1282992704
394323614
23185674
19173608
144566237
3390058354
704652985683542016
1032615842
4561156337
4299815909
1426400280
47253057
314537220
475827565
3309169489
3344651409
358545917
1550984940
150557711
162145923
4924248041
707294918251827200
713094782483042304
700989420648927232
77683181
93880122
47975734
706149766586093568
20683548
1962165918
1263002017
13817822
15063486
714854344454238208
135577188
380875509
3372016275
125128723
713877778681171969
4734689232
856766024
242187443
130568721
36974428
51792460
270839361
4710933789
20713061
79963123
216299334
3914047581
1023199591
891059384
395642139
70664947
244116266
3011256515
19599446
3208482538
523085134
3301743261
328577933
267283669
131859965
7349062
3330128230
3320886334
21051642
26487169
1541364193
222556688
4159581797
3386446072
35474809
19899606
351009963
167867162
2223592112
2754300900
531351424
61660254
10196452
4876327588
3131144855
17561562
4863776075
2459563282
269744627
1037080806
2218056684
132810751
2744358657
2172871278
1119758522
378521002
864323299
428610062
555173350
598374852
2470437846
626082246
213223080
271838807
4363198276
138673277
3410689588
867087306
2527352064
2822230418
2282444113
387779506
1079656176
2338484714
274744519
2845849081
485459058
3424005065
3699391395
158021529
2228659594
110437588
2989721327
841611254
19985444
3974933355
4717892303
885303356
3400228798
25073877
587074680
2534195028
485586578
2594626578
226575049
4365988217
2913769696
3147836994
1357667514
23528503
226249629
4795940253
410242058
2233524090
4818612196
2339238427
421163127
1356030014
320524842
1346600790
800803070
379732614
36777600
2530314205
29963394
18643437
1400701532
126717954
457984599
1222886635
313517712
1189298618
857001662
2341987590
69620713
2836615967
930541790
3695647695
43554444
585968039
337767301
1580771017
155695954
1121989255
21433480
2334732225
313473493
17007782
2762592056
426745514
64643056
961132338
128616566
2999168682
3246226755
20243744
555370896
126071957
3362016513
3296797169
1160259043
51759517
401558349
3270057397
228540865
475862409
79231168
1391958840
252172352
49034649
210556794
1096235264
198321619
19540046
214708464
85794542
2152572284
81637419
68574221
306496514
20381809
247206957
128172483
659833
97759921
547936685
575835078
85535913
19744053
60104479
403647191
1887891366
3008664592
9568772
3044930896
493947848
112873259
1333369999
67345697
3256475848
27629974
83567424
182438498
1179383574
86056816
167755188
77491117
953377416
87533919
2339316667
589118205
3163036760
483057175
989192558
2434029906
302813080
383647860
1254440240
26347653
138717046
927290354
297070783
300421863
462829190
425039950
1475611711
1567883149
1241653736
446160487
2567292679
546704966
92421131
1201890282
18856867
2483641710
191172623
319677725
465922900
36336319
1615326031
35705550
447370939
964106040
19389957
2605920368
2354603203
160255385
1886063070
615008324
479049463
158044902
421097800
634732459
61081513
1094831563
79019842
279642533
276174602
182501869
348010835
17499355
19811190
342705072
271452947
1092025800
16774753
790187299
251752579
124506375
315120374
99794792
52387663
589418956
2780722525
2285419243
101002059
1265196404
73760208
1960825746
557621935
118680576
52458836
2177483813
480458893
17006157
1952008692
1305556297
517527227
1037972209
17230773
1902963848
441071817
337708461
726074215
124690469
518802773
1376840120
327484803
167518667
439437576
23116875
86936133
308328105
1060230338
1932590653
78330435
83466368
93077846
585891682
1337977489
44918069
40129171
47973374
1116488330
14461814
496533982
1720220132
470511664
549026696
391379955
188736341
69569643
22044386
