3312386623
17830429
720882871171309569
3041294294
3069275310
4573405572
297169759
626484363
162836499
718091835982417921
4575856758
746962887621640192
102990618
23592970
97169575
114501238
65659343
53555106
56304605
525208452
63164224
53210455
1905556916
2569347138
530059407
964437680
481615835
2226113918
257113369
141134338
151932518
313766207
829163149
1142647681
528237246
179596018
84307439
706455802408624128
3308006233
328093861
4902345716
714777345215729664
606896587
165483817
40885516
77888423
1371828368
3971645739
1095808100
4900129974
3219624883
169018518
4081695554
33920991
3279853039
2284949702
4552099357
2875731654
2807999634
2826116209
116677732
720171672800600064
3326820200
2299584882
2810814368
356893311
2294931450
4787013172
2860160796
2348284469
38403110
713350405258878976
2584552812
576957976
366947884
2805358944
3918162328
706395918757527552
133014884
281947148
368186169
1484037511
4210160345
4303689554
4580695517
3548814074
695941990970716161
4708612627
706746110442762240
14918367
2789625312
113669900
176295495
248627231
78941611
92424604
139876086
321866313
358814014
2879760845
88856792
141208596
987087625
275466164
100899903
203574239
1667115313
232151237
700938999670579200
4806350239
61155571
103547932
4908754353
3018371971
1682502954
282488924
2542665631
2313212281
2748593972
3182707814
1858446938
262644315
92726549
1201397000
1171857924
575555068
2485614440
75640254
106493556
1103852941
3292259940
3304958503
4428097633
918869826
94041171
3602494453
386340887
548766597
4589001023
3904641434
2341139364
4473082334
4623497472
377924235
228622445
2548172558
1903593750
2775598132
370573869
17307429
3573370633
3189052345
3837456560
43150265
363711641
3877892896
35695228
125620439
3303053084
100236725
2614352281
82886605
97367270
40831344
1938592548
1914685759
4102353019
120444515
166480917
1176135546
155151279
978077634
57998991
2150403589
130104041
405427035
291557277
951362244
102903525
164617982
3220984207
2487710972
16145156
2869121869
3732918074
3190942303
3019172588
143879313
109823938
2901226191
3526295296
3671567534
165008390
94834074
2759181446
89443197
1282946089
108900981
57947109
184669087
176384449
3150795277
3230344406
3329006995
990761677
3284988722
3284229890
3794528412
1196254680
374492784
128155589
92945681
92708272
2912565889
2695009326
324814256
626258843
50254626
722272398
533072323
3086076258
242891339
2957024462
166884342
2780233482
3744449772
376752224
3308763876
149424781
50948283
100181484
23405846
2572785439
64639742
2781811158
1549916598
80304808
111445505
3165839522
30859231
85306437
3258826650
245687754
1670467506
173453684
93123575
3171712086
1536791610
3702380605
297853502
26434098
300392950
611702833
1324190474
56060306
54131342
182857137
1127687228
413055374
56363343
1598146819
3016786853
121457572
2807409398
2496701095
3304300057
873103117
2895345258
3109557632
190284083
2534368692
577256955
118395320
3196005528
91530810
3023061692
3239073096
3197498412
316544416
979942908
310281506
317525938
317476101
143824760
315531130
317124482
316574196
3197041561
3196957890
3046881752
19199743
390683294
2512093200
318084801
2390646684
3195153390
3244550380
98067660
161990566
358040422
3194029724
3192385226
19181549
1597733887
3189898801
1579007588
3179330756
145729778
3187423020
20901820
196527678
3186386864
408386128
3183942428
544382465
3181534826
821313650
3182385756
3180513876
3020572290
3220837432
1433395717
3213895355
3176201335
3161986165
3170516966
3199944719
119012533
3186196787
3023973282
481096165
3011557194
3162173893
3178099377
2438507498
113877213
3156615169
482128228
147867321
290095261
548899622
3143389490
3142995488
2912462767
3123435271
3121071913
3120903308
3117082009
573425149
125418810
3109441056
3117656716
3108870044
3107810972
3104943104
52311684
2902538988
3086174227
3101177702
38465629
2725619134
3080028464
3080626302
2693350736
3079952460
3077600072
294616909
3067312256
23283500
3062852851
1944585108
3047013572
3050829283
2300042412
3045725215
2793588158
2856582215
325627175
3027804766
2865619375
394526704
2524981532
3030747654
2855283763
3034330686
3030979872
3016966813
3023599903
141492452
3022405933
3021194665
3020427996
3035654439
2847581263
1391043738
2921403794
2934973273
3014203915
29023565
2265500875
3011627701
2424259597
2875003958
3075506497
73064871
2932119427
3056467820
782747096
1114896282
510575018
2701048352
2922679981
2929314585
3089283055
2360729803
3016584344
2997147948
56903836
3102531531
3065983303
2298035556
3068128230
3185956988
204630823
3176299308
2997576954
2890151851
3254709315
3246104986
1515851917
3196529124
2384855424
2536968901
3070068036
3193093320
2906496756
3195613819
1628175169
2364221719
349714086
58731625
3151252218
2588663610
839423262
3075060252
106345557
3128605313
2944090586
2941011612
2959489111
3183226640
2951783570
2944098326
3075077365
3168750022
2607554774
1691718073
2615508008
124871325
189839437
65833946
1411908666
2607978144
2597713386
630196881
124437678
138437989
2607731340
2607666680
2608126230
409379828
1441508666
19664694
2607526014
2331989305
2321525354
2605099380
1243627404
2379925542
2234474892
2238076706
1212687583
141904011
2310204211
1645645100
154746385
1711951843
1558835690
1585422152
444494191
189492704
40617554
1637884560
304238814
102641901
2565108355
108214460
1377614418
50597111
1046689070
1606736713
45109359
300738581
75974998
220861150
1127578160
478950723
230132972
622650813
2683892024
229383772
2604561120
2682725610
19451406
1288045664
315732526
1054714298
18843447
88253648
362387116
2777069300
98525302
2638410968
2739796592
1072833722
1693220588
2793565219
2700652748
110164283
458282139
15941922
142151119
2593152174
2605616514
2470376720
2663796793
2809028990
2810850128
376104680
248593559
2797574166
93181579
2788198867
2372713267
2570900983
2812706833
1359677468
1387155704
2580741799
29368653
175653249
3006102998
1617384488
2555267425
2847598195
94040915
3170218292
2817595112
2882899374
3039780816
2954489952
3069858367
3071362808
2907748225
3039808346
3142349846
109622831
3191062147
108970364
2182353464
84276772
109930762
417809507
112099774
90628174
3046464532
3060092336
2857651022
3002240960
3180843427
230772170
3019133162
2371335894
2719823160
3179837364
2844758984
3096095179
256025790
3164286294
435674991
1652541
77969055
1418887394
138682030
101990878
2647535072
123512317
92034488
2449394353
34009240
328985041
80045475
66932802
13508182
94532626
165390488
135109677
614156493
600282350
2526794479
828369354
32359921
16973333
1859849822
3112524116
1664263819
1030090340
3104008190
3045548322
3084184765
249233375
2817128928
430968327
2971725199
92724677
121044171
1147319142
286053952
3066876901
234713570
98649937
75001715
36611777
1926938478
315819170
138891425
115131705
61241544
1453942778
2928104606
2526794232
176732318
783292778
2220062426
100915104
2410463911
2953316923
2317336250
63921315
309872468
1402100124
56046842
2983982700
310401632
257369920
1090761836
3021963877
2896765176
182522119
113352671
55520719
49976526
3024787007
124258971
102594253
830577656
1407351012
2390513293
1346275356
2592002459
2373173364
146931648
304298798
1011227197
64160613
2420169524
1519008780
10228272
1181482538
2330072641
228370791
512195130
1164792624
90672470
413729651
172709096
66937559
158392203
57573168
1057845584
2516882875
783786720
2894475174
2882151246
1484303954
2744716195
2915515519
2197439803
52681285
636163817
183142003
1685909083
42032553
1524450990
244255562
2444256799
96181457
2663365465
1690904910
2937735007
18131409
91029045
2750121867
142023476
2558660373
2495851705
606420169
152634205
207997374
61156375
791517902
614178630
2785397899
2325059150
2366986752
2996250457
2866837339
15210670
2596581277
229350561
129721350
381527217
1606500846
282891698
161348070
1907912761
2186851388
2475391118
124654274
581447080
2836475108
367002177
545042549
2551932691
86535708
2229800610
1943795274
1073181793
2160653996
1423007816
75816710
85657578
67378160
47055387
42043572
2959214214
149494053
1969241869
2542908564
2741045618
2375395345
108936259
107318424
2929507189
201165988
68399705
66306024
66334209
35927341
2950770631
91559637
20248093
2222755940
191765520
2248381677
758770279
90447194
2783000833
2894478043
2940304536
114677437
1030493862
56685329
89439314
192979362
88136479
2877103241
309245971
260026819
2204512002
2886017628
316467656
2931128048
2894951209
95380006
2278843182
2513487859
2922589939
2908169208
2901292428
2633671703
1401339060
136904268
377481181
52737721
558510843
2388653754
1347002923
2906243344
151892720
136650443
114559512
114386254
438952246
365101425
1324334436
295251095
1856414335
2395668313
599257542
2338104343
2847250015
179467862
84554399
64049044
47571031
75968447
248317806
745424857
165005654
115341081
138387944
57188977
283916211
144944472
114785416
597301440
109241992
1652526218
102382667
94163409
144887842
205370280
2277577748
18530035
569754349
79708561
1910442534
56631494
58243368
428333
21447363
101695592
17919972
33801019
813286
87170183
97865628
19895282
505694805
32843303
277434037
371730289
25966181
54829997
18681139
31348594
71201743
250495841
2605801820
103665949
35440351
208417986
164213375
1917355626
2886046616
601578564
57563268
102549058
174940496
368610224
97252632
921220657
316974182
313364642
1539398383
36425563
269126902
1011645511
2504519304
2425542854
2222946098
109579523
1066295749
265546816
84590860
18378627
9268382
1929570734
2228726731
64484080
571718872
1357076773
30607214
2325722486
52429190
2187233760
2899979108
2382164232
286625914
2864950545
2886065491
2357841193
2884310556
2889253226
20222744
2295458288
2897324556
618549916
1949581171
2908880796
2291239518
2403407990
58525147
2908863055
594187062
100938828
1601141138
2850107702
849106243
96107323
2873490987
2907261728
2454419568
551528689
2911640761
708691930
2914350846
2477912869
97728804
2258076037
437441899
2373978144
514663142
244225740
2772826273
17285820
2586876134
239293197
2863317133
871871431
2302305006
2887974154
1386690792
2895592399
1493066042
1041421136
2764760066
249814687
13777142
2658875844
309132533
199757437
27186336
2164349064
17790274
2519256050
384709041
54174017
41535315
2259160776
2905217449
19703006
2879504684
1432570866
2849325933
457264650
2917266680
1177977529
2905104170
2314790066
2729506932
56067708
65003455
2809470378
948723169
189626756
251999588
2601277263
362336560
2242680991
275647104
1723295359
1914302574
2710742775
2833453940
99327045
2308254560
1726329451
253010743
2574647972
19354991
2818058815
356642274
102726161
2551905840
544103123
2422407572
424087650
293129222
1026822859
2777573502
2481711493
75051887
810947502
2478885338
2852841241
2364061718
178794580
1561529839
2912740634
603394351
904810734
2916024066
96449287
81305054
2744156060
311481200
1673023374
313814524
2687952188
70433383
2816019002
2798266298
2869034637
311663541
58762369
2891844732
2902291841
527436141
578761210
1558906322
1851544087
2914530504
498485127
301325111
1581572598
1392580651
1055488230
625421129
334794918
9849332
2410449228
2918640787
106990879
1588930669
2904761588
375126149
1572671162
2240497520
2913311862
417271020
2920821866
16645703
2918206753
2921280672
2916255031
2493196956
234830789
52683521
340818805
202920326
83185208
2820105726
1034591623
2224775518
2545896830
2907811280
316302522
315822080
2163093151
315543824
229822963
315843996
340227701
2919580273
2321667966
972222427
1412154728
417305786
1673083376
2212247780
272498246
949306891
1582716960
1366348538
2498083099
2857681219
860959128
213320007
2462975935
128510510
2821380256
1635811752
929765126
1948917162
137290878
225384727
1909081440
2857917925
261842748
98312326
603473862
2915226138
2898986696
2653400820
1078660374
2896765274
2912995205
2731602432
554629512
2390946492
1139729328
1860236983
2513903348
59184162
2889660403
2898583386
2888856823
345741330
451910245
86281308
1922281219
2609665692
57270122
1665222811
2609691080
2609696964
2922012314
2610018498
2609872424
2847761736
2609910703
2607745075
2607845064
2610019904
198458235
51376979
783214
86254626
87174678
91084372
471044530
34743261
1036430743
2346761720
88368348
68898732
844969590
1154912318
2240383465
2302910431
89142444
2610051570
2609731598
2609935254
1053051764
2610026888
54137375
116328299
2234352900
378205013
1938128966
2854126676
2886054032
37894869
2536929984
7924852
781591394
2824072771
2922272546
2610074467
1159708748
355874903
2469605695
2503533618
100673712
2673327426
83808279
2311557998
1929276104
95228375
163082695
118629205
479450835
2607940471
15746084
763311193
369523719
2651538505
549027419
2609765204
2610062054
21639416
1216304294
56042688
2377075488
1672343744
2428900664
568781834
2150312191
1114079144
216414820
2566747117
185771957
2296319328
2349011632
16062636
2346427128
2659773788
2407090908
1136907434
2268620334
135524774
2607395990
2758561578
2611121070
2759446134
727670108
2662105045
2371972382
52638336
2690153952
2456294012
356253094
206059812
1116926101
2802717667
277579105
1043692135
2662010888
1278131738
399972090
2605594333
1538419284
1417620722
1552480740
1252987716
2329448456
1088121710
2812692235
2352052872
2378466230
2559520448
2604316068
2682793663
1055066778
2589530082
2788139996
2806841252
2678929554
1730808534
2714463276
2752734996
2773065235
2706503846
2583835814
2251713464
2394760818
250132805
2381994139
2352064692
1151704608
2519544444
1067416448
139382508
1548233497
1597796234
1726146978
1407284023
97206668
1021449464
2604991315
316245348
1656024559
98339993
2809269438
2811016999
2813309406
316127753
1108441082
2742214350
2275939117
2667454260
2593172094
1435615622
2586081253
2627696305
167025549
100212116
2662091911
127515557
2834031602
2838291762
112479899
2808045926
373197576
266437623
2420113098
95791759
565563822
2578533757
1423882501
2838480474
2186465485
529328489
2649997417
296421387
2699198737
2396541150
169383860
62356591
2526764864
297045947
1251083774
258283931
2905927620
192103171
2902893925
19698232
47893477
2848473218
2913868728
1214658974
134758540
634794149
1447949844
2898089911
1073676020
240649814
2593478378
117323058
461841349
2745032318
207034088
2627564102
2183816041
178631319
347035710
77732185
121160287
2347817882
171793493
2257260788
60937837
350128848
207809313
219617448
75509967
2731552615
287156977
122658025
75246346
2540731950
44588485
172057857
2581857086
1485107016
34245009
41094453
2241210409
2268748494
1070688091
166665752
194017030
444568008
66352116
34206701
1225645123
15093629
83529586
113419517
145125358
365418747
996805976
1441502064
2368025028
2390474318
965649704
1480311914
2198950405
130727057
2201609172
2229687642
1674895574
278427295
432638332
1418998022
361890788
1807244330
562855648
85808309
2192190061
1583197964
2359074350
2285554776
2212478677
1243420014
2672716290
224633469
337065278
1863355952
2437300108
257799442
22692199
2223237192
742143
253006390
1098311953
253005980
2587265450
2166255837
2682654661
1870173668
2492642870
2554559341
1870150748
5402612
1966507722
2602959463
50984470
1492538024
2268887923
56318573
1937512286
257066759
355989081
2574232910
359974082
2574072036
1609922574
1075371506
76294950
97442036
14173315
283410655
2596143056
83805213
824922110
2520469819
614134623
917147696
24827157
2797757112
119439189
1159271054
2892679632
373280952
404044528
2890707026
829347607
160880876
434674380
155554757
141625792
892369238
208331297
327191499
2484924608
2539080794
2609734824
2452365734
135420706
8071902
104078862
2881826828
2900525502
2579397063
326831234
2893268358
2810717155
2844241014
53057962
197499997
246105208
2894409427
149544139
994052005
68977380
45362828
2721267708
2313006432
2888842502
73886559
216657839
126550320
2903454392
2826789739
2904064998
2850673004
1241990222
2881738579
494230794
2906079698
2882773252
63959573
321271735
821839950
2304923515
739082886
1022606382
333888813
310239584
2917286756
418545699
365731164
960851204
2436133407
1477635564
341061634
2347908204
2207502037
90379747
2375520608
48320268
821785831
2331342654
2259599480
2304274585
2363092922
82033553
768923282
2332182786
132937118
356631237
14072047
140354167
488251621
2385243596
101756062
65767162
1595420606
2303295710
186352460
2343076505
2284623672
179511503
300235307
477869359
17874544
2355262242
2228822372
1866160063
157221022
338248638
1924055606
1967076883
306371920
2271311730
304811867
258042108
743425440
2155161966
2354399070
2239494802
2256608401
154882640
544917089
15199107
559345507
1640765454
47584829
1722576894
316253678
1933526264
1600412792
1933804579
49665778
19189800
2377487449
727973347
2267363443
2173906368
2179932126
1532784756
594284261
867565260
2276176304
2190223838
2284670262
76255200
2232086709
25628754
325783402
433632421
605149922
101987601
1954737937
1292142120
1500497593
2188635300
58419534
222723916
541511214
40148479
320855703
51657858
630211843
1907067692
567261162
2197281697
2281683493
570627239
1605744104
135322286
2348819683
40015678
1878235189
578803665
85221650
1401726968
254717520
1461514256
92773212
883883034
2340363951
126903716
1374412069
94761188
54354289
2204526411
50279781
1421066060
18288362
29958928
78589101
115465399
1061445313
420115184
22763833
401242759
108852592
1669849555
102704469
129574349
232661448
2252413855
101056138
133183469
1871772324
17650854
242212894
2327481776
285655507
335455570
1002780636
20897273
1591038127
2327410345
253378980
2149286598
2326907214
472092043
63450293
521765835
593175358
337801861
72894072
40648690
2321065634
354285972
839288154
2320676623
2305133024
41562923
2289628938
238568212
141470251
238590342
571878474
2287947907
830650902
18431260
22037763
307786551
1361298733
59709176
396366700
786958314
2162852647
252976165
199161358
129145854
165721714
197362335
1369699808
358299636
87233065
382347611
136249314
352145373
131752870
63423375
496085323
191091469
119037126
347899465
39964127
14652833
2216915498
486711396
547607608
228651813
1140140845
394223143
1595081642
175080360
1089541620
953311400
35184949
1581707324
390489594
2286527515
38681239
2156015796
338191619
2233135202
1118539555
17992230
1900883376
2720731636
512815648
346406417
31060961
1870160304
2761753603
1073061985
167345502
2720768281
2242142287
2400473821
2313023443
47596486
1704090810
760840926
51139360
1913668759
316480694
83346193
2837628608
2686834802
2861331157
2611325450
295833852
2396138318
2835603128
2441154720
2724224130
108526163
102974803
1080981283
169807119
1228278002
314598840
590737547
316322834
2542953644
2214196768
127504677
2807031277
316157721
469112088
2215828535
237727411
2827770763
79469846
2828091546
1595400144
2463110570
2786611325
2542945699
40017045
2155308740
104891797
209890949
113877441
2312891995
2790561845
2821824942
2343686035
14251801
1385014620
139630562
112490963
1350956274
1870117202
2860638966
2823678174
2381996310
2821945772
2752305297
160850217
153003908
2852955078
2186076719
1306597982
2647388793
2857675860
2412198644
1734364392
2402957701
2291474437
2826034302
539159514
2526482034
553184993
40400019
75714954
409089061
905700108
94530194
2338041008
17717614
120965579
43568964
43077446
538771154
14224719
2837948734
19472585
243284052
17266725
50393960
50374439
337040675
185314895
123774113
373416209
17899109
15846407
31135086
19397785
413487212
161801527
27042513
329746058
15588657
2921545130
1663064882
433346123
2897881165
1550967517
2856687277
356380773
2392455871
132385468
57928790
220228167
230140702
1501046870
2916509233
118086120
2885634696
2378659296
2363932566
177829660
372754427
2277402223
44150842
2381667174
75846679
1422880717
2819388110
2698428882
2614674428
2540818322
2856664548
401710943
2905917080
486291779
2427101593
66475808
313121910
866533706
183230911
2763115470
2219937331
2763042542
2763053766
2763099416
170627809
164804567
1117702471
1193628180
103824208
18839785
332188446
39240673
19897138
230856076
70681570
122928781
38647512
1606048885
135421739
20751449
36327407
1056850669
123171317
1100927498
17673635
132817648
42606652
61126132
1072993274
31632905
195703895
1425206072
532895350
33464913
260251320
19438384
1642669674
946041348
142722336
137780376
45162347
190218407
2445353088
2359926157
1220447666
17629860
119336398
115944671
101989166
173079758
102880681
335770093
103927811
2597666894
2613904818
2534310320
189917061
1597860398
2541363451
97217966
2785480981
2597413135
1572457640
2323327117
2348560387
2823911863
2546620650
574640827
2842371240
1382339863
598515806
115852160
2842134776
2819173980
2842470799
1105939712
2564944500
218063449
17710740
491986148
18071358
52121743
171880832
2784300751
369591756
341066609
126614467
2706067135
423247631
1420952814
90320086
2306682276
108070964
253985077
2288421696
1645862282
2602126441
311137733
2274500544
2741791920
2173669664
1425897158
2610013410
2433380455
1385796427
2266239509
2519755987
2601757321
2353404558
571037318
180159966
116017210
2338617074
100967637
2800293404
2826834061
2507593802
2457762198
204060281
2604842816
222378619
2605826641
247152469
2671845032
2809048226
42871117
2387734260
98362607
1402710696
2375224634
81575349
1401650874
2686737110
522872786
2429765256
2336069654
128127533
37034483
2222673457
1346439824
296612629
2593585495
2601249043
2605839056
466647990
1637129882
2808813408
1241669910
2211819698
2809817666
126957734
834466861
2783527350
316136295
1523183041
1870177394
68360453
2392528418
72545342
2246722783
2662236337
45499543
60853253
1511762184
1384985226
2604088764
1538325806
137695454
2797878578
1910616246
2708360605
1731293696
101424968
1328258304
2756101566
2211313687
2342752686
1113049489
2335416134
2353473133
110993912
152984643
1039879801
2733447038
2373676722
2601364964
1673653867
2577015649
144397587
380984642
2318243778
2673186416
2748414632
2774543369
1112056370
112773911
2330268912
2523338418
2160447936
2662282032
35005216
2387337853
516471471
1071400016
2593579898
2661311922
50243741
1553529852
2662290168
2662334803
535172264
130133805
2616870668
2319004375
2662309909
2664746906
528335923
316354606
1667630060
87627979
462455195
2335189069
2302563985
1613590393
2725359689
17554459
2271179438
1671255415
1302135037
2466245479
2406314816
229622526
2445568086
62618826
2662153364
2333015964
2661427735
2709885218
2601555696
2646917150
2353566488
1692644557
1097533159
2399829282
112812371
120207222
1396380787
105443297
2621980820
599873118
317163879
578202060
1196747857
2654186959
2721924876
2464291832
64355384
452870846
1104386485
1627630992
2783367068
242712171
117302418
1193007020
365651300
1668477690
52648146
2317956223
1097213642
2330105239
1627546478
2410790131
471741741
101311381
