173210133
1316563376
841468802
1371722689
3227976860
255384702
87702194
2970262499
3995737162
2429136056
2432718708
3128708653
2161200345
2885949389
721364415
252588745
2834589033
1207941972
1873104504
2968068343
515023941
3379243504
563168653
2239000573
290365113
2218837598
1597870014
1687831256
3327801931
525839204
2309431350
3428715675
3133871874
3188059311
1486732332
60047420
2581686067
1683695538
241287415
2508630204
299654472
1248630594
1089167761
945663918
519420012
602801859
2393775174
2304572089
2932526039
345520765
312276772
352843091
2839910227
1535633298
2879232360
406172135
3241931352
967804753
236597332
2887503301
604142194
562266134
31243753
2435891628
2833592354
3253259618
495818281
2423862170
624329470
1378761703
611351989
2671226087
2587653510
3198645734
2992412236
2170160852
2365374916
133961622
1903549572
566007020
2953281463
2596476811
408024070
194179741
2357580204
2218056327
781060825
3017046094
1215597547
905582222
614142557
520374070
1544289019
1146784722
2396470825
578081549
2838854598
