854857332
498904398
1425387512
15703146
50595242
42213904
253197582
243058577
54349000
2315266820
331771084
486740489
280249037
2519513510
138166008
44425120
1560945925
427643469
587386722
348313689
97989853
184140584
47483086
120604463
50567305
587431236
19910041
115986942
528732291
27752126
43818395
339769135
393768695
105986573
321106518
95290575
300167450
1009956673
29598699
119259877
310545285
226407095
70335336
946578266
19201923
17663331
174412661
910555922
334261299
50361631
524615064
55991693
26094803
22481442
504173034
357032926
24406387
32982465
22263710
82402916
418283667
24544938
24512040
26554292
23165482
61010640
428376916
360556439
21983413
30343740
167580633
282041842
40047688
276439193
18675826
214724264
23171093
30825835
24884516
18269867
41673838
45434088
173038129
15964377
410675207
284896734
25416400
57130576
69109277
23994881
73811979
100191578
106528742
27091019
212112413
16515372
207989359
202996877
95710072
270703482
26353163
291863805
18584109
77742760
116503339
30789887
17398030
314640373
35094988
35133435
28127108
25399001
31439804
31796374
82688781
63616981
28639588
117878170
108251698
199291047
31173995
15677036
55938285
25236571
11212822
45815442
52174583
82195760
322773491
193769487
85732915
84022925
188011516
74209786
238122371
21288448
15261209
91434362
53486809
20649488
21931363
20260707
335386009
20824583
78359205
24420321
387923479
28209010
240926766
22831662
285439014
156267624
41658345
76399150
17542901
15069237
310414772
118052903
19699277
49214197
103321048
49780881
78004449
114815380
295599212
271779363
23172950
15149686
55034675
59877079
59534681
280095988
25924388
174971644
7317562
201771287
59007674
146019188
125359252
180801037
137579002
28711676
87781389
180788729
22694299
155957622
65215402
142812174
25789181
34036007
14526755
24792805
39559042
20304072
47583794
201212123
46868202
44769811
72879584
249198040
225514462
189428674
35432354
152703384
25346767
57034984
161364797
49619220
73934423
207484424
29265506
