233457939
1145005764
293011664
518356511
468210378
3742688721
128366364
14562381
103821919
14291568
96138777
205199096
3138576752
4709252235
536836896
3286569163
1133613932
611507849
1570173560
1407084642
921733452
435349684
192811471
725838896
425026819
92117947
732562319713042433
105388218
3503800707
3384314932
20764253
2280947010
2485431841
900000096
117743135
219023359
4905223941
223226410
3252401256
721747427968094208
14815732
338590344
196320432
35501654
4061625915
551242171
325083282
303690611
2796672893
740098714417672192
2365448402
149951601
104134113
511708989
88893265
2438204055
2854822714
1562716898
3441083117
4783760389
55201783
94748872
943865904
17003546
4823007635
260476840
449636195
1924528525
364151572
2976428225
3060836348
744847679331536896
18766216
44172791
22134978
15441074
2321411
103805607
274991683
482404263
14930531
457806910
413269639
707464070941839360
533028933
121301758
16698201
247753561
28433939
230241890
9525952
15551263
1009592004
101262902
3071557340
202712254
138994878
18777523
14071276
16194793
266097818
4032711760
90272103
383460506
1206585841
3233428048
1874712668
419492784
266463038
191210847
509023369
170062221
46479475
1951405590
30484294
14710655
18078020
311476854
380621477
856436491
4871069338
46979457
172215576
134768466
162692616
190358964
287190939
237452840
70956865
9727332
22122480
378035342
83138871
122404748
376435397
295731286
89673777
133124012
414782175
15458297
4918121
70461418
157983657
3600734902
48293286
69493393
22776459
26506742
816636666
2982625773
354963578
1127304200
2984800174
11067372
14201762
79502328
249847787
258547596
977074410
82360561
151373041
338573465
90597756
143477705
149110051
239521391
15193307
6267512
205347101
18875746
17622063
27973833
14755953
94874995
138432608
147329207
111096698
3252401013
292418292
36157448
17400407
16816972
2510147204
4855085037
15039436
2879789728
193504286
20348377
306930864
511926725
153457779
203015701
252777601
17424803
125305828
168130525
17903844
175388536
22161512
166362490
390094866
305077536
306180302
721239517454286849
400825361
2303365674
4776910479
1267671312
2981185906
15083035
571059789
2319407131
172867880
3131243261
2394296346
124091932
139988522
1086126218
182467323
15698375
208168549
66704498
30615043
3303968764
13306152
59675482
3628615461
2829525372
309132533
3193963468
65804889
300132019
357120731
297073869
942700590
995864167
47807324
109317289
3088058338
376738661
2338706617
2646056544
3197146924
2895635176
3131391202
4903121845
2563445040
2816574404
175326192
4071630914
1098885956
39027570
39852792
121135940
154836914
7641642
44318238
23838364
21194523
229396042
274488598
10012122
2399898327
93364412
4030237233
305019225
596716963
633020647
154280902
111589787
14724203
15917607
41335841
400657081
158062177
112037734
866420449
2844841960
208027326
355986033
323342385
1123056290
87707239
116175908
88915248
1212555992
1193234478
231088520
2388871248
1188915739
264549701
573175101
3377147687
1700426708
20689597
167640585
2338188798
15018027
50248445
2375569659
50275089
458765904
392590956
707637503646437377
709809097756053504
710483451242278912
3234385929
1934827622
712328202048442368
3013071965
1964157847
32851720
199311353
68394313
567284936
493216618
29552638
17488520
47255864
394238654
500884027
710433255389044739
3266526451
4202097375
917443038
4202715029
20177797
1603547006
211197050
165899886
723509612612358144
2676281539
1014339582
2772835040
419564576
709112237873602560
4724274935
158526236
823020558
710585321147260928
258450646
35777570
24744541
68440549
8350912
18935802
36079217
25508589
395218906
6107422
16973333
157997359
16343974
1342924802
1112844044
2350730958
837353456
3417539165
241054367
258824453
330472279
82112404
618040477
234814074
401457166
1033626252
18119242
18376500
16869351
20196266
299707206
18777269
1665531
254218142
3293218083
4580970627
4061503977
227530614
2617061401
217828236
205766383
453078938
100194896
221721960
19184457
234893840
10600152
262694230
90589439
352464500
501665629
53768033
138121596
179795505
2696636185
123817197
218018197
402830448
1361132269
74337138
14391529
101321544
4861198217
163546534
1339003219
40123619
211802501
27055917
136252190
92829154
328737613
1017574364
2744903288
1673199830
67103995
1329731863
1420691731
3018011055
2948704419
1712034278
162302583
302459619
4054528397
3488491
11158842
3163248947
2818371019
885600426
387837705
112550978
2902831828
3947674755
2535869592
785482470
16659207
18135197
19966055
31162173
1455799765
162622019
581217692
964776613
1427600593
16525568
17810352
96322294
1134139578
46410220
416474494
589988253
954060644
2619476972
38832196
1492463263
141984314
209290843
169985197
701623846395219970
242580194
29407293
292580128
540168513
243490424
707856944971780096
382305853
2306505225
222634131
2332350501
366406586
2724589761
573094019
18719836
1553663196
3043805020
3380398750
3329818643
157103003
33848703
306907572
87226370
113130858
715909877609197568
1320973580
18940932
3338191175
74203904
500739474
2441673182
754272146
354220709
140886430
602942604
496780520
937364041
85647939
3408941919
2584692230
76701961
24946457
21121637
18949241
533077976
7294912
63437461
131767918
17641725
11698322
14192174
16534189
15312626
16026300
7254802
212938802
17417149
36371780
15570993
338381915
1228312916
565505217
183243670
1208431038
247373984
294734344
1535977044
988543651
1044799184
273686360
1900287822
253488866
130105505
161739545
2184943214
4954131
465788328
158302903
2153649408
484865124
60746206
59398402
14377870
3890842887
95459708
72531955
140394351
103904730
77298876
529630779
210048455
228730239
213278992
380214144
171432361
329953484
155518682
103902346
1222612207
62983
55301495
134037648
135642125
245727361
252131430
282058309
303178569
388190739
448092052
15435715
56678515
14886302
17426382
20787380
94587503
95171914
137643642
161307392
199394824
215644117
221678684
352274875
1066421222
43915380
67523712
20571756
2382474572
2881883374
1361927582
2218520084
1538953742
12137872
3258296416
2967213897
230819992
205814899
265890308
147729807
171033191
17758136
404908304
719094148821827585
762162229
352232090
191388529
2176811917
2805721
398177411
113907485
130944216
714751088428261377
214564195
263249889
47740762
258913395
2183871386
583601492
3352670693
461552877
131990411
2301892820
132244261
218409341
1057713770
702738602
119247286
1528701403
2595366655
298512753
915569102
329730798
776230308
18943879
711271040
171119403
48918759
17779657
37852433
151798561
153474034
3243658266
34641036
950188332
16900992
3354510495
19342533
778282933
58283851
2792829299
3143457779
1024244078
2970258455
2259014607
4266728416
435053581
300978141
2353111004
501096286
204031920
204355967
466460383
421425617
95431448
7313362
15679641
3797467161
1367531
14173315
28785486
15754281
14511951
15012486
2467791
16664681
3299557467
1029410809
248316317
134454661
631007825
431134071
786696576
152983323
132211562
1691863573
15262417
189235759
716119802083803136
374477303
3899300895
266884859
2338831928
1832988325
4876490505
112694236
13212162
8637672
166396895
818647
42336153
37732450
14305530
205183383
11057242
24530836
20963273
289244764
2670741456
3402556817
18880638
17217853
115908944
1616122524
190768037
4159085536
2862579359
2142541
2829068062
1830717019
2786251607
2533524259
275690077
156259044
582428352
56510390
702926166534045696
3513297021
1963096632
2723618369
16891223
2474222449
255257136
4274983937
36630263
1917798848
143858524
441806834
565103969
1227846744
1463153148
1536939049
1947034124
2190900776
2313894043
2258898584
2426956453
3314375513
60283
17168087
19453020
22478875
28573664
64020286
211151149
292819455
1621271
19695907
19970874
19978041
33514007
34167466
36337670
47539748
58560480
86367808
82303188
72752137
71049139
141957398
185166944
189273917
192957034
227384097
236778380
303552829
352510937
382008044
435697709
500704345
534335615
632124727
732644894
871547965
1196671592
1219824320
1394399438
1969286802
2280361688
16045268
229102355
705486920411820032
3327171369
546164623
712399341206437888
4910225514
551983004
711836146070888448
2461702489
4690086284
69352934
4442097406
109007757
26277006
707726813649379328
281460072
14592937
14761966
6616262
12001912
1332261
15691962
57682960
2186796277
3067588775
371902119
14940761
14746895
16815174
16646918
17343167
74038500
276340799
12831
23179472
44873497
678403
47693995
76186134
21587705
2892421775
14848127
18754728
15572787
209404918
1005051
11435832
15490522
2814238925
2237704615
14278978
45494617
109341987
329567610
141161340
106380370
24194351
373056157
2687946380
2904796906
2810880090
2258392118
15168782
154165622
258427483
256219996
61262275
557106382
2229693014
494147236
178891271
14614213
8766122
3667888456
21750675
4688966257
90372114
205007756
21760277
14109159
2899317952
2449647035
183278672
255425960
213339721
120316770
2606940668
270549031
20877605
184568839
79164661
355464109
161820761
755241
196807000
126441707
2903860565
514815004
25567475
3240160397
21187188
169880157
222178221
391630335
15181736
18426101
19392585
37858656
18371987
7490952
15060881
10491352
4265691299
388511003
197449879
19290220
567059880
1675734866
718762070
3296208279
98900025
53778621
102482331
557749490
559788420
106118709
289556229
187299368
210138668
113292577
80855940
130096274
17766281
17803385
72463291
52220500
621814973
209586551
247047888
47923477
483699139
287139233
338297037
2241011226
272365031
82012906
226112768
98842002
161718323
133027929
2842518617
25439493
2420875818
15040988
388164377
237225664
4672966915
50811258
3301701864
3149441799
436593835
6289132
215245209
271421482
90229099
278702553
534857422
199271509
188300159
57341314
94122722
61326998
2251623492
308481239
2461160965
2450382888
246741344
78921503
246807367
1267992379
2281389081
2892180094
2891306913
2253917649
262856915
28447903
2317695829
2190527839
3330226678
962349894
14956264
25293857
109531460
15511942
110975167
54936341
6305462
41134802
2861376700
2926107510
338479950
210901579
3017196845
2969400531
280002175
800488062
796531939
593748310
237835096
18425246
51113036
559822264
550672715
140779130
84362822
4076145255
158900169
71434392
135955501
14942498
28999618
6753562
93460935
1995041
17543440
56385084
109510087
20795610
619070514
2493387234
121168954
1697216192
1010735383
616217081
140627946
193292900
592600227
29686381
289264697
927047360
250636895
341557736
20505459
231746781
28126824
480648606
1666182468
2818812813
303281691
2459432649
184701559
912062671
1363777513
423802891
380519207
176104415
2163761188
350936512
2906585295
831476268
3009832534
347637530
4103791281
469258670
814968864
202664743
316181803
234558246
3292028645
3292649205
3001798121
3293195471
762331788
3292586752
1857708343
833303197
2889155637
3064138691
196519886
2181982195
303880746
1266686113
123603550
481376138
21360280
153966123
2941533395
426168672
25537232
170404126
65589378
2437662536
22411342
1954714663
416243032
2374959930
620061790
2574812142
87930368
196091656
169417207
4877541875
4100802849
3586505061
3936304739
426696098
171881330
2742684187
4010622327
26520989
2223097976
4419495928
229464874
220944095
134270456
266159842
70797067
142350327
551670610
4484007275
22773313
178088717
1934428261
15693056
16534759
173444992
378556611
60549265
111299240
42384079
18197477
37402519
53344946
92778502
72856979
17384779
14525080
83843852
25181292
35459613
486563402
83706995
91931770
1092479468
65563900
4021195766
55573320
304626531
324421084
3194964353
14003142
1871726144
150546196
2824690016
140405540
10442882
299385432
986106360
544459972
71165327
387181116
2759157810
441970965
2343387726
211800056
86246470
171943767
137107582
241351265
1381838640
190973109
33658416
3820371
383843476
978169783
880837238
2814516628
545459509
7204872
461023805
91220535
311363119
14355359
416336783
174104147
147879278
210979659
86299887
196509928
243241714
3874361
16541593
16236094
21987632
269989864
5928362
84261974
345480098
191373186
123070358
478309677
598764018
9014762
600201244
114510828
66666740
172430428
452113632
271567977
104228227
461370816
274912078
121505360
366563895
108919425
85903461
406872715
1420627158
216850686
461302699
406567788
270014613
2854598082
126312307
603492248
4163120541
301421456
309733928
67755133
3021591305
2535602959
87000959
1538006670
478754927
588392332
631086759
607962634
371178064
306756370
712333
339965183
465492080
485199582
23755643
1684763856
2716627642
4462039715
215581580
2547792943
3065748768
3190452532
21896072
38005558
83398636
17732929
39454616
48485421
577012577
64411576
214237258
44335658
14220270
19180122
551010598
361776427
558828047
2372306287
22785967
16294267
3306851452
229548837
500929942
22988039
37009612
14954548
14086367
5765762
7022662
4312721
15457017
16065736
16016690
19527590
76117579
13083522
132062287
18665800
1066950114
276623857
44019254
160933874
8885752
1154162274
1243660207
3759581903
22489560
2894452767
40124852
401561486
4792734593
1136598588
1493411053
253029539
18310035
1693104176
172675671
130120918
106749350
2212609692
2895259073
123767543
400872693
2488347152
2165857723
2493328376
17536486
18025438
28708891
22022795
18122642
14490962
418597196
17135931
17648193
16646689
20508477
1130628176
506300156
364918820
80676695
1648629770
830614093
228128009
264801056
5402612
19923515
224063197
65347751
497970322
134822626
16260817
110699775
2263908120
3390674121
225142340
183153812
168114973
2327579196
3091365676
133452636
226642900
21217761
29873662
9799222
200988809
1098214260
14665919
14104498
70266297
3253291101
172311797
116903742
16803348
421229385
135273689
113413353
51876716
3312520444
2577181189
3317036061
2862966903
22216521
257566111
3172138743
153147352
3066020616
23326769
67378195
18953766
66319092
415157352
325492988
3280414987
483334939
2825178147
310693746
3859653809
846345289
446583408
1201392906
4211109274
3981397306
3910211559
872423437
2885707365
19904067
2945806039
388429588
188653902
570236418
202826691
1360468285
265520649
137639679
33859352
297553271
125647371
366249207
3911001201
3965078415
4010937365
3947734217
4002512181
4003464333
4003436855
1853649890
96779709
150932635
60630907
182272316
15243495
29224288
74328663
2971648353
19466741
61171634
14398046
91069386
16183178
45839127
1907795443
19808209
604516171
160527484
2722454130
16518900
2841481948
2785019411
1858376352
16827720
76966092
19680418
14948585
198294582
14378846
949596536
17371114
16452121
17850785
82017168
141578177
27807073
74613440
15836013
24329353
35778964
28439352
246897975
173864837
595780066
3872508020
3497296693
321420941
3485037134
134541892
552005607
210193810
3895552127
1241987934
3181092193
161491423
6464942
218620803
278219499
570614378
3072885383
24716475
26493482
240991194
326263886
3948635115
152520296
1358616876
3571401615
474770024
3766925596
17484680
14562714
13558642
61162209
251058169
15314130
291310770
14749606
2563287422
24941802
58165974
14561327
6534742
16837618
16563668
145059093
1116364140
17905508
27854312
44196397
259889440
238087028
66349681
121492790
167000151
327285183
222962139
118039151
635889474
14478263
410345806
45827247
96351295
556638597
18335507
2722183142
19053307
125036366
7139182
17490510
1973824320
121385551
180545651
2258226686
53112612
1188867906
1071097476
9534522
16448928
17805518
113008185
110722876
266601231
467705144
47377948
14641650
23335196
699463
2364757254
74628595
271912469
426269454
397142553
566164424
3299580069
14335160
166501881
15123846
14704470
536479199
15465387
616714985
2267631865
46408217
226008740
1035491
782676571
19516523
335483481
178613705
243241661
185811470
19803702
17476350
12000212
872556542
61268528
14055537
40076725
1712943926
1685633426
226348151
114870386
798183
196697613
277439396
2844701
2963165447
154907421
15374854
2337086216
43624505
89663825
1287070662
21759021
34000178
66951747
522739053
2561751414
267500833
91609020
17019192
3200861848
226143216
9404782
214561707
64738103
34371202
6976142
4628161
9206682
247953131
81811013
18331505
63796001
143438563
19867205
159990332
571765786
3305272037
3188421508
181721881
452635820
193084468
19348683
5660312
280826651
130866926
16535575
558382981
2571653913
338095904
477210842
500349805
3381266386
2587255490
324994931
3046999620
3823137323
14087496
246157578
105119293
23126646
16234345
55670542
7490342
9836582
346550191
15244628
14084352
59010637
739293
29769484
15147042
14369901
200715240
2902901
21694477
202319965
1451199943
15671725
4585541
16218180
179492796
36997156
47593217
45327110
196572692
3114509938
306414975
386078487
7159242
817789
821405
21896362
64863875
16742912
290731176
2838296319
21268553
122349321
91230588
5753742
14157887
16952065
41020872
101294519
17762060
30109799
2598410371
86926425
18068926
135227064
960479490
1864338546
2797602696
3227093856
2347292334
965592506
29123710
239445130
60088288
16896485
138144382
116500407
75063176
2394085628
13463862
31360226
509430566
30634283
226141243
15108801
260289482
131287716
280971847
1140370352
92310587
460030463
780722634
2221540592
1877687329
109936408
272476923
404036108
184481251
193540249
36145322
113717645
14418724
112769032
271735273
437674175
238429211
14339792
10875712
37068486
1040391
20092481
27766102
93723543
136039679
197976724
32274623
36155163
3448911
21452043
55092613
277223658
314723391
423795978
881997589
1192615399
26391721
169927614
259674489
293338829
144231995
306697786
123275493
825438836
186508118
13595172
196080756
137358747
259613476
1639012855
94117217
143604514
35086832
886025352
1511921432
162088087
809527262
104631611
35871684
2437454604
2203525395
2981416481
2444494470
3384369003
3258042821
3319041606
9695792
96258810
52000010
108339393
39930469
791670
492890318
88621782
487628690
322301846
341538705
15199103
1882281708
171827285
2823467793
46046512
174013853
2461115076
14433572
332748354
2718028201
143932798
18225073
39355028
11028662
16168296
20714171
111543512
292464252
27216496
15301179
2914054351
2285385102
277568858
96501375
50090898
15221262
15670515
16566551
74286565
11099982
37025150
49465463
14964767
5676102
266641960
295120448
249243667
11713422
78863928
278977246
56331789
267844203
18909241
66646011
143027988
14078973
74459779
432498578
981389114
522230446
493357567
112895741
15267898
60956542
123287597
282036435
564892371
1262177150
48130604
494911156
861498552
99536748
314513298
123298601
542560605
35704105
126563059
85541880
158471718
400163566
618959808
743794616
2396698950
14155372
2253927542
259387703
219957450
414135395
817977
80843262
483607754
624763
36558282
10314702
41776692
14970910
312468366
87361044
3059500674
19676754
304318705
22989425
20045629
532646253
43333256
973520702
1332371000
203249901
110796001
220633093
37332714
299264437
294784306
10447982
39099783
134700704
173804196
69660988
21836824
2894129039
26015743
495195803
28168085
175469504
16003658
196898438
180206467
14218906
823905
932306684
213999582
1262776610
2937589707
3298844442
8020002
3376992125
398918011
29963394
8204452
4046891
570203098
16255927
292801970
112823510
14548913
16584730
494306860
65591603
29187814
2801971
5773682
5889412
331821111
1335312702
1394367169
1889788710
2602174656
2698421834
3061960356
117110844
86051254
17580544
17714809
19829724
78239267
99685581
106063143
157957880
166195118
1638140148
473862682
3096553222
3107553076
3129803823
26535925
578303240
616106337
379780157
132657579
2374386552
1877831
2097571
759251
9245812
1362368612
742143
85774370
12410472
54315838
201846344
312963709
946120207
114268546
13021432
17736274
45834574
14282460
15382956
14931443
116557347
796458330
564922098
3308148309
1286184110
2917086658
2324352488
1682739038
217352125
86779410
117863115
1952076517
14448173
213119979
61583092
1018278930
2828559384
160600484
603750053
947499924
1063901239
232865348
2250235130
127168732
15476665
115132643
14199104
236946013
210798137
608469433
3410550652
8869782
552299133
150586604
371238397
10736862
100277835
365398423
18760633
14602576
18368910
30509435
263274556
272992067
54711948
299823827
34868923
208494784
251579322
8086132
29230762
12975572
269874860
23829268
26968702
23712838
105161933
175711277
16056561
1600400100
3019126721
14491138
3237883872
6368672
168714410
31110387
2654901710
173840707
16566387
52379384
8089762
16391836
246775066
100453087
228339018
5765372
421150758
81620076
793339009
253551379
51439439
169864145
375563738
294025348
28140646
621523
32359921
4898091
88984940
2172275606
982863403
13692302
10081042
9600732
83634607
14509172
13154262
789188
473910367
44395961
121100966
1231623300
12195702
346058172
538308855
335254157
48000215
179487825
82046934
105594276
24951598
17208466
178953137
11401572
14301374
44588740
17295262
58724547
23931993
14260608
18736723
224982531
10659362
16777682
23074502
18746024
85775676
19762091
11342922
14641944
263906729
15648445
17506774
57398614
2093691
27453762
1690850126
1675088592
13921242
833573953
245853481
2570722760
408440808
605602813
38670441
2277632947
9676152
7738402
69426451
1186
885
10202
755452
9831152
79543
19202700
121401745
992543130
157809480
796684728
235234497
2830130933
370020019
59268268
72195453
112770737
449839063
14847675
24032059
361468994
145600904
953292674
164992858
1097365106
15115891
1417918555
578774821
411845007
12874852
388388380
13721752
260800287
34618073
97023892
362160010
1331760392
47960672
494027719
701523488
1445935658
978536184
1015826377
207323988
16493868
25911549
16261638
257668322
309874805
1102883797
15460048
57158676
180586963
272561168
185397767
21118985
179248364
131035262
21827584
22487278
151822870
387380208
402070746
2595650910
2177932705
595062333
3345502036
67372101
246322751
17343626
78374811
65574351
31521133
29392243
1453702609
1085918052
14774443
89706829
57351138
146636725
592783546
19357837
104529109
46240094
7145552
602835800
18936284
1598997302
21991908
35119785
241205393
28478061
85323004
167253301
34390936
33700317
19887850
14426771
1244713610
388296115
1605891337
2197397851
39520766
531162864
85947378
2849040833
221313572
896108354
1327208666
842873449
140147747
455157065
23648764
117848936
508678074
145365155
85155739
176832220
111332091
172865563
55732480
57322804
24404173
2912368197
2471129353
2902704153
2972921295
2841791
14842401
35415477
19178397
62030243
60632021
256211661
2844470483
3117812344
331659804
24990173
18911511
240762269
42899413
30261067
7905122
19661363
81947660
2536893024
11374702
183580649
499651964
74116627
159257423
115516167
209099619
36286229
12026222
195685789
386609821
773247396
191449523
3111759164
5867132
94445935
371287584
9936232
1169760512
3201123569
80589255
336670429
15651700
17792766
109486443
10998812
9313022
513298480
28420170
101524268
18164662
28172926
19712106
10977192
621583
18308052
34589179
169498876
10717952
14885549
42703075
73147282
60642052
82053502
169856625
409169597
195876945
14135101
14556559
14239624
123898038
260879860
434409834
18188365
16281313
1884529722
15056788
14340145
21318431
3069634662
14315150
15029970
19540355
2784730535
70814014
38329264
35767916
19478383
45181145
24436600
44171091
787417633
14055171
1828054850
2830032510
1461733710
33423
25388528
17179368
41211760
121245745
14480383
14423087
132258928
286133956
253744722
304610430
394204353
295608887
317632729
13049582
290076782
1205483328
558947641
3309599273
1000545164
1712831
23135992
23506351
41213298
112596381
10007922
275461632
8078532
16694313
33875502
14094422
77794847
117127649
62463465
2917953760
35511706
281231992
72772501
1898474382
17582682
23988736
367081714
31727531
34645621
1363786782
2321294030
205640203
52385090
15377115
208665126
35684944
13492822
13296462
146112826
372179875
884196913
18318677
167169119
89440968
108286674
267283568
488349425
393033324
20167623
894057794
14174897
119802433
408520849
767936412
534563976
555031989
128584475
271833059
1251852416
144582011
308133244
15639655
145592856
226939680
38328653
1534703461
36094161
560964250
192181516
78841292
14126888
19547581
61282790
89102401
62988458
726730694
108994652
11904592
41376437
112961087
257460272
14389093
221088789
15807363
111668487
40270720
135467642
264161594
45564482
9763482
807095
17469289
2207972657
354582942
290562531
397561481
777859
241046124
2466007296
63673132
4916791
6571822
102246979
16620291
330600346
1890842214
63728431
10422602
1662959274
2848321193
37019708
15086405
64591787
20542450
5658692
28207516
23185924
98926312
1603635662
7167892
33993367
724891783
13058772
34079088
16736781
2836451415
799847088
29130296
805863
11794372
14283169
22694095
27259394
38398218
92993433
98220017
135181448
192598707
289478260
430873451
17444309
14211141
8453452
3451611
14178641
22198175
2955311
14350291
89496439
152371299
204906931
177087369
1636590253
9688342
611823
15944436
10194392
14861285
553245395
21637917
482457738
1937120905
4402831
42417984
477783945
7173472
57486201
2240781554
478878156
155850051
1166982306
3238375872
54800780
14396748
94361315
19292516
14771699
1435461
57440214
164553682
1426037424
2252272040
134144946
53210455
69414196
50766916
14372486
106837463
74594552
546170165
117744874
21767419
4700381
209484168
14353242
2392862702
14297050
99570418
635383
900656984
2475906255
1399559887
1354222932
949041
107007588
16719628
84563913
2401335536
39394050
855441
11154832
2651781
1100142793
2782435772
1361594336
30350242
772314024
2391605084
580305833
118748318
125274326
3099501
28408326
16866130
15581283
252065448
145305040
1617314359
1449000090
400383768
279850474
115140668
1568455573
2829725700
1858432771
2382443917
566489482
902101824
78864249
278546043
2162361149
377539059
160986824
372570855
712971921
16655296
155629354
259190375
407709450
1265546028
461491328
616317432
82724469
323462473
18803080
75323589
39075275
39079874
463824316
374752807
19799746
63654974
348871491
85901959
156850116
23006326
14293310
18949452
111612208
91478624
1389152724
358905141
50294938
278691695
1910924298
472829432
3218081
2307675307
129964269
157062631
28984805
2970280557
42609957
16134616
32731827
75079616
191143493
28483909
44585286
1956447462
2398206650
43982791
398330531
256630926
18746811
57497901
253663760
40551290
18458170
46102933
3164611
19761654
321165248
14486811
2818675978
3296454028
408666447
1247221682
139960419
1582853809
1086485478
1349082427
2441831348
3129885035
17607834
465075107
612437065
3217592447
2742736213
776254340
502670344
168640916
3309116567
3191421627
272175633
60453038
2446766928
918611881
41125049
476757458
1142816695
1034925128
2693512566
224249551
3001472331
150649182
4157261
18144466
42166490
440301060
41401375
1307011
1418166697
281738086
1236101
431983412
12601142
27735577
148587486
444940567
15957929
17891624
2655788935
23251100
42208855
34350951
2870523365
531291518
30268257
102707504
191085859
16547087
16529873
92079050
66974981
17629199
51041816
31953761
22832997
36441588
17307429
13049362
426379678
1659759367
130467621
634463385
66344986
19413418
3291337947
267192055
871891
2284237477
66758100
68971853
227423290
271001418
582615674
172181204
39540686
465862681
22001117
24433144
197354550
15352634
2900253681
3166146406
3252950903
3253435629
3256912234
3265367050
3245945715
3254415238
3254021549
3248739881
3254104619
425218457
3253953297
3291062417
3254055484
1215711426
436284722
54235549
303750320
26735842
1443278948
74180179
961565498
17463660
1150235504
76404659
3295866970
362013155
3290806001
28777068
2430564295
293555918
200583835
14236327
700129868
42301671
19887624
118414368
16462209
16248319
104775580
14205576
162611402
27425218
211899274
80525853
486515015
7461452
57067327
17266725
82714765
38673878
31151698
3191580645
3251218301
616386366
9706822
83807681
138208447
265249312
180505807
24852465
32959253
858051
1059801
61743163
51263711
122759220
16438898
14262772
6527972
11922692
124481401
92016393
3122211
8077262
86731836
30995557
15427422
5878082
9705432
133249760
32167968
17093617
18460854
754556
8596022
17641457
16949303
311347755
49423975
16735219
224674644
249355014
111551994
341997621
248294901
24253645
19198198
2480951
94143715
14706299
8633582
20080284
14114324
25458378
410344205
2923831497
15678167
20477352
14445775
283976707
2616239030
1533367800
839321
36479406
14161973
258445294
107523645
256582137
20802277
1876607971
133363030
2856991517
291654704
3131289424
16585184
15492359
50393960
3345981
42596083
2260690748
256628776
2348908176
8161232
2623640399
1889228286
563553055
32031426
50322409
52235599
20525769
52401028
18904466
64405759
815438887
9086242
2883841
87818409
5988062
3108351
3234069477
3119315781
2865576850
1314986750
200283629
204040108
40923646
2563880624
177648389
1336973136
608871799
636994933
2221544870
275155913
8168562
714378223
248569741
117662694
236539455
95590606
16075573
249033962
402157271
39616153
15706633
1729950277
3749641
21661279
22386817
19038849
14318003
308297673
468188253
14442628
579753670
372325073
397993662
48935222
899881615
31939931
330947849
2414973067
19003754
1638691
14065217
12041932
17925141
243488020
40700160
14192589
2523173263
25260820
757075250
255461727
148748195
243608028
994293373
2333730624
7087112
2809349613
508194417
86315276
2883914834
3080761
636343715
1163551304
57275398
1960989600
18639734
22042454
360685668
21803432
308921323
211273580
21710028
8071902
17011345
62364167
189474615
497554467
16163790
14227559
1900311
15484256
17517428
14140382
19006170
18402888
1436419968
36204920
393634514
2879673401
17673141
125789156
373326355
40584261
112796335
110403389
29270179
117341231
14485018
14127481
85021241
86777788
95948501
583576330
255126571
8820652
65577676
26554000
17556680
861548858
2228401716
85841076
589008665
197348944
228699424
24212627
108606297
326549452
382267114
15895661
16887507
14109044
78298886
15207270
95438524
12741
338674715
21983158
2364033216
18259382
7702262
14800619
2389587580
308102896
499059925
481665271
30059550
296176156
131596432
422240422
3132111941
22882552
23128820
341251022
34256587
8785032
29685348
26595392
14667676
1478204994
111719271
3004282911
10876852
19748371
14082692
17089843
16696633
1960447556
274050913
343283519
215322320
7213362
269740788
16662889
8518102
89476066
66739464
215948940
159084016
178525052
284031415
2307115274
7192882
15246951
6123762
217538774
2154689816
2891900128
353264138
98425584
18189149
2673191342
113530124
285515081
796278757
28320528
85443769
99747874
2243161
668563
48675602
2982010497
348127618
19978588
14134823
370200744
2457581762
2995740604
19591039
154103154
80300851
23396106
16202106
68770815
149209651
277008844
220060854
14620139
194566346
273087146
10726202
609831858
711303
15364959
123774230
6108862
633287684
2876162658
438629892
121506617
47995920
1887102061
29072106
10762782
1254738602
838852608
1143031
491703274
816653
268639000
15320422
18867844
755374159
46955808
23450919
113908227
11673662
2777055535
43155565
1069351
31318025
34991410
381649971
172035764
75496615
243117998
17090308
126748638
17761963
24139696
13294
18836209
1444601
234571242
5046741
968535374
247378651
18240655
21926446
55315217
109235921
467699449
21279340
47212225
35867792
392836991
555115431
17191272
2562038690
1392365353
190667501
2667253544
80442674
369761908
2207129125
44170644
20623432
15067830
3382
14266331
991713588
46476526
17798031
1229965614
445940499
560107198
19006327
1043089543
16694520
47669882
403024710
3012037630
76689333
42034114
1689591
21645908
3362741
2541960828
53011377
17493528
2789397414
24374097
43391275
69283098
43841942
3073289823
275814852
2838320638
2201941
36358104
27217647
111933542
320818900
48489544
594049896
14112296
229623977
419465461
56143911
110989773
242389032
564041052
26932777
541940527
29271892
36958530
2750239158
14243286
21066583
1344951
207054512
19058126
11245502
11073902
765071010
92162698
972651
2842343313
17176391
150168477
17520718
2186946788
1140816660
1373026410
252285845
35003611
419648971
21387913
253207647
2667834210
8845642
1074240829
180832036
1239671
8077952
715609046
61449317
330509973
118411384
19176710
384645055
9850782
20621761
198321285
96684068
6176772
2758681690
55882340
19676308
2791122821
2432097436
54909573
1685042425
63014149
15014747
2670122929
1705885393
1109043811
12375462
301308940
84273114
34563430
112272245
3954721
20536157
105669501
576999101
788158068
338448134
259725229
43412019
2438173117
141333525
17169239
2532942559
2979075040
273159953
23653818
136208045
3045508942
745496304
3030009647
33067905
21089214
14855279
14458280
2985515241
375567840
1968079489
17229160
133975702
1964258858
2890961
360844323
117340607
3122187911
476088653
2981216451
172162833
2201954978
1949857346
25503051
2202380756
21714938
2785203678
66064952
1174635277
1630548445
14100972
1322691
768579
18780000
14817600
11319582
11231412
1130512026
214372723
67140324
2735591
1173033602
42936819
312776756
2914052062
141724009
14613644
331354156
2365377655
2312069586
479754110
1272722527
283660297
265562229
1098960854
423713807
555116944
235102332
491940203
2987933578
90437405
6822322
2227322882
760282195
145072318
29452677
16240818
15662446
716083124
2178348182
55947413
2828007681
20758087
2354060009
194904686
943112395
791731650
54377889
22230021
15633759
203063180
7350962
21850078
15582157
28703779
33057154
1299927211
53260551
242490324
279414166
2577595872
421213713
309907767
2332247785
19384438
2803856221
1206780888
214492604
16298826
420963871
25476727
452581260
2888164558
292241366
15164905
39651447
1419037717
373558022
293635541
19713521
1014384037
242688874
14212278
2167677523
1320073344
410018255
2149415660
220373920
22681340
1026410144
1190505763
33884545
358408469
393346949
8075962
71613889
779977
2333017830
1023117698
511632970
220154589
20652468
140788235
37050872
6120472
241006357
30205586
23994947
78254615
954590804
257176808
335804361
3026085225
80884012
260328354
33505143
468654318
62159419
2976459548
43287329
1114883672
96612985
578543046
11424872
308745465
348783600
142470923
70144895
20528789
22253014
21690812
1416090877
31416666
2831149440
2491826274
2381248100
15521021
2600096107
142315618
394279338
179660835
253281644
2913967070
15177871
34915251
200444297
2453682600
348360554
2498120469
180415491
274673796
61011524
182537238
25253084
114211621
393959979
2796672115
2839787254
183219338
626685799
554877800
2361411433
43882016
16569530
205258531
763841
2817461
51480889
219602841
131216225
50364803
65369125
14073331
63445671
529486230
282732296
225024939
94111955
844766941
262749118
2237381659
139481894
514550017
106467821
144657491
2240848556
276431808
186509075
25297853
1446130184
257834965
2980248520
153492935
1195112653
1026321
39588492
9916402
19407053
11489
14454605
151805556
92516061
74912544
231497809
16976447
271571170
240281957
78906556
702022009
61608747
19684844
493609953
328990309
480805219
50257296
16364711
52446754
110568102
368026849
35120520
444240428
16392208
2412406063
14115587
18185124
53925101
12908462
537177030
184192133
634437625
147769737
95648100
3043553711
211913104
2983429871
1218187291
6203292
59443171
2976795070
85970724
196553317
422218523
14600151
111679979
3069049030
83296294
18138971
15263106
2215576334
20554377
200225757
90830838
588559501
28116276
14227857
1117589324
409224649
296930551
190602180
16170870
37624705
160634779
15134782
712632800
256009560
72777733
870548443
1389099654
72051982
1334975888
222480003
1274766014
2583672060
265721887
239929660
187948082
1875266857
12487512
2981474962
22954354
249135459
260175067
260721135
278452418
62463792
66233004
2527913220
2262932083
2967169153
771836376
234967986
1487503220
90830461
28552353
325082052
270547020
2882597943
40091778
215943334
587830869
18241502
84398622
609841269
635665056
14157408
2178248406
158812437
107764524
212599845
1708983516
207704552
1020062414
17494689
23737308
362040391
14814402
225887277
43910684
382150024
17484709
14176064
189774334
261958057
16838106
222054021
422022681
479592670
857335124
20431922
436402119
853010233
257543836
18144310
78940262
46928547
991257864
2488697066
1020777481
976204717
191567253
101602358
1413823519
22986573
301949958
286213203
26624095
835368734
1462038410
47030292
2442509564
68653118
245809028
343328048
82061776
848955679
36397274
100731315
40253435
2238989226
14436030
324914653
324911347
253037847
63974093
147673770
162836576
624226074
41771092
108653124
177520372
1394874966
23046446
145972639
85247427
2409314143
17415372
88564710
17082720
150956563
182330628
266202980
2935719964
50867236
1972828488
15648827
2920191058
18356388
2191539824
290274960
1423111502
17615549
1134081937
276613188
2828162748
258451268
14375294
573073120
2905232597
2166493730
1392229326
425743261
2984809357
14116807
831817632
251393299
16804574
51013220
274466891
65841221
236909320
18200400
372019131
296726969
1552435880
135170697
69399246
106430178
1583414089
2302261417
1095994669
13787192
46294871
31090827
171537586
424361689
2873975883
14770634
156020309
203287800
2359506146
396631317
299543102
1001972545
117233379
31676814
360508936
2416137493
872692076
190698734
8077212
2886679911
2728237089
7556392
242071251
1024084176
2899717113
314217581
231502837
852673562
20085289
48505632
1600569396
19236437
76884938
156322264
1617293126
10124182
1488736524
1431153979
2276809129
5175311
430091999
2350423320
715759668
109488608
2319555152
2663602915
212566062
397943172
70355222
171607002
2943775361
448426078
1636821
240606045
2918348368
370329077
2942697622
245362379
6256952
10777472
717886848
2265131731
2361413834
1621220348
195998422
2456608086
36326827
30980493
243316295
1722687482
18539194
276966420
870048079
895046935
124936827
17951256
22002983
52071856
277036036
395896446
1226403589
228487460
7851782
412571397
486457326
2225411100
101668652
41427948
170090360
1886558090
1354920728
46474466
2901161812
2807805626
304069662
605030577
2518207668
2382624199
417762765
138765588
145992253
2797713449
542662216
250201879
2242961468
284162698
2539521752
499125322
377400875
308595402
513889498
2247679398
2781081951
85866514
931650301
2831456669
2802194381
384765652
250595128
1315311613
347738331
393302405
475970681
97258051
2339845398
2829632498
587630573
306944252
2297739350
394662357
207316708
438502866
2751407742
162006900
151022300
847287606
128096043
382560393
281203528
316116946
14450976
1055189304
153802230
568627319
481423990
310333774
2838160709
2597024275
2556478801
108041734
174223135
2267875316
985150184
222206773
40567009
932705790
1070937439
368177056
380257334
44840603
626258083
636867329
516958215
2889291003
70297947
194241748
147907588
178672081
287682981
359870263
262820948
223276408
22744817
1328796884
446604004
586157691
219696336
371272882
119682863
2273669245
2479712983
215724852
305036438
532968208
2484474378
404028900
912297402
518769240
243590866
216535194
2435182512
2463369595
1333849591
45686346
1440393044
637220972
2252013984
989164957
970098578
256545362
196646012
587839710
237039125
846743522
2809408397
916402783
13491742
8880632
82530518
182075277
1897906512
948043471
901643461
2382069889
478751810
390146501
2842021918
2689645897
141257928
2221134193
262842638
994876765
448290663
2828381455
177692014
2473877023
1035990410
86717796
522178730
86901027
417839236
215442233
912263761
1337089952
189062495
130154525
404775222
343244282
2310731448
497930088
822100501
973807112
247726134
2814110033
437681996
1946409534
1018314824
1316212712
435958875
423317349
12889552
2695286646
56493083
255759084
209243558
461804603
260848555
98347320
27650692
257927672
218559666
2498099299
944526882
996838464
210109515
271973260
426546610
517479033
2227222206
227015848
1667099016
348347950
882785840
2407551980
218122059
1965438488
1160433956
151482914
2766699057
285229333
1104488131
2485262480
475432485
418896827
440020049
19614200
1620559694
2511355124
2690559486
2226482329
2719141447
117068943
2107671
2414836866
419716888
300919217
108598039
112288331
2166386358
146564048
385875541
372705515
778167691
2784192504
275001661
333971767
434853184
2391456990
2264445487
1853887302
200998119
629106817
609766607
2784135845
2235027030
214922000
936238080
187462180
2813561645
366630645
431680832
6121012
254240033
1854967332
1872090745
2840438921
186095208
1416466345
2170514408
596287550
168988490
2196255524
1598139450
427228368
2374450998
2361138168
2236491756
2813532393
1913892626
337862999
159072956
113141068
921568272
113031601
624810533
2847997642
121731317
2436943056
385887664
294107159
2387318785
17137022
19352989
77777584
15457819
96637311
294320740
1376758506
2422349882
504124405
474815577
281608376
326858590
609050111
20707048
210952466
2112061
271024508
539202366
14131762
466350296
2308123664
433975128
92622515
448446350
25661574
2598693066
331526382
470513437
2570491567
92226315
97187308
241056951
303233737
2391663120
2336620812
171382143
2180516183
404708094
2310914372
1229730522
97186280
14942445
2376033342
565801787
120939078
59440829
199010459
145819290
194573872
891284226
1349636918
1343818902
32451329
13912032
1000832647
2679814430
322189551
200384354
142913793
471931015
296784164
3269701
2220402571
266134103
337971150
6012762
87309131
248135834
625037308
2186725470
1090161913
99271102
1003821648
50665193
1542838476
268406256
231761216
1588730083
1324812660
2370736488
833109559
2697743215
1041709746
603526863
208081030
82935233
386111025
773551507
280702564
340000203
561907856
2362506074
17312272
87710105
332763614
369381355
730452354
17738431
73125145
14935931
22959947
94175270
249187529
176381508
1506079291
866676930
368327752
1966455697
245279670
14169364
2739448278
809054911
303899506
712200440
278433934
251564973
1598644159
92569561
166364812
399682118
23520746
323327079
701486856
155613968
316204406
394647302
1044654696
261897786
412199931
1899298434
1152363764
142331814
45249233
17267346
404462923
425784024
290057414
94076970
115077998
259713560
2359479595
2386890900
996917654
16575488
2188557330
14313180
141758206
18045145
1465819921
374514753
14992915
1720331
804388
166507237
7996082
2339238410
1534642784
188467309
2544558032
2598747818
21476851
11761292
17305888
1770311
106769240
108626853
257284262
22401772
1307521020
185135644
78549836
