783122236110700545
160131066
4458738995
3497032333
714582633326460928
623991151
4819101832
758064391044628480
1401368221
156398773
579225606
759219786081533952
2170739533
4832186572
2528430570
3243862277
4596224868
703815171647516673
300576793
194440273
130533958
357745438
1654434427
3033141527
3307172763
4319602335
770761894546198529
741712175648104448
771422569299927040
2800972348
732329910929260545
775825012909629440
1485997736
2842142217
30892730
3145324292
2927328434
3245397274
629967741
472330612
1679125081
152183760
2975956115
752224318877265921
772085350915252224
1122846673
3666341621
1111872198
747876646934327296
4386850234
3276367218
4362638722
1177233174
1170288216
3035496549
726158090618302464
4516838848
746498503229202432
758773987119882240
3599038398
2896295561
764852275567362048
765425718322835456
1863510565
762007647721840640
2713339435
2566666614
762810395732152321
761697345402707968
3244608284
753296093551755264
595154198
3002202309
4159261773
876590960
3669922839
2450222191
51651288
305916419
521924047
66732606
315892303
340688801
732672184532017153
1134986526
43534925
2823160646
761349135203196933
3396366255
759564007464394752
610207820
4921814827
2355499820
2302157402
758621332808531968
745844146779361281
700707503068176388
756638920469774336
754862330953867265
36606448
90661198
754325205095514112
2457137802
2786238307
2694687984
155006564
1421825558
523609307
3093932226
441316043
926172750
67377408
2334228416
183787196
328465880
554830889
294967765
745078981205065728
750353144576552961
3051656613
2427627251
2525346346
349390574
3363342014
3328736686
186290412
2808431083
2266249050
2567515532
1873561998
564956782
3309611679
3044383624
170867770
740288234949742595
740287158720724993
740291472872742913
740285298483986432
2438859949
22908187
739677751943135232
4776269850
738758157095305216
3191655078
69523166
3430802158
4730651562
738102708410798081
4635189687
4728317367
724725114122563584
3806628496
2962856109
3138415206
1520541620
2903193925
3433485875
700453983572389890
480156355
717136974356824068
2424392580
3225391497
407298529
509308191
4875452027
737740728537915396
1961239166
174414370
1715601505
4919550502
1692161268
3917293886
260848521
709492575154130944
723116926499696640
2492002975
4657952788
2448309412
710248559019483136
3129482591
712728616828813312
4878662345
2237926218
3318016810
709527906339459072
713860668034850816
1884175086
2909653199
2971555269
4668173114
4665206233
572035504
3315616156
4835898989
730511450742108160
701161166186397697
734946121496203264
733757022085238784
4878841475
2875824250
705160693314490368
406471302
4843086722
706073945204772864
718971631142596608
2594059032
2366415078
728146355042951168
334320217
205957912
3316055339
4244848803
17671546
2536585628
720290564143521792
1583548854
4678913492
720626395450200064
3226685065
1552055516
716832843729481730
3059369856
3058844755
50517206
2809501922
716081316907859968
716303738504351744
2185010464
3068983744
714197150024896512
4911527291
4899208439
1469645784
711973003144245248
4663989926
708492584696479744
4872624345
712726895129796608
4417220834
4926300346
4893964984
697599012472496130
3378327575
1086835585
707665715914866688
701148244689162240
1661271048
2346190530
3491156477
706559922775920640
4785944007
4631193341
196415460
2579344643
4890408963
628610330
737658894
2841561458
1428003991
2330827202
4905352725
704125778448027648
3729889755
3352428903
3381129688
4923709640
4535272335
3003665698
701579704336166912
4864776406
3279981308
3282885206
4913201088
2552717114
700152053813923840
3088957629
700421605730729984
3245784508
225486907
697925983639355392
1055370452
3135665056
150375904
4659848533
4837584633
4831756110
4842722797
176627249
148800843
2452103478
158314798
181561712
105119490
84279963
209708391
2402359874
1302006618
27260086
615612257
791871608
4591248088
4653834055
3309913727
4614120855
3612421154
4598993415
4706926524
2435775232
4062995113
3697701433
2923981773
3331735007
172865991
3305211340
72395058
968944172
327034526
1601903924
1054284523
133053793
91225731
115167314
3013709387
3259084099
3106108123
4409700741
2564413964
3127354857
2969910353
3199876469
3537602115
4710167837
4658737757
2745561362
2615794181
990082597
259896414
4191577703
490625617
3507260114
4595057868
4552151902
4552805897
4551995001
3494050222
41015841
1729007312
2626930582
964426171
2538445164
197172532
4164926049
3592545137
3076614219
3068410057
3310960697
4314400644
4276125995
3309854772
1868426528
4213406128
4014844399
3322896395
4097436740
3388633433
337897383
911307325
3185670200
740158579
4203103923
4210508482
2874010775
482555200
2923770177
2427699622
1828784868
2658385523
2907945993
2788460757
3097502092
3250123410
3294635055
2951205957
1589748961
4181922465
2265837976
4042968765
3296526356
2687512777
3375103336
420593420
865342170
745919756
3126739515
353411258
2347754796
3913301789
3384598497
3176831996
870792601
3377327865
520921023
4041986493
3252921760
4174924037
4175896163
2796553144
4144251399
4031003174
4165152975
47664469
2175308909
1585643197
3883198572
310489216
3412996421
2155631643
406742401
4013722275
2883464595
3169265370
1526326735
3075429423
2328907308
21477475
3876312611
4197119953
3027322481
1917818420
2389891995
3305159254
2774459269
3319544724
2204805631
3465622517
3837859019
1705045824
1000467907
3379045858
3614888898
3647139195
3847033645
1118024581
3164871615
3045277666
1945343184
303334586
4026566607
2763486193
171646293
3322142320
202871521
857198336
3949335921
2312341406
3538042096
3092025055
2375659213
2505016250
3245362804
2501625254
3093465555
3127912761
452600839
703154737
2941528625
2474257900
2943208676
3726651257
3357199853
2382923622
2878649986
3142212195
2954212523
2479089499
3247531339
4013160993
3700957456
2985634371
1447134726
3300696918
2979714474
1401030404
3053146191
444226490
2704180287
3238247096
4123970021
2824071327
2883223311
4085641511
492289002
1676867424
779096070
2921751352
1169574008
4064036419
3368449797
2460111450
1024522369
353962859
2418509722
2180067225
3303423601
4032250404
4068003137
1267500420
1341479708
2542123118
1442700680
4071134326
4076271761
1669128619
3376210763
2984476767
2582872806
3239497786
397674680
1531432884
3146839171
946620758
2297447750
3298773365
2736059058
2391298076
4021168343
1049193296
738603781
2883326595
1483459856
581419605
2985048923
3433772237
3323122525
2391661859
3817788974
2943085253
3078392458
3148728349
2347877852
124488645
282218393
2800885387
3598811293
711367712
2928692039
173321633
3432164236
3678175637
3240308094
3743321722
2784375704
3229522391
3765081016
394252561
727399988
2209815644
3067187911
2954262087
805718952
260420617
3232253951
132283392
1941437072
69491812
3677936000
3742789816
1042611769
2991147112
1317118622
3416775856
3425115959
1154870227
3240619462
2799193264
2868321941
3215811061
3409956357
844067653
2817728136
814274114
3619760534
2842660149
608343622
1131545214
3023941677
844640570
771762608
1380470467
256349607
3435535804
906980653
1489411441
1208946265
3645293956
202643638
18734884
110575285
3258601591
2305473636
840495458
1392236496
2616642379
2474666940
167361989
62011489
2915092497
2652666872
2265390878
3021682160
2887158029
443893818
3319598149
190726518
389626578
436891142
2968349164
3318934568
252755977
439125710
403246803
403255314
403245020
264107729
