138804602
2221989676
88688170
541465065
74571292
28812824
1964282917
3110184177
219496700
2865516159
2892315272
607052879
3288468759
1330556028
2955379023
2559891481
3030300757
458322044
173167923
285709236
16050296
3213427808
796104397
3214569867
2254164516
3242050353
3119607623
280678037
903377622
198039504
2860928836
338115221
383112827
3189903732
3188678709
3023335539
340880465
754370958
57142355
1597398924
317592211
879731714
442377408
317626322
380971445
1411425830
2334454440
3024626899
300254302
3255000701
36832842
3057985035
263918540
71272041
2377477088
3002946272
1398701342
2199961428
3007133678
218697713
317830159
584528623
286965046
360157046
44403627
486358649
1445494556
407029897
148896149
1678579340
1128156888
2521010200
264229287
46678620
20789740
16366085
349219465
2777736876
25552593
1453647984
45105778
128341477
2920999700
2421326550
2995811562
55526687
1562772511
37877645
360080281
360304674
3078369866
3215199772
1174311948
2240064865
2553171330
259689332
528807413
567752461
18936284
113422725
48343144
2336922498
626515184
508006873
2992643595
557254053
3097914650
3098695357
297122566
116766949
15645871
17070787
2664933530
14273894
1114768922
282940976
417543190
292929271
2388064016
588559501
2908407833
838227055
3184827474
2891491923
2915844879
2601822318
27474449
136346386
39143338
1279624999
15274836
20501583
17538349
329254344
2886793506
3010398018
2854167024
29015085
3104596321
2904931027
2868650277
3131710774
2742010921
2910020616
30249176
3180595536
491719838
509461549
338255103
3104783599
3182081592
3181089565
2493516787
3228121431
316574928
2846409211
2148169409
3173896889
2776831213
316599885
50132521
2949692099
29886563
718087100
316618881
621969422
2338957718
3092461982
86663047
564887075
2982367480
3107189780
372935077
315768154
260347851
102283681
316584404
69582499
1546917326
389320918
388454092
37391190
315557987
2371305157
2348676463
3158205284
188970040
62557830
2999626806
317219392
310359174
253017684
357668606
2580925888
75292739
2169556282
1890528595
2446294588
1523746086
2267146754
1406581423
369892957
316539101
1225749145
2922324030
316105298
606412878
1537478390
244746802
3067329491
925555028
977705833
17360920
213293791
317721568
1322302357
2992002490
2863911207
2815264997
24935003
3001729578
3131546392
128418003
3072693871
566101715
2201544496
2840065455
483646040
125037727
949745659
2980505765
539228768
283719070
2225078976
2790658390
2958149892
3113071362
2764598168
2811099230
2573271489
2622668471
2881695195
617185779
2937817357
2903638510
3066935784
2962678704
2647347524
3044973966
27961004
144343955
3131859805
3038187608
2930897610
2761567447
3074730024
2426356730
2754271427
2923618567
3010349642
2642438760
2809804992
2915841178
2894922343
2695319100
2973824508
840155773
258820098
2939815508
282381279
2780227838
2857967952
2996658007
2344918154
2789342022
753385662
2891917938
2529508861
2148678224
2808958490
2885174556
2941778520
1625867324
582193005
2563734218
2709128076
2896094336
136446057
865168213
3001446175
2974135152
437127583
389182695
2211869044
2942944358
2866865830
2993383668
2893278707
2847646308
97948857
3004271126
2419242072
2890303152
2785793167
2927745493
3032474562
2868402552
2957101238
2830051135
95316213
2625176466
2848206734
31353970
2953294728
3000103440
3023973282
2337063296
3115771968
102052009
2668666231
859056432
2801841123
3010543722
2932478690
2929086252
129847008
2834864131
2706675436
69948337
2572562911
442705053
1380971438
1207099902
2413826444
2399728452
2813307901
2895238292
392562986
760826425
145066823
2232996836
2938318654
468841864
3011126953
401929048
47336979
2595992708
2964812700
3032714363
3020074993
2985937394
2892882150
2759138339
2322723667
1617816648
2332260427
2940233984
2646844122
129731176
758151954
3062561324
2743266287
3106070622
2399925848
2913977684
2686100426
1966921812
2163316015
464867175
2929297348
2467160324
2912915334
2814843775
136912348
2503070899
323487376
2388982110
706891010
3056627570
708944850
108668283
413877166
295026726
328209091
550280267
22801995
897215569
286233279
2367729500
1610187517
236099489
3040474930
2584979587
2989404364
45413198
826751599
191283006
3068709072
961109977
3041159564
1021197475
42070490
178083995
2389720093
28237421
2198014848
84051650
21651982
1608199141
100253123
2473834436
104701452
323281282
892162063
1717464030
43037025
211428163
140191125
3024914300
2904913098
3083098268
262749118
2740563252
215699770
293438227
1300947247
16892534
2975278676
564821856
2366140458
32896052
918101629
25812558
2742574054
3054392766
2924203807
39003445
2493538830
436179320
611841784
637298515
106546240
3010560961
429031681
999261151
2942995301
2960516434
417994646
1601519258
3007091234
2847826360
2983337716
339913436
635024437
2968621383
2994634058
358358053
309823366
125512325
2560422607
2520028138
3078897839
928533452
125429337
2926398335
20218885
529828197
2186062965
439633671
3008262182
1570513988
17953982
473279639
833376858
2951246091
66223231
57440214
1132125410
1463180684
2996071031
525005120
2240029488
3058493943
3008038947
445690854
174953869
1601619937
481557757
3052072206
1880640066
503515069
492397628
3004248244
3031625800
2883812110
321677549
3012336787
82724751
2798281778
1277764962
608593979
237893990
60094692
2550474648
397328649
2565852306
1890976934
247872733
2626250539
47024555
3023607415
2967753703
547834058
24009801
42170658
20924605
2939111375
3044826089
2723404855
747805506
613546905
1950000786
634620850
1413883681
18102933
2513775487
2183449346
345131103
1157143663
601001021
378840950
2518846417
1103715715
2152381201
248139853
442736060
432241094
340298107
2699952953
60875744
2869448858
2989555433
3010837981
291841491
1601587044
30785977
2938583689
362779971
2853322939
18042278
2647133050
835301767
56249795
630645066
628681030
55583596
2502142927
2902167817
554928154
2996580301
25039517
1627845704
433115572
32210500
3034710387
1530853626
409430647
508484740
218617663
2664752136
1615678849
2285738774
2789153572
262165114
2221152188
2895115848
313014222
2902062601
612772966
73774016
3002652669
499200273
94892409
1320577962
816460406
3007191011
1599831224
2835748534
2511554060
2516862678
343157640
2228442269
373562248
593850083
15245497
344737225
1618281852
313190205
104552862
504918216
2363741781
2383007984
383863452
3006583629
2502133411
1554095036
16222423
206774019
327326028
2836559879
605934663
107651327
606316616
2368919569
2323982664
19426080
570396073
791864324
341592309
18857913
97802652
316548434
1158856526
52689846
222498057
2960766660
17798031
2878500731
710445158
1599855253
2161586941
1521223687
2351581238
292992522
20449585
2991664715
2849401390
75112589
144638004
2970761621
1486602870
20711390
965894833
2968557676
620339279
185505217
1387439930
496487433
410990976
16473793
3001843161
323998361
593994116
2940456755
889073394
2824160307
1397496938
539863097
2836255846
2953487887
191891492
1139108011
1139071250
2886618527
59785531
2179001408
541376462
2902541181
28038154
40056590
2502911436
250821190
440296034
3001683058
75736238
2355464022
2902162645
914865469
26652733
307424065
25007589
611952043
2931838881
1139019162
1146109272
470087280
2933558615
2685319825
1548118290
48935222
40250091
2339967018
518615888
2329283396
87383875
2959766925
371115139
224111514
6793252
266473466
1913410831
83068410
397703920
858386760
1205428022
556118417
366517094
2743284263
514138208
480642347
1558861508
621620724
360450234
349803020
573803698
192538987
124808478
2967367051
2744487833
2873923053
1353505940
185393649
2988272801
1543826587
842498563
94371335
1925473650
2977435727
510804850
35347277
398689228
2149679342
373039241
63102113
2929962643
2981492414
2961715510
411849754
41147623
433344236
492833134
736175502
880237465
904810734
842217397
504747313
1556456528
2909802365
571224644
2950404276
340549362
391586072
1248922304
2416547862
15873632
24333544
977911705
476149277
2213941196
1691022180
98327897
413925900
18929351
19091528
2675016984
2452613216
2724018354
2696461783
2741256016
2428574070
2610023334
2905219922
2904651630
2886636039
254732884
105295143
1415422669
1704926844
800883968
2452508293
62415418
1335564913
2505217933
290097255
458909659
603708824
557444210
16555555
2383045087
291506429
750703231
2596799676
561802635
236928181
263358545
118401061
18906599
384965718
2428469846
2402415882
2352467653
2510559108
1669492729
78926478
2269705632
2227659320
1433427858
82968508
2279678299
189269076
526086483
193759500
49243712
35632685
256240110
252277684
356434482
845396630
329274990
328024404
74144130
1690081142
142272367
607197790
703561088
823112684
343772856
61008839
394359359
1424105654
536803217
242099453
393768350
1905030439
84491326
460848476
288629888
549223039
2324789222
551644827
529548712
800642714
2434917523
515154835
284542517
708522042
318182225
1442360178
813237998
45658900
248760067
18294521
2488156902
898296218
1955132936
158060289
19500176
1147086920
152382666
2184301369
463351339
167176831
2556363781
23205346
1308086382
249344968
190620258
316836681
2592271712
477410739
183036873
73657657
2376185485
2291595228
436795156
2533631120
340464321
2347152657
2614740534
2506488368
2450901289
2612204382
857001662
1601791166
2602141134
138338122
2415674455
2416860835
2415765410
2418979002
2570804772
2181892837
2364670362
29243936
1891555512
761829432
2635774552
2440196822
2440548048
365082523
365630021
1563718806
326380075
278258054
2570911369
97055907
18073211
278888992
34996703
1305807127
316852929
1541262253
286349282
556629230
944503872
324143427
285733931
2382400279
2439532910
2441763583
425063005
17372211
508105923
525630064
375669510
2583575725
2583569720
365020334
1563653366
2598003450
2279611712
2570706984
2572745431
2572790832
2572855009
2665454818
2598703782
2609838471
221797029
353817885
366267401
2570814835
1368959768
481879507
1001809057
2595549944
547824997
359886018
1697618420
1542986539
1627763244
367839559
2267601054
2378013374
820839426
148456848
1950398246
2222356334
469008098
2215192357
2236532539
2481420366
318879109
921987152
2422358070
257011933
2155464374
92638580
89277004
78382995
2424671335
1315550958
96298689
2466985568
1429893074
93093380
748461493
1146336084
58685992
950735898
1527147570
129839546
715954177
2513811746
2519134542
2559596894
242618658
275247483
19102612
242512328
398019830
27091353
260920107
2565704607
2367782774
2384802300
2217101520
2464891208
2268156331
959349781
762161982
516322921
2322981624
591981595
70156027
2165978886
1493267851
302877784
180303911
1955063474
2543023733
1712895234
163430369
559623797
66951419
347976255
30360968
15273001
2510392325
475811383
129019194
19068720
1571534191
438874512
104491054
1245751686
1665615702
1151743189
53284800
506925969
836810767
2338854559
1594928270
438132665
224228597
2204287914
18267466
52872420
2189468156
319097183
491299190
490551773
297031278
1163194243
2243530995
20654669
21452519
465854208
2477359917
2463858414
1353756350
48789726
885463688
1722382122
62958691
20148675
123694443
1370763948
49306014
920000198
2378019222
334098745
976048075
35762783
21645910
2468190361
22735783
185682026
2332327202
2307801483
2407332680
90964095
17848133
23913426
1252500936
397999209
59781077
1691753306
1263011048
532622381
25899052
759549762
54673874
540405511
473529130
47017660
21656717
18235613
472087643
788189719
1300507856
31078736
58525147
487258078
20515090
10971502
54769979
855552331
282227437
885571634
28606058
2272948185
2147966274
83554234
244765265
352459472
728863610
2360107662
1414314614
1665401342
2405913443
2418952022
23921022
2201411786
494589889
2222227186
781217587
229072953
1031218094
2373827880
957421813
619571481
2353808951
2409896366
1553602782
2199718862
579114403
1442923970
2393155015
912598626
203256949
158007677
2274110685
24511734
186854449
800751782
1152046897
120181792
335544497
732980827
35123416
554335063
2168995328
163582516
1550813461
2277378381
210766946
115679415
157138475
14505871
925707096
1676127925
248036454
2181781927
2286627524
2334274885
435099091
39651447
505890157
510250061
126551471
168485883
16703058
514677610
2353523771
583933586
1905590958
1973032699
2332434412
313024334
634599390
215987921
66267155
431983412
2182655358
368945386
2296848278
1244774534
860611122
2167153590
19492240
1056430686
31891798
2352380899
383278970
101756062
26493362
1422296060
69681766
1435699897
53112612
1662917528
50094643
159111501
2191249704
20897273
233250372
464767923
2181121594
2351950705
16475179
320278712
400095106
964802857
333583892
90948918
572017078
328117078
2172140190
214226540
260485536
1530426174
700743062
863895210
566953567
1050365203
127675513
537809469
990840241
15898605
109111067
2327793409
785725160
1855396752
966739358
1668121232
2224743342
12874852
32789366
329323059
109192303
12601142
15446520
1715664138
24645354
1570656721
472191093
1364803249
30953058
163540129
111225697
90895234
16643649
204003411
1694776988
285229753
21426342
324027766
52641328
2337778393
63740523
2223706189
1253750108
16492765
807838603
17634425
816768036
35767916
2328196453
19053307
269938879
532374319
249534489
1350032611
16248319
20267632
231023430
19478383
17536486
14412914
387481770
23214110
2241932425
38976017
1949734190
308997977
861585420
1959382207
2303152944
131675689
39873345
2300407362
701710346
27020716
84960857
314303636
272133104
2287863920
72350324
486748099
893856362
51294103
278618766
615758746
2320642890
2307310141
165475312
2196409712
1937822652
219969781
345673667
2330645742
2330112218
23367974
1301936358
133173536
2334962663
2327931768
27109121
108059853
2336378339
632466068
2324142092
23970626
1948518044
726347870
1469486526
708411562
715984021
69215257
40407177
49036471
1865776753
2292226939
20961445
2284102607
2313934063
82174781
2298013153
2267824729
1412769966
2320846177
91139704
459864051
368320686
1166994914
2263922825
16259228
115945502
707231288
379498878
171136777
485970643
364844072
107140298
36902756
69422734
186949678
317606559
1198751880
189427379
14651202
390311861
1442872940
1011705054
19147357
1679388044
2157663212
108831720
19679854
56999370
19981155
1123325898
154889886
7712832
385069603
1918332078
1216135814
37602242
1861790306
45156531
136743706
58313900
1110170449
280254672
2275360848
932309300
10207502
502006616
757645117
45450902
364251908
411157633
260494836
755864660
29088863
596700256
591744952
170025854
562393599
2279474610
272615873
264268489
37329581
1265679950
148203617
1302114122
1471615951
38983620
1139863262
85495832
1281584983
22411342
29401551
1494835716
52972702
1869664320
1534799096
497648808
401710943
174222065
292670998
114482880
530022198
1384996994
2266220280
84217658
410788286
170385747
71061175
22020668
547969112
26166238
227093540
396658423
867235700
1905556350
38015711
215683551
461806695
86737025
288489092
55135663
2290493004
39286260
152431362
49927545
976910840
337409391
575684116
714696133
1441113806
23905258
238282601
49085235
1359148112
363883148
206897400
2203571256
614001531
337992763
515680602
239091818
1498468758
329628740
361859989
1724915803
218170218
456300007
2314651236
412854341
826207993
2268566033
2295208628
141405735
1931583960
1099944246
847990946
463292367
1383396050
354248645
862396604
391677601
1353030103
1071613357
1151823614
376288861
1280452891
1367206346
26789312
2306128092
356868826
1147437914
214343084
