2884629311
3309034905
802096344
2870722798
2922840610
1560058951
2823365062
767021670343307264
20837601
393312280
505764966
751030401444052993
4133850326
779994376969654272
190215974
2864614393
773247229993836544
1269478628
774469611144241153
2671157706
721188196961230849
4610421747
716224193017159680
2263891369
3284191827
777249314053562368
636000593
2892060447
3139582987
723171080953835520
770643363749953536
363972381
872374136
335141638
858305402
1961554970
245445772
740646944
4036257561
2703219690
3352355357
3151786937
2427962412
465652207
2237657204
558776782
4767623183
2699589548
3184768773
2298661578
756853081959178240
767417765389008896
2864948444
515006189
1186746457
2710280611
2675738630
954449401
540823881
3047549464
1369174556
3049300933
708690640155111425
945707756
2650735688
857503136
2383975143
739413153440800769
288500969
751994016288247809
2417853282
2502507136
2707300617
1613085793
1457380028
3186096643
2439336445
1170203720
738917223876730880
58359801
2315775968
4102712663
2393923740
1162260866
753533462326435840
701041598453444608
3251703923
226894622
466620221
1519417927
634461286
4687871749
2875217258
758043757396844545
3426041339
701010089721761792
3197843801
2709765247
176725225
727656340030513152
278838923
755581700902621184
755233937467641857
755869574
725322920
336140787
2718494885
2736597760
2886362162
4054417518
1677094159
2563244050
708944821482864640
771593108
716434411588161536
605318246
3233489718
752702641000644608
2306122826
384572495
1967975516
701130954472091648
1840062866
2290501687
752703854261698560
727839762036473859
2730095106
363600051
737934458972602368
2505329396
717888180
3162690157
719838746221236225
1039584614
3181804900
4811518501
706072494151639041
548337310
900247824
3219907700
2420566478
3653725994
751985504
740012813809160192
1317247698
2556962015
737819077524103168
1088055961
719378459244400640
4829196825
398830311
696124904257654786
751872926413123584
855201745
3401546063
2858071252
2469575585
746527202733330432
1496272663
615723767
1454930616
2822990421
499673523
1025305633
3822539292
2870304511
3307605186
2924401190
4802939233
715572714187071489
703244693816131584
2885048245
1583303438
1966606086
1658939460
708654258170626048
507271259
1165798718
391054122
2502568255
3756105252
732480978782838785
1240991190
1465419463
3247986577
3239359057
2986779656
2490633824
3465995113
1697513538
711789414045786112
740515311175110656
2795532656
2883137570
748832854285520896
3246524111
751107038739128321
3352359406
2792742501
2442829430
301648893
2537000304
3236690891
703829852
734667164347572224
2884639085
2197643550
1365992304
369254074
3316725953
4286485156
201758735
1703145362
4165061343
3099934529
710309848022441984
718033282294632449
3188361828
715457811904208896
1559649092
287123794
2413490382
3113149546
744481289223319553
267828996
3391304746
4827575641
2956021494
1829707280
1652804113
700530456584802309
4261575793
2417288006
2878596696
575840623
1867180932
2263674952
207038648
2885461298
743779100049870852
3142022263
3180593287
2989156884
2316214969
405223165
2951333593
298372541
2153725954
109603402
2164639654
2876814666
2590455144
2907477872
2223685832
132816777
3306248686
2666275497
3051615758
1323191258
714100241545433088
736993931041345536
744271690688040961
2396503058
734437554263560192
1242583664
1548902586
1408491854
2960273705
746314114935328769
2880858765
3435979191
4755987125
2370835057
3717768072
2766742225
745716198034251776
3065431465
2735134637
565275224
2598625604
2743859879
982197031
2489381791
2297438336
795106620
603559812
3192083101
1420047229
320508420
2597430834
2302120914
3340686826
842344123
192998769
741649095530565632
880617781
553870912
4696987946
725423867188092928
3760778234
741343064069787649
3349290341
739910809338413056
1891667678
2617573590
3294615913
125545722
3157505886
3149517229
234677985
1141623474
730880375950479361
2445806033
4288564240
637292193
4197522292
3373031038
721515524
231307222
3241188990
4751726958
1275222414
828637770
4446954761
3265884648
343217903
2888941783
4126189215
731108510214311937
2601278598
1637991234
725391558221127680
2939994893
3028118922
401703350
406644220
2150373188
2695521135
2260176174
4920933373
751171099
575967868
2908308132
1417787288
727381412538621952
4664515760
2285203639
4742469972
1422258318
495982015
913361934
561981288
452283765
1024962108
2271606064
1189281726
3247519260
4130310793
706106348535156740
3075228051
230580999
2951591370
3314165234
790320457
732368412333113345
738268478214307840
696852293698736128
2988580482
2232442915
4691144832
4634169001
293384465
722640578383650817
2362646586
3258513469
731382896838090753
726429252422246401
713221028
567209796
1573657987
3048826980
2300683886
1032948721
2983975960
2917010967
3081035297
3322804644
2774177446
2532915385
4490363114
2377846674
2310913219
493556547
2890366952
1712448518
714051320403988480
3652855470
2899800782
726111421801574401
817480592
714057387242553344
1229469596
621731639
125969755
375240226
3355653465
740861834664771585
1170537889
293347930
193945135
2443196765
2623957463
2903811136
2246958113
2161200345
150301455
527116930
3187410774
3219077798
738636008325926912
2882980932
3374835461
3012254874
741152393384058881
235915729
740048463832842241
3250714529
734578003678756865
586432209
998350992
3960029832
2199778738
719799261542494208
3113695282
1557107653
2223033348
3154531801
1356051337
4683025410
727939581396418560
2284873321
3106243155
2375045802
3244095157
2451686251
1121545639
1922415691
4451583192
870244297
2440065013
885870906
2377116067
415447498
1047025783
2193385894
732043601840996352
603573776
2285177868
2892594574
715485429290504193
2877393456
434862138
2893510608
2593955828
708806557
427748930
3482591477
2380909075
1445135292
499647433
519463678
2343445831
715545605171445760
482881692
4328476636
3294650983
4876115311
3244803086
2791559495
2819289912
4172558836
1274514728
1341528950
226864797
2397596996
1637177570
2916475009
584503969
994816074
2438254033
2841110688
199238200
3167335705
2919391146
4832687680
2436566962
715010334071717889
2589505305
142992329
1435082570
2780218242
4715822787
2295807092
727181069112340480
722727474325401600
706833407293063168
2413683000
597297310
711143823435370496
3097613736
258233252
4854635147
2248885722
3147274140
3325896271
713003256704675840
4911486284
464320521
1954294873
979622618
3313217702
714638262602571777
2407225952
1440312666
714871156721848320
710777068263317505
603442722
1641919908
697403893341261824
4470684012
2427295933
2894854112
3146998335
3308514654
340761562
2883386431
575270875
296560997
1389239898
2292993003
598234192
3347420338
2554265467
1634693737
2785587350
717987130522243072
2268692972
3692479872
1478777647
1237246026
4874287141
1050174517
3233103871
3151046642
220937022
3432489767
1274438138
196373513
2834100873
3702422176
1619949854
2334656568
726430639730229250
3187401469
719707238508716032
1718877457
561765250
421752057
3611671092
4080511032
622370463
221859238
2966990657
716130281397202945
3143041556
715572328046809088
2652543913
197749049
2194678850
372657155
254094362
96748210
127371308
2198871588
593560568
2442222294
1485359264
1852113786
849100460
3597750734
2330675220
4609077792
714143281
2247794487
1103208649
2801921871
3328342814
2376910178
1367332104
723732306
2807498148
793947792
2462610818
2659848638
2430121598
620998145
3922624814
2243720154
705448246
306419910
2992833252
347077879
2641397897
2611159831
23889830
282954224
4145412914
409225328
3249287367
621243352
440956401
624898219
1319782170
3328334881
1435054117
4556154914
323613464
437595877
127772085
2256921151
2309306443
3138587725
2539208004
2226707589
3405663673
2474019818
1464572245
4561509253
4012121834
636060185
407617596
3106517922
2647308084
2717062794
514342195
285521197
1053785160
771142657
3005784006
3656035513
3238005094
3062761303
3992550794
1156103472
3001384406
865696550
4632314421
1350876817
2897310102
2304540656
826992828
501599187
993391502
2463138934
415098027
3236765814
253497466
4506866658
3881252632
1432660345
2895598352
331501523
3236699869
2604791514
277859173
92839492
967700864
520660555
3284260303
379140979
2894346013
3022784456
1387169497
1891921627
3539367316
3046623331
2333621377
565531384
4054230494
3177007265
2728431099
1685050800
323502547
2257307774
27260086
34507480
2539449062
2953404174
3101543028
2158794416
2188559803
3196635876
3010380284
1940211187
2229115313
450250763
3970133321
502574249
248022394
1582388160
1422326203
1948700352
2613885795
590251133
1574419022
1666293162
2611805637
1441212391
700590137
2685899263
1060599276
3648380114
2801617962
2538123235
3393061573
281556139
624122545
812552359
3230347464
585349737
3011917626
2748508440
1432464811
1340775138
994581175
1457128932
3098161010
1603609626
135496872
3393570858
1713757555
718062788
2343561286
2278487282
2370962960
86907144
3232329673
1606507681
255645254
1049004152
2298617384
2291687517
1934796289
1937191340
2729957514
3523339573
1045445972
2378831569
2610052050
583565917
1868726928
521160409
221651822
2714462687
168125959
1386961261
2329543292
1683527791
408024070
2736623484
194179741
1506011730
908828179
1259840887
2378004512
921790692
129502103
2781861244
2149015911
1946514828
2726016225
618536082
1356818155
2162665986
2406979796
2776489826
587639148
2837099591
2527117676
2954433223
1550533321
223790306
393283964
2897325228
3325120426
539024115
2283666644
1680223843
895208996
1003470882
1746916880
2726837631
1648681045
2210158760
1659972613
269227371
2646619596
2355577669
517523884
860827154
3294894912
516859961
2920253682
2522319810
3301055101
547832103
371706468
1476702817
272631867
185585454
1594598784
2557149793
629840733
411395123
3102733489
381480798
3429751665
2253489019
1685727439
1275928356
3116030029
3133871874
975000510
39805346
153447137
220539213
844492837
2954844918
3278239790
2421666554
1142308946
391185149
3297982717
3425556471
3402962831
1175277480
1361669634
2368936004
458741660
776162054
2601613877
2275460422
3184767278
315906137
2739884930
294244184
1349906629
723267354
1258426682
2450526139
631831877
293681584
3170281143
360697575
3250041834
2213001800
1418533105
2307059133
1713434636
2757284350
2899487740
2375846371
619481578
271133846
2317690402
809108984
2613517542
1105547046
1660241048
588920254
882722856
1697237630
2511707304
2853257102
2334439868
3303668004
3369143626
2925762016
2354334092
854045162
3025666866
2458216664
297496719
573989725
1831049654
740887646
3090233208
2149335472
2229480392
1961016152
1121124284
340217034
2366716128
150653810
3311880467
3281874570
932692416
2242918434
1466011364
2358863335
3000347115
502598226
585176196
1219681524
878739253
280197467
878201264
1116258164
2301262736
2869737022
383961035
291500692
1572938604
2453509410
1552431679
437188936
2502481905
3001446854
542999789
190937833
630893681
1484734753
2545841529
1251582788
425116010
2801778978
920877564
2569377674
57005626
2794706772
3239254693
1588502442
2356584165
3383084037
1172342304
2727209771
626321725
1637948150
1920317832
1326251658
107367789
3249447990
2731092279
455026315
3274680805
3292602971
613815868
2651764657
1683882061
2885949389
2692287231
711993817
3131719447
2786389226
3381880985
215143540
332591536
1683406272
537799371
3381522395
3183099160
825373645
37409817
283977125
2479772004
1558682720
1656997346
1335252488
2955247062
2529783037
396774275
2919559283
2200962867
2658656124
1012371728
322411581
2326830218
3275358738
2952438560
1229603478
577082425
181549464
776894767
3150550608
1933239199
605454194
1062433513
882270414
212679596
2759444492
1589990814
2158848211
2691123392
2723747816
707295602
1689567481
2591236434
797795317
2164402933
35650786
1205019176
2571807372
2437770072
2874159168
3299581805
3018300156
3157913077
3084802182
586842690
1670326904
2872875381
608567783
285633592
477968701
3081232901
3254646210
2156333932
2835965824
2817774380
1074334742
936918019
1948448323
2157323279
1137626089
1215574548
3196070678
2252856080
2491543417
496436353
3018556371
93105849
427437089
1198533620
452036772
1420357844
2243760976
517846910
207415370
2783547819
1220303017
3304990684
3006791227
2953281463
759895501
465673102
73807734
2821819896
2714117801
2688021167
3294794938
2247564157
1688534041
116866389
2774355035
2364507308
280602423
3030627303
2222980296
1707337524
1219330520
3038945435
3017656288
601449074
409178960
433362742
610568952
2584582194
1404692846
1423612891
1687732674
793584288
194495812
2536686270
524397238
1410350161
935192792
2821094467
3106192262
332441646
3326770612
568508593
2560906746
3196722018
980387772
2314125238
431714861
3126221264
1513155978
557482517
1409527718
1336191674
139649021
2282396534
1863483097
2285394103
554966423
1084461572
2280161904
3014148434
1425513300
1969790192
1135192644
110669963
2550540188
2284211187
451604475
311643334
2289007022
2278197422
3225487942
1407019392
1536254863
729600614
2932526039
128007357
1864710306
1450895130
2829590883
3250383067
859520532
2560688228
3272061590
156933304
2833592354
223926678
1425560670
862374668
1341363636
319962468
982288616
1726942813
2740114677
365849004
99902996
1859024858
251772026
607086572
1238628787
635347189
2897810217
2266358076
167887532
223999597
2350720357
2872674351
1402518498
373413015
427427331
2300688360
2818158680
739356150
2358254278
1655974525
157248180
1960065108
2937556180
1750966765
3259961688
2821584865
256963356
406172135
1706783989
409701952
2772606188
1637798017
2608502492
293807001
1940756658
305463246
1082027490
239200677
1664116058
432642165
2799177029
3084167855
181606443
710672388
2152474201
2582227010
466147697
2310271641
835618002
2281942971
1679605471
3122670644
406933404
2612744276
2844134736
3361434015
496058520
2339547327
2611614630
1705037618
462952159
488223925
2246834275
616987192
3119199923
120578033
3192734668
2846561816
3152776157
2223683395
3308421695
496761970
2457661886
2511803815
347225903
314295893
2365374916
2734432328
146674019
3268071320
2396470825
2998978479
1612242229
3233938683
2943265816
157554974
2950083219
2601149712
3128711114
2838731771
2978244256
867726457
1646222564
1368416335
785781066
566584985
1666596708
1330603676
3009377403
2838869175
1739581778
2944211002
1956038192
3252194616
2282617908
1463314854
1377744913
1922551502
284445006
1622050686
2226713574
1384114369
3080177665
1560067477
2441515584
1324900830
2675991254
18380793
143216690
3014196362
2744948834
577900652
2247132329
611621697
2225984652
1535633298
341132168
719484091
2248445515
3240056480
3316851706
3057757931
268585044
148425272
2279835392
1944994734
1695036072
635956982
3329413048
2801566647
603276649
2901375504
2451706273
3226846093
2261999690
1408932697
306168335
71511073
3219803473
428248585
758124067
2762069215
287835169
1081274437
3142597044
1892390610
2241105880
3137661032
3351377362
2355841346
381121154
2781931924
375923680
3299783699
625235682
170026535
2155965102
1947329174
451794807
292112267
521037729
485127950
1143624272
2793238806
1161058266
3249628194
322029451
3197885561
2760449276
101930015
2460515910
2276972401
521808535
373537540
3308647726
965981258
2372962647
1331368494
2461008300
3221337904
2210951564
969054410
1540013382
1384107828
2809832156
584012033
602493185
2156091969
945652796
1059922514
765485678
1280452146
3223798610
3290173433
3344241166
184402036
1862841518
2556999981
1912959180
2739112802
2848108380
312276772
321676282
2418998054
2720587621
1437494916
1646371993
3016057699
337887067
409607035
3105212540
3156466477
510111400
353261531
2531495640
624329470
1331809940
153281226
1918805018
1615325582
2221132764
476096710
297813837
2598777590
1022222779
3250240028
2659383512
452550768
1074542594
3313520536
1136965897
619974834
2962807878
3190872740
1955687851
2857383631
945756630
537814062
2671226087
1197720086
3068904585
41041371
3022508108
390710147
3225036091
38821567
449939951
302936951
1059798956
2423862170
1330510975
2992422376
2366069281
1146784722
2392166874
927774212
583784183
363640677
396536036
310329418
2722170397
356094755
3207424253
761566620
3237463616
3228723932
808799016
2438308212
1946286619
1849215938
2821945495
2587653510
1353772520
2820865852
2297555281
978777194
965446723
1246199348
167983973
618627711
368992471
2454508777
2298468996
1440535363
219771927
1035945583
1544317897
734822546
126391192
2241787160
3250863824
2313223002
1608512280
1004186556
2469223952
1375778468
1685736750
2272816736
214979092
1649360149
595356309
270967401
476058145
2609564581
803038915
390598929
563194580
538900043
1083041532
467350394
1143341414
1329298236
326343060
2956657020
633165967
409625825
1293355477
706128283
588042696
535631508
2197532053
573234412
593730569
154442859
2904313818
2639303052
431726726
586765251
3141107161
2170160852
1368548892
1450747214
604142194
1457222767
3190834404
2437906182
593324311
781060825
598357154
598130646
1699218643
1386217916
1689360504
2771266094
425062680
2734695286
2463028525
2491719399
703679282
1498624561
2224039734
574511765
705842713
239246106
1684392848
2234804707
1519060074
348226308
913335062
1639679066
1544289019
2321723464
2735254797
2713990432
3185335646
584693105
1550552184
633876575
3136214969
1454786406
609058371
816539935
1326464744
1572986803
528269644
601537945
2681936125
3233506891
1622686141
1679637546
75532327
1358858047
557575799
1622732083
2964986459
2523708363
2453789318
287722927
2487483138
2169958416
2435891628
1342905511
186127641
2157979020
445432186
2743172438
1553308788
2592518123
2187849967
740086219
2782068452
2403054866
86608440
2932953741
2751583377
383662960
1096011758
2153873940
3309703959
3101773809
2265860791
154476391
2222897041
2805935106
1363998078
229459854
3123848939
2771837828
2563641893
2963033301
406727622
280704092
868170685
3109806396
2910867115
2521833462
526694600
1666088366
2979289980
1043831592
2687375090
3336248878
1329772938
1341307014
2710152210
1430603508
1870240764
3329967976
1698292309
956708221
3019848127
2197462584
3044969540
523076697
2876634331
453134553
2214539894
738996236
3146569535
842214032
1271721102
616393651
309483455
160714475
562266134
523841961
391230796
3007469963
208485011
3017046094
571579758
2366698468
527486205
31243753
3324804370
1538205224
601732660
3107292847
722148313
577719132
912430002
291001734
592623673
1416170251
1903549572
2996117413
213975705
1388881776
1246069524
3118034863
3237704491
607275983
2297052607
2881820126
142184492
2838772949
1121939448
521004677
717210410
2604779240
2446518775
909323622
3114006624
2270066963
2166685682
1937004907
929702906
1910891364
3159375930
3185744959
1643320548
2856539326
847871898
3143347232
327063043
2719106281
2425919340
278461346
2179207112
141173439
2731633577
1698182546
405236007
1293076117
2572115408
2865515655
1456620889
2365362672
2807288784
3024516404
3141121478
2534111366
986911543
2560377974
2857272432
2280652560
239598606
582919515
2895013830
3131462925
2475791520
429823377
359037732
1528730461
3242193901
323803488
2932950144
369784911
3107572140
34876872
766679882
2598269095
3195808394
109569392
2839910227
2205780133
1835202859
608893210
869028901
2190572717
234407271
146557222
611587266
1560180433
143705174
2832815851
572885287
3224887957
3032000492
2751788465
578033411
1258328844
1118866236
523180375
2381768376
2526230454
2757758117
2938647546
3107354406
3213871469
536824679
2921279330
2999244906
2816466789
2486300287
1051639326
3222990192
2488507657
3300609399
839767771
3194443110
2434540398
3231206016
1686951631
2369260166
1081324430
1969969730
2831521712
2703850261
558680832
621851246
