3315523560
4563786853
66785966
315846862
3776248396
3954517214
747040827545817089
756636003314511873
3687991753
30659414
3924192913
2481914413
744794962089254917
3699078504
748321946811523072
2793204673
3801735744
56509885
46160767
3615103693
3763295418
3265732909
40847494
720187795264774144
64106495
3246695406
4136943527
4665683473
3406329106
4132765333
3447215180
54902299
717290403016286208
468133329
227315630
705253177445056513
715575596240269313
4911408122
2889511915
712093570581139456
150178004
250516130
1374475302
319963380
4899702667
3308777676
4783962836
578818360
3306730099
1374768830
2356125410
3682588934
3532702398
3603188774
535064199
4709086926
3724699759
4562271973
3946286954
3612641418
4777152150
208506172
395804505
293859610
75811270
3368562194
4543621549
62456932
4126056134
3305321959
3969827299
4604197813
3617145734
4109408232
3955182793
4592559980
3956859734
4653065718
3973921334
40596741
3607032314
4679231035
190238189
3313319798
4111213332
3648010225
4217731552
3998677393
4535360725
4522852882
4598331553
2806569536
2776113206
4322135113
3702417140
15604908
161898748
719521543
4654750334
2805679766
625229632
3311276858
3192196782
4672134720
4367619312
3328543519
111525089
4670257470
4529176231
4682073972
4407699923
3740783536
189714795
3318506900
1663724606
1856457720
289010309
4265157913
3723742995
3116851203
3716848282
2997269627
3812990294
3657450920
4109919231
3433508877
549110243
44093798
183339186
2586642012
3994819634
112467100
150629963
3459840980
4615321092
749996221
3427973416
4609962672
17363090
123646549
4263063372
17581955
4314021677
155336689
3050988252
3327660625
3681147254
3813588434
3380587273
4546636998
4211661193
3675307093
1251741882
4212668594
166982554
3324017413
3388704312
608240902
3684689840
3871040893
4116532935
2535910828
922242968
152631461
2197419848
3313368506
3424855454
3351573914
4547592156
4542657312
4230074839
124721190
3733287196
4541851153
3309489938
1078323848
3742137613
2482046167
3940697719
3324408486
3484560314
4453984392
122609727
752924209
3523870992
4223423594
3422525652
2275097308
4318122674
3248741162
4009120634
3701013373
810794270
1389180114
1558154359
555005199
285535610
3269926992
3808386072
3668939653
2952891378
3312595250
3328454809
103510804
3728032288
336534127
3657663614
63333976
1722556339
3311221694
535275822
3688982792
4212166820
478131136
3310731044
364078490
47047335
3869629032
1046812405
314513195
1008769416
1852198832
3849291612
3504646932
4156829114
4175675239
233104818
137654214
2729754966
3421504934
3271168903
3317717148
4073622192
22345943
3305259193
3422650213
3315734276
3913558452
3309561150
1666498560
3301582956
4145595312
3459152534
3166565659
3848871520
171337448
3477181214
3312341833
3446920885
967626511
3282218791
152856447
26801039
2785793167
371889517
1473710107
519470605
109629603
30162431
67063550
41118701
3278343782
1977301862
79355995
34252332
27157482
3260722346
3594991632
349592359
3318177462
3308699810
282082074
3466155973
67309732
14292209
147791622
145514541
270176702
3287233182
3317909005
65694131
128769826
3294599257
2527257840
3344469672
377443782
3297081092
3297538885
219674636
3388965316
759251
3289548896
2839640054
38623068
3288465684
3301396250
1562027946
189503518
39455426
1263292416
3130440619
769797708
3281368988
199274986
98310564
109213578
60583926
39453212
15846407
122278704
63701775
