2784209132
785308908592037888
1561046922
2275192957
496395057
2313537663
3084810889
3337368033
1903725991
3155017064
734735995300511744
2957259656
228722020
251909019
2555047382
1372596163
2200617535
2856947383
1142752532
703026032295731200
779267647464759296
3612109061
1069177129
2322349315
207758268
784843763722153984
745992114798985216
306986251
1403738018
3245605673
601087387
3245397274
3037966747
759583975429976065
1729719414
4166893340
2258787450
4888094995
338349114
1957798219
1617459606
2916717966
2912592446
1594893674
174775273
3077456787
720756529524260864
4486588702
4843717180
4064023636
2941324872
2458674369
4210058662
3095562886
2856044929
748274066591744000
4415812695
1278464082
2768245779
1215225546
728432465480572928
434600013
248094316
329641532
135411402
161342149
1081324430
2917401601
422053280
2914526130
1601081347
2368859838
369869878
447765220
399343003
3969212532
1688474804
2225827927
2642079905
499810043
375022644
120585034
376172993
2288302146
1701482936
1856891826
2475168036
3318404540
425882816
2531981208
1916606696
2680931616
1487763554
1513750490
889154816
401337779
1234771021
1854069391
1859456082
608940590
2327665704
3165055395
1528442072
709054255
1349309304
2391269006
63981584
2217531451
2805344191
736384364
2824869503
458232258
3039448622
877786646
2351597444
3244908470
2893020451
1593279500
2466228283
2781305687
247877672
438007114
2936246065
2240205374
1614637586
1959781670
1698685422
551389174
888335054
416831225
1017206930
3054369394
2528727768
1863097105
2273424432
2817447890
417527015
341336522
2448526950
2647088467
3142895420
2860561089
496508554
561414157
2202893096
111900149
623265796
2819511373
2699297511
2596027716
2286263311
3064676268
781702327
989310140
488254940
1916144732
2219230982
2965993879
482917689
407542748
2285509549
2291535182
65651699
1612416619
339222329
2959214556
2391884450
1538147359
597508614
2827918048
1116119130
128732457
1255812968
388857429
407519401
2183329934
1474774417
16802173
535883965
985987236
268396730
1043638675
258071480
197310522
2322860169
2715786646
279461963
514431689
237210258
241035347
797837696
48079661
2482704254
2155817089
1867021826
1605548960
2746764088
142432236
738880250
304182161
619905252
2313426301
487320747
2159521167
997944966
1166168970
1927247401
845169536
2802707607
359184488
453616647
840897602
2536208956
1893948084
1451039011
1482896730
2664034698
2332656235
1164697297
122984726
999036643
313087874
397833618
2532338246
1009376360
567054298
1288752338
257403310
857491368
2839980158
903356136
141577238
2565098779
1514509363
503996063
1538059195
2867769429
2783417354
2824203750
976229726
2450936227
426223103
1726074420
566691888
1465714831
152988909
2341750213
846459439
707187260
2286495763
410268525
1368623400
1258426682
2511719358
2663047964
1150160227
420763860
531468997
973450838
2357142397
851179088
746724535
1572981770
122236934
951781741
1240870291
485358678
401531387
36055417
866432972
2386126643
634072877
2556284459
2179164944
2727408381
380681117
463569449
1451173062
737886559
243867030
1562346824
1394763817
205708060
372709509
812188470
508923674
149410894
2241550531
1681789752
628265333
218708906
383066268
297265706
2199699564
295710498
613441579
1330680530
1104946712
1121282520
1217041068
714889124
1451645173
1616476885
1898662801
2361518595
53196001
986552126
2225374899
400551295
987212311
1275730297
109687912
789052868
138180986
1864713518
1543897164
555615247
1653743618
2159388230
532519734
375965859
2163751110
68075378
1537902752
1281012572
597265430
801827276
441170617
1056191028
230248408
468499164
775383727
336144949
137228781
338421511
2395397259
327259121
148112684
325173979
1621060333
1584784218
373029312
2429719501
2409693655
522492161
210102368
1649902818
1319860680
617700013
1721122735
188056040
2261355537
142693434
2148536347
969966409
1455105800
763359824
289114434
829954502
2380958574
1416809462
912482396
1072420542
318690203
741300445
325680282
460662627
130619555
507320571
165968116
2342705706
851845332
2495337330
512593203
1946557579
171790571
1046115463
1935404059
532242028
1072734805
64297760
411929364
306109469
250710352
423860191
28541807
210292414
380093569
633397718
320996946
348788852
1658799288
2442264254
626867161
1331235968
390387340
1584634830
1901066028
635482236
1132623979
571699079
1841661403
828135402
972461876
1106947634
1958943373
2582844700
319103862
2536316472
1140915661
1592633227
2358313036
1335598560
421228689
1310828268
1320506720
1976871092
1701209634
1012535418
588016776
358884691
543655222
2383936681
737045412
1542265212
92839492
481664078
623902376
593766972
1492974810
1861444194
1976392531
316927185
1950234012
2170063526
1529193986
1357431223
1013344052
258196447
526083048
1338331478
2353840705
477166199
622040668
1855863200
1832642474
269375255
2160873364
432960750
256270234
308615523
2163699215
1411401618
68743527
502993112
1295927612
705404386
1022555388
2490772641
491628990
2193171735
1610108071
760522627
1720105813
2286161232
705204497
1023009540
289530049
1382794003
1586619583
118757341
554009461
42121686
1327048088
266403573
1004488838
1523938070
2289769459
976740978
1676483641
1538422710
521338162
759716083
1387565982
814299558
256767757
177494857
118988547
625106439
353035597
1055232319
2314989996
1048951202
584640487
1669781240
1680785706
319940552
356138330
1285191703
1393704500
139539038
355795737
344316738
1396698397
73171449
379408088
330705266
1906234147
549612330
335043806
2363558445
547832103
452751536
1551993157
601401140
768259040
2387654288
379477590
444924370
423504024
1087602271
323937039
1343119465
751735021
2295966798
1015373390
332523032
2377544666
423249816
1433115937
1650887107
2355283650
2322223669
571002851
596997074
104758438
68581899
1329126938
1046984000
905676254
2230617531
1617884653
40748164
1354718268
1111883610
2302044049
1456796484
108934311
359278458
85955307
305476353
1091677310
1636086554
1716201733
2263908978
217700577
529107587
570111390
2328571782
296534760
1135877646
482845520
510074806
366028247
490625617
617592431
1069109808
1103655331
804050664
2285774779
2182600315
2218497812
903177007
2210100836
781571947
878659429
2249964551
2265344203
232063980
2257772263
553666381
351111202
842309588
2290484929
1605082561
753589740
1025244390
500514589
1441936014
769648886
119280920
176101363
1460438586
123015647
589924319
710423227
763029516
2264254700
547767285
1937569146
1580941482
545774136
2424291266
180286647
169345624
1011979676
593496062
45071543
470792186
967325274
749174772
459013267
630477718
637144905
800032436
1121078412
117202778
1614554202
1022043710
610587714
602484883
148143264
1950703782
311874830
1132694311
129828635
1368684313
613671193
718617234
324069090
395055051
1556113933
565039322
631505893
462299550
326558142
450954746
1077863718
233789277
1067348436
609569906
1889185926
226436562
1808069958
771671820
617789449
964611349
1028742823
513417045
2256704276
602878127
2159581814
543299499
611834127
359118419
401319544
109445601
399947880
1290904146
231767854
540367394
1882228902
313307791
2330631239
460999539
712086618
499647433
1959911971
528831157
799965877
600194810
1188871345
347702950
51364667
943492422
386026243
183296163
1471042166
595174033
714757849
342193675
616283266
594304688
312651903
1465450969
1254700212
2218747916
1925787067
1275795206
321020132
267035644
32846279
998917404
1648384062
368198025
899894718
1940048677
1354172508
1427379704
2304293490
1928233140
2420435802
864404767
1346872213
1337348406
20043786
708893702
2395610437
387871787
1418842164
783480764
759532854
984701478
129527179
580872488
1149812402
398374450
1058647446
2385572112
101623051
1164700236
1726226474
597733503
157169019
2412297828
635727299
2231299680
2356362342
296761170
1285302955
421955743
536994236
162305399
287556220
865705351
1336673816
1321552896
1505200644
1269083748
1627233523
601388829
1007872202
195195021
405728790
310072711
761203722
502172507
1104453631
1619957786
748051176
1428925729
61354045
820647396
760319246
71066947
347511903
1690730311
1559506352
467404857
995352439
147117779
268153118
1316072180
213995862
606274046
2201822985
1243746666
1044954494
1858455817
286617351
384243946
1138414363
1680866192
883319036
1262912059
244698953
320694134
1003159874
1160250036
1647888734
914482308
1634458944
2182034558
1321976880
486448107
1568060209
2176941347
1657959085
860782284
863231983
343533813
2385005197
1251554569
714685665
1372379042
595759692
1537824842
481092427
397223798
217237667
183763871
1051639326
1082475528
1941587390
1292180767
1715735738
307710043
332442792
1262951202
463593204
315322230
850420056
338045455
233608476
826936550
1010381426
416530967
1851502502
860283925
595962651
1081284576
1607823025
1453556965
1688740136
387908473
380295811
224165762
525018045
600546609
400276412
1621416866
527691674
441251955
368267971
2251743439
605957945
972379398
1953475369
326709969
606317575
1319645413
408765675
392242927
276784567
1029623329
469055380
861130141
1421370360
1108479986
388332055
421123831
1297052342
2260496169
257742584
1195608475
151792251
2259722524
801934274
814498322
618270430
456696175
2401386932
1080749245
2280383084
730646616
150653810
131635527
584240193
1295591929
1140898176
69953316
523835139
1132292563
792141740
369166026
459439081
1157809651
1945097708
846600715
807619254
220211567
272778393
2202408966
206585056
623585367
823533446
1285283534
132435508
205611042
823607053
1229926362
2236394492
361373917
227924607
1381656888
245221750
499192965
545872292
289267101
297088332
415153011
2155830221
1121889848
512501152
2215936214
811472809
2336962059
2293503900
2306801457
291667435
767072108
1562523252
1357938404
271027125
174416608
11018442
476932800
36740940
1132309970
1000741351
1569968078
434175157
522544155
1148711143
239355543
1291058845
293404195
1083676608
545689147
598269464
774965443
1548906908
2368575840
184210754
1032275684
1427277476
555015779
333195178
1099815678
1321083385
613603705
1351377812
1026421231
711963050
289755843
1970945064
1577747786
584118833
1622052296
2287571276
1018555386
905808313
953028128
212533912
2317612854
168057992
1053381374
250447962
345607175
781455618
555619544
1482826904
65003332
256569299
346896038
637184469
1500276745
1539318740
551858109
514928720
735887167
284507085
1975143415
573848621
1202349066
2262961218
335474656
189354245
872649620
1472408226
1943554544
245311801
1647380606
397906046
1602261804
1393289749
1396511034
1605112381
380797866
762732186
552525799
1296239066
1690091768
266708256
326237852
1253168330
203639299
479446319
850469928
941807977
626191398
30054263
1594105932
329416502
1912652017
309166980
72531717
1598589668
449362395
360179441
403930821
993628021
112289040
1931390707
548515474
129612549
594071735
581466920
381692269
468755769
633736230
1619834743
432606380
421854236
324218697
734205498
1036243832
569338152
301618595
184516251
389365257
840330403
1520802114
413667963
231534656
632865680
224071464
800890892
978077508
1698315224
971627058
105356593
459983504
1542404064
814274114
285689750
2177692846
1462158967
1280268602
1356013753
632283165
602337848
235029749
264107729
1903603476
430493108
600682047
219501487
1663241275
567707186
339670260
139380270
1561624699
1252882814
115547024
559878504
561364020
785722849
1593517824
93671585
632189123
1069468842
136430929
1364981046
359959473
130581479
289782310
129102595
587596694
1111193893
621932053
103389797
1331589427
731366960
218708148
1393000698
1046671968
340746291
929387456
702288777
529231081
241423643
835878222
127032632
358169647
441898493
85479588
497768615
62028034
1052853649
248072292
573259714
604313585
598397842
403255314
439125710
403246803
1267458247
1085043649
578015986
260954656
1401882578
1453935576
151454046
595696354
175334759
441418455
1177832412
379605925
247539575
636764301
552479841
1090720362
567930983
921964819
1270053144
60444524
368682886
483718771
1560604831
99722237
96502207
404646527
104675449
231851701
1381679048
315309589
529843191
362635859
952882334
1062649316
1065428953
259006378
466004017
626019065
127970973
161538610
518652821
824978934
1294828976
578924885
550825656
62200055
185819374
259740525
527841997
407834461
921638161
1212520784
131594532
586306966
553791942
560389730
528042137
179266920
364395654
1095447866
1674835338
464058871
167714664
272561314
30120167
326717016
377413048
336491358
1402919858
550784120
850495224
1010257398
366063185
780556490
112457675
453961426
1587662599
143614629
1324841401
124738511
365982545
154905596
610184726
175592672
428011476
1667589252
544484696
403245020
711709465
500025857
332290346
238526988
90876839
531560855
161625162
777978428
1621391323
1454197927
534042088
559706768
44631998
1100912011
549628822
1618803824
624636834
623312517
560946297
523516417
598840175
941640794
358066737
1282421016
287968703
561324154
635093871
631897817
901431108
1033682586
637047306
920950560
1017236708
469867411
286083786
457410817
255406009
183074970
1018606688
840383150
375424571
120391611
1330357538
757152907
249204346
176136233
120619596
356726641
78492025
345883858
598285727
1165493185
1474858004
1296029065
851844674
991427719
51694255
378557567
142502448
858384924
66664787
537112777
200796390
335575909
295050934
1526425952
163161065
1394947322
874492759
1142202044
543573034
496934876
768273648
1189403648
175813509
240933771
786362324
247988052
379230880
952488050
153880278
57601858
1275537098
153336680
414157289
493427122
189393583
244019573
706343017
884249155
583205277
849480187
227586406
519603153
1285343203
339361985
237687447
1022976192
549385567
233205224
1058031709
316897520
580173766
1368562639
571172328
973666040
1370253877
1144280340
448373890
433972812
1055350560
1355584873
499162053
361855904
1015297686
1246825332
1057890002
896508205
134696962
386054105
1371756835
432507251
277636514
349103676
288695953
528293905
269014169
396473261
300902944
234891624
527434304
851082746
806760794
298483573
601384161
1090858471
1247955595
964018886
1087055605
152629841
144414194
408934891
364070770
448846148
1092433770
234799171
52284736
233150589
601598014
146101703
896388264
564415009
250581959
163910785
293895239
1055562571
792194598
143705174
228778065
243909074
288236063
895208996
572726205
824676733
426724096
403382281
705367610
607747244
966333463
564762967
1111254374
114225399
1276968000
433389799
1112679331
234660447
1013770028
260724068
293392626
598282884
393893680
1044892513
177417747
285405627
225279220
1138962314
1272786152
557697371
868264376
337892564
439115370
518738308
540700677
548235933
1154312114
1028376378
396562148
1185898207
1127309192
1028206578
387431751
228911075
146576616
763263799
897238472
391616547
359002048
427346418
375824298
788939010
746742018
337020420
131302297
1004333719
157443576
239482236
513838122
1159824668
180796940
499766228
472757089
187184667
626919819
1091550732
924070015
117053714
588245716
289298351
1079165282
1093667976
278075561
198854168
590299584
416842759
125592874
64150576
1179356102
335754736
1246414387
558735004
1101372769
1101741170
290559309
312004809
94336776
1086331873
841461223
1218111740
141601797
715394670
1003363832
610275093
752214398
523674592
840983372
901366861
317596539
801276518
882990768
1026285109
309704736
581009058
598082804
414597050
165706784
33261404
864740516
630936489
295705148
223439672
722247750
870452384
725611674
1057016533
341601987
1059474919
604510613
869865416
442742708
478831016
1181123209
491994666
962540042
105417634
115875368
837199195
350246162
1132179120
474856272
878322882
1170318122
354741272
1181367230
873480648
783269245
34681396
1052749182
384259192
932385548
1147156182
855018199
301822916
274932621
106813056
578087269
581967691
350855272
542727352
126969393
1116861900
983269489
108508609
229407040
409103153
538045202
708883268
771853214
1049796122
209928337
320265254
559509991
168737995
448273495
456983613
380399508
290576521
105296218
501554712
1119441182
1062962826
943007556
933090972
23375688
1054619929
211489746
148743148
943052222
899938848
609569542
466572935
196795202
34507480
79387374
412010636
453027345
154915030
21111883
476466287
105119490
732463860
209708391
84279963
158314798
176566242
181561712
152309758
27260086
