603397837
27805648
3229199602
2830051135
3289592909
980573052
2359311132
2808219345
47336979
316614080
19356269
541465065
338262174
289487416
3231776103
2559891481
631669280
3160381099
1721088428
16992161
104459389
2898118440
2612403996
37001485
36832842
173167923
2898125850
3161604356
16050296
2878978293
2254164516
280678037
2955738028
198039504
250621937
1648045988
317557250
3188678709
380971445
1411425830
2724195364
3231853132
577492942
23338145
3050784192
22730618
263918540
2163916170
360173263
1398701342
338255103
2958355866
781131919
3002289465
2199961428
2738999136
218697713
2218363970
185738001
388250475
3225620956
316594481
3045232990
567752461
148896149
338115564
113422725
37877645
318071009
316545308
397993662
50118126
15645871
45105778
317124626
557254053
259387703
25253084
2240064865
20501583
259689332
528807413
3159124587
18936284
1635811752
316536365
3101967877
48343144
3097914650
3098695357
2388064016
316326533
17538349
3010398018
282940976
588559501
29015085
234827348
27474449
136346386
603471825
15274836
243241197
30249176
2736718396
320812574
2410882783
3088511661
3078175842
2931608331
3228163498
704559630
2858251814
2504060023
2148169409
1675479854
868810314
3130727825
317219392
1267351753
2242304686
388454092
2218362306
3005675415
3038986434
1406289523
1414322052
316230716
828791870
3177067142
23327597
14321748
443670861
606412878
1561031316
3087150164
2194288680
296850326
316548434
448321732
316585347
2862483336
603469461
1096287596
27112599
2886645436
75584152
76595252
3151008732
2970429202
3025939600
316376388
920422250
40262562
2879843439
2466502273
346836110
806410118
385460980
157257876
233983069
111485463
366037191
74164221
2243051899
379498878
7349062
2982088181
2361516942
2401086943
2298984210
2701213939
2701492915
3033633725
291764346
395773875
2400152734
913706406
1191476053
52835889
83688326
1631076421
316426745
422216482
2857627460
3002138231
81132258
27897429
904810734
1111775804
585591811
457338834
3092643077
2351739991
44297830
51827065
2956527375
1533840589
2990786480
429031681
122231203
261053799
977550956
189050344
3004278676
1694643314
796103341
2474058360
1693359115
2949279304
492146500
469229199
2935251391
1135700220
46627618
2850306669
132994627
43662736
420627794
1365258446
3031499657
2815036058
1488322987
1301056502
1024471854
501830241
224704470
149488604
2905628988
1270541497
199826081
132206629
3088596743
3038761136
176547036
2778535904
350403646
91387530
2977101886
2312501143
219976460
2950571085
2316246829
100938828
125512325
1157928384
2273574552
518898392
1479668388
1913410831
973688010
446624958
2304127238
48356890
59393009
385829355
1558861508
2874589024
2762785196
2994312988
1701813770
1499460392
1638439164
846152197
158829285
2459611538
347785759
2987360316
2222251922
903578180
34169042
2541357239
1499026446
296545369
299347552
34528592
1103249791
723125365
1413915662
1944177338
3028536154
635024437
334197707
2853466898
3026931933
2929962643
3005951095
24571916
2954420030
2580471481
2915595518
1599812240
329653744
3025958727
192894240
2216915498
42170658
2890629997
2956061974
2925627815
2572649697
747452280
38436516
2284066573
200614732
885802506
1965457579
883128109
107651327
588728409
56405790
700482834
2947977619
2744487833
181620591
2375154235
547336223
78448470
2762935654
51369572
25033825
2162845368
2983105566
2906079698
518615888
28623510
2391271105
29833261
2856901565
2154205163
2993030541
1629863767
2447829781
542032919
27821940
904341704
707508241
537212124
365511006
342822563
87710945
2484195476
2482389236
2889338488
942868836
2815582813
561654065
726316416
2318945655
33503217
2949871780
2750024525
2408538376
46467450
609742172
18775482
2205148793
56938314
158214356
2904755323
544508239
2957850628
401710943
2838141435
183346337
2789857985
42462028
405848934
298532861
2950954891
2611653028
2813489440
2373145297
1561817358
2900068807
2813301426
96148306
2805585654
2461452080
164904686
2265048648
2172659323
84590159
241273903
554335063
1314177962
573600736
2964681598
842217397
447228526
2228412702
18919838
2662105045
201547778
598580307
190971689
1070688091
548699424
2504519304
588430852
444401789
354961568
2329508473
2266107109
912743496
1316631780
1000098456
283631263
277431039
242695859
245990733
487249114
2201951496
2426563554
21779975
569915255
633899914
1499230723
888424928
2378713202
547699457
1466366744
47114187
2410065410
358371609
23524244
2451676018
169215309
15628274
616546275
2359855046
978983136
2375915293
2249377546
19558732
186966745
1126458745
366176177
434184087
347956658
436098858
65332206
191598808
395086839
184142192
25236548
79288444
322801186
25790696
1531277846
78883324
262998922
16492215
38976017
438874232
2381294894
2403050339
2371680043
2372745929
2296202075
1426328059
940503344
50094643
17070787
368006824
1357076773
749748420
1271781306
338341096
720938022
895893860
22270618
464245176
42091611
90577822
2252163392
285730162
20897273
70203032
1425464527
336162378
2348158339
287147790
528335923
414938338
478443174
34232307
116279315
455798721
112479899
904046996
397384388
408469078
42589695
20280611
16700546
2248112163
2264289368
2307291296
2311669454
343295463
241896990
2177310724
382011142
40675968
1361667529
611577887
559754468
150077076
347633853
932309300
2237002484
326477382
1880103656
165940791
317630994
420397700
2318743294
1337705725
43720088
2316877266
1124229404
2295132189
2310232843
1523183041
2316416198
376973836
377844170
2323750837
139916656
1697925708
707676236
834566588
1930910041
318584628
217136747
2319772394
138249035
2313582170
89732983
1901003443
257436962
2175963457
179105035
374954808
137899876
2290984279
632466068
945223483
111225697
242618658
2316982853
1481007013
801511182
16710420
140517388
411047991
2287272584
1345079730
97476190
32274411
69215257
222387441
21426342
2312413866
2175089487
421460415
2314090526
390641888
2307281275
