44315911
4011771015
281874811
32489614
67375001
1411749511
239510568
50647831
228393242
703329593403412480
1104785683
109237155
745984855322791936
2844693572
747136356
799257301
71272041
131056491
15283484
3318167594
4502696598
2358292834
38606879
2412920598
473792583
2350842762
457316876
32327154
27550555
486106100
1436991990
2227540266
16708240
95569657
752158289568215040
3180990450
205594654
412611552
386058412
832290697
3257176458
23658399
17644162
248989975
56008552
1242000985
439657530
253257813
361449616
18267131
816244650
514974163
432945670
200964745
3789299356
756997448157900800
763461067171389440
459495017
2548243027
3386888298
828275510
4662630175
408588092
535400371
906928770
195610523
1852712251
624664727
13337292
2482652528
737826714
2587873740
8795772
146459577
267701559
710616972178759680
728384548162035712
16474992
245688940
1618847287
64906268
2183577439
22694866
194355896
267603819
97689765
560026387
257801122
245564291
557334459
345134536
2802153233
41670593
838021478
712122132784816129
90334324
1365441361
426361581
1379737104
47867157
2186453322
4745723294
2354883653
123356252
1525841041
865200110
2531775750
774643068
769480195
701551062
809897826
955614660
768633080
178964079
14185317
718138956911656961
410056274
16672155
2988501189
212287693
4067337334
35974292
712477493425528832
731320170468261889
2718239093
470268558
714037683979489282
2496599688
314249480
747894001458569216
145862955
1559387898
1117091864
16942658
15983306
93419194
17715225
2582179882
236639474
351302601
1025859013
732980722135244800
3270748802
456491089
109700634
727840825661661184
2299280329
2247799814
831282715
1519465350
991908560
39985050
244204448
860415787
724381837
904913383
976734595
23440458
231169484
1192348477
114918344
741335680379297795
2955156830
716202792491220993
28953199
741064132905082881
25720057
759531162054238209
761897092289798144
2480998605
399178595
183745583
756001022225453056
374817258
314849636
2835759040
1056932990
345063291
22512395
341815283
14757714
115482620
755832796787142656
2513008747
32737926
1072393874
628629535
163655954
2592318192
900183410
140665935
4874896845
714562596070952960
26648990
451436822
1061088602
605889893
3010518348
589399108
1884337686
761657007619338240
84525052
3706741457
2279709169
749337494173261824
755416914546069504
39437643
705119727216005120
1552286310
478151814
153969233
555120449
702642294772477952
1957948550
466839675
3281853205
31590834
2275383354
47491845
250154062
477277263
165850793
713735942
3428247161
244681501
275743098
16468815
34383891
3825307939
3100244251
175378976
85937503
264833204
713373797928316928
117548274
4039143148
3144725996
325832052
3163073695
806010811
55624598
702157689166569472
2505492426
755455172093046784
23913840
69594434
20964739
1189112119
7496742
31915261
2190334998
232962457
498154944
2375728898
1482492223
93777935
2573536982
1229363557
3139235347
594052448
33421794
710889716069965824
3000400970
339070345
4493114113
2699827792
4852175399
708293450312060928
704221897286819840
3407211299
4671268010
4481508922
704481717403394048
731148918873001984
66686131
727155739681280000
41483434
255396891
1663245793
800751882
1340254758
3060489838
731237641786531840
231881134
32917190
26348896
742367000526196738
1084817426
807338700
706180554673106944
444804260
1922263856
467932000
2217090614
4247980034
708282377936740352
62500701
30739842
4699390170
760429822640349184
3602639073
1020067598
244783412
747891181338525696
48608766
903922142
281781595
3296327789
287469883
731159200743612417
736256646658150400
48536590
755228591273762820
738199006879350784
529401859
119957189
24385554
403838500
403353373
23976626
738790279931559936
1188380772
714570609385037824
35476238
3063982546
513724263
139616184
1001507324
223251188
465833678
469705918
206872748
16209935
82275729
348038940
377445731
710375905873494016
713091735140708352
414257018
213551394
32206125
724981315087523841
752160598721306625
720183112517492736
704761579825471489
48293556
52040398
1245111643
725330619320930304
2567365058
33237351
2601873347
582868865
451662665
3298421676
312964185
2895190735
1077414290
752924128445861889
2316383071
241010611
40874240
399665589
2800648561
233291124
755057200901398528
2326658573
726895350175289344
557533937
426118191
733763309963476993
4196846680
130794511
59849033
830330036
842868962
469303245
122396513
407495780
741058867937841156
212738155
438703865
5513002
235395935
115563859
318073012
2374338025
705938740372496384
1724366623
121767166
2736359780
718069750321049600
755909567461068800
1252520990
1879298496
277845186
729401711622770688
4152334092
65476777
57756087
629394432
26696510
19758302
18921663
21035409
4871097593
284534380
742782177696468992
708282547487318016
865003854
705299120
2783402593
728097555968446464
2292626818
515795538
741290129508204550
3062750309
67899097
752134731307814912
3473549662
741131879412305920
264451340
2245899935
449588356
11347122
1634552636
4890221482
525783599
3298778232
17368405
151277267
340762247
258871342
85953866
37512393
1915950643
277261996
24721390
175057383
1381088924
898533348
574956739
971408053
1186190838
22583583
2361623269
216802451
838254506
21802000
291857568
55196625
624805598
356838959
703479397039235072
3145734280
727293942
1537590361
85729788
20989515
37644319
3063286416
741566371411021824
489951708
25304264
550685586
755860117254307840
45571759
19360844
329443994
55370049
27796390
421287911
38671143
731549038646984704
17111550
901160826
2311086683
2461850952
525697951
1695286476
474563808
228071771
26029878
462906157
736221584742961153
33572003
932961542
78622104
783494971
743190122238115840
437609026
1738057094
3303748735
2896393101
733388252355297281
1069714362
3082370998
28054812
22539456
2342310817
123867089
242507768
110161115
3004038184
753972572707024896
751507030628704256
738556713448570880
29184911
19030740
45618731
310361250
295225623
17623244
384439929
21833728
357245375
735459267722006528
754713786100178944
704734240672452613
4871941503
41525789
594704560
2909475733
2520557940
3061615740
3068811118
720281941908463616
2211032895
4830593062
1359980808
710658407242530818
1608601939
1403475325
735604175766069248
21097079
50936590
704407724088541185
1586415445
168275713
18137826
168524035
1114886305
21981984
1942453848
34504964
743546846803427328
407807940
345399113
960967081
914567454
757739089
14098607
987270559
1115501100
2493013459
21690687
1707545593
715788612164534277
442911245
101790355
56216752
39870549
318824646
1953032718
80380221
75087004
49966935
15035209
26346508
2553558810
24215172
1184544560
370956349
381181152
32522055
41984111
237033680
887744094
2939978815
130936537
717122653472047104
3066169827
162959093
371347463
252850525
1159088317
2352361346
3366086818
1566569083
223904974
3307417512
382330761
268804418
744273598089662464
899659586
17264560
204161510
737756573196529664
630159847
4453932855
719213679934181376
868856461
4264991590
68430259
705522154285064194
755106220306935809
53056010
4057356801
750470830774190080
1414627170
1914337062
937599224
18589806
134924292
346225460
741156137203040256
1226651287
77782711
182530270
2811873666
26431000
3875159051
21474305
130938557
24405200
21399972
740955539354603520
734123781292167172
534622823
16456938
3243707748
1344022837
15220768
331120729
741050639409635328
1969346438
325340700
585108974
721327574786392065
741089848635711490
300497193
473237658
558819654
17141349
16256826
1584732452
727858346733211648
19568591
939410138
1594041529
803921318
235231110
3320749668
721180770765783040
451912692
732515283902943232
289427528
326139135
21221064
860576268
2956244079
240882716
1953995952
234858548
325908466
61565052
797482897
4190618439
129237043
3386453831
1551461065
709948320215601152
46043973
819964254
16062074
46916472
3050006307
49764393
42291075
2205709675
118718294
715538615376412672
2988862155
23167860
45679880
1077386126
749272339410366466
2423058966
17012824
299929232
1552494835
28785486
637230669
26639812
1026804667
2390500363
213735436
731292949397577728
294459097
398702223
337377658
1659156038
2875169330
4448656333
2921905132
744498751
427362005
731246815828312065
2540442901
746483342665617408
146836304
825070002
4832558902
38597673
747152179207634945
728815969510957056
754530611260485633
254083841
4058390246
245153611
1962117602
385982380
2389984039
33149044
1012625209
14802013
737717173754290176
14541364
1892315352
329918977
2147628530
26822709
25022491
513775722
2331044448
3050052781
331096788
2382470347
390490929
16974907
731925359965392896
319971600
17850785
3012462963
4386938489
16190045
589606816
25335245
520029915
628417129
868130508
748946826972332034
469107911
750454218494873601
712011025701154816
30306594
34243426
2774065329
4726209567
36654629
744231688218238976
1389391634
745827534244352000
22080646
920133836
4885148617
717533272461303810
50175653
2695801176
409496789
3076414425
322756085
2327169185
3414559738
725295042013872128
702239073746837504
18020589
25428549
704386349562994688
735297696982925312
539573373
703040574862000128
992081976
552355237
1419037717
330319115
317090188
746487314046685184
2421067430
23094875
26015031
252807358
1441722775
35986720
15984495
67638477
168759825
403667375
730611540
444819440
741450067769462784
595665351
457743272
20830711
1418394145
117137247
385826640
1085075755
131018989
302991001
23282823
746750606744948737
19312750
612782928
534775770
707430302608703488
710804659
285339905
423177946
2553545652
389768752
4491531140
484158909
864896366
726173367066193920
225129590
2272300260
214862486
799531411
3349130025
4429709805
411392144
450266680
525595860
720048569743331329
703394778675875844
703468028277620737
717614332322967552
706266634068090881
737090258328752128
3224688068
366125008
732633469671624704
19040963
519231329
3314642570
282269124
25571493
635771645
2788398650
741455812225179648
476456500
3427200023
462351266
24379982
4895587347
750505052226220033
131591070
48128080
63963688
562595617
542947234
15099539
439723246
705469422517923840
703333870138163200
703061927656710144
4240875672
3234371029
2743270227
2738974778
1079944946
977578987
48854106
319777415
61149653
118492640
704506729023799296
2428776326
3198924868
3441941892
391646782
3293008812
17995409
744069426388045824
188958822
66005782
458395342
80956994
156458952
21897281
466992330
4812778686
769687706
558293436
724677137802756096
387341952
878597622
350336411
396188102
601519183
177051928
86152417
931039604
100678690
2954044532
2902674233
4283343199
2725133328
2361647298
3344387495
3019431692
732767937170284544
1359947880
2664278533
241629241
726597368611655680
3412703152
3698727339
2317484126
2442031368
822154424
34023470
741292447477551107
34472215
708787665450172417
3479654537
50850617
16571786
196802928
1539242365
4495923140
138141495
85230067
93251080
3343738493
60124745
2866639611
305894011
727558548540956672
735103080
3364781501
3019681239
730320649080737792
710959152168902656
720466281300930561
355028519
24740260
715786590786818049
2361357000
2907576134
50056314
716905889
553863468
567497808
50888768
705226107507884032
1599764353
576714872
3620366536
2516013102
785756168
242991940
16330353
858921774
525925642
518227176
324440331
524822551
117838064
48088063
712958933183279104
17721912
106331667
3239264239
734425814
3166023404
554758945
241241243
126145029
711555218261942272
3233236457
4859565389
232757559
605757334
3151821750
486842537
35244263
24321039
4799935000
1183347031
370834155
2941330719
926128254
1173756973
4884508152
22106033
695365245376696320
1163786779
377188795
44959505
344687656
22316582
592684406
3434305366
4500945614
40276846
38340552
8370082
4839064522
1229971112
4002607632
736433043481579520
529151971
236928181
2433194094
724077790492913664
527424042
701383985746808832
313772276
19402593
370882820
2243081065
723175496
3697637595
15379585
312684302
222134762
3107854783
97740430
20570420
125752774
727875273585086465
742888642973077504
740651770251075585
737679261335719936
733156652715675648
730148430681493504
4885969131
4804330706
738757745600520193
745334247691517952
178739223
728266495801884673
715363955464491008
17455261
726151048151191552
582492948
712691718353649664
16744260
792790628
2233525334
743603502866440192
350032839
22204106
524024759
4751116513
3244310880
38493206
807557995
725233577277820928
715641557194567680
3385951406
1441673053
718172998541447173
41745189
120108428
226838632
225344080
735172264178688000
94603953
750310314911019009
746431706706522113
716371621380890624
758015149
4847187136
232080325
1859515387
2226140491
3660147134
520460203
4879246271
700470686444224513
59296465
1130644273
220568531
832125498
860061086
1913235571
705360530966499328
708422843189452800
3247318839
3121651429
709179924364533760
51735659
737457147009630208
48165428
289044386
21458110
1141130401
937448700
588910218
19808920
192179675
253311018
427146405
1316727955
2597372640
113555307
735281631208968192
231154288
389841834
296571098
21051380
3316453916
730132901359063040
455537870
22165261
18353495
1543452505
3670564102
20467920
9322332
337406543
311613071
20594278
109854452
149763376
14522241
19380829
2730345168
17372783
718821952371040256
61868777
3162026288
27791832
3081659314
96858802
65835997
726475738015236100
745733128694599681
3065967867
926383879
570859259
2809234257
1265377520
466205000
2332749517
4530019292
387162020
810145062
1412160763
19508842
340952746
4890222477
4819005005
15471611
190260040
813592135
28577889
4854822338
707760360271511552
25855350
1359450462
3062262691
482410789
216669640
4883889839
75914820
630321272
718283360540442624
535989311
716107599041572864
794936258
720642069
22919310
3305605933
168479728
3161971398
296689970
3882457513
587758722
1423118240
4846116115
2329498706
15538804
305614280
112476696
500217624
2877946997
396044297
704907401464516609
276842152
494646344
2826806322
246868972
549739575
4714651758
2243353709
727749427318886401
712010865021571072
2334633194
705950873998880768
926850788
4157810853
4889389528
726487000140775424
4850429293
15446551
124490608
2414073730
2344055185
345180053
778916437
2863259475
53371954
796792574
1012329853
2369233345
123411969
22837004
275837260
146546615
367904905
734789063064969217
128429068
714673924592762880
135622743
16980455
2584613113
26369152
259485053
252839517
36689504
4828013916
3072239888
593919531
3003570179
722676211730751488
4780848218
1626389852
776408594
382710684
20954356
105520216
15315204
727690945332969472
463255392
291249899
743167075712008192
1700105492
727514707129565184
2353508762
710793040714031104
29974662
3686780421
115141841
2370768564
16280644
994243442
805024454
1156245463
3771751648
448142012
3265487802
2999497440
85912943
57174187
365891102
396706815
108288348
21461995
19462341
479642007
2924646116
1013986122
189967523
21954033
244693950
22066415
739481073302700035
712082828138319872
547155318
2274753847
179977866
394647302
60972923
2861352118
724615658042847232
119323247
2884931843
2990709638
4702245870
385043442
48284677
815871284
381666934
990627116
321774180
398239057
2417093893
94154691
17262280
271030180
240073748
442976787
613588387
122825865
297271510
2437816520
737758598508335104
872683416
706641284417585152
814215823
24241278
111742191
764070433
882434072
475768360
4578679173
4847512112
19607639
738668414269575168
724403976368697344
4110576439
3854038335
372552063
547699457
35976790
459852491
1433427858
21631041
262900807
16683842
740140069
331230978
17217502
272135343
18772094
439608838
4175155288
2496032305
338298739
1097852275
726161607034818560
2659696782
2430341433
213165537
15664960
24259655
242577946
22807017
2730558604
62048968
740548471829237760
421616276
727638049446875136
3894056778
1143371911
742873183766892546
3207019157
4334175917
4803636809
23441725
743216971559407616
169686820
382337247
108256522
1311764197
2286862575
1468333339
1683533647
511388120
4256842251
717333020596895744
571772815
740731066068041728
733437157591781377
733906450959851520
15689824
702630930595250176
342460234
1009506132
537655947
1072940611
714617914532503552
2540221709
173908484
717879977241391104
956472636
17529896
2533783604
253340432
437911286
714816751133810689
720093010420244481
3082157129
235694697
741349046720286720
3485382014
1265898421
2267700079
2789610352
457365239
4184110812
171395167
357793526
2514472364
3722910253
716665705093988352
704114852042661888
286222743
18247597
711988653963214848
845687880
877308955
22027142
4857537145
1135666861
1539389347
720501042744594432
962978443
701980124443357184
1608321360
36636139
49031157
24247106
285280160
16842734
34391224
298900294
2861342687
2226757925
325395660
16955991
703058773615599621
33075750
3241320749
275767106
1934964421
23768034
152844169
2721239289
242374336
381684532
1658846071
74419021
35354684
2349106338
143663678
585892489
281055314
713738884543197187
739541072477462529
713422715701608448
1449488359
1453177374
77068843
1932816230
378313572
875022170
137525581
237610469
123921028
65119473
361544166
739033322790211584
2742312210
48799906
739075869960994816
860687102
26564529
732229531382259712
1398194666
15872716
88804584
182722893
21960285
22142419
186547776
1355785472
196464715
321748989
21356559
62323061
847923606
3908374465
717715502190174209
715445893810368512
44456936
4871907156
23077023
2429612832
249761195
1309173126
17264536
292142151
1328206963
712109096351113216
16076748
4639554313
2471494160
20655577
484399952
308045021
429521868
462132518
1226278844
734541515385655297
3222812347
4281574153
706317600024702978
527900953
560833871
2485572043
722832280352374784
34796626
851695430
737104467502321664
735670246003113984
427679559
73717605
116504222
63013144
736249556111884288
155986770
3019627560
4416100286
4498636876
726872852968931328
327561051
16711026
93111391
7794142
713893293743071232
712267810123161600
3333134069
712809496557527040
708830884300873730
20853339
46816408
1003173584
1110751578
2331069590
2889924959
240790026
710718204
44320262
50289387
3247344656
17849506
2944403629
46053827
95723812
96399170
153218852
705309332867420160
709406894905958400
705428298541637632
2230230264
34662470
3150051501
326119975
350753312
59676625
2191568058
179703126
526583592
3405700055
4776818851
717946148896440320
188163864
16174702
421191359
4074792076
251216095
1888249842
736150173664063488
38333667
809300192
44947688
54042025
3914425845
807735793
217286126
1151957101
1226659244
576253719
517509150
24845003
734785284701847554
1104193710
4764953297
32694215
22994201
4788660803
185723734
246220722
15773072
30779468
4902377362
34768480
1934770050
2661849196
51522136
701615996885299202
60403862
15639551
726202801299161089
11395432
4769701782
2646690067
333837166
1604640828
3614343793
4872790937
1453032636
495454106
111633074
45832693
392047970
76639716
18305815
114043423
4254904636
724017864965902337
32820396
242602560
21862005
55310956
104459389
1920262370
2353525316
358277172
987521630
27839185
140892845
528687422
792119786
720446894397333505
18785467
134495951
4259652328
733574553289400320
459318043
1604224146
288141632
58973631
1508717120
4662575473
338825282
2781863338
474450287
405561109
54314181
391785748
734138576485502977
218277895
3850427354
820275259
525022850
23912819
4900441760
216385540
48911858
716718250164232192
4925828339
707374707801071616
423977954
24247270
1539564943
731052471502708737
3116324692
4891816114
429914633
4584282501
14426293
22846618
3653083512
2303881894
220251523
2573006146
1941136946
390925665
86123044
975293521
2973842578
722278380083654660
1327550610
3244370974
705155575135342592
16232843
2704863679
716324380746334208
483272505
4892671215
3592477283
2283920237
34497220
4592206578
54336400
1305818593
214615758
4857709263
355865970
545423617
195510109
2316494594
4329560965
127623510
1434052940
18382184
3826487842
18959644
131745190
45079860
1132189957
22339420
16189761
70435939
251341054
712734180275265536
728714930430451712
102871670
41104604
1104111733
88539966
25091906
43513357
726609547159183361
619530166
2170822680
2783484649
2338340929
14348157
4082824812
35253573
234841262
483885808
723666374
269780161
2508827207
33416297
280592005
2888103929
1074436872
5744772
38311676
223968697
629414388
717368565498773504
4697374993
166840875
4706615712
3135660532
32615739
2313965082
2373857028
24279842
3317268426
1219826995
1190665808
496494700
251153944
2736039738
439675134
133946836
111690672
632284182
1584367615
724773643222306816
184213254
1952905440
1188033770
167964184
30790364
464266828
1223023370
18858470
714720425801084930
707682477100376065
2345891000
6013272
27968672
382268135
1850348677
2574904722
82570125
701996271054274562
3421199380
3919901952
730472680143630337
3070366039
191237433
723980285650571265
532512001
4877442046
25377285
965188334
32649134
242658172
4795576418
30626499
545474475
3664920377
16215350
15458694
277810122
146644080
211956557
53158947
20196258
705204465930887168
164554364
2226235435
720424925681438722
105659489
270147709
62879222
21795945
259850890
120877403
174110843
703637991168737282
3604106593
704469311339962369
32871723
398576647
2293340208
715341308940910596
101756062
38225778
726947932646166528
2276703510
725668283190534144
361413906
79877260
409687742
21573816
167478588
3302596910
3347602540
16384628
16226417
485423388
3814387102
2732348582
3149303315
2279225400
716972670571716609
549742082
314924675
1092894110
23719539
91240356
593959216
310498368
3299643438
40297020
1082086088
356285517
3911239745
1542484146
117476101
3069216826
128429534
78229544
1911562567
814515079
18363392
702628162941771776
259420367
712790294564102148
636652493
512756554
4785292626
4892056035
725154675062755328
718947164399935488
4895009092
708477796796895232
17569982
765282698
725740171099004929
724942204486189057
724487093137764352
28785672
2227025612
2809750176
8151532
3633576554
701121977340264449
74257101
267915933
124949619
158561459
3953695528
1276230601
707385966109925376
325102575
65401126
715704555565088768
17684104
154066663
7771842
115348385
50889813
223688082
3667335373
704124670602256384
2505084745
1924395420
740600552
79985753
193365375
236026761
326021185
2803545588
1877374885
713023512013774850
3164513660
254633632
20332563
37990581
719472023915732992
274422511
222727342
30231573
860704933
4870859956
20618180
52789953
2582983692
370303627
57402193
347927563
33713084
2590382024
16444544
73797943
71584155
720798731302539264
706954193
42657110
507921429
1494070861
266326338
21926367
3254897568
4732288278
3092183583
3318281953
166350245
2450904662
105934527
2446411267
45258863
4862071938
19038210
543452426
780269431
2463559572
2817933980
15777004
244740120
244488999
190709405
3179207340
3126409376
614404463
95763291
2180375783
254340945
393771226
3436315173
22723900
1714431205
4870766967
15966771
1888217911
789755286
773145516
48787303
490936163
41380697
433362653
25920303
61349124
3112335706
58896487
703262033727365120
3647060906
491964661
4816128388
323566100
3679704142
3880198877
144907880
301055281
3431718874
4366274723
2416763191
3455796672
713401569761472512
4838626709
293104735
289118612
516039939
27978179
35386492
105914164
54383968
250386727
3666779789
243312931
21715369
3158141562
424657192
346339018
4924437246
118048366
35131713
22694007
18998291
2669717348
21944257
141237418
2772258532
420386688
277719684
3488471
12193642
453321264
3277943083
47462001
15726077
2226615308
204498301
708768395987165184
1030153106
499073990
23394667
85881268
715736663436042240
113243806
308500560
21879831
221298491
278315777
21798936
15288889
712364895174430721
1246900826
3785182873
608137131
1270756538
1123137259
40873667
387050961
2349248348
1488948122
26994092
4647876373
237593267
3332045051
1025187769
48599652
2196774139
264931947
22424013
15310792
705428448618156032
385741477
533723190
29257718
2156190929
15808113
73050826
4884249002
84927523
3698603481
710928458633891840
23246458
2665614127
4795323917
42772972
712650793934012416
38753917
2421228369
328045189
48599448
39908142
48719150
116416014
19832886
398696201
1330157610
584425848
513750116
405001128
721921896950837251
316614080
20851078
241583780
32997592
269771160
704060092065423361
103921843
100949009
169781662
3192216007
946149048
4895124597
27812706
1493962580
4208507236
425322092
2849102111
712786914273660928
961710014
292898176
31652154
13352392
25822421
606823151
3165245613
718375439367028737
775474824
4140138012
41547329
712852680000073728
2975154217
23098409
172880019
4917092018
4871954015
704967105402114048
360771315
709776957110489088
2481088441
3266526978
1624046510
4876296974
16300160
15294551
2215964717
180897456
715961142024212480
4821515421
4910014602
701466738802585600
710316352326787074
4877208435
701488129903951872
753318572
708719437222903808
4790585689
19923464
706666581741318144
4902016168
700745123471097860
2690743508
87716836
710643313267716096
251694276
110803365
29190680
2488436060
720054910184787968
465878909
851963809
3463241362
1477241472
3392089679
562504067
574166517
3372601708
45039176
181309290
60903033
19427164
108813540
2904465844
24972394
4541726055
18586848
343535198
87095316
259252751
484158129
3237109164
918833971
16209123
394072560
330491839
21539403
346779726
258938878
2579540932
28147866
124898913
76247667
164377995
1607176868
3033123912
1568656350
2670926180
2927222132
4284587533
105724783
243001984
330472602
2289770467
710244184876167168
708009857958486016
266945066
50458131
706990010042601473
22719620
20637214
66784945
2778837504
20251379
42261611
3241924811
710566593491640320
1090799118
73799049
3226517868
2889100320
19548754
35135642
606018621
61599304
326957691
14670431
3131156139
200571682
2871899817
714419097262538752
19463681
71436596
251865403
1282108172
1344713761
163194830
2216532829
3312840571
2965284615
707939598182133761
117450444
32318775
2308265716
21785215
32955225
580312540
42362189
298997025
102229584
18775094
2560843344
305017129
707608113562554368
599857189
3307295642
501750780
716665842037956609
4909991121
19821193
1625702442
1540038932
4750874478
2861426208
70144495
49379886
21868866
1592246006
17172863
21714521
3873467952
4509383847
16640037
2477966574
305742121
15976705
23031094
2432221788
3059045779
125935401
1049586888
200697773
4899610029
70279623
4813986674
107727858
16351724
66914769
24880446
18778653
17164121
601065065
634676291
314205406
848518471
52230962
3009487417
400188508
49388157
3418185312
23608092
195030017
1122480236
514884959
4883610225
620473700
117490097
262916761
129402255
426578718
900091915
3858187933
540472551
20364178
1244408377
116048117
65947064
1566650000
469732090
714973048185552897
732702397
1873539488
230891509
124267704
14269768
4835062336
3429352367
118199365
16504375
320439124
138409823
181278090
1558571143
2443151240
4901275378
326892463
38465698
308551700
14526877
14146966
711026018048286722
19822909
11866582
575668056
3497941
26075756
713024604
247378337
40104651
2699514037
37549249
975656262
976570982
60684098
65375759
55008764
198202008
950531
187657428
18746746
4656972496
23612917
112481670
523871901
49800332
3309139560
330031635
400352771
34879697
2528405521
861508788
242597627
235660311
288477438
4826268304
11805842
545695783
19940085
207141071
396148023
3160127563
4578050474
3025850315
211408235
14209883
26985403
4870478255
2593708296
2326576213
325329131
2360448613
227010728
2801229139
3224685271
2934009661
61528657
18332701
4149949840
291774022
232330159
165938084
1450917138
273501169
2996772688
2964974777
2747035544
724878049
49161541
31601858
616487153
1422241538
1428245454
3150098774
4097985741
122763151
352548417
4904668651
2215185970
222901797
3920426061
923964859
4827926451
3223914997
1421458982
4835114506
146262179
3427451002
53019309
16074930
705865207718023168
29679790
737292332
31403779
3302993621
363199891
17258301
331756025
2341877602
796261392
36143907
34341362
39330473
1965905755
190787830
539699081
1885129123
550253258
407574944
3086875936
4899725549
794495419
845893680
3092455390
17167572
46822887
1584645799
183399304
507808516
4483991439
21955533
868672483
16359486
335505192
993358020
885752504
514009705
2907150081
2232082086
18533533
74551370
991634754
3151702404
21461944
246939630
346855042
1017637447
38868552
53861909
79498350
2861407204
3008913329
2235402283
2241089929
612832554
25037512
2818565778
230450027
3269091415
2181626861
25346069
1684930806
3949895836
3096914552
4770303330
2930060695
3230930205
136815044
255730745
561648188
394747413
373157754
35370013
266697434
17634365
32617351
543331182
901802455
3940871
1069992097
322986132
390914510
41915959
3010794575
551239859
81406248
2999017263
21027387
622546464
3060588907
3298431304
700723240793088001
2588699732
161511153
56202791
2455252141
241213918
4871218083
707796307667251200
720902978
3882169698
372483103
120172698
2491964094
928829323
2314055840
4375581807
16721452
129949614
925795734
24608909
506054009
16209626
242953519
27950593
18277208
226835460
32845990
37308433
47467614
137354145
48520727
3039929661
1634832302
16028985
4915169428
4893031932
4739088137
3116047273
32199461
2723153944
1442432402
931908926
3053054433
232851192
850633633
32626943
883421593
959596692
33879063
15893116
374108016
754135908
116960062
237572596
180058006
63160617
436071689
74211907
355690109
874846453
822411577
2782805711
497181988
54496494
252353889
4877191041
32213400
159608463
34643610
229378318
97474887
3288600891
1918740636
250906472
69756680
928481
3305406949
19111563
88083375
49698134
37209193
78776348
4721679323
56572080
18298094
20729032
22873947
705564782
705209400089153536
16069119
3843380121
3060075937
4019528908
2670772172
21371341
997682274
594863522
3330295799
24103596
15862440
2785853141
18587457
858646280
766547376
702936621402861568
21440866
770759270
16244449
275714700
4893329892
184316405
25207598
34344137
2301675037
579211919
889685688
178063571
51414745
43264119
3314649205
1602173694
3406193625
1282197158
4164210783
702261605703294976
607622157
329525509
764051809
7910122
32921077
65272235
4815569620
3051544224
3987161712
134594804
18347732
229518601
3320557224
1003669872
3498989172
52557443
18697888
2920759605
471545514
703983715
23860507
1276312562
111141045
708309848
4893706959
21757965
2849886237
376876772
53130511
21495530
1148336827
8431652
1442476447
702147673651027968
16469505
716813053
4188375983
77492135
95094652
60841112
231510077
4033886218
4354153941
2926851022
907186650
3058865345
3062027302
1534762878
43429485
31516646
329159493
16719435
697541390646054912
860040836
500073781
244051583
78924349
52455088
2396738862
2353974979
1928290020
240558399
313464839
579932905
3161773730
316298587
286314825
283499967
942422990
19802846
4900930268
61104689
37345348
3342213587
476315898
482479863
2862682151
4833128677
2229273212
2290340035
4850192153
697992894557392896
15249499
4867246779
123429890
2922173583
3071500052
47554499
4920420869
4817772331
4726153035
279758985
4159203832
392257203
324042503
4740040948
4273192214
4056151539
3370390894
4875126257
18707435
2903194852
320821564
4579505481
194301585
586853452
1735969045
77329593
16532762
3907341980
148564101
1421631721
1639395961
2735569132
490401229
3318208598
76370519
17756037
4330910969
385503897
32703561
2492097511
3136161212
4469773454
1016588101
3169035458
3047938510
87250241
1121150029
281745953
2853370361
2341358222
531864926
3253382395
3674369053
3407260034
46564642
352412019
3509458035
860530914
3344711285
4013838856
4122777688
4055939537
4188302843
4171483153
4407901827
4831215383
107290835
32242327
3475325240
4147751584
4745318460
1228651723
33596934
4894095909
1574053800
4861489005
21043723
4844254813
1128218821
2274942961
4539288923
3280722818
232515615
264350793
1482380382
419285525
85414958
422181027
376932899
1105210411
16635063
20681628
51259550
158789499
2172217141
100880543
297191567
4808999989
3265732057
4606946533
2732944034
4794182534
488911358
751976443
3323123031
3030768819
99886248
32487224
1869575251
1548714900
101239501
569487350
4800796580
113153792
3614201835
3318948132
3805725681
3536500937
3910931584
3105794610
3874159216
3960279315
3171896913
328587148
3986438840
4873761282
206844298
748264116
3151772047
300642262
47169365
427654338
35132346
2495637565
2865992597
17446907
49660211
286680865
23858111
4003361968
2189130356
157099071
45991436
728725874
3160268393
2571932694
440551463
322874617
491035621
258527102
2816583227
25564023
316788501
2377247539
931391137
4825402078
236485849
535932676
4311393022
4579781073
1146111768
84126644
214246330
4834521440
1471159992
4700354069
3300336775
82016286
256295544
4650885269
184993975
2688443245
104290832
49948272
19308529
63144098
17472418
3065966919
23803056
28654816
17686959
843863647
113061485
25416225
3195553725
21025381
2275042470
3150434708
1120537310
4585971972
4729801216
144402222
2785095528
3244274214
3334697788
2897715325
355906128
270528803
22819351
16582131
50398239
18699864
13657922
2400901568
480900509
29509060
2414913756
894292836
2280037440
4187444843
36713347
2840915387
4061885906
4164988708
4151876555
4251588560
4569242293
3854647334
4716771259
597697965
19052834
4128573373
18608115
2545158476
756899642
469845522
22064255
2996570106
21253935
2944265486
22250215
3193043938
28722984
174935459
48807945
836232336
19608297
32168059
3354347385
16168401
3103213542
574239384
3231138109
1352623212
252179319
161527155
18464266
19915898
3108391171
3225924410
1442844120
4106517612
4623340371
4434221542
3003712539
3431595927
311188381
3158068198
3407839319
3932000235
3167335095
3443338041
3002922157
2937516482
3229240678
4206989953
3222432010
748761679
55749675
291231013
515778072
382370203
1072478329
477889371
163753247
2469936716
3511909579
33528504
331206195
417562267
22645697
17907578
17022638
2825610685
633969866
2439027667
1075939369
1328151890
238648688
50396544
4476084275
3233696197
1473779814
192733622
3934352605
3082986275
4675190990
1513958744
862131258
3798251478
512076466
392542060
2218730778
2233154425
2480435185
619383479
30657398
1343224250
3225095235
3386851396
3325411071
3402058774
20719498
28878752
3231942716
498167911
3305129913
2208500749
2940082693
3182287189
1203124412
788672802
41911874
3398770055
38228832
37131103
3178783680
540457969
39845278
195829353
614730516
271026442
388685481
2565489511
101945848
3062364406
1479840834
17890304
4240921873
325560150
16146535
4176516076
6751172
4240908074
3343155916
35535716
712948758
3254901091
3811498698
552527556
1003130904
110213431
35621632
3683113160
4230149657
15754281
3167183369
390530361
2802124516
355865104
33545336
4203449713
3006487744
2975586611
3307397791
3718748952
4221857565
3656467816
3541463234
4432280356
1074278209
3409153071
111690006
2889638385
390103810
3865335724
1619222257
1572558588
205437050
15727697
4327242015
3296379168
4353841283
3108351
2163252930
2185950356
3406500304
1291868311
24613245
488713596
24733117
3937406714
3893210375
10228272
14179819
22331129
2434294310
15922214
12794062
4149690013
37004245
58502462
142740168
3179111985
19848466
21909984
16247383
3343002509
4083661239
555288041
227139868
3436249294
13115682
35391464
20719345
85219527
1586804930
4043100809
612057704
14434063
91150764
3507173299
3426768574
383892294
3390254459
558093419
18825344
436314047
3874161443
3752166915
3644280373
3389699464
3784601953
3785297354
3859273932
3509421138
2566124461
25655525
21295042
60919240
533469077
39979971
2702734410
921824922
289963138
3383426303
3161132279
143660061
3105839538
3150687218
3384006694
591297698
27320992
1278973044
138168339
3573336134
3029326756
16221513
325340909
1883984136
3316144340
2374373018
2244729336
22532718
2173646835
280382518
3022658612
447390672
2789665695
2196201139
15877452
3495163886
391627741
55355654
100838706
294991606
1108521060
23636341
3265559538
3739987096
76027332
19824430
71061209
305680299
2210917532
3489919214
3193330462
2359537176
15551869
3354224537
116630205
2359028480
3282242155
16012783
605939552
3460089801
3743652503
45399148
1020626144
3343850290
214495170
2786808817
2544300398
16926933
3179493427
362094371
3248285100
33276161
3349433536
3253960327
767936390
415316986
1069949766
2841747221
221615244
3248321846
114474262
2701431728
29465136
551448196
2750320126
61863728
3249372722
621043538
47630337
22454663
127580858
20412312
3160856918
1049171
913829016
54710030
3176947242
3276360288
3306744364
2183715312
1231324406
3340109714
3313706340
1898324786
285434613
16225606
2303751216
16017475
122567822
103550181
3238955420
207609111
812953368
1249944678
19417197
403932208
453034441
807095
3309654696
115979444
428379591
3253031162
3236626470
2187591788
3243175638
1023292824
2928629031
805559455
3251233602
3251597372
3252722016
3300072035
3336060989
29525459
2926250790
3332127106
369108702
3000661701
168838692
20951040
3252162452
17006036
817259
14099719
34643446
2811455407
48038030
1163973835
461898599
1399713804
3183457009
3241763179
2689468341
1328046631
3118376798
3254864460
3041355094
1161879818
2400087618
42995067
3246241522
328225741
3142839960
21867341
1106501
45671898
575470393
2967544548
2886412360
14997156
49021031
3087391632
3394741149
26070572
270717589
22086608
22103425
83668232
71569841
33435693
3096651607
26186655
3398804409
3161513646
3398864554
2936790183
2345145272
3317590708
22660657
183753455
18893580
22699560
12897402
103769342
2618486504
1950471799
3232054991
3158574654
2377977842
30758317
3091521770
3291670195
3296320494
18220818
53503202
519728191
3237255511
447552068
538705816
3062962055
16473427
1019735209
16392181
3065753301
2241464430
3071251042
2991368880
3065900255
849169945
238862918
3056142064
21637503
2591662076
3150777746
3098115975
2546690178
285097277
2581070247
487600344
1934787661
3273997009
146160591
2560148358
543780273
3217694460
191463695
18082945
1394399438
20707070
14676022
9855382
38477209
325830217
16789970
73238146
14377605
939922981
166329578
2478721572
14230524
3372741323
3234759167
2371211173
113349253
87957969
288981065
3156235015
3349773519
3202832566
217284217
1626299083
3207624605
1909087813
19088288
3152299939
2736697269
49285444
3387768435
3249374986
3382470375
3385121308
3186888841
3381952967
17159787
3224910340
3153048404
3148736772
3151620948
3145519942
3223625856
3222286221
2788630765
1659355182
2431399728
3071978539
365706281
3162022956
539698197
2946805270
3161952049
3146254697
3152212575
3174934312
3165033669
3154160697
3152112661
3149579266
1361978082
21705181
3120700223
3111889034
36874375
58604795
1733274007
16129920
847482848
207842775
19318119
44150176
2975314588
485071945
14811485
23022687
2723735572
1074480192
52052011
2488405086
16721461
2434434464
15654868
16050296
171563562
18949610
106192357
209708391
375889074
19030138
15166459
38766044
16729099
21050023
21346619
1249490538
41398787
180811042
108757229
206364738
1339835893
813286
19397785
76993818
2756358770
128726359
7215082
91432615
44501597
176472273
166294813
97354038
407936022
1887189510
16280307
28418204
37008048
70553530
15836048
29511514
20524917
180923993
245507502
18139619
47454987
148012281
42988185
57183606
40838211
237794762
36724910
487825257
21321133
482392913
76100068
138426500
16622589
1877441886
253006358
15235948
134855158
17137891
132541397
63268714
613742401
571202103
12691912
229242419
20793816
390440361
19983246
18940252
171727607
314754657
18308738
10814422
15247902
61775171
33356015
31366014
264897818
102753486
1160882016
1090805581
189152391
534249758
110426189
250347308
17341358
80615458
273260311
78948763
21702940
22520465
594060750
1206232532
551366655
82989353
17518532
49771445
82445404
65283936
130660809
52816681
497616468
128763392
143120370
128414296
372817561
121491488
23946417
133021515
54330182
816653
20187037
500820699
62105261
109376090
110726250
50037051
587032494
186222238
8953122
301112153
16022682
327064127
20017076
15923226
47459584
7215512
68219213
16348549
17848544
30050899
71827734
23222958
33522196
13058232
12925072
24963491
17220817
17629628
21715659
15911133
19294897
19039286
113897988
108401373
19459118
15675138
18747993
92294003
52852515
46938706
18665800
6017542
19306805
