718496281946103809
784595573626269696
763197624509792256
755113
216776631
32175942
758098148258566144
764715953523335168
172858784
4384488335
757390468632174592
1339835893
51241574
735194580816007170
725421425214001152
29396516
175937854
2769117717
16331010
2263397982
40492789
167714664
4384277655
2535331199
4609302073
3252626732
2877452328
4004618693
3623935396
1536791610
2878598470
174416608
3044751405
3397064353
3111655352
3406040145
2222375485
1321603207
2744833713
2791065092
2435604590
2972627495
380399508
2598751250
18159470
1167505890
1592619176
2675167727
122539413
1067375665
209708391
74452613
105119490
84279963
181561712
158314798
