1367388444
1719341563
728482182
723251650174017536
49319243
3993370150
267770341
2890549323
2961875200
2973911061
224586804
3792179835
435347455
3413559281
2269391174
1391776140
581740925
357570178
736798529553895424
731759226004078592
733074295887429632
2720526287
1908765288
3016777890
2929788994
3534886816
731239701110214657
701201868517720065
4452031515
436045595
110672792
143163841
48107395
2493182353
193744430
561193251
634750463
154633183
4060095383
569906752
925779902
277069083
303503398
369626701
3602054056
533510212
160658424
4828102099
1154618484
14122089
124184452
563719137
711810952874876932
23329582
724262493967794176
846068634
18217211
726104276574064640
721505799143616512
3073308620
3077137973
3969435119
2163692781
860074500
2414265488
703623498846052352
722437030144319488
4637471505
4704436124
88406498
187879473
47327273
4481114002
149859697
71742431
522638276
150202296
21436718
2832240406
1628713843
153410533
1919761124
3408436755
179025577
210792476
40456700
1610009887
1225399663
52545234
403270218
2853687562
4795460904
152508248
714754793806426112
2288795198
2578212318
2992069413
724502970411393024
36030759
2424936053
2754961378
2752265478
313324076
4858488845
3031388479
1627553096
4512872715
4134176566
111536833
15448566
118492406
367703310
3860053414
2816981910
2873095567
408082103
56615929
94534308
1262706668
239535830
556260847
99902513
283054816
411583599
351081575
500614553
4869051429
37932356
1347773467
24858482
91321956
719161268045758464
700942623926784000
36374099
19182978
6227232
708363155207004160
1493548182
236318534
4296171575
434141055
142646856
86321285
106044009
20364996
122162457
517708604
2986575082
3825697767
22138356
2935921245
4012192456
714963461374152704
127480942
17673595
100024085
2885409424
244343788
99565816
101709764
70167492
118666416
835684957
1667617878
119136331
45110861
113939949
19231330
19206899
345236851
42607069
4717892303
2830229425
21408400
48015202
97027086
2535685878
3188020942
244019226
126312647
429343056
2822530175
3069172528
52528334
191877921
1882308859
1340408646
80698046
3053931536
306728269
236551220
1172118726
280675797
97662093
493886167
4439915056
1908348464
1726953488
3803950223
715094461873856512
20678856
2821127057
3043883339
18488281
891059384
14215482
118974169
326063201
807534234
246308415
2628343487
36447473
1023849816
228531431
90515250
3126311483
88882366
297669586
1185436171
239849017
2467556100
99544407
2508418222
214205356
115795535
213700732
2901752605
286297831
3086927359
293998955
225235528
3083510885
318426898
230527949
218445957
2714901547
115393717
300876743
19763668
93624478
279390084
22366469
19763877
123553298
1901687191
19997104
39232421
237810755
65344484
119706155
112273454
106058799
821350616
212717686
105161244
31092660
18677075
132560993
174250237
121466759
101586042
19223962
49278232
36922031
289483711
1084193299
17289752
93474576
17422867
23770198
28076891
11836402
205643277
7343682
21555790
560692767
16708690
14907733
2902821
18549902
120051559
97639259
41778159
7599192
49442623
155892282
54923609
22143960
14322409
3103261
6896752
134810937
34302102
