1402118041
735789601290227712
489917769
753664272681480192
2645566838
753650845074415617
2880428216
2222540053
1168896799
1311116034
3059846025
1121163822
2695819537
4844885354
2425266973
435348073
622427725
740894629441085440
545599630
325451111
2835460645
443580317
954995377
378452921
720872984060166145
703907683766661121
150102846
708154475567980545
540045440
134234000
461147700
34507480
237097346
255384702
285468101
109213578
45461766
4728800717
2459492336
4747705038
284291853
512591362
2725763407
3087565844
276302103
209708391
61507091
154866436
2401980110
561684253
1446460165
197807757
3034675433
87702194
15872418
2271264828
402492344
555834580
1028766614
176224244
2742968895
139399835
379226206
137478201
233930436
1624504662
3079767493
2261808925
1592119897
2838906253
544056568
428714532
3067691340
2992482577
1915698344
152457403
2806722739
27260086
3230993480
501583715
938887459
3829058292
150910721
956708653
