2844693572
49247796
2991368880
759839872169287681
4708521556
261598699
258445244
3149440349
4828576553
1876658738
82485214
2430341433
297447292
22997050
521812936
28911707
26350255
2382321121
743167075712008192
1315730480
4584282501
24627132
26642006
2771704583
1707545593
133546344
2823312696
84860555
361544166
21982720
1634960929
732980722135244800
16280644
48567923
25571493
4085912423
392372010
4874887923
3911239745
728981660566433792
3061615740
220198290
4434436401
321767799
40276846
31282286
149286479
23331132
702725764706226176
216776631
17494010
232268199
1187534912
1191741301
316748886
95632468
15808765
1257559999
33236524
3940871
22339420
2223691094
923964859
130938557
30687343
703216957022031872
47216804
718099180540047360
111966379
2866795348
186197243
314977014
724120161368694784
700470686444224513
56838529
706666581741318144
4352460033
1219826995
172858784
3850427354
3170902650
2389984039
32294529
633287684
90021519
482410789
729124848140746752
245153611
45622824
63887454
857205728
755024857373474816
411906220
755057200901398528
289963138
856037461
86868062
377445731
18857913
308206380
2323982664
50936590
30602016
409486555
3390254459
2416501963
19568591
2462161765
332603696
2167340796
17442710
4855874126
12382872
726475738015236100
542947234
242991940
743601656097443840
407807940
212056045
574051369
326665662
4872555615
106331667
18554720
1352655942
741455812225179648
407375722
4497590477
549742082
741050639409635328
157099071
256605333
18998291
4706615712
1173410624
1441673053
21792170
2328900007
3505437800
21447363
40297020
1652541
736221584742961153
270068926
53282955
22694007
268884724
4694417744
882434072
415381836
361417698
752882758175686656
315577705
4334175917
2933677069
86617755
3382321943
4393637662
3229058694
4638529757
34023470
80956994
15210670
292374563
492763581
236928181
110161115
526583592
2421067430
628779834
34823020
32206125
233291124
15538804
19822909
385741477
47467614
2588699732
2583735188
790340450
270711738
3068811118
26346508
34472215
1305818593
166878094
466992330
16151138
708009857958486016
709199578696785920
18996684
23201727
707374707801071616
588878371
32772630
2293131060
16795628
715965688922382337
248735463
19922357
23141485
11667542
3361444212
18480511
213165537
519662609
2889924959
710375905873494016
2990513860
2608652665
223591873
49068640
32774989
717879068826419201
3142839960
357310745
3301624108
855836893
338298739
3407337945
17756037
4077013648
2438867440
1328206963
74042461
720054910184787968
33857467
39364684
14230524
41104604
3238315280
737428349379870720
734933729328517121
1337933156
713091735140708352
587758722
1108282994
150078976
16194080
16892534
551239859
732431853164974080
717898497215897600
428333
3207019157
18484129
1719030848
260718880
296610784
2752677905
21573816
15726120
77329593
3785297354
4886779211
42526071
397052586
1612067526
4828013916
469107911
712082828138319872
632284182
372022249
1311507481
188352302
22970364
45079860
26015031
31257471
76679287
468900571
140892845
721709616
422974854
3266526978
2742312210
44177383
398811646
31285446
182722893
2498397335
19539314
702669020085002240
3274668836
173908484
739947682890944512
2282632968
357699181
93777935
26564529
1666788409
1092703016
7998482
635467994
4779955689
573173793
803826720
3406500304
727749427318886401
319938963
278315777
250882048
7019512
482203404
3138553615
2267700079
737056701195526144
708477796796895232
726616624527212546
253840687
187564961
24247106
1431031490
3914425845
711193551082799105
13337292
706317600024702978
700545067270823936
3146243356
1448433242
801641258
494646344
27912440
268705373
2414073730
4899610029
160310194
3179207340
364514942
18220818
893630742
708734835
716972670571716609
204161510
15400712
179703126
32605697
4879246271
2177074008
725818365512568833
735172264178688000
2865992597
2823017921
848547307
291249899
726872852968931328
2872248242
14716890
3025850315
4254904636
4675757580
18701718
28582116
854724680
167478588
520029915
1921792430
874405711
2306403086
580130219
100880543
14594816
16721452
372497412
2570560126
237452852
4259652328
1713527208
3392089679
261035490
246220722
706289747732406272
3009487417
710360276625793024
327561051
22821563
15872716
4867246779
327317528
726202801299161089
16901643
636652493
83758686
87480406
4390331
714720425801084930
2736039738
403179950
171868146
3385951406
2316494594
4892671215
2186453322
3299924978
330509973
1140341359
338825282
724677137802756096
341190477
54300306
1895924466
724373946561232896
4902016168
1702731
709484084347555840
243031077
4885969131
708970747025367040
710643313267716096
39039284
3578803936
357606935
716107599041572864
16392208
259613476
6108862
913033651
705119727216005120
53257678
3317268426
18267698
21970442
18876259
718947164399935488
3932000235
60327737
716017946166857728
525925642
465878909
32694215
212738155
725154675062755328
155598442
3150244351
582477356
456178697
45446985
166350245
564111558
374199331
2980078527
396148023
721209064844238850
779144732
589448567
217286126
2181423693
65401126
711158759494721537
2641993872
246435074
377766775
1873539488
378844127
32486821
3953695528
554548889
19788748
3312766008
780786054
118492640
947359142
722957781691559936
4868045159
337807078
480083441
23764390
67602503
708768395987165184
25207598
2849948908
244655353
23860507
3455796672
717715502190174209
584425848
48817324
387162020
93583928
148130330
3744533054
4917092018
229518601
1075589358
23098409
242507768
2317484126
15755677
29094140
426578718
1276230601
44320262
1924395420
143663678
52524278
487197564
23456433
195510109
4844991914
714617914532503552
21984058
2528891308
21169078
120877403
36297832
53861909
709776957110489088
921003991
4541726055
123386371
38225778
1022293861
3247344656
3463241362
354448187
789755286
485423388
339433442
391785748
3237109164
525022850
15694498
40173562
3312840571
4816128388
2334633194
2166004434
283744860
40508701
17686959
711439062519910400
1190035418
191463695
204587633
3369613187
124003770
265600371
210692976
715961142024212480
398696201
159608463
4821515421
2373857028
499073990
1278144450
2165395147
19795404
31534458
15035209
30899109
2411694794
415773425
18298094
196464715
24221039
1477241472
163194830
30231573
125935401
48911858
851963809
540472551
2861426208
343535198
1600858730
180433202
1864755553
705547844497727488
16615740
1411284846
701552274766606338
2756388564
580312540
2678457146
4870859956
589606816
711575351856508930
105724783
95094652
2683126404
4790585689
2964974777
1594659090
14763734
3429352367
4241760913
1311476424
3892714043
3032274917
4779422688
1232706649
708337996475580417
478166730
30726383
56107664
1173756973
2883516707
11395432
163913937
2334144626
24287541
2847346291
390914510
559155117
4876296974
1895208055
1931667091
49948272
740600552
793975748
33253412
1477164979
414057318
3092369817
24035547
222635055
26075756
620473700
1634262702
206299865
26600583
233786093
60121599
32253197
16300160
259252751
705564782
284869173
311188381
2788398650
708719437222903808
1571542160
323864904
1086589908
707291191100837889
32130152
49205207
919668458
4729801216
296072389
263455809
396124389
1030153106
887562596
3309139560
202257524
18778653
15379585
3008913329
2785853141
2717254872
205302299
1290082680
2383092366
16801243
2596951092
69792268
137354145
3342897953
131607057
28020720
3893210375
2540221709
849210006
167673022
702628162941771776
21027387
4160470229
24451680
4831721343
704606495565082624
753318572
2156190929
258878221
707385966109925376
706658301702971392
703262033727365120
21959317
4754201535
21879831
4240921873
18375963
16836776
1075939369
2157743257
296068607
49698134
15983306
931908926
306775013
50833422
3433697547
24556105
18332701
77492135
2618830112
1289801750
2862682151
23077023
3273997009
3226554689
34632392
19463681
4877208435
6013272
3375005620
246668092
46522067
17961164
918833971
109854452
79364420
82273208
32779196
19427164
1421458982
1414627170
298581371
2433194094
2913922626
63550328
3196060501
1444157924
2691714194
3897718814
2158855397
3272287644
3152112661
4798930518
1378137307
3135349648
252221052
2353974979
35653424
3051544224
3056105255
4476084275
4815569620
700723240793088001
80895456
29837407
252353889
4180223135
21495530
561648188
1381088924
72798486
441317106
23912819
464761017
35386492
4017653352
703040574862000128
442911245
172326010
2904627072
291192260
16028985
306909253
61609932
26775504
2871899817
796493114
29679790
1545630956
1176846456
3301108434
2163252930
543452426
31128730
705209400089153536
1326114612
24719342
34304008
123429890
860530914
1591597196
1567874150
822411577
35348971
2883324256
2547141851
36966852
704405244147474432
237593267
4832707540
3783815248
23608092
3075597918
701454656933761024
460829801
20412312
3237255511
28009377
3024410127
243291372
997682274
1500428564
1486461811
382836767
3056090573
3920426061
279668945
462132518
2894991326
4702245870
4884249002
601302701
702147673651027968
260977202
3080829096
78161129
579211919
16444544
36143907
702214896835043329
4893706959
2979221390
1572558588
1442432402
297938809
785756168
17133231
60972923
63160617
247081311
4036537452
228865063
3978316814
700793802072707073
4919240754
37714344
16700510
3062962055
192698391
4831215383
2920759605
62879222
329159493
471333409
59785531
27279989
302275922
286680865
266326338
445317667
2190334998
2275042470
243899518
773145516
2432221788
1484354562
30474658
4817772331
4873761282
4909991121
556550160
4800796580
4894095909
3060235519
2605668121
21834623
4900930268
4875126257
320821564
2907150081
585725732
68219213
3880198877
32242327
3229506722
697992894557392896
2987322752
236185004
16815644
260891849
194301585
391129937
3509458035
191504048
597697965
3020137681
3354440327
305680299
61377432
74211907
3130119820
3907341980
64508085
992081976
1278973044
3108106009
1449625616
16157204
214495170
708309848
2492097511
15190357
605538483
1128218821
2153698232
32626943
374108016
922890204
2274942961
354523574
28252981
134917795
470569138
115592025
21798936
38697239
301019006
191125264
2248472686
61104689
25474293
32921077
15588500
206844298
19153663
2690743508
69384446
4789873223
2386784804
3873467952
19402593
2495637565
113153792
2191436312
124949619
17011177
2688443245
322874617
43885159
34454857
3087391632
25377285
2735569132
2973590788
21341221
86173593
1562072268
516659392
1932816230
4714733714
96399170
401047183
2375024005
469845522
2323065013
18586848
2189130356
2926851022
53503202
19038210
4759057768
374863795
3062262691
907186650
1963072106
295225623
1314107029
59702598
2849886237
361882895
315390973
74175586
400352771
978597932
211892358
118048366
22873947
751976443
2421047521
797482897
480900509
3854647334
14990794
4449824052
210269467
490910776
1210022401
18660521
1007187600
488875879
1289499836
4449432732
342460234
1735969045
3158726167
19904067
21868866
14578954
338108549
500217624
471648820
500391228
3588277825
491615493
3312349380
4748281049
2927222132
344747525
3033123912
2522001204
931287019
1123137259
49159747
370552834
1465884818
425322092
16474992
2280037440
2427885031
158049457
19052834
2975586611
3271229221
3403364091
931391137
4311393022
2400901568
1246900826
469732090
37308433
892037664
27124758
22064255
2209184731
65272235
45413198
309874805
3013980577
33684165
4019756805
398959859
2840915387
4805561176
2911095286
389359161
19050314
185203900
388454092
1598574949
36713347
4794182534
456826334
2341358222
2907871287
21111883
316788501
606412878
183477012
716894982
4825402078
382508590
512417432
291546336
18608115
246473898
168423969
2338957718
18874834
39713219
117879116
15268490
177998768
19608297
128790234
390103810
390176029
2635340887
284255856
7807162
2254884070
1005186638
3698790379
607622157
60644777
1276312562
2149910088
369700665
3103213542
371889510
363199891
4195320252
3436790726
51291991
104459389
14526877
1421631721
2471494160
25416225
51735659
132918446
27453762
18464266
3891108395
16000856
1479840834
32745368
16168401
42362189
31516646
4738087979
1551870925
24139578
271026442
379754341
4739088137
3718748952
71584155
3320557224
2838283974
2937516482
1072478329
17495447
1241408113
3222432010
336124836
619101692
153966123
901802455
2451869035
38109615
272986795
34341362
24402513
1352623212
385503897
3167335095
3386926338
4356455112
862131258
16462209
2739446098
3301314368
37209193
208553458
213582386
883421593
748761679
258817477
26919151
21909984
2836936615
2956375748
2782805711
238648688
14836055
2385951962
3082986275
4675190990
2455252141
71436596
3330295799
3060588907
483010789
259420367
3160268393
73050826
32489614
174935459
3299643438
2784552558
15851250
3436249294
451662665
30657398
17536486
22645697
192749697
2936790183
376744269
117104543
380109984
395484842
2940082693
17258301
564074974
17172863
3258133034
2523229567
302881437
1069952203
28058517
32168059
45038044
51522136
2951228572
612057704
181620591
809824388
138919194
16351724
93111391
2360448613
2732944034
115979444
30758317
32240331
4187444843
23259606
3683113160
4327242015
2245369181
422910060
4450227287
4230149657
2838218637
229385617
4499515287
39576271
4265756501
69345925
482133423
4469773454
4221857565
171657110
384941490
40255499
437694510
329443994
622546464
2734354430
1291868311
422181027
23198479
3167183369
2434294310
3076691681
131472597
24995562
279390084
4262043914
3349433536
630832318
1548756944
3124027873
3123327920
3402338289
4033317253
310591748
19620136
28320528
317745935
14092769
3374366727
25203361
79218153
3344711285
15466386
4265082200
2437816520
2912604611
945585547
545065365
3278938615
617576442
4005092840
2665382287
2850001282
630321272
56050543
2998984408
4260001812
3061899414
496098157
18353495
131677754
2729854629
3438914350
43408243
336851461
3344387495
25605631
4206989953
48854106
2874309459
5402612
3264417722
3937406714
2753338899
3010492622
73986605
17086594
95263650
3842183953
31403779
4149949840
2667470454
20621761
15081182
4149690013
325164172
99580679
3396606826
3303015510
18208662
107727858
229769022
288578069
184910040
775831849
216558300
3251305226
466532637
20067397
4105037540
3328686391
858921774
3080949243
22815781
222691723
2208500749
175500549
3398770055
32649134
1429139120
8370082
4043100809
975819290
2574904722
3025939486
335505192
391544447
1933042237
1681396879
270159204
1700472204
179732982
279238668
16312214
3921338913
2201782562
2282706721
2747035544
57755615
264457638
3168209881
231510077
2283571788
3062364406
221873073
392047970
4003361968
358627733
2241464430
18893580
203650771
19308529
2332617303
2566124461
3176947242
33545336
1473779814
3644280373
1707321486
83398512
19808920
24845003
712557782
19802846
298291620
17907265
15209424
17784669
16532762
253344989
24880446
39606118
3150687218
15726077
21867341
45671898
47462001
71569841
124763921
3859273932
414257018
3402604389
280098493
337679240
54042025
15248150
1003130904
365706281
2533095679
447552068
2385868369
2785095528
2786564756
3752166915
32189132
18825344
3509421138
2244729336
20023919
3784601953
20719345
14645160
279106198
1199596897
2457907200
3122485277
15764644
21360280
14997156
241273903
422270949
423985664
16074930
119001399
2798098732
20110907
16146535
3169035458
291910400
384944070
569487350
22162854
5185131
3040032162
2565489511
991634754
195815858
81406248
1228651723
568689562
586853452
17159787
27799333
312248392
125333281
38597673
476315898
436314047
2841747221
3739987096
3245135844
575925999
3743652503
3489919214
36505459
2315836296
33923443
371347463
3059045779
782700492
1593195907
2359028480
47630337
1351541984
2436275690
430218171
3150098774
455537870
2712295129
316601070
42995067
182384817
234876457
2988955527
1196456623
3223625856
28706446
2701431728
382370203
10039022
22643035
1703509753
100838706
190890578
3306400466
3448984879
2566199334
2489886325
330472602
898533348
3253285213
369018737
1244408377
241368198
277805390
117738467
387321930
60919240
33014441
42717128
355515271
2342763606
847923606
3318824580
3154507868
1004409242
17167572
2560148358
48719150
42790254
190859741
24733117
168759825
498167911
18907301
3495163886
20288857
32671625
921824922
591297698
315413807
48599448
389841834
254633632
133063757
25564023
14370739
2716344854
22765448
3098115975
2786808817
3343850290
28654816
3460089801
245919293
3241763179
66914769
1317717439
164377995
16444840
1510817994
1918740636
29501253
787373558
207609111
16023409
3530093003
21440866
18787733
51241574
12975572
1633711453
15115280
309705905
23255247
13850422
1533826220
426824152
184301992
3091521770
168838692
21705181
3302347980
86852250
143660061
362094371
247129904
780269431
3174934312
26322515
3360179832
36545100
74484200
226662318
24721390
1592246006
1003669872
632550441
2480435185
1456140842
2524670696
22454663
73307828
41153837
1267381280
861532946
2670772172
575815317
3129099890
400188508
244627772
53502841
165472300
792119786
2825610685
2465230208
20951040
488713596
43626022
173074162
315554546
107290835
518744362
24067213
482274576
485016008
385412944
3362972344
2730550162
3043348600
53210455
2166568844
3282973915
16672561
9763482
3314649205
26186655
1934787661
60903033
71283298
2573993016
2801229139
3164513660
144402222
242602560
112476696
134296707
71296802
704095868
1108521060
994053811
274990777
3309654696
232461939
22972732
18758318
14731096
263809335
3041355094
356859394
2862483336
3074077823
15495563
2502397874
214975484
1169727883
2491964094
3316144340
2811873666
14434063
1069949766
115094250
455394628
582868865
2940964728
2517854953
3063996411
68382570
3404704222
19088288
31601858
15727697
470438993
290815764
2371473799
22699560
272642804
2607123872
346564004
3406193625
3076211994
1965457579
2993628401
3272050580
263359642
53090314
196728544
3304501052
882315709
26877811
14993272
22714413
472639602
1513958744
319777415
606823151
403932208
22209201
1918697988
3026856185
27968672
18906599
3123915637
169634370
18347732
124479036
3302915034
2206420603
337690762
2929135816
1359266005
104290832
40842944
3152527105
3300336775
3303541854
263515257
1909087813
851711263
2664278533
146160591
45399148
7829912
21043723
2446766928
15066876
2352603978
461686577
114474262
3109360564
14345062
95368728
3217694460
3090670781
3130203276
365101425
2329498706
1917731
28785486
3151620948
1961545999
1880852461
3386886616
16711026
96863903
87403396
3032194325
270717589
292777349
3358088061
32029132
113349253
473637671
20852175
27359224
17881816
1121150029
2529429392
148771088
261918703
37131103
2546690178
442148838
36890646
59956410
21591477
15234461
2618486504
18006839
2427554983
3081420210
574019323
92079350
3320933284
2581070247
3041829739
1112486646
3123764864
3372741323
178062281
350032839
47617588
49285444
253663760
3249374986
2978283059
2308777051
3269091415
328225741
1328046631
2591662076
2827921244
91158484
14293310
37599351
724878049
1499026446
18844286
15458694
3010593099
3187555971
2906862160
171331846
562981626
9300262
858646280
13361922
813286
1101252860
1445123090
55310956
2573474293
56038149
796261392
1074278209
435459729
487600344
2377977842
172867574
1355218452
1966921812
360285166
50398239
217284217
3182523157
333675022
26585095
30313925
3313949362
528055712
103913301
37990581
18279169
1389824197
15441965
2535256447
61149653
2159970682
2980513964
8839632
73238146
15250836
2886412360
48038030
2428776326
15754281
321774180
3195553725
26070572
599690859
24186780
3156235015
87792656
76639716
18082945
511522177
43261344
2173646835
231094495
61015843
28938202
299236836
899682516
16177387
316131747
478359113
359985239
2362857493
3225095235
18382184
16392181
2666962567
357223929
63262233
3090920659
1345702333
72198806
543780273
463204825
18926049
3111889034
86164363
1284956808
3232054991
1279624999
52850572
36387919
279688057
1335267692
33596934
183753455
2240756971
970207298
19417197
2457340711
74594552
39845278
2262450288
3150777746
197567344
236485849
1071777608
267854863
3000661701
227139868
1536791610
19248106
1093090866
1330457336
75069067
68999404
37680340
166655653
3071251042
3065753301
3065966919
3065900255
3056142064
118238952
27649741
1096210890
14377605
807095
76027332
939922981
757303975
1339835893
15846407
38107684
19397785
556930049
9624742
71137638
250205792
3108351
2467791
66369181
14511951
15647676
759251
269557576
41949229
91478624
25365536
94900238
16331010
16409683
