533968111
1339835893
3927258395
261886643
87416722
747140857531404288
19397942
133236916
726071618
215076970
1215926336
749537738802728960
126785789
2371427337
2760638907
232926418
89533893
730111215687585793
87818409
24440679
34386687
726300618516779008
3316380559
3248881547
3198919216
21188077
160952087
128216887
22812734
2462353886
2745076207
23191666
3018275674
713122872047353856
533578801
718518515934867456
702806430248779776
122618968
413140245
300926828
4854823233
209176493
262715955
3233864708
3708247336
1298479236
3342929843
701032488869740544
20010173
2837546491
241031667
2965897030
3511990155
3245408975
2829692267
53651140
3383159573
111040693
366042012
485145852
18808157
62738144
90524284
239130036
3344389019
19920662
2931739889
3622059147
3260214909
113608347
868598346
623991015
120875206
49775129
2280438144
362033429
753846744
19742143
2495785210
366671878
19878957
1446716216
581819199
761626538
129845242
614449931
526486142
21324258
242653461
424403879
16561884
43115008
18676177
15473958
17939037
151414516
27726303
20155927
299870142
20548212
140118545
512080030
569731036
40845423
90630401
60259821
74603848
65493379
