582135529
239760871
702273023903010816
76687407
31070593
16564066
2295343929
1102507878
74672763
58019272
279223008
3307776386
543483455
361275163
23359769
3274720530
3347017152
1453418317
28204769
121217779
3711628096
1084375028
368605503
2232536197
15207668
205644304
3329715436
421482987
11134252
754827390858080256
3376718313
1342967244
197610038
374284455
39334221
4560016829
331376866
915585672
376154082
993951428
22657914
21467204
909429824
1956750764
3441165682
48887254
90480218
33529092
20776147
900355423
711019979504807936
54769979
73587082
3031605000
128760201
724311770655903744
2546562188
885794358
3309861445
1606645344
3344571868
3034782866
27897429
4734316675
3353868645
49736166
299239037
531659443
393190233
33750798
4563081375
1722244381
540600123
3185488506
4627222575
1476107802
33332251
6782762
260527870
3312861212
154236193
373564351
27174089
3885897676
335206333
2455095278
2881190879
3600539122
2417586104
15985455
22203756
887660666
990159056
4802449337
719591291311558656
27392234
698569107323645953
2740179264
4869718721
2548957963
735524232948486145
4875427757
248319693
1101685902
148653311
18938646
234053160
1520883330
18635250
147248694
816641287
286013431
4826912636
328810158
3143003737
745866908
343087091
3266856037
485182129
717112832160980992
16495811
18643437
49118430
729768915673436160
2713427480
2799995538
36008885
413327979
454651841
2305888410
21150492
708085298845118464
3410689588
21965432
805092764
72426152
411380833
3220937827
267719395
4885744525
1873929764
4728142435
190817371
3293333421
253092158
164269050
2656250317
4224729994
634595966
24516301
3498448812
94607882
3051394269
21634278
3685459885
2164876369
338736117
28816576
914883733
2710824398
4289460455
2953865988
2996469091
4510755552
3410891445
3320618587
398492293
710553234654367744
43226515
2891474527
70477603
2998441830
708838526121484288
2913678013
17148456
720809762112335873
2696758988
749663079722524673
347782283
717409858165874688
2172757197
1884374228
34082620
48100522
489938054
714575249128423424
3086189976
783210577
45741687
261014695
28273116
707246777515245572
4105765714
1929677846
2281128559
233933230
1263002017
4102376488
931286316
733421930712162306
1031960270
3232145409
19031426
44617711
3672584544
951008132
181467403
746489074786000896
57143767
417517353
40991755
3253946096
851556174
4255897218
703332665781575680
4867758857
711188856943411200
414003816
37919483
717627639159128064
48106805
94818581
3374462962
748305534
712774193318924290
109065990
386051467
4636949955
2565881196
320547448
270679712
201694533
42543403
18176907
274891222
44595784
906762324
2937386462
214908555
2611066880
3050363055
716771509445009412
45876240
24486612
3298532682
2920472945
130819780
54159671
1528216639
4861913620
3092840974
513438857
37005676
3408529580
732038115532083200
618520189
103121228
278781274
70883367
2263401092
2264826464
3377100196
4530555202
2280992570
65455370
28135590
706734903824670720
1282992704
1225818590
46302096
2223706189
707033823876354048
363761111
15361389
3538092137
2871435374
718849113303949312
373657768
1497123636
2925812427
216234848
3389073989
19017675
2793882489
2544664477
207130902
601076863
259271655
635195109
152145921
3131144855
44531593
734141502209789956
930575720
3687229034
22407212
2864076962
705921327752806401
3516831555
3379577483
4761064634
550666618
2663115926
4921372709
20084570
4323735923
2612971414
213513491
2735511486
3958327401
86378821
308520434
416016530
44475402
3673471363
30035994
30534986
1599562578
472722481
34367582
124257011
2371346971
2903158613
4517951
86174088
258025056
703990775223169025
1408487016
44041065
313038011
381883950
2749858280
937704163
66643970
21002422
4463149992
57603422
820935110
101264587
1332367184
733505984782467073
81438287
206335804
3293018744
81046321
4597069094
725469308558663680
284306695
426999530
2887465954
2315583427
4150177692
299945488
708227058393030656
74514114
3609952274
482450423
479601642
5950272
821683694
18822612
460848738
1680191
19211550
706884805439332353
3025921727
2913088509
349033961
2657176416
468956703
524349790
3159852925
4848473285
3301187533
708989437074612224
594233612
25427532
3411752025
827200291
1936536769
4142750000
2560420130
732387407211986948
75650748
3503962453
5820642
312646455
1419265694
3580385187
735054343
33224816
466645191
2223064093
1287321284
28049266
2853461537
4449043152
172102363
262359713
43778119
443605395
227410667
3044814820
3309111666
2174509045
499012411
4831603043
4389666737
322310561
1360615250
351226763
262150819
2268344145
2730969312
1566680442
2619593276
35462142
298629655
2823620637
119099353
1474796768
457448375
3308703357
7144882
1465875630
2502895924
2903166449
3270559782
4646073148
3875376621
358006156
130407836
255645890
34701889
4860406902
702158221931315201
27826793
2352603978
4902276596
2519705322
19173608
717838876182581248
707968143361249280
4384236093
230526175
236843945
35622166
4916011312
2369506560
247981000
501564475
3287802350
1339944438
88550047
812542670
1849938847
905898240
375182319
137116929
2387765124
627053327
159604049
3960331295
4821135339
4332740714
1259574180
3392826359
738421809939415043
4329338188
11187462
1250732653
716326723814629376
4847860834
28873611
1395839550
113987669
2941503296
3558102739
708451237797236736
2242085304
3077426913
1564167697
3309041036
1046023987
1859519149
211970994
965175332
2198812885
3979623923
272114651
704361881994194946
17561562
606400676
1548975014
2494112058
281519746
4729571957
71026275
395390955
16799621
55312746
704017048792268800
4041824789
41778159
4865589424
3837629183
3677742792
726533301796765696
2985114214
454232867
3947091915
3060388144
36670328
70707436
3464860760
113758100
3757015887
26257166
268477981
88765862
4763225023
333168411
50004938
3352802865
1339041386
27961547
1464560094
334525264
31065730
4679513822
328484372
634429167
1854011028
4700004686
115179302
1551351144
308860633
3580248555
25073877
578180494
3296504462
3309169489
117133175
799732200
2196275116
631242283
710990834972233728
874752151
865060466
18545481
279134171
708098284473204736
186587664
478227061
909448512
155653637
710247867600887808
3433022621
3439194945
19482284
322879013
2891003632
33317438
3995778614
825501626
3308560736
73448937
385537554
34852681
127941629
321545706
4510289232
3402935435
1707527090
2327706199
67966660
901903482
1536617431
4106988989
381308128
4236806414
1548183698
709943820595519488
185272205
2887656388
36989700
84014340
359403242
3914047581
718561802787930113
706959926879334400
591981595
72623084
479659081
3985438453
32820439
1558510549
708697173689413632
614301557
50317463
3236297670
714920195400269826
358545917
24040708
3082159592
21939082
2368624716
266894776
258831900
875627605
3372916931
705441494698762240
3387188439
932642034
2871246395
4874115089
475802156
75541946
430118889
18727347
2907006339
39003445
4508630900
1020857448
3332044263
3380947863
3118705906
257748278
3408847582
1947900744
2802646946
2510362008
3387246958
4495515442
83657817
1193212386
699344605888782341
753466388
2547127850
450319311
4857577607
383418826
20567058
2989651617
4516752821
4430503527
4249418631
2746979823
4065725475
16190478
705103783047598080
82447359
21610240
359428392
4813881008
408619754
550987205
244722043
3744122597
3383049855
2230167012
24470535
4855883563
3139898299
3416539240
108471631
3959740032
327015920
3284112337
701055766623625217
9953462
486736551
37535548
2402393436
450171502
240413628
928618363
1400943320
3310800271
434387413
259970084
18379614
15600217
1260671862
124371986
1434161089
408219053
22936237
4584443975
37501003
4165642155
4262632933
1499092220
1628841380
4554286520
68698563
605963171
24525112
2650426551
3070114050
474464413
566858729
2997677960
612204514
968299640
3497865853
920120467
1618641848
336242259
15901113
60667165
701784218
431917957
2316246829
261749735
3022045469
118845216
236487888
4347523352
281537076
4836929488
263962759
3433043523
4479001194
4808336058
4795359535
4061566936
3314758074
19468364
274263090
3540252020
3271255423
2859241221
3329632845
3386688502
2534195028
234905133
2499295284
2319339266
182606087
3003250679
20868628
3408826877
3808891033
1575689569
3184471478
849862741
603660185
328878936
3622904116
16097702
3003856807
2567146231
126848897
232728021
47253057
2712571328
14980721
4707314476
3836008983
18916432
3434421484
17900421
2471337900
17980523
170861207
4650996398
17614200
25429371
39349894
39344374
16157855
30313925
46078438
3108215082
2476663567
205622130
36042554
3645576615
4121225056
245872279
449110269
3772913417
180042739
2371155744
3981225735
203226736
247723476
3273770852
3753356896
191613738
19771248
22956220
426917520
3124986791
14181258
270412323
370930699
3312318367
18812572
17446621
3602545097
180505807
376502929
3085835595
3260501809
3307240339
3306796634
245963716
3538518262
3279457484
3422820227
3277814538
2961589380
3330905427
538547125
3395964711
3293118434
3330339237
3220851492
3303622686
3388290885
3396282117
54065567
3260515530
2995305211
1143472158
27463702
253167239
32359921
1364930179
52136185
620571475
3394924354
2908170952
54900089
19400611
2332354080
24795163
87299430
2693406407
635269923
249868019
3151688520
120650068
28164923
860764812
73359920
90774609
14885549
388272129
2812768561
27457788
25053299
1361273238
2268321580
2864812909
32002507
90484508
30733241
19214284
2167674121
275048401
892071500
111081551
2326360272
34460094
2274110685
432294867
208083510
68956490
61608747
1142025800
1873053276
21651982
379767285
598925796
93637779
2393592114
255546135
2440699129
21044127
1656413190
872607492
437630450
253017963
401089025
6107422
816230228
25071402
46335511
17537467
37588599
16663272
29304959
18968528
305655577
46520074
3390731
72743334
125463397
2175807304
117856715
1519603290
19768990
46642948
390287262
23468661
210684204
885684950
17525171
43858228
18810387
2462808887
2512732765
26053643
874916178
2192417166
360080281
2280893034
2289180866
2301745880
745361514
266536347
28480010
217523237
219423018
16912213
45363810
88222637
880756303
1967939816
2341133755
343678044
393439146
167060330
163024647
21451770
246433797
1493267851
89569373
1902635004
917424517
846493376
1132189957
1955220350
15920162
375936022
1534167900
2155220057
19102612
61815603
711007148
170432851
19993433
18125710
409503871
74247792
364251908
24773177
933693476
297517713
114891771
1323198996
622694152
543037181
1053593700
565453455
220201111
373728675
318136173
1250117214
19606528
25983654
36681617
1558304270
170006358
61880713
422278649
131221242
84894018
1149378091
1069137992
268471590
263358545
356434482
109192303
1465857446
22115384
31175006
391897915
176731899
525781567
1704550544
207904996
222195944
2704951
2148771794
1246556053
27382597
37764422
2194660232
324027766
492991594
17366486
1366631
1595364620
213936734
331693829
1862373380
156424244
89837927
77197634
32389958
27928942
223719518
55418201
232901331
15216135
218074880
231295638
715044396
169245808
545927599
76076931
266752257
274136152
47808357
90408018
151603907
1618968458
26868545
1886667756
1442872940
848205631
1090323415
733577641
29216764
223970563
28587919
158769098
336957527
14116807
91882544
1173377658
423886992
1520627299
1283433110
1397501864
833349043
1949347722
1128321150
33079769
270622340
907165158
525312787
39631678
553442966
1043634536
978908012
1952328313
38422859
38244366
406616566
284108603
289397215
378406966
456713408
19307870
22847646
582415108
1177144225
338824375
1616957942
17714709
17233536
1173782760
583490818
1138036099
1135449900
15656004
530814119
1349888815
2310866756
539217213
1689833634
339135818
483766139
41280377
23269838
23248649
975217231
1234730809
26504239
12133382
54391097
246481013
28562317
1109620921
1912914235
53086811
1254429360
379962842
122455671
87789822
17930084
48252327
231653036
2320142600
136757283
518898392
299416026
117631204
26582786
76030793
545240167
399179578
878916812
821697402
223974036
123300331
16076032
2293915237
1525441063
510409753
62692433
573190121
842637848
624080892
116545753
24915114
329839187
1074762404
351252549
182550591
564947756
558271726
1046486106
348240036
18632666
252819642
341251022
1345554990
19658173
17976923
1190898636
440553445
40406009
233761277
225921757
240393970
1092757885
390225101
952112047
70009161
390256819
24586958
800751782
1350303332
14412914
10102142
26103389
1088140784
891629881
16425672
707242468
1026980124
272532450
21828489
54555594
38212433
876556669
373693496
460910735
619379091
39562794
18660028
2225273510
788189719
217634501
1112745398
402654346
1924014294
261008103
416696463
23039411
502067536
25448459
275186194
1963520317
549593369
1241668471
19491594
193330240
248837329
56383989
421983899
7841652
491561184
114322931
22055109
879615878
18902743
42126668
707231288
263406775
237392393
1599002856
335326799
423876843
515597525
114484518
41868336
35657008
18182408
107237312
394420238
326347670
144569635
345431189
33310366
43459248
342130924
488679352
252668016
49018375
30253471
118756393
14335880
16906530
317246039
772653259
965779873
18983793
28119411
913138123
1148636574
377208005
1096452331
98403100
107101266
304117589
1563954864
358270358
21525682
1206615426
986106360
41194235
144956157
288283415
29638891
1669492729
239946717
1199009539
1643429198
2150001522
45239177
338341096
437991637
462104542
88861017
1419413276
287964285
1066165238
525674712
430441399
1955279197
83312898
115218307
790724838
1393987946
538462385
1071444038
206395751
341662073
183408798
250743117
244801695
30096408
1251889436
1498699441
259489745
592483446
58710467
259001548
540122045
494140744
184153602
415657610
55976150
30111402
421390121
39885951
42834939
800642714
16703058
17999966
17327882
1415594922
1654465111
15726358
241972988
127486569
2196023400
69137871
373703200
37357729
19747572
244482472
317259082
409424481
32688098
227429355
43277789
506533151
2252839610
68333543
33962024
143831025
539357234
400962072
62981355
860784084
27756007
2285753090
900670338
473495152
1531791140
21888595
324736128
262398090
19500176
15377115
405573630
35474809
24554234
1347285918
164903782
2166832543
1431873422
570816898
1000716252
23963978
2237285317
1173836706
780787512
969272936
196292489
296623811
487736815
374237792
73986605
435667337
68131206
1442853974
1557315432
26643566
103594788
32816955
1902313020
363748837
27514343
179450859
89297892
271532578
758417659
160699752
26266361
24568660
1173257592
17540058
57039652
45920157
1356992605
291825047
15669672
19085683
200551793
154759765
1306610240
841039189
347627434
201192680
2196128686
151990447
52529896
521321191
488011724
397748897
531668387
25788118
180039330
32420474
1288576813
31533092
37556052
24277551
55253484
34760919
1381911
5644772
64292878
322967172
63604951
874612346
435958880
179017806
22099720
1029560786
534801880
28229726
758066780
28473012
18653708
1252799490
1096901059
15886750
885733974
74628767
942868836
915594294
588532665
635464700
218733638
19043568
137954423
464676049
54613670
9084622
933148316
308278122
7548732
149181677
22001093
16700729
795181796
237775420
932957318
394727921
32896052
802959187
755958397
21921080
30473526
37391190
165475312
32449327
280826651
29130296
754185648
36832842
335325479
52660746
58440559
111225697
18576537
14531304
1485271602
20709117
284570652
38151045
1524857611
18536028
36704371
335331087
115753716
19541129
556375787
913228118
1656575946
23681268
2181109645
409429960
30113742
49135957
861445200
1151823614
706720984
28051416
44439023
769025252
14095099
1643303508
76311005
1301244769
58708159
1436047242
437993237
143323267
3745781
525653834
1925767682
17886038
16155881
1480852568
364509829
35246388
23658557
592844349
2256516282
16261638
517039011
1941345590
634114158
383409163
397666788
938948774
905167621
245455157
605962684
532457455
1167655052
96476726
539565436
763498831
254615229
28465478
262171016
407955785
52503751
18217624
240385577
15116570
902559234
362006085
209484116
355630581
1418745782
34169185
753338798
1910008788
521119124
161681397
27783848
1408410739
26223821
17627001
29350302
263666532
990812887
1219144500
807562164
23150981
27883826
196871565
418867782
17387589
221634221
30736021
19850687
20435808
454811069
33186808
1223623118
595713196
195271137
224760049
1546510062
21327035
1694776988
1591786351
72350324
25990183
45955209
49468514
470373325
1091104740
916888770
21587082
273151261
516007330
21253575
557779067
1296182228
19536963
381032464
1926507704
254193327
82688699
22209201
90895234
374229915
18393661
22289130
1432029667
1102452577
906864444
158064102
769971685
77302539
521301785
582056406
52989817
396020089
80631675
304547737
1092202778
1431215408
2158712902
1895015419
19485876
154139430
85576426
132745629
108351020
1117495225
707305604
302877784
184460759
61396565
357049620
25776509
15741261
618417237
1191492498
129262829
31351577
61008645
932163331
1035899312
627423111
1736108306
66034438
281685471
420694365
116644746
236588417
48935222
23205346
444606293
1950219302
44186262
33255309
25118864
15227791
212992600
379498878
43298203
999015600
595825676
84492035
254782844
26877247
65279376
40771104
19479214
751794350
547630392
327913057
20118767
20963802
23946566
272133104
454119389
334715818
1383230862
63032931
35216399
50836292
1370016014
49964679
93412074
1696925604
115618332
193787480
978783108
211281752
64072619
554277904
21447013
38589890
177580692
142015635
1147086920
805826575
119491006
9021182
19268706
213795411
575290073
522757263
89277004
330643630
463423048
451194828
1020304968
221832107
1146358172
1665896462
1379501748
51333469
545976640
1460176746
211800056
27789999
141878237
1355247529
16493868
239930426
28973437
352462668
374253930
68819317
22151916
636383511
368546958
1534093321
789540770
1558202438
630591565
2241119540
21814628
19552528
48501228
298255236
120128474
863693749
309372887
1110217502
23722910
209941571
104874562
17909913
58510019
240736691
887381984
845997336
935457662
25435864
969151992
16973217
856195111
325770743
457930636
36468277
481588669
1280447552
24914494
1684560672
1302283879
316836681
554716085
34537273
31057963
285902442
25899052
59687988
399479708
2171723992
18956073
1947985681
16096321
520033038
95640443
262998922
963054774
961486051
341230282
40028472
48071354
403547251
1645492662
33353856
264268489
562927744
310054250
88494677
190905427
6527972
89005882
912598626
15651700
2164763881
954124423
144350248
1692555433
247561030
15954803
211782456
63180039
114966196
351616830
413527491
26044686
78355897
223354901
557398067
476149277
15905092
17018005
164766906
36142470
55586264
1401278492
1705395788
472280781
47714847
240076272
348253152
1220295594
358358638
592327138
615687834
14599976
318417696
417451460
26251434
373499448
1581905761
238283190
1655392543
386551109
18610043
552980219
439437130
27759798
453558159
717012669
1853114688
463455531
737810892
18646108
122207745
48029066
22055226
18695891
51271991
2226335882
237348797
37094727
466090255
975200486
565930491
14275291
326308224
1113344888
342894187
853246909
344108179
336057404
1012787599
1419210638
18388588
946561712
234133968
17192613
304061756
217997153
822109285
138388479
191052555
45306829
160576896
731690714
267322485
15731751
1930383744
70133171
318020958
604486877
313409554
18436016
264613274
893338705
129489535
2184195506
18892099
1258161890
2178882809
1449308066
862191060
17092070
39755667
73027400
20336516
892111028
52544275
566756866
49024296
54324070
596551178
1150002469
64229716
38983620
1928355998
18380182
224767014
126467979
66369181
19611483
8775672
327622578
1020144608
371816190
1599859802
1597610311
43975485
125122481
234412567
756240828
1191022351
485970643
69177224
49696584
81582751
260076391
29458079
281610530
166990746
26487169
612917683
328377475
33611715
276007114
366819502
808129783
1247950627
464245176
96015533
351262776
35859588
2176225516
818158974
61842118
114342695
561654065
370360922
129235890
45031918
265092325
106561599
247124972
267375047
549223039
1569863684
94840180
185065687
1855886287
87862480
550684641
25534688
450379134
21515465
884304968
139974630
20076659
112562263
1568675466
27183000
17915309
128218634
109782727
636303971
573972193
23195603
1951376046
94712225
1710753890
229323985
495601120
73657657
486880549
7144422
7684302
1033521
28264799
56413858
112283476
16151935
20707966
37297803
29515247
228055022
1131852632
59909115
1317487885
1358636868
745591364
263815367
562323802
240812994
242618658
1408853089
16113700
1648117711
25857217
56749735
1428519439
66265121
1362368612
1378626793
146971119
263285930
16848688
173732791
1291737787
942470940
378933826
336572372
52559087
182469357
525630064
1535346710
420504797
292590965
398919818
633899914
90379242
30047168
876202032
589646492
165052611
90203082
23917469
1580410358
213955284
911416226
574917441
223621270
155412799
162611402
174797155
247521851
26900055
260920107
13348
8453452
8820652
11673662
822232050
31176510
974011206
1146349951
101756062
946913852
108807556
402719755
222286905
19384480
138864371
41402405
266133081
1061029050
382791093
216503958
212262370
233737858
1071402577
291756142
1096059529
600463589
264219447
555474658
171598736
221162525
73303753
76649729
417388541
133439172
13218102
14845376
21111098
47975734
296361085
192800960
228448495
446228264
736137199
43436272
249288000
21010214
24295482
857001662
18161620
1511863236
54306830
1569381780
732980827
76438819
19614210
68920859
45840174
38013922
553224712
195092201
830010780
280634067
91474307
1878399134
342945476
148030986
90651198
258527170
20347310
212097279
129796804
1125919046
796100784
332226718
979328672
399497629
885902718
18906561
570911869
220081296
9546052
31470758
1155465373
275451635
70587127
1337864071
210978450
562577357
1488065258
11102352
547969112
15300388
32497478
16557667
1251812930
21081237
1010067534
49072873
720841087
20684228
25354156
438492337
581464479
279461665
52606045
50913919
169057854
15514875
317554691
444940567
59461030
1069165872
116642061
33284128
19489239
17061263
141084952
41498871
43147980
555307309
321044675
65577676
38804737
1005486031
359493485
312149882
84989422
116909103
34282709
80601437
16710420
221573322
541958701
427799256
49518404
21166399
17943171
343171266
282695161
217543151
33495086
45450902
403171779
426032891
16248319
30954730
28918971
329274990
32258396
122096875
317234815
461262566
829735580
89496720
65589378
343672955
15399951
532285060
49098320
212302405
285693924
1421384162
19515059
264218235
10207502
1059240924
479233440
18294521
393832734
47656216
242256735
259562750
1639297261
24222640
337137476
285833358
514152680
115945502
1385892644
811726752
1114477892
1567203301
347057474
73774016
97912404
126133014
60680268
567769553
104342107
380646717
42822396
20897273
151014957
21752962
889024146
186646579
15537855
147725246
43919633
172414996
22517990
18313747
54294356
1902013848
50094643
22047070
20713061
58379000
15416505
109441206
97963881
187059363
244187812
475811383
21424216
355063782
17770086
14068364
351361539
1455296102
403832585
381090926
346924655
131102007
291941733
543373179
329323059
56268289
161505415
158060289
22527499
112047805
1180379185
287142039
21669254
534903573
15156708
14941975
1526602939
16054300
54412900
114009456
44401911
21572351
783214
1198939088
17490612
15947185
9720292
323900685
17093617
40030084
604664906
44898322
535681746
431969214
37973274
322830431
2170799293
464867175
620530422
347702295
1287018594
255359266
1065869268
989999844
492439318
1392541374
20148675
28696411
332475259
539721796
571975662
499188984
168485883
486261869
22439218
278585862
832055707
67358777
298856575
15110357
34713362
902578183
249219716
264431973
415798824
331890004
742143
4898091
5988062
15406238
403158152
41446355
40464134
267813818
207040407
26823392
1923499999
22703645
171195955
469194846
244360818
2168461388
278297689
14669951
587613880
1056588283
33173672
433179055
263471041
23324674
953991390
153966123
533203329
153474021
73200694
21344507
235196204
7848802
74198348
42259293
313540871
968650362
520932812
892413500
132204008
50769180
23970102
932196612
236026761
14293310
45156531
57338175
239244397
277605129
5695632
66951419
236037775
15450996
577281559
549389967
18225787
544709328
10168082
22509548
14839147
23976316
19929362
19926675
21908338
52667346
342821167
72882689
1297638409
45641358
376388082
245265141
36452050
342887079
334053327
25101996
576587778
347033502
240957851
556070052
831864182
1944700459
23519000
36711363
210735868
83901492
18061669
5558312
201079432
492833134
174780445
17800215
14246001
88784440
263351710
9508922
37972057
317852712
964426362
487513191
20378448
256553661
10774652
16973333
22153452
202206694
45489122
336612514
1339546051
62891290
846133824
44166798
28153561
40918816
1731421969
47327498
125239402
21021553
9609632
31349311
196314689
593251073
834190800
770607919
593269105
593334598
592423934
637424943
1426253114
634111585
587567285
592434464
73402979
898438364
264996175
86582499
17078632
338240032
14661779
107633302
14465607
86177206
218027755
121656624
27046785
177584156
1901406050
44889752
59417574
83197153
149913262
48572412
20878297
89900807
104644390
428081159
44135635
1652498876
946261009
31869934
50414071
16228398
14344823
7713202
18124830
71627462
20733972
898620354
18891923
76192908
11856892
3108351
7401202
365204252
41634520
17642330
361859989
196168350
16031927
65493023
337847812
23839835
56561449
27744185
15976697
287413569
216881337
