3290364847
8963722
511805607
19402238
3539213902
28196272
3298623994
2386040408
1201661238
3459051
13201312
1152279248
989429790
555928038
978908012
2759978179
66338988
63850258
2823920369
831691466
1965448592
3011458971
2950707245
1514551976
632801617
1674312607
545756627
2369303618
3342406884
237902808
3434654704
1669056362
2748544134
2763468449
1519159146
3007351752
475814858
2587350672
3287268270
2681526224
2931171029
232409384
3461401160
3146805734
3573099556
3572965635
1419658292
110890515
2370335829
3325430283
3322167594
3478256053
2927394991
2248463546
599891900
3479238792
2998909736
3479516714
2176034465
3160605438
3480497834
62793586
3480755292
3259047666
59023203
263779162
2815432430
2724379046
1678018262
274963100
1020466758
2232315686
230124919
409272497
1645428913
3070417080
358143990
354515291
2986186383
1054451196
1528320528
2958942862
570696873
1692289705
570139377
490883069
608266709
173233253
46848082
2790673840
2438543623
246677385
2827956461
2789981422
80703539
1636965600
2355287360
2428753280
3286813525
3475380314
3475395619
3570800902
3570650001
3148979125
543157668
3475394834
3475318092
3474808994
3570863782
328051757
3475241772
3570846388
3570816977
3570747261
2250717748
3570802697
3570829157
3570768255
3570777195
3569918477
3471301752
3433764581
3475438273
297981859
3570531135
3570774495
3321022070
3475446673
3566981243
3570861256
3570838216
3472602734
3465400333
3475330332
3475414573
33217170
3475381700
3570778769
3254771605
3475406473
3475158012
3570867976
3570762555
3570724523
3570834317
2903023225
3475423459
3475202712
3570737235
428333
5402612
