3039451113
706933895502163968
18872613
30461281
2318373674
18354721
1615971018
27091468
305916419
2973254717
3244608284
3139978363
2185388603
598475522
30092973
2751699555
2924312040
69523166
4611129020
2240027778
719038823800242176
179756181
379278040
1914917394
2152365548
2559729089
4898848994
1653530443
4318195769
2281038372
90693080
578485817
448090107
4470925720
386162520
4417663813
4164703864
4273170626
244018192
4282491079
4192975577
448995290
260958747
3060560125
2912101390
2354128850
3666521625
3279837462
2703600365
3507260114
1335540446
2912008749
286332536
358499369
3413258398
2535331199
3303373852
41070421
1591173042
2159281669
3248022582
3011290527
3079775359
326516489
3024672190
3227699610
545443555
2788760592
2959171951
2637071402
2634686270
40915216
101867058
592717073
401576454
426951343
215952307
1564177926
34312352
2678072634
411112055
234770365
2925200538
2149963165
1583721181
2747439839
122482029
2725808680
238782335
2829681249
1129678358
840495458
45709328
2474666940
17919972
167361989
85452649
2696180443
598555464
2767535525
256054106
185314895
321970500
394702063
564099995
2285774779
216201838
1687119847
1570441255
2399830257
508711709
2395302295
834544514
873691052
475525226
736421202
539235262
986552126
306080304
68218166
378850605
1202529133
2467558832
2427113005
403629433
2501918784
157140968
2200787833
2274016974
521947729
230853229
2195212094
186019527
292112267
308297673
379408088
1450054412
23578046
578163736
1235265008
2368801236
112289040
2244626041
774925406
2423959292
174416608
1012066092
2312382552
1101598610
33447743
2378020659
167714664
850495224
1384385749
15220473
613603705
318723931
1969676244
2369449801
1614029954
2217362911
2219112834
2241911227
2240322300
2240368370
739784130
1735490160
1351377812
2308431835
2335078711
452530265
2230724983
403246803
403255314
439125710
403245020
264107729
527969132
380399508
1493754582
590118894
1406656309
180949358
34507480
27466653
15138534
272561314
216430965
37972440
72064417
315919021
313525912
53338746
464139666
485854360
31935910
66392105
112457675
209708391
176566242
84279963
181561712
158314798
105119490
393488321
