43626400
752903025472131073
17444764
1644504018
4581553102
736611698182742016
3414122729
2436476052
2292502377
3258559196
111247184
92114681
2741706601
66907602
574372838
39742346
26982602
728583142001541120
3772819096
744339830381944832
743565937140445188
737042551522263040
573928564
17780444
404264767
215273337
1506760346
15204110
3167967735
4893099880
1212737160
2837757977
2505705429
2751199995
3283665978
248789217
723298568375689217
3304877184
75408231
3407005163
3509459114
3603815371
63991071
3206699503
2361297997
741351173786116097
499870679
2379889549
743186283380486144
540112622
595742052
322054017
3711265574
2831640721
75633004
750923640846319616
728210833168322561
4905584505
14903310
1354699003
2944520765
24253140
975006956
944828298
64651667
1859738149
2974662402
52794929
589734346
807303151
712104162
168448926
927466358
2570842476
701814987916976128
718776875963805697
108713311
3118251694
751133887540162561
1241463038
714195579627118592
2815819514
2746244181
751059435800391681
947904427
362004103
4069787295
2478395930
730128843814604800
4687755145
1263007808
36201833
3373045721
15928349
746742782295969792
105159650
4385595135
2603187967
2592153931
3783268401
750495964373327872
4519384697
2853656764
750452472381005824
552897771
291491807
473792583
4560191953
2977394695
195526002
701471934341632000
2596606772
2790741654
736110424517545984
3917225114
743629552836960257
39194372
744131020648255489
1489563566
18710601
4876636433
577276616
4921880532
1026899616
751177894840397824
2591562690
114187298
3045656889
742098330881298432
4449005052
342987309
326619548
1573438136
715830166614904832
20607007
3873514395
411758860
162752610
735157825027067905
3879278355
4369313173
2907114766
747107121867685888
3310190944
52262130
1391364926
3316204676
3267151920
537266854
145569816
711682837032869888
729223040236544000
731238495591796736
3012697512
742549406415609856
3037794559
2780813201
3390114807
740016368238596096
2679432080
4709804695
747222752029970432
1349664210
2470050001
1426705861
928348688
751221538251272192
69490644
2719184145
2810625726
897954746
188552364
17852343
93517776
1549887199
293957033
17491498
2375052739
704174597252382720
3239806988
169450133
744639695297069056
3011994874
494245934
3196253610
1218983592
2183050638
2841657461
543365932
2568959689
1056799741
743488344923987968
39714969
700558855172808704
3814994125
4309757729
177351099
409266598
396618975
2747983466
3097290298
3918363674
2722622042
744885318868860928
94044634
3019988401
706612164828614656
295875808
2712705906
424090039
2904083031
745711623428415488
459515897
1004736600
1898206267
3233517631
718358199259308033
2728223545
3033567656
3457213582
410771706
394073051
2511456510
2358503436
2851622050
605513014
3000419157
43808737
722655894006325248
562207202
10207502
22912997
2496165822
2681776542
3225603663
2888018612
2216213536
3331197659
3429047619
2389897764
4491019872
743138726960738304
3433633774
827696114
2777704785
1746107221
4783349007
1105537230
3708227955
2785329086
746359059763232770
2854634018
375483814
3270569658
3238986555
743830627141750784
415519548
114161065
58167358
17083423
3242520616
3924281927
2980228780
2921651136
279628263
4248313815
746273351933566976
2335072347
4665903470
2582748691
529536501
1974775610
727215343345639424
717976779940450305
583845680
3194287156
623692652
113913512
32147945
2439470852
753590724
602828483
120284996
4914311056
2210541166
748624347590426624
4092660149
88921464
894421428
83925163
895150350
4770274250
865543856
2460621258
111646441
304349214
744618291071684608
747344578638815233
2741780442
2420981372
1659137940
3393834010
118296923
711144143809081344
59083400
3230537372
1579595707
143388925
4174080373
4479299416
196039390
704123794097483776
2989413300
373406036
346837850
710946673162211328
113455954
127217325
719417787513466880
727835051698884609
3535102095
587515037
313414203
2742489744
2732098967
227841948
727841699502895105
719590092650778626
928706624
711682525995728896
536686292
728333293318483968
701820519792951296
717347516958785536
728526729069899776
727598279945560065
4301227515
4272188117
728236673037914112
3322623792
729089188168011776
728398735827329024
723679164507787265
2249134129
72362822
2762632671
2430503317
727855051625119745
2261456088
83519418
711987659221049344
3432766931
729478660315615233
729542081912422401
855249241
719308975750000641
2485490810
726779927828283393
728874952087080960
4181166262
720767913796493312
3134712394
3421590286
729503389403353088
4912620573
714712458
729350978797998081
248352501
1302299077
3505479021
730084266265161729
730098200737161216
729952674679029760
730342986999943168
730144629165789185
720527936021856257
91412227
4281091932
2252110830
4800964160
2894122477
3814723157
730178786155626497
730487904695357445
1319477431
389548696
3198257423
367682590
716605066078105600
2548798890
3281118349
371173708
3081062209
731157795102330880
730472270024552448
725448256130564098
15385533
702978634714357761
1369361503
718914600192770048
722905014029709312
3350259970
701283025514946560
3113694747
728674882725289984
721515392129085440
344251188
704836682428755968
714902680431304705
3244665771
4717919241
731514414009028608
715104527196622848
196031263
4661773179
3123299356
758121691
718800118175166464
724219725266464769
2245022168
884162010
730607442904506368
732354954145337345
732401646337036288
702137640875745280
4591747475
85874089
4879096731
2303809188
3023121528
3271391072
706288305663381504
731972814404616193
3067790776
2217431828
716683356667305984
48954726
469209511
4889183495
722906858206289921
732829085790015488
2515989528
3148849058
732899010130923520
3021744372
2415978326
4338455235
2960062093
733006591486758913
732730672796860417
3804800189
717683055075463168
719900943064657920
3436796655
3305080968
3060255651
65527267
733087121406320644
4713594133
2739239114
4358364074
733225547140976640
733256321433133056
732684318003318784
3331719405
4699205202
706790167634382848
2207600288
718766017313378304
1368381996
733064068223905792
732690084374417410
4883248138
721959984485937152
610186558
4166778192
4868776323
2571501198
2987554024
701619869800792064
2175993098
718127684
732589519858503680
4924476922
1525355916
731983040398905344
732150499009499137
708646360359133185
4575711613
733788930370244609
3015806256
1253011586
108714051
62318294
731952772136869888
733903129318543360
734031214273794048
2833919684
729028619444477952
3453390976
729749626379640832
731674304593711104
733294867976228864
197713254
731206934276263938
719741817823109120
703725912215322624
2225960916
717587054066991107
733733573044248577
4102123272
4220630235
4527658215
4808096572
708352379402457088
732953357913063424
734403473219813377
734425198343127040
734432097197232130
725522859129491456
733917220003160065
2379262164
4779715408
734591913244909568
734641189379440640
3124965983
733089723393003520
14242942
24688231
52283285
286253587
727686364209270784
3949173683
732670697537835008
2467723632
731512105459941377
28561207
2351352440
732347624792055808
734974170560241666
31726982
700722348517826561
1288538868
320034168
4819594930
718255285706625024
40567802
443675326
720422642012987392
1340373157
72212992
2474578231
734690554009800704
718371331750891521
735398889663135745
728548659575574528
2894794845
701838828189966336
729673538748063745
4647276573
4100593697
2942803986
3249110962
715920724708298752
2900696282
729094183714103297
4827028951
733906401756479488
15649662
3233239014
722226986416889857
104958274
225394666
3573981316
2619630109
712593623980838913
729456409000058880
926439942
3332724855
1903742210
4428746472
735552951230550016
3645725833
535791538
965327600
720110927518044160
1353109333
3234060444
4849144671
3028746405
721765815444467712
712836345325084672
617823686
2411958228
714107720497020929
736384431951224833
736372341500960768
413725610
736125118414393344
720888090294812672
375086833
336264627
3827152820
717750798533300224
80298317
4781539696
736615511254020096
731819807306219521
2852533264
4842258569
732829524824588290
4831746059
2894494435
57189831
720590284879446016
705838776497602561
2891896075
3131009266
160599963
3411006641
3157824869
9542812
105603056
4533143300
715932284952645633
707036363867049984
736217802760200192
736619897506136065
712116591819952129
172926211
19752555
3398451440
2471335248
737376765341896704
735786869221253123
27472403
2609573738
3177699243
732488836027047938
2798428296
732061654125449216
2750403501
734829728503353345
701400389359259648
737675006109462528
3303738489
737706912985305088
4672934658
2200738202
2174107375
235354536
286036031
736989849618513920
2774270093
3226906021
730432735349772288
722737346173657088
4422944720
3710110157
738032522676842496
736663599532396548
351490192
1615144944
4735350272
706160199934091264
4658965692
318247263
2416860835
714603327921623040
738147960140107777
738170056849252353
2152848168
4895882551
735734078469607425
4541501187
723519992352923649
3756297074
4320206494
737656761855934464
733771301739991042
702852370401611778
700770458346639361
1532538500
736016704954851328
4039887079
731854257440358401
176113127
738500700691435520
4016767941
714870854853730306
732622313770889216
2748122359
3131920682
984145898
2248582461
2326293587
737721624028450816
738193846455009280
2884478607
3108011772
3214292766
457338834
2384787996
2557159328
715984977893175298
1888104715
2799840817
3214671743
727204469650370560
2426551730
715256221578760192
1705932308
3091543232
717261218222706689
3375379719
738171660688183297
724781416374890497
2438315994
703051081241141248
188959892
708029216252686336
735291654773571584
394533075
739144875711553537
1641431749
739076152132788225
722483913680101376
85625229
3355163613
3028974184
1938812028
3003759345
1735695319
2831420701
2933796607
739398703799111680
772285062
4482330013
732173806970802176
4634651760
2876420220
3130264882
11684082
731697665499529216
737508175188877313
3118245987
4686693462
3023457774
3226865984
738971273854746624
735160602486661121
720425739409973252
3191866614
2905191273
735487043606712320
2916482994
4239080353
3308269645
308239921
4703428915
2970225178
727873236277465088
726806893562331137
4032449412
244629001
721015207611494400
1967324064
2539366114
4078334699
1478077130
730842299211653120
735241247787384832
60585121
731598002289315842
740313278421688320
721841416343670784
1024686944
266489673
734409054890643456
2668999782
10508562
4823105253
3423044962
738512825174364164
708014147800182784
716275525933621251
721044553709588481
873493964
604059682
4863472485
2540375742
2981593235
723055593888579584
3410967664
4859067074
740767084611784704
737417377961390080
714466489215139841
740994560180920320
737985768229117952
740956360385257472
2824299278
3321321578
1925178362
3476305941
626048531
3157013392
3261314748
114567573
4100456369
2984019161
4339434674
741123735047024641
2790619538
28124206
726881109791936512
741374603407298560
731889421960790016
4656108623
726115503710830592
1027464499
4913252293
722870792833269760
712681145444335616
741413882795859968
741240747886682113
296037531
740555733071101952
741564635229216770
712998323888660480
739681873392242688
928422319
1336565802
134682247
515658856
218628182
535401487
720744581680205824
3319709266
467198143
2412642516
3078851140
1124633648
2361151206
2740475795
4549449673
2879104327
3753249495
741762127967490048
741997892303491072
3102187734
741963319737745408
68597210
2945282445
16959789
4723710269
4030906642
707684949822988292
235509304
705838214284759040
3874210414
4854355323
3833576725
739246411674423297
2865423878
712840469303013376
2463867379
742246198728364032
30642014
124703620
735155872427474944
2719735630
739917356131057664
4382623461
2745877572
3289609968
1318724142
3246306492
742085570025918464
2432348869
1964259854
2773726545
3644453069
3185956016
4626939861
4893923005
740635054238539776
2978005421
210184591
4906629003
736154749477617664
3327917614
742494284725768192
465302395
742802710521622528
3394217889
1673437812
742922913276366852
147318014
16547087
631424909
131840305
742656072788377600
733264458664030209
743122952674258944
1448286318
1548653640
742716675506745345
608312848
541568143
2736906219
282277638
716418756474441728
3472275135
284619905
744774752
3248141375
736604980371554304
2700412414
308977117
732691085659496448
742004003848871937
741453196502016000
2297213222
1381711844
3315497880
728625925617815553
4716821437
4894190835
3397229212
3323295142
731293731207319553
743591736165933057
4784790072
3198404160
3241792813
714625241016709120
556961461
725096135228968960
3235772869
742307041616617472
87070415
28642551
743524636353269765
741760558060449792
743237469873659904
4381634054
743899223498817536
2411742643
728220261523148800
375420926
736400912730710016
738204376737550337
2785218552
1099637095
2865658416
3303384399
743664714140385280
2935449897
3433296598
712511383
4825123631
709513831270240260
363332454
2467937149
727273240532496384
734952617093124100
1109432442
742194904240005122
629691491
3598672222
1102061683
724116631115304960
700515544248627200
320516771
741606600822169600
740519193624379392
744012586639851520
744534014313304064
741492703284760581
3381948141
705807705844285440
726160600267689984
728726998525333505
729468389232500736
3743589612
29084169
21892753
4748111303
742973651599937537
730739898290966529
14349358
742000032618971137
3384819286
2320618333
3340926526
744516255282008064
744700936564670464
2416545127
744233549826498560
744620360373510145
740980019774660609
3124527310
2420496306
744853173387563009
3975414732
728478175508848640
2884050845
738119507521208320
727583470348832768
1048374348
2772328924
744751538438967296
2454273438
742922443304509440
365101425
1291389008
229425786
354413239
745323843686916097
745331287876059136
745417825976623104
3761175373
328854116
3713358329
742198103009198080
4608702139
718809101891989504
743169891369390081
738029472880807936
707247366613684224
3128773939
744072062843650048
3214391061
599902801
4445197001
395912603
1583539573
774405949
738531164177076224
4407759706
3021308324
706510850023153664
746163633189576704
213765655
863982836
1737489145
3181233239
1680493878
434366236
172645581
520658393
728830226138955776
745618371006300160
2868321834
2415041785
4168367471
4736219956
3037315634
375314051
722953211477417984
2562825237
2249622883
2194037379
4770412082
2374141164
744009944178036737
4886652962
745178064326254592
746723078948818945
746743879525896192
15938458
823778912
522353725
746250982875619328
3291989577
746637304706514944
745702733202735104
733090340811460608
3337184938
707965028650119168
730027441
2595865434
1335440660
73878490
703575264266227712
4578320954
747064680246546432
4904648243
717751851387641856
2326662714
730983923753189377
452464968
747160258137759748
3182130050
3064472674
745865810476924928
744706214785875968
4827287541
747306667478376448
3044574095
2271490496
727165428556931072
2897584616
742864454363275264
854064127
315879656
4732459182
63211545
4831746053
740806233620402177
463355391
742027496762310656
2854626099
4657510740
724457372605763585
4427436736
3932169793
3022035173
4801204363
725550751414509569
4785177513
3027013479
54946329
1274634842
3226744453
3318394510
2903890059
739826265281073153
2822862523
405932902
55633545
3304211182
747464491097554944
731849688068935680
720076972341268480
2870215099
3028448957
748126666971480065
2691583142
4732261692
4918155190
11534662
701629893407326213
534612334
456974786
3109700559
747957739427627012
3187371920
728757064244207616
748418950938103808
718814696258686976
1722876990
3238719694
1346593580
706426203276587008
2228281322
2602629043
1261775094
4837553526
758629082
2877362041
3179818665
2940094579
257125662
3226854321
748825712820445184
3218784756
727498397830230016
515643967
745785858796642306
748897086792429568
368554430
125523802
748966361183858689
1261811779
701918636399837184
745606498957541376
4023544696
3861300493
376727297
4343053576
749015935902560257
546578585
822319668
2922512422
745394107426705408
3065883763
744247070010318848
748323378440724480
29143012
3295415462
22952871
749149329407881216
744557906687733760
737508968730267648
748979172190613504
393560349
748350107460976640
734791293306601472
748794038749245440
841927699
748956317482569732
3055404887
747536121995890688
46760020
707892496077090817
2801966685
4599555434
749406085560270848
571036544
714685213666852864
721113678
1912146020
93309729
967382252
1198262917
2698427845
2927715728
1614183440
3302560497
625959953
731954608088682496
718204147431055361
728890207831924736
3226785727
722011932576890881
356026420
707060968661127169
740997280145264640
743448411496583170
309428218
4009101433
750076570748891136
332354692
746576603803639812
748125892313030656
4150346654
749539832
501213014
2578393330
737195666527682560
743544843217952768
4579571295
353592613
31744955
3112088163
730829958948524032
1200741278
746226505718468609
3103385897
737390764976705536
711107752479723520
2905921691
3936011543
743401404933406721
1358435574
716334121753051136
1265864724
726491598549307392
2874412730
163595549
750573896336834560
749892733385445376
734116007573389312
2334015098
741671978310860800
551688155
3270279744
2284305812
721054725404233728
736156305161781248
16620963
704481231417819137
3712940363
2521610082
129634796
257680538
709427251826315264
750545394774446080
2379347186
3234279653
53686349
706434427279253504
187457563
2893148176
200486334
3326764705
729512849312092160
1948208700
976317554
2225987306
3049112657
750002583838810112
744592578260021249
4126175235
739340412804943873
15628460
2479529802
3794949685
479669057
2851105282
735771607
4645390281
700797610492231680
2892840022
2868787193
561664148
4692022880
741187472034533376
3065404964
300348692
1044640446
441927360
1488591602
2546241068
2955837084
1492036153
747354829723471872
748542140968468480
735210603283910656
365900473
269803825
2804120412
1003818822
2744641124
2296863114
481759278
416675367
854168268
2471759924
898337090
750420896486137856
2994554494
745932290807595008
3417139792
4723075580
24780491
3323992568
106112498
421560116
2828736091
4912810573
20729442
33701990
2941814955
286865574
183617250
43598495
172655215
2348745056
2161765238
744503409680748544
730425691569827840
1054177975
39769823
3468431184
4927679836
1646500129
2619310050
605855425
4919740877
723356686472216576
283389443
2829340270
2847959026
2614075512
600000946
226535009
1225969399
749733829045288960
75469747
714529704942911488
1474879190
702706006795505668
2595545148
4819534697
157871870
941186862
2287722804
112920147
254780786
742149908182900736
369992876
4831032993
741129795161993216
3254380310
2148053990
2440698226
425417562
319696482
750435559177355265
54708201
740706718921986052
70460253
1001153768
750843514439737344
738825513028845569
1969860733
1563979405
1626945920
743355824588759040
992165586
740268278082326528
312419023
31228241
33269885
2296840482
475311421
3532890620
4274295213
3394240396
710866951
54611470
3310045900
3162150668
747698920948654080
2488849250
1942131302
3837817401
1265229169
3314388289
555485551
2204206789
713036130
186311249
3166638406
3054435348
2745466425
321542039
2340367437
2837535665
97509304
730065949894705153
7852172
149364667
1135478731
864730310
750861313790836736
735480802478284800
747915305347780608
720182612539486208
735619245497802754
29021235
3153011014
2205722822
4156059915
469039441
750756714048135168
2813643019
41033217
299483511
84248505
3051512221
2931610576
2997554865
726883320668135424
2560445466
1546598215
742205987315032064
709928414807916545
3280918753
399979555
41747101
506681950
713573939423752192
748071546632056833
3837862475
29383594
3876507933
4661714417
129469135
2850689491
2909578309
2612809760
560121356
1377748710
3844357044
746448424304771072
232403947
159059168
1398520280
3156939176
2409985555
2614752055
4920241341
703666922764644352
966165284
2277670670
2675687192
3489457392
2967768358
718474799618662400
696610387513499648
141604154
172667980
786605630
3303745427
1242387384
4107198917
4187561052
3293490742
4080124132
4290988040
3245154542
1466540774
4443176592
4425580872
4429437382
175197901
4598820315
4652507472
3101727566
4686571093
4706636066
60025455
2552992669
2379919908
1463684694
4156623374
2427948084
2816532212
3009256211
3092727466
1178967662
3020093776
2498208852
700915629931384833
1910818934
2393908940
702429459618635776
820359866
707621990778216448
3970899912
4818724486
2223843637
529642586
712570417882509312
711268895395414018
4691229260
703229808352735232
982490222
21058678
1706386254
724335024657539072
620284673
3914353606
2295032396
268128450
716275233976504320
728634928108343298
2354291179
1906976354
196692163
91000590
1883293026
737511028792033280
736748892125945857
3154929510
4915899657
528699350
2579172241
3169336133
4813760954
715745982038691840
730280844951195648
723114185786314752
333119083
3545957959
3176898878
89027803
1383033032
71130723
151681046
2912680268
3907726873
1332375986
1646500021
2772804636
1851498103
973209577
1105369724
148110863
316217685
2427453965
869238002
1063301852
714095287929688064
3219848004
1910392358
4885943740
242952802
636305906
2210679558
2500057027
33718624
4820314337
3119078201
709200170819256320
192487945
726841186305118208
45044045
1688407016
3824363548
740637170889674752
3242492829
3125349737
2473234345
4233571212
2835349962
501374634
3271671326
4456910294
4784369657
4881346719
724599812239286272
2590003829
302730263
737173483155660802
748584515942121472
2435670756
1177160335
2383530590
3027378903
3719233092
2158731177
3222755202
46499589
2811438662
739760064278433792
19550464
116341480
974171791
2523483728
24305174
2483933647
46038999
1249546686
4488611353
559977174
2798125167
4450763727
31940421
22438472
4098932003
41862490
50424838
724745164153966592
3511406417
13951732
113484390
977420312
21608525
15372043
2263627314
328601406
2281314234
1584272815
95255926
108887010
1855711285
3229952864
2809551332
58685992
3465608716
5686162
18070918
24630452
75052205
51085782
645
2802454415
10649692
234446891
383473364
4054196555
2590299619
254749160
40346766
617551313
58235550
2465873473
15633629
157079422
508996967
3336220409
242590674
48178296
169173525
542157378
2584796276
164295826
2257916509
58949094
1338086125
281888493
1629054248
611238631
90217545
2962793560
45878401
16561247
750196063747932160
3387578411
196342852
3196348784
385834434
2876041100
100989023
123051410
309740877
253690397
185790986
2748575671
66774405
27987687
205864193
31059230
355633084
158021529
716042736818737152
740922932331982848
203044507
216327829
518453848
70664947
207410462
25097735
744743599
478679663
209020126
2673995912
35760904
972396618
4740403403
156254349
732920164568731652
238833147
716045162258903040
746452923396268032
3099694776
706989451470213120
90301810
3117225510
716043731267297280
718475117853065216
748135649270767617
3394061
4015639941
706224282804871169
2168700042
376848550
716046493929504768
729818901723361280
785240078
749695877745352704
4649286132
121540651
2918950339
110218988
3299949665
18580155
4388803360
1323752792
17605121
259811214
2375413513
3008993776
259403778
394254612
11223812
1004507334
559299296
787747800
303558380
18068075
59788234
1158378451
1961331
239183181
4833190245
343274036
1408074140
613074720
4852122374
3556980495
511156147
35934056
896399360
179783666
900130586
523534651
716043219646042112
16174727
40318223
37450271
18603652
67153947
70228540
68062282
39689157
25421650
28655426
71728709
38169542
34712041
15653784
72445959
65198753
53358087
36317891
18184550
69834138
36965316
23515533
70799685
74201935
73846174
73846184
73846341
73856035
73846354
74213021
73846535
73856492
73856993
23289215
37839282
20925314
29777259
33427705
54974827
47630392
48402719
14242431
71452510
62702611
39412662
46994071
56309445
11033782
45921271
46607995
31056103
29044304
68734739
70510182
18413336
39749723
20556343
28449331
74083972
21256304
64734944
70482205
5457012
54531873
63821258
64561508
39788296
59375344
63213337
68846171
76110841
68670050
18885539
56938680
73780445
74277432
46748074
68627978
17208763
61341640
15656180
61781862
19756450
71210709
68179600
76999869
62645747
19226961
67372783
71607578
49268339
46014414
30657192
81468984
16578787
42633330
81707727
30050276
82326906
15102818
73199890
84075344
58413450
68499399
54405555
86231000
68862955
33228867
68075281
19460840
77454385
89542458
45234598
84148505
53217396
80149561
47690420
86286821
83929824
24536459
43052394
35605233
97358798
57812556
58263231
72494091
95579341
107287912
91233649
91235997
66552292
107699578
105366424
89397591
23607518
111175718
112663676
113288456
113548372
19854022
114872671
116109868
93123939
47620202
99451236
118328812
122730966
124403087
25583569
126913823
71301746
21577396
134033562
138782514
57108112
22196107
49876638
33319456
46033617
104501441
178190063
21891923
169422625
186741416
20207764
146460948
152573601
191021346
53169732
205245072
168674765
24512336
222075017
192272620
84204513
238739589
241209201
189316363
56691830
15614411
81545244
85669787
63004899
23274472
275362637
44238721
71252642
304178970
27846537
315002988
55859421
20645175
281609439
335453683
26929151
331511896
364169950
253117450
301513471
371203158
309984165
41658334
373050064
380995190
425815271
426867609
420348703
414780814
415385649
415386630
415388127
332739604
436628338
441929053
440802433
400900019
421790126
142820652
430538448
448097150
392666238
110018215
306022262
469048105
461268159
474676800
389225406
492469020
492359798
505485056
425891586
511361279
439206955
460266087
438574203
377268232
448470182
297023861
410660291
18170310
395392927
475733253
49546535
556190159
586015459
593352610
57652284
626074350
336036079
636923107
561923063
635544188
369458039
588520627
630654561
778500007
495948373
894097579
838015308
48605417
948775369
876561162
954799567
618283989
983558654
583872047
579881644
1002112968
1043257699
1138370700
48538118
878133109
289972242
1195098960
1321619221
399689149
967694341
355956921
14353079
1058681492
1193749284
1377827330
57977498
284031642
1147767606
1560868507
1597236792
1648037426
1503541878
479385753
408244773
975387241
38890003
977141390
554636749
18496709
129826778
2172410117
2212702046
1591254643
18289672
19760975
573324333
625120958
1954287907
427623907
812170212
1902393445
725997516
24700596
1636185548
2478898710
2471696460
1309088485
422763017
2497339399
41995398
79473062
2512147700
1499361558
326450140
78534763
192874886
1598736895
17495447
360999263
198433144
2561060652
2759687962
318831260
1635630650
55309981
90236769
1340645899
2468512208
2711156869
24770797
1145837502
31130376
142576237
2583288099
201387364
2845578484
1601702700
2887544931
116610550
158253547
2833170762
2820794283
17757005
2942203845
562834908
2347701830
326350198
1449161942
2332137835
346255213
2875501614
1909758506
615368010
79848384
598692528
963076195
3024546395
3080838291
3130347964
2356754006
3229046381
3199389838
2997789394
2960449085
372998146
3243741217
3367477017
169482883
3390656536
111950174
3384073349
1911000746
2951045635
2482468314
39595443
3371495079
250467700
28067466
2166460568
316266705
3593444296
935873726
3432663252
3421310889
3222121930
348006983
3351268750
2685812250
232966858
17019529
2308909554
24359039
3600354862
3289342899
351009963
3587247494
3297881141
4195261934
39211795
4497268876
4218553214
18523351
599338645
2360623159
553690301
205905252
252843362
3271771807
291072046
2927276992
465668763
2949215445
4548980777
4276245136
4040490923
3227058437
945106412
3315437083
3744853278
765604507
2284046858
39939314
390594704
4867270053
15240070
3327333722
4214102727
3242461482
449808625
1708067851
20398769
935904896
443996914
20772681
14735130
1542114595
18903953
414811124
25780843
4890741321
2821275845
278336100
4331657417
315239159
696845712949174272
866731993
35221991
2982902510
14157804
126875579
3730236915
4894507813
876740551
1511453792
3936559873
3381494908
194615561
355897875
4861803170
71344581
4852307042
4856105890
3819351567
2394939809
250376045
14235369
2849186490
2262634886
3267427074
16866585
1206244309
1969094894
4763923160
1491549728
2740399876
4823752048
1117655929
2709453127
592650473
2936748783
15723782
44209472
182141066
10678032
560082722
1322939803
2880837344
2583517434
2596350445
206755786
4581488532
1947181225
704519691075608576
1328410381
4005861604
508018815
1570687681
25886379
420452851
79218153
383752167
4564047262
4604559973
608243816
53020829
4533948972
706588354561839105
68095519
1918512728
17628113
617233647
207244967
894321606
3026015829
4268950694
3170150014
3387566656
248703106
4821471753
4911260001
50409017
124556404
4439735303
3089040558
331514399
704333328149655552
3311899446
1942284397
2393063119
42034114
189716297
791064132
2765132639
52506703
4228663919
81136211
3259927609
702233908910358530
214196112
531282820
4835394979
33551417
989849976
298199568
3590192243
910882940
178190486
2801918718
820574318
705653954101641216
2866595004
17971747
711991598205181952
2236450680
2347374748
1964588402
1054253774
2574132529
633289888
3196281412
325213334
271556763
214503303
79797487
129684883
287793081
158624027
55469354
1164096800
700907500162387969
3588371478
304306028
3392999883
714264442343723008
710509063726100480
715221394410364928
710810430114033664
715202118953668609
1398719749
3712370535
711569035305979904
25300555
330990153
173244861
155943090
19000321
709101218333765632
1160483719
216502130
2209938181
24593484
1081819903
125427038
17953982
3742598414
704158932214943744
1916215399
113500717
3145667122
709811105657450497
4764953297
2936561435
252701736
3237471508
4457580614
719552164352368644
19204438
799711939
708452365490397188
21437751
523085134
2273734110
3287907422
713818340435709952
2485066808
2485929180
3416016100
4881904228
2346550872
2778710934
438711673
413762042
727707696640737280
1128454070
1408451676
730371613
722573028748500995
2258218458
728099242401652737
3872346202
2487377192
3521424134
3668095996
4238200992
3313469529
1273730839
736908174331109377
65455370
2571870453
60784269
709222206002348032
74005245
108845320
1964725016
3851416515
117356313
317217238
739895424782348290
1431873422
733869822514077696
142331814
3888598820
340184688
2355374790
2975632003
49467477
546126354
18906599
714273620277600257
738765033195376640
25692368
6954112
263234033
2488642429
742108790158438400
15444579
82504303
713376499
740570702302957568
1584038148
1911185905
94360491
411712367
334984455
2486687649
748088827558903808
4349234234
108985609
3187039442
1462508754
4360759453
430287153
563335304
1045936398
4069711341
727217817913835521
746342779392036864
987900972
715644641777856512
708659375
132489397
2391736202
47954642
455288410
10810102
26233993
195814782
179222056
110213431
1665514478
976542720
149954544
259300516
19392245
138998817
221795831
722187227720257537
95386370
731593382926127106
3413559281
3387268011
3304299880
2762592056
4256506048
706874832785436672
704342929725366272
709767200102600705
704342371610324993
700965014463766529
715207429856882689
62074058
3400228798
3372016275
3386446072
725469917844262914
700512166949089282
4901119253
4570949121
4784340108
4691437897
4876327588
2944985937
3320886334
973894476
3256391997
45924487
2838662525
3560870426
187071117
95521567
131497030
14708814
124003770
16041234
436829918
23865382
10228272
14957147
429227921
80617430
14677919
18963809
4214995979
15898569
23501907
208179565
271128404
319666759
152570227
78714922
64502205
15754281
205392468
71349174
2424281006
738822203370676225
561364654
288363743
404422077
309904220
193343561
17566505
734783792502575105
262800581
43845924
1544755670
94391895
3264081
1487846678
15821824
138060695
15938122
20522862
158831815
24263424
7998482
138141495
419733488
261900273
293284641
2817906106
18124790
198686176
18646108
16801671
1225199508
21328656
1544270486
331105296
313080999
22911403
25605494
14173315
68611923
18023647
129997410
14165170
27993391
26315068
34641036
14436030
2893368293
40924038
2905232597
2432788310
18757892
4872162052
104914594
14345062
29309901
35515414
15195539
18139220
105949506
15382667
475294870
15513604
15675138
29815112
107120201
16930489
218975278
1025521
24716580
234879892
5695632
1128897685
14153020
2836421
14420319
18986746
23232204
5392522
20474813
15012486
18767699
19401794
280664117
223970563
16311797
36667104
18939358
14434063
158426909
427630477
3420477195
19543339
22799750
14412533
2959825586
300497193
24692043
43360950
16261513
567455933
16162149
13524182
275207082
150281740
16164636
2523253652
2467791
33777803
389759292
564111558
15210284
48144950
260036406
4744892715
3889878142
102480261
18097821
243725308
139792697
18608514
2207129125
271536495
37285615
89052747
60680268
1176994477
314986752
9245812
1367531
759251
196576780
1541364193
4876181494
4882916248
704291902699532288
170861207
803637073
182824991
197138903
247065178
3234066668
3303293865
700384436379107329
466820599
825518317
1447375976
569194033
39737021
377570030
1059174534
1703908958
1709701
846696348
2895393109
1942422685
930702608
3013188377
4239349521
15905645
585459631
35480744
1516500126
3027879814
2415129116
703726531068166144
24466578
29794588
3906973340
170597868
27311044
10774652
18379614
711171502834630656
711670315194122240
48012011
65228322
490013684
19370031
2997856494
571202103
257589811
262332918
3044637177
386001751
462924454
3296374777
705599451503665154
2381434507
54817980
502255227
71290395
1547004674
860604403
1106883991
3168022223
531598198
224298143
1309442372
365096070
2286168001
2861616083
233842454
705422030963802112
18377913
948180102
2381221861
351987628
279112515
950450641
329680555
354691913
712311514233876480
3196405270
139387340
2570032897
358972147
164675689
261093475
220463477
702251383366352896
2492192066
498509544
604118998
16074806
36939442
1625795330
2907379289
770509374
3407999853
930826154
49899454
451908402
1276416494
14311777
21593668
3403586685
1258024164
704351712174329860
16512530
351978731
3255233053
3297358086
76497884
2585285672
18077673
2402320759
394074281
4637831852
2421284353
144619588
2354103552
56413858
2838687015
3956036081
103009356
284900608
264282926
54998127
142736974
169179946
151896093
202816543
27094360
483187091
250579635
16869293
46482001
72933757
267206560
3247921011
712350860999839744
10856422
4795940253
2523022598
1614135799
74014041
853408092
1342303866
303853439
551444829
547058043
35567043
138526050
104081527
31205213
2376770509
2992379304
3219461544
3064473368
2222479530
2689312201
59942751
4855515077
91452466
2553795331
17296100
216740433
14867598
80815716
77334673
26177528
2827527368
3375188128
30472848
919921584
16753424
311405077
234212106
705086052680077312
178459544
708060230404280320
224330847
2793066487
792978680
58323501
4174112873
4636638021
2900583291
20498894
1611628309
164070785
3538133541
1540486075
69642262
460697784
3019919622
3719141547
2893769811
3363948477
1571127812
2930327492
2782914858
702242092655976448
984547717
14295496
705390007427735552
1297482212
2172246590
233225182
16561591
2151845743
926531402
87569301
343134767
381914631
461519768
1711472323
1680754122
2204137836
2587104754
411865032
15063486
18083519
25365536
169686021
14457121
83242536
4726393958
3324015065
2890896465
705801813526777856
706838589062160384
19336402
2974489806
3145066170
28012345
4920711940
4320066094
911409974
3068667923
3230781637
251686220
1545412286
1370259156
1228877947
3018189296
4765436790
702352506328776705
3068965195
2446382107
1202882526
206911188
3249356629
16228398
3197961542
2405435761
1255989506
2814423495
524719776
2909562870
3573260359
2276575376
1058639899
4886170899
2281401692
3177515983
3147937202
2165890303
555702683
1651594488
520703978
84235325
3179163272
42361118
98264337
2178901477
2396506303
348480883
3027781875
3249463450
25320005
729471620
3195591187
489550682
4831740274
3222909799
3571494916
961445378
4828295734
4686170306
2959497429
16916445
4521330855
396622827
33221250
4880100568
2748730694
1648324784
1444976858
4034890894
602139095
3291583617
3560599820
2825465185
2647459710
3761322683
3695647695
3362016513
1668992125
591785944
2816524116
3367319315
926363354
18101609
930911977
3063499222
104268292
1889805978
3086289084
26047067
1078303969
1324164666
2453354300
2851615067
2727536126
2706849085
784686062
15809210
50701663
749714912
39270820
113523341
32774989
50690628
37005435
18229081
126032227
534240647
47802507
16637144
21270225
86182150
18021496
16566133
20173458
35114423
79295663
81028096
18544393
17313832
222535211
1544005436
106514222
61770227
208668166
124166064
26164728
43782326
480851095
978983136
426978738
15181912
50043679
15870232
159738063
21669123
23026532
40112750
21314814
31583882
59502660
22676022
14056708
19608297
1114205983
45513867
2539525373
2491725264
1067999394
144194034
1305807127
7349062
1530472884
1125937411
39680372
1408222026
222664995
19303879
155775923
29943926
220671535
19017675
358204197
284137372
123573130
193761442
379914060
385728101
2354083675
1373308584
457997085
1347042894
1132189957
274834623
3573701
2284150586
34795502
45891006
39132894
41334460
360063366
846493376
621395654
1169477054
2179039736
569462028
1527246836
103691468
19162179
16312001
56562803
70989872
51823870
293283129
561220099
22526314
1684597698
376390162
1526483132
540141486
1408853089
633264665
1688853116
592997534
379297386
15502950
1566200468
63944648
22243973
166557607
626095261
42825230
17642330
47633975
327625434
53456508
763498831
751749912
36970281
355736809
840711428
864942162
113102478
262834755
324602503
547969112
234441491
361309782
138214798
564553280
280787441
366409391
384022150
528510262
857001662
32043154
73451006
538205696
2080931
906819984
176529933
389266766
535482569
398455975
465312881
174870821
1415372947
24645354
516788778
205753091
342819347
188731528
450291742
139181327
1117193798
79292033
902139174
818321988
48572412
90066820
389099687
153293520
21369185
168317816
24009801
87044744
44986866
447161701
109081931
457746499
425171276
1068752485
21809256
36098990
114910246
271200033
27834732
555454677
732341677
33230420
235905268
943777676
554335063
960731700
594050550
579648552
868720004
16703058
294145954
633899914
19393565
620128790
46699040
23008116
549485994
69875528
4393001
7172432
93629237
34992563
349223297
226987914
61514317
857089856
37091481
277317952
214924095
227755413
43737838
159111501
444378105
40218214
25253084
547014398
16383523
16145150
125041560
885728779
555307309
156214500
436405803
35767916
120888388
329811062
19691048
16126957
289293728
599820102
599720056
801686510
882836724
343301939
596581886
370685198
105186990
15396587
121611838
17798031
191871654
19565192
129955325
51309860
21920965
44570946
540122045
151071624
389273426
561434647
414152151
785336011
911800916
906984812
822968796
210783958
896986741
383918891
752236526
391200897
23697540
14343219
108130667
399587117
19355253
429246927
26334820
702251304
32123237
520868347
29464089
75916818
21342588
235708336
802375880
36970040
71088056
1476841
17905034
29124567
91593589
76361878
14803522
364574824
49672210
15798091
119102120
73986605
152043061
15586316
244146542
14851290
259469442
139088436
632836004
513503674
18605824
18685327
343721012
128449177
19808025
14882554
23341211
388194226
14266637
21968778
869259181
880924758
369804008
284357195
350607944
738004658
100138951
587911967
49172450
621443162
20867786
724729146
808954476
61387481
21283508
83428108
27660074
18734116
54988069
19458818
28672288
470587742
571393852
22466304
223589664
28238652
277325263
88776201
248859103
77060328
38319647
556068595
10569882
31598357
17355922
415082103
359116333
77978128
122153615
473586450
529581869
430313116
502007202
1165371
45875196
303431278
524569537
37491533
96185616
135340102
21371232
60823735
31147367
336091065
140475525
22093237
16371866
36053459
354961568
411966013
858700933
27287015
733208101
456336346
27357215
466756440
40754869
75098235
45066125
184887528
592838395
55923596
21570264
25685913
180591849
407787085
487969444
22419139
235282238
224287394
71893885
355361516
31563157
83271020
24194030
56608688
175717303
29313438
75573940
14439008
19736824
18780520
220727844
15667291
78768913
14930580
356139512
795181796
93551287
19580890
774846373
35855971
184018200
310472027
105543253
219143917
518621075
441130237
702130392
37644669
345759744
350600512
59334939
247572367
350350366
43635444
557485303
187468628
20958510
22523182
727360291
202449716
406489223
17790440
184000147
171717959
892294548
260873421
579874232
79638576
34434801
19515059
774177180
184316821
738873422
21610586
705381972
43362318
637095279
631260003
597004532
46680773
408791880
279291403
12804862
345321778
25001857
456711021
635593018
359749691
388769516
370728091
396307854
793295376
516646955
206403228
628061910
449308947
735210337
416047075
15244659
23887463
702155810
38121735
48973246
219496700
338324487
15719871
17626966
256790654
606747984
452305308
581208454
54889778
26742402
401022871
869843150
891012420
760732266
18323740
287208854
829583773
238169051
385210474
21399864
838157258
69373202
23341160
19039361
240871053
240877695
30335269
185376376
62807483
32007346
773511667
561952694
753540336
633474764
163236507
381144917
14304714
182503471
867694052
144562424
446414456
904850479
231610448
588778634
360659714
180921842
15012679
295283901
34566763
45484014
16704316
97950902
772829360
77314692
48088063
18094696
95934971
328154381
38535659
15810520
586897390
28729768
182468745
14805397
109386201
345911716
27567407
14829479
218007847
590211920
156651229
87818409
14504859
7589582
457440090
16427380
51193914
50960484
73141930
353709448
266733278
291369954
194052444
16937054
79634298
588640557
15459475
95963313
96535088
65016485
306094974
237057786
15416505
14185891
15203873
41952420
57849550
17611447
33186808
29308712
55533591
19278011
453181774
39129331
246916318
127240079
5820642
7702542
544815429
17046924
28587919
311137675
103121811
17058879
82687751
301108020
71886420
40903742
417222061
753493404
18041663
196081738
389783938
24422437
526281412
385069603
377418027
56517100
15032890
161970371
66468240
434316307
160717918
106024211
111761375
74483489
15077013
25355238
770451211
737678563
280996290
707285558
414396321
758241721
857152423
35840745
599411490
501361536
284845544
24109425
21718571
6217342
531627880
16935292
94226233
77306731
788462719
16963799
821892566
312909717
231698258
18190205
330752823
262354239
248024430
51310793
420894902
548696286
731135215
327072959
374138602
21731045
245262982
14496573
19268706
583378305
42712551
580098977
14904533
293896025
61698439
290479194
60289418
280836945
587313695
384207914
18916716
50835878
627609079
730700401
114869956
21119632
47353139
15782399
30864583
34977415
287163355
241237055
124859062
534706029
108794937
14753102
88570379
107913322
254777294
36172881
19869728
495460658
98181538
245711365
203066539
341203165
121359870
27505968
292501531
36281787
34650193
73265069
289433830
41223420
79883042
31018356
46453361
45228812
239047246
38222830
22224690
25397413
83951545
63178309
50477276
18355971
50146756
81157313
17075119
18369812
22042797
16668573
437988886
113184599
326507914
23832022
196227195
17221158
623242715
31559589
16593766
132130698
19790393
109499449
35630394
10196452
17839988
22203756
20205854
19303107
66651826
27785451
14179165
125543799
44431855
18026634
612937453
119127674
6038352
84422729
60743987
820325725
321755546
50490315
440995916
24561483
27547236
64418876
17118600
16842434
22100995
21542704
63188134
359939840
407287292
621979115
622052188
14959319
407265657
532424491
507860498
323376969
223466591
162991620
586386463
505841184
250274325
319178638
300995471
267552940
145718668
38714254
347467129
134394514
425312776
376399519
300933044
353983297
55313116
167218486
158994908
241303200
163350888
110353473
546746359
384250731
300994664
16874703
262820132
437893975
244890156
346557225
308588105
64680554
426042970
26057730
236967822
162984436
267365896
30600734
485383668
199009059
160679826
78944691
27043533
263937835
28570808
26129069
309188647
278388131
20159540
36112176
68641025
98962229
141037982
23218464
390160058
308583755
18924406
134592656
162954907
110797234
27039668
116757352
26492545
105143790
153848738
11155602
41566915
199047282
63500016
100535265
93695183
131099395
21396136
27092557
600811208
370056930
212053710
64767273
460307714
175479505
102119096
162966403
180877446
36667524
14411230
177818504
33866397
48370864
160544630
226087776
17540485
34369780
37435412
17932641
16887507
7377632
19945068
29852317
38311685
26774973
97516929
62601419
546178145
27956415
74161330
454343140
81076858
193930161
622661135
579708136
105188223
374597100
746228113
783116329
438086934
85675513
558291485
301176345
65493023
58708159
484211559
46002396
110690402
21870492
223885558
36692426
750086402
774678162
750084685
16190898
304542729
50055701
733751245
18916432
221162525
88784440
16051471
590453456
374190101
383819798
66013667
487768250
568566097
512622456
551296159
318968554
556736472
362113161
788270299
14749383
536597575
254511492
275346634
171605675
56223027
491951318
535755221
117316488
210866599
74908578
83869914
80611812
102097305
82827028
38731233
17973268
100485979
52997514
102270669
169081268
284160244
35801771
124983033
44914646
16135656
30941916
60648906
246919650
452362923
316787151
64806067
600173950
242206344
102211444
350235446
304730655
757645226
243192479
185035708
28023330
82452420
749963028
35341046
749879582
65948622
15975951
155952299
19553409
14778147
48779464
52044150
134360868
92294003
28226033
451850034
345729237
51964801
4107581
21687766
15816595
109951643
248845681
18950712
419681005
37504183
33330562
185747570
280719684
476446467
140566735
470007487
25354531
14669951
85606078
47253057
387229445
338545850
18294521
371448515
603243923
704582028
218193050
82656516
18433784
395487463
568395904
66802147
302720798
236388088
340334232
348954069
157096217
16169201
22712088
19838028
85794542
20718792
823905
109065990
16467567
29941223
48117116
324578346
360916189
506657843
241381733
510746189
108789391
180389279
373545909
52732971
313679399
339121251
63783555
108383788
20251654
9576402
223519227
39753648
70468535
355537716
259459455
15350768
89015262
388722520
354990034
17564591
506615525
463195572
35664186
103934028
454438127
403784636
82133482
36553332
57136338
40506540
14730894
25167629
19926671
14562874
49735086
26820275
295922319
297552072
136389258
22044641
89854915
87901131
58418528
301234543
22286602
413735163
394145108
302156382
380176021
241140071
298187908
337924891
430815476
365134297
329568607
387123654
47774198
16512565
184570865
62632780
58409648
33202646
38297247
51922862
83054069
22803981
403589477
331469132
109315857
30718106
384551625
445698732
26705944
29906598
396837565
116319448
240531800
27297996
317240857
243179624
409062401
448294580
55113967
348661583
238577065
391229121
26305647
319344452
383279957
67364237
14481502
305399099
21831167
377140806
354722706
22318481
71690954
322754614
232191119
69632637
272361432
7712832
41542404
18704439
19793810
76504111
52596376
262505844
16190478
16501029
227041318
372442394
45919105
21687977
20837035
396995779
26167610
20951862
19688992
343827613
322603418
24736981
297822295
15805629
72976759
31639000
216881337
24346009
26106475
803770
482595355
72150054
452414389
382376904
227154806
38484359
91065432
15450996
210989798
305397373
282647280
282327028
263156452
161501758
32688524
405189869
73800945
222245889
78704822
374274575
357873272
310104100
10118962
114106236
21637092
184924543
332070863
21885342
229232587
18122925
380863668
15075753
337877372
21779975
110545150
29216764
812055
274913235
13489942
31464977
14798644
38509011
1037011
205091716
17992451
234132322
17251609
95713333
17366600
61149569
133616347
115733475
106437767
36394732
18248464
13131922
39245944
76966145
3506041
106957600
27658358
18871364
21024910
28825487
64662750
14421253
47042757
14597029
28527662
26529637
52211469
21408234
20406026
20793478
20410034
14644775
28628850
19058681
29546945
20
20788087
27042513
37344334
54951973
59094263
54765163
36033566
35484170
53507577
43298650
40616570
36221818
38453612
23866758
21397074
21620912
24537321
36048065
2939671
41754349
14870545
59061359
44197142
15217292
29946240
21061098
19478923
42797696
18200571
12085
24147174
35891122
21746570
25497681
16746975
44542330
67250623
60205353
51994061
26305132
62484613
45524749
41959460
55554245
56933901
70904834
62449625
54489191
60193396
68915139
46181314
43064074
14193432
63654571
39792031
49370012
42843965
43525266
47003505
70964220
65334249
44840396
47654428
53400355
64123299
61500572
66939138
60532951
68860383
38714961
45570688
38748354
62672583
41946894
49620039
43086027
38147895
42890871
46323692
60316296
63302930
48629901
55105838
45298158
53011983
42823595
44620287
51620726
58407274
41960017
19271719
35677753
67526695
50810799
67695575
28317222
45450533
41833868
32304946
56292869
12636212
54605841
35718977
16904728
35720300
35719642
32890327
35718679
35719973
35717898
35442301
35717142
52428267
20882280
39351010
35725177
53692924
20115356
18861278
16340167
22339148
21200017
18519345
70875594
21172427
14948258
7412462
12127422
62261162
53610168
22286382
7740102
51946698
33261220
785449
12346762
45087503
53359667
20087581
65521548
61153555
62445772
67566843
54806751
50492803
63244582
60538776
43197785
27717918
42685601
40539175
33249322
38549835
26669813
25887515
56880073
25861519
6833402
19388942
18934742
19797314
55082998
47070167
46369357
53734617
69930119
39188203
14216823
70568554
14079621
15618406
7891022
9687082
30349561
16498442
40870430
63981471
44408202
32943737
41725198
58563731
57419079
58520551
14715218
39903063
19274275
35707531
27570460
11384162
31744649
38139503
69171912
68430973
66984146
39780249
47964188
22511300
47984994
34030610
36184553
39484235
27146821
30318800
65785473
41304345
54556877
24758137
64803463
36411383
47607696
26310958
20301763
33570205
68021219
27769421
34720296
58321710
66408744
54239732
46177148
71009998
32349158
50824380
68208442
54239560
49452197
49281293
40575883
27377863
35638316
38632828
59839899
39547275
48948070
33298312
37538928
56111500
41921742
40705579
32865819
42582543
44008164
44135387
36578989
30392883
44460531
26391758
25703758
23444719
26270377
30052791
23164524
26574599
21105244
46255758
63985624
30112418
42481710
54322378
26241624
48356567
14505633
58443855
50771919
19085159
48327114
5672452
41858453
17869536
50248895
30731074
25850762
64313704
35819202
14547764
6792092
56820879
21580569
14491152
49963150
62097726
13629852
30782829
20583288
16515213
19362938
49529461
42886925
5830222
14787781
27339781
6109402
34181733
44755857
28529345
31211885
18999018
54721352
5009311
38391789
29927843
37384872
41647643
40493597
46442047
11794692
9736592
16048843
25520209
29778981
21633329
15129588
21561811
29931411
38175471
23903517
26201169
14232744
41719109
9648112
56584003
3814261
30884661
19449831
48787103
51302247
8949402
40425161
70610156
54127846
55878135
67635774
40892559
18797671
47994033
42971395
43835041
60675146
53731610
56902427
42200628
69841412
55784769
43678597
59398947
50389711
8601852
48627052
52647381
59642057
51141692
41014978
23214897
52346134
66350489
44682770
70640634
54482645
56023166
64402098
41509768
39764439
18310265
46749594
45726350
42264777
68796028
38383915
63368143
56672093
39917472
68898139
67275159
39640398
67868304
60245135
59738133
70112605
64159218
45659339
42404342
56584307
55740253
70129642
45320991
55651224
38080625
58560122
45908399
49985114
57250051
42435026
46212724
54695991
60201812
43981940
57920322
38827488
41797808
71196907
49946533
31515290
40115985
25620279
40444330
41061448
65623546
42132965
57906933
60437208
42363925
68328794
55066074
69130538
45527315
58407237
24062267
51527365
38887550
64914244
51627284
46324310
67861607
43538099
30607940
37630184
49935959
42580214
42406732
67125351
70583992
52244592
47294856
25740410
19145984
14784142
40573876
30233443
17757017
45765430
36962391
30874822
46916017
45571017
33455938
33968240
12316692
47110807
40985086
45474553
56258985
46482183
37118437
32692873
53438452
62872885
33388368
48358901
62555346
46368556
47867399
42989176
16584059
18953078
39763659
21801574
39443821
33554253
47253729
3933921
46255564
14011852
15252962
21279805
9067962
27950820
21942112
53003035
69569700
16701317
28237955
30031908
28200607
13592012
59456185
19619028
17212850
32124292
33289332
37205730
23078388
65520360
67004441
19872297
19618946
42155881
26947675
24012245
39682749
51436067
36421368
19618819
14974901
19038056
23669298
16778219
61586811
20476979
47411569
18639089
44790263
24793387
10774082
10036542
26390048
17692330
52366782
65704036
53143052
44984785
45941397
24936380
16333638
15131310
19771248
17872744
33136168
49552338
11696942
16406517
19012412
15058327
15510635
9544402
52426912
40406719
26009190
17108162
19388153
30167502
16861386
36733733
55345526
56469336
43339973
14648307
55675573
37680895
26707250
17575974
19593760
14648296
26556992
50687186
17491380
19350937
21663311
43722374
26756650
15725232
47711578
18540447
34283086
38570240
55712575
40113972
14653898
37768528
33674287
30283701
36021894
19954582
31584918
26064041
33451555
38423553
36371489
29494823
24100219
23316470
46277324
31594951
22160927
18603432
6035602
44165613
20755039
19648919
14603154
30291247
34725648
17594479
42305739
29447794
41031307
32549020
36027113
32895991
45223268
17936511
22529524
20520290
48102017
46152985
25091378
22529352
23595169
16547223
20421477
50940411
19180332
19737483
45770929
29936614
28781244
34513636
26120504
5383382
26847377
25079075
56055513
18187646
36960352
18816072
38152781
16901860
24742301
27856374
28782674
36599355
21452698
20484501
20633588
18640872
8082302
23990221
46033051
41356420
48902018
15510999
14961052
23624201
21915043
14287409
38349184
21918148
15008386
14975713
16780392
14074515
17078632
15210410
43949196
56712877
38284349
17454769
14354562
18141297
33088295
