720601482488344576
3063286416
368067145
3581003773
4872555615
4759057768
172858784
110213431
32871086
389841834
1020217837
717047918595858435
19568591
1430589595
4402415655
174110843
720281941908463616
726872852968931328
2715535644
1123137259
415381836
202563542
171331846
741270822933782528
70499835
2421067430
4884111634
732767937170284544
122060337
716351442387386368
93153190
158253154
74669397
346339018
2306521152
1922263856
33236524
32189132
1245111643
1672497379
24880446
933737516
2871899817
28104354
848113609
242991940
293127382
18380580
62870442
22312331
3065753301
28647492
2197954526
2503923690
39609732
24993563
340613443
30892730
4571656997
21025381
16901643
710989816415043584
25080097
143095626
77150957
2330537622
707653104393699328
446169823
3224889627
526783220
64233326
3188870142
175098387
587662105
749793160428032000
2528805090
331250446
280701704
15784302
110775353
129281932
151163765
49698134
115563859
92544900
706666581741318144
2149742083
4856780602
4419556275
251000898
453630790
443427143
3004243629
4830034959
1281405877
33344949
371889510
286680865
53019309
2334633194
203650771
24675065
162452290
1388483954
277700451
21705181
2530866276
129387446
2197133034
16000856
3169035458
248784638
210646332
14146966
180149437
561350431
491805409
289963138
53503202
66521273
2654589595
13748562
733343160194109440
2995824966
53116265
104936881
228531431
912824995
58995875
186055485
60903033
2175805141
2965675452
735053789468594177
267905424
726202801299161089
188958822
355683234
14792049
3892714043
2965284615
4815618100
41745189
4886779211
1157143663
128790234
4904668651
164554364
171337448
476315898
3905881814
524024759
4234947375
327367588
27750488
4856706634
1694225778
703107982322589696
9763482
20023919
160310194
14764623
538111991
545792207
725248090827952128
742852193372364800
33522196
338298739
79923701
3269357526
2327459484
4914911343
2871350312
1000886101
4703441367
931391137
4115064675
2425540148
489851075
15766082
375533975
14270650
3353151075
607622157
738080573365702657
637338906
1612067526
3325748463
2752097483
67095221
128429068
116924006
76042404
730568102446931970
1330157610
2785095528
114663456
31830249
884650152
17011177
1559329484
2975154217
16189405
57375140
708447318475812864
4825044501
4881794710
562159372
2890612345
4015912272
610031730
2608591838
1707321486
376744269
580312540
518744362
3331875599
65437348
1093709436
86174088
342710587
157821604
291249899
249921880
2273217888
113178893
3598619126
712316197514190850
174972753
462424772
29993833
2288977705
344233703
3344398511
536157055
3288074557
3303205318
715184357443506176
3293510066
2717333171
883483548
727146800
1371186474
1690363592
2233399932
2834406335
55310956
3311908124
4047961114
22454663
3248267804
60463712
498167911
2468166962
56838529
702147673651027968
16721452
67602503
302881437
930160098
717715502190174209
702898128823963648
732725828404936705
4867246779
729543190231965696
596844668
707374707801071616
2560148358
720054910184787968
90570778
2742380412
731872848181100544
727593568957685760
729294900
1894460682
72726106
92079350
16573941
26186655
726604502082572292
85881268
61615796
130496027
52065674
27934012
28938202
15463671
3683113160
14553620
704060694816301056
2889924959
1411782116
725772889480413189
219429281
726003152391122949
24153571
1489001204
37727633
2828254294
1020456504
274010003
44354476
21251668
17663756
14784903
25341604
598940827
42668357
2695663285
376965102
22511826
1648762200
711158759494721537
71529455
4463431703
706990010042601473
4649610318
714694334659096576
715836648676855809
1129726723
31403779
705669838274994177
4353841283
18382184
2209184731
823738296
4899610029
1137837836
2854722753
598718727
3455796672
533154242
66010577
21602705
4700354069
525023013
4797990585
38228832
702645493126533120
1330404805
939922981
425965334
713850774086750208
2521562131
479562736
3195553725
1634832302
3308594236
75380297
241201438
266326338
378401826
612057704
633854542
123386371
4794182534
2975519020
4851499462
4877191041
4882615791
3126027352
2397078144
716028447554998274
2957025706
3098115975
1460617736
357223929
2274942961
1106501
3321712610
3439143515
709894585980424192
3150687218
1884898874
17307429
24733117
4816128388
4045660337
4924131385
229518601
2845282020
2231903899
85131054
700723240793088001
2293388834
205722633
375837200
928488518
278802252
1953456752
21554757
26661354
4435513152
17025729
2289770467
591997247
868130508
525925642
520029915
426578718
4187444843
30726383
2904632356
2482686900
42995067
95094652
4817772331
2893922101
4629641837
2471494160
4905922076
2237952289
42451620
318821694
2855819371
19268540
221969181
16600574
916560306
43261344
1244408377
336445332
14260960
23255247
74211907
331021297
2356290679
3150777746
273455763
3304552788
4628214947
706658301702971392
2811455407
30657398
2880990111
2329498706
22621272
407514207
4788912803
2849075309
19001024
3890359757
4502793672
4461699736
3297498012
4461721108
1178011
3858608127
47412126
2986052764
3950522368
4161570041
2647951785
4061514494
77010454
1469101932
15162193
1613445530
4389244401
3137987970
49476053
3284781703
4278414525
35927867
275161348
27128873
2163213913
23457956
183262948
2230281321
534239044
1414962523
4353044956
41686265
235268294
2919249932
1020058453
2155817612
258082741
4413050353
4097554272
156478717
239472685
372817561
43430484
907165284
229981090
16683739
44157084
220165520
521874044
205956051
151296808
2788442816
2523669867
14117843
2395668961
607628977
3313360990
1315234718
595674553
15033883
1846085244
334293735
3915086059
4201435997
368711188
369848597
219067214
1137298250
475859547
309220197
2870769208
4282819514
2758929772
29255143
3907662803
2922266132
2730550162
3148595137
96448406
2431587924
3433099685
17540485
212350063
180505807
4183653971
3365325754
409055353
3439011507
941889924
249249080
2446252159
757803600
33606944
3328531842
1922861
4039812556
20291907
3577877832
71091930
414099990
57199389
132424747
137365854
2348641585
707657348
75892358
2871405096
3747703275
1242205638
66126399
21258337
3532013413
117583211
57174418
3146273925
1331112800
2411677429
2458793802
67063969
1289593933
3355845192
25177098
20108560
1329525541
192097952
3441442993
184779135
2507945234
424295091
2260508977
1377719425
1238033575
415446833
3379823465
94665896
500704345
14492722
3403826097
598219474
2386708014
37785849
2331069590
66634026
2858655413
3384977207
1892145522
204900238
3364269809
1957546884
162338670
3417021142
37810885
2984972632
3329212296
3418403008
36397428
1610988150
1563449959
3051264567
3052812575
394429507
19435547
746159162
3243446058
3365336693
3140501986
459518685
1054099807
103614264
625723718
2646663170
68937753
36998857
3038643960
3431316045
2905462753
3300807466
3432010665
2962689622
3248204058
3266491766
1547556312
2835613138
3422116324
2787945801
61003843
2378617483
27328896
2274848551
833516857
2202925014
3085691147
2646002077
563865178
24181780
2267823868
1000132999
3403496705
14504859
622324359
2896943158
212051495
308336241
192453790
534249758
196415460
85373829
2226759668
3170256731
321763869
2462556224
254539486
251264744
81691840
2905440476
1382158386
1018851926
2255563825
271055459
2970840538
240790026
3255337113
2911214625
3181188763
782333172
29721517
848377190
3019768610
3179977818
1110222890
2318848143
2864386660
3162114583
339053196
196804035
2548785685
8296862
21206424
106808348
49569655
27485848
1901294936
169984941
604783863
2957062216
2791072368
18124790
39483383
2927970669
2276630592
172161105
3246388686
144392119
2364943585
2887915605
1900813225
36105428
191953496
24463966
356939649
1284854119
2433603668
3171417078
27678749
300583679
2740331928
3078033981
782346649
237391457
22991874
711302713
1957493982
1917731
1657055575
1869566652
884187258
2473048560
768235170
309210192
447312682
2568995218
1242751878
1360815800
260989578
19490182
2548595401
49586846
54483384
3063661362
75351545
2383771274
2898391527
2646628657
3386663182
389991827
968881238
1061291568
2224699346
338446585
2990750967
2584419008
81886422
2382867716
718020181
61003804
136300007
234684634
2611360124
542970393
3245476442
151573809
3315603237
253990013
3374101492
30065676
2297122562
193818082
1591572420
431490423
2611846795
1228152176
138581173
2902397403
70120224
33923443
117490946
188684410
205086897
3149897237
2746127824
102475469
3141345697
1442229133
3235474549
2820369955
3241356483
3281674424
2304537950
2889487876
2890437081
355784391
2909310806
2352433442
2869841152
3266297953
567506076
3288288786
3388438029
1542356424
3288444332
2222126594
1252183921
60152652
454036910
513630580
2493740954
3285897351
16411229
604577677
511572422
467556982
2894976809
47081626
711887670
2601901216
1515132523
2309076576
1477190906
2674696542
2421079436
1658993479
2829730149
3074733448
449205448
1723745834
85944752
3148162814
527727996
463310561
2844102989
3065706389
206360518
1022591083
3380913233
109117089
2501185880
2749254289
2616650816
15674759
2192948282
1601971620
1428375872
3232287130
296222984
3090007432
68208083
2469616093
168237066
202219491
797532091
2771226662
251954823
2578019832
21870081
153756353
79390289
262895547
3119745213
38060668
3358970609
2983939271
2924328969
563967049
2895404342
46226913
15693493
210684204
3349213564
1327902139
2295297843
563025067
3233883428
3063061334
109375397
1683826668
2266209018
19575914
124661862
1593607021
133760290
1267233367
2869242932
3122847536
232750519
18625669
2974765641
56233922
17350250
15019344
16305330
759251
259387453
3209565467
26813101
332032595
14262229
2697175050
2861454369
2869910400
14915044
2550074857
2887251988
3350139478
388454092
70177699
33211104
17691466
69112295
1287583513
606412878
3291427841
123989468
2835610593
498382181
253892810
3148912159
2616934389
2822267920
1129597484
1164744348
267921808
3007639785
34717830
387871411
2544816846
619510796
1447522692
1478049211
26369893
2922367381
169596158
434943367
2785158281
2918044567
513306640
320782164
231522509
38270283
28969022
1096423962
629949016
27852472
1523529534
22607674
2489915628
1145488861
2574362110
20226402
20612535
81692223
2414843384
81029903
44059046
2462162202
2678145128
340079163
2902151359
3083593426
2899052016
270663577
2609254610
2566081240
3222497448
2612031737
18101713
2440614786
3243772832
2450065016
2986909723
537017261
1016394048
2469832117
2272390302
2682921097
2672771870
3040064233
2926178975
2786424323
2294468570
2870952048
1710291146
3130923436
1665765440
2562738300
148533072
497082587
1975073083
1311764197
2556377588
2844475585
16568151
3234066668
374297518
47624007
3058960197
224128283
832428518
499164336
60091921
187294445
40187491
308946116
53350623
20898380
23176153
93736851
524167164
16496577
124631720
148137271
252810866
236235053
46330950
24901031
68800199
1400786978
26307198
2901873258
2944730909
561615108
1608797041
3248154774
2849169126
3071688910
3328078701
153693902
198894665
19688927
2658621607
82668593
2855332737
28550021
28406408
1520241918
64525058
3239172765
388341350
961164920
97486299
2709696008
855465590
56910689
3080255001
318565504
251376656
382514964
3035387398
3030572598
3227365241
3029882899
2471236429
162501671
156733266
2467791
259404451
1398182017
303023927
17164500
450266680
2767144222
205864193
4207961
48802204
2747458955
211612781
1201358532
297537470
886179578
3073126181
25347437
218151677
3044832472
59196112
1462792562
2553151
2885348800
2149674162
3255474008
3307578137
31373535
91386979
29898052
2557354728
3343284892
2896893411
2849526838
2766430850
324670485
49380243
2958192292
3161636493
2186062965
3063559240
22408312
64744352
428333
69181624
20109973
18812301
282735852
56223278
17074440
21023681
131877198
21232507
2364627817
1220137028
236843945
491650067
604458902
14270422
1916726508
2733882754
2610477950
1695453380
49799231
392101319
446450004
3119669835
100304573
137920087
19430780
1542533869
87083632
30313925
38252077
25537232
2349087224
3252767629
1413521516
779004793
2199414454
68999404
75069067
813286
17478965
868100419
3093637444
2884059089
2882688844
2960819484
493434232
540401138
464059570
2823135292
3165670454
3030685559
872983796
78948763
2957732800
207627630
3212576698
75584152
1914556004
2560704823
2792767553
2906465557
47065543
2915301601
2544674323
1979203555
8839632
2961621602
2298603013
14292954
3071807660
2245974151
2724286597
2580331833
2343968083
2263127876
2177714920
2779853320
3126525249
124949619
451733195
2432702917
2565837844
3065319116
476214711
14275290
16615740
3124984145
1727128711
2522109997
37994361
3142201489
3135510234
3290070855
2524430341
35509768
3006556924
147374788
2471357562
302731548
627843515
202396203
2805155416
61091928
87749789
2312184181
129400817
370499387
2300302814
2646631002
2822482780
1223331240
1631778326
756394704
436988104
1650820681
2602760432
2481828650
1911903980
1593195907
487218819
16376355
2173646835
29164948
468259025
16688083
42546287
14596318
23825451
153847836
25736902
114546595
512882863
27829587
399791192
22048152
394207281
19921215
494024366
14293310
2750355051
990843433
548828374
16642325
3087687717
1037083951
101019254
2660173988
254813655
434770620
337366977
2683521387
243911050
378672980
19697761
307320785
3194545321
413269226
2309028206
1579657213
3177841372
1368736855
2417660674
2977883528
1184341177
24926339
2707849023
3148104323
3034397994
96912818
717544904
604104740
31098846
2724599273
3074767617
151111248
2419382972
265643496
2359411186
2871084287
2513930390
857806814
99377235
967220516
741848670
39667804
284570195
176683418
259191474
562801954
2309041789
2360114660
1969003760
371436665
874367101
2864664117
2832252764
2784180131
61149653
1359600571
1331862115
135357003
2466699173
634049546
500436115
1725308462
2149739286
2256982346
952978148
2618544496
1173244519
844827276
2398274672
768239726
954629306
969299318
36890646
850509344
215807657
71989479
72946438
43415503
36851848
35429823
2569089010
721470494
42924458
567323520
3298136476
2359003817
370917257
2274017132
320873362
637318083
315084659
374082519
45188624
220958139
48116375
113123903
74044807
2935695619
364560886
1527786986
1170974959
1284114823
2651688019
3102853827
2955473320
3068707810
3124455928
2992587577
2480789377
1508668520
2385582510
2801147505
3051416414
2900217843
791635
28631611
208211058
2878823443
3294084719
2908395220
2762758684
2880754731
2830545333
149178787
3177456572
2464603537
329367887
2332361228
3002972473
2305469192
189204931
35874969
14257897
1481351628
1318415052
79308392
3004255463
2452222328
124374511
403932208
2603778012
2670200414
85633543
28400584
16409683
79293791
27260086
196795202
150425432
609318775
2309564107
2247662629
129637929
2811155766
3301136583
26261899
3154804523
3196401811
3300762094
352145373
16129920
140118545
204832963
149252376
471397670
379408088
68433206
122210136
2174483552
3281418701
143516375
2250749262
2220644058
2383096693
708360108
2220640015
611289409
739333044
19281974
2845983983
2203993285
3303293865
589491485
3105877394
2782146178
512830326
2242158134
2889953969
40294066
136986438
856998786
231786281
1366254476
3241468001
47686520
461813162
3153072740
3153183805
3147830237
37213533
34027004
2823890536
2994324841
2975313336
2795505650
2823978634
3038663996
914588454
98151394
46505391
3041730492
1056121380
2281743237
2345467698
64414615
3289972804
3225129273
2955379023
2285834730
23463934
63963244
2618899069
2346530329
3144725996
2904107319
242059763
2807324631
2382427232
3063996411
15560613
14956673
911861857
1123876268
2971972095
37999041
2758197011
537086964
3130508024
163482900
249499001
797993804
2680961
105209246
19230279
21748010
1536791610
55050269
2220919208
2889089469
1349787607
3166096407
1372088095
2904153197
251901486
2930113630
625213522
3019686852
53338746
14222536
72064417
81825702
16794568
2657808633
2288687303
3017651143
2898049079
3042847424
269851558
419344938
1329046398
314928026
3011875355
813655189
3189232478
2937986194
2959222397
3245260625
2827424116
427948911
2681332993
20811447
365692881
2480285324
70054190
437154911
272780952
15792979
487007851
393557668
1254886159
102600381
25330784
32981735
16008484
15166316
127431090
292953804
184154013
2557818265
29158294
267236631
527634075
2815506960
904897790
2812768561
803541846
2326168668
436301143
254098644
1870252962
45571759
3000633645
3023691432
2872133147
15606202
2748585718
1431949808
2273664858
2392966724
17007531
2622363777
898088498
2883315670
24331833
41237381
82221997
20755072
51520765
108861466
596261273
405793882
16579345
35172509
30503160
277832353
29157380
369091302
2761291757
3030169149
64147501
20525731
2854815620
2980490974
2356714531
1598455092
390335425
234847403
565902907
122861885
18151449
24987045
2394918793
2843638231
414020073
20015311
2557037323
180463340
34676063
67418441
203162990
15291335
36947388
21904217
15635604
23560015
16537989
2497335823
5695632
631478663
2883841
97739866
14824849
1098784070
444661918
794537881
3086675593
157631308
245766344
389320918
310660918
3051080990
1894979629
2906015321
29886563
199043902
421935355
355162376
101613166
272250951
379454744
336334154
332163366
372937865
776958385
73536525
35257470
2827682717
86490103
2364412586
2473430923
2576711820
1665950912
2893068124
629879443
2837996969
501973262
2477854344
46786678
3221209655
1104338628
27505405
3220236989
2184670399
3217369330
106916931
2884951139
25589776
2224947382
2580990793
587750405
20823773
2427885031
976366940
67135304
2980396558
3094962786
3079968370
3049933333
19329393
3102590988
237870401
25521487
17844280
19637934
17191297
2421316934
1323478362
3137083179
872295667
26585095
390021071
1582986458
590600453
2493652700
79266566
1443301723
2951812547
2065391
1445379541
527408675
2873283187
1650547956
25183597
2423235426
362194251
78693749
531861670
49498735
239509985
18327279
14056708
320321620
28456384
559806565
2980251071
2771143649
16700555
3050565375
3144868865
18874870
2987464186
14326874
21035409
2968451607
346384098
1055907624
2474370350
2586374911
18510860
48483271
22406410
2980275203
244351135
31949107
476256944
32774989
3028425179
23779324
282652990
1858665590
2234973115
2178977754
866438402
577551268
539158744
237670274
1137161258
2463803701
27136199
141303634
275686586
2468124720
239819612
33452466
634706405
2811990684
506503372
33012538
3153892631
28134825
301112153
293227742
16698499
1534135238
132350182
2250062072
1292692129
126201072
320462903
119178038
1888548469
504079964
396383686
818120636
517225657
485907894
1071777608
2398146332
2290348602
2330940300
38259087
588570637
2420892692
28420827
325964747
222185665
1939683037
2342637906
2610703422
970207298
972651
9890492
269897088
25626894
67609370
2535600774
86180513
16518990
15392391
167421802
71026122
26787673
227456512
29654606
40050616
120232348
34176543
15350739
158314798
1480251510
104288093
56783491
209708391
34507480
268414482
31583882
2252262966
14506253
21148293
2619950906
618512779
580097412
63737212
17525171
62290422
20793816
115093438
89084561
1040128453
747888979
2440970576
35880417
114049072
299248790
1897583850
1324747338
31188458
2710351842
342772500
14116807
100766356
2977903719
176504622
13687132
2977574451
465833692
305342902
2285374225
15947380
2779342717
22175800
114610602
2327860633
16452299
524668843
1066341548
412537074
95386370
14511951
34036028
26053643
19608297
21713274
366606110
83487731
18301196
23544596
329746058
336851461
50374439
360285166
1019735209
994453866
26046526
16312576
15485441
17446621
2456478315
251310430
93777520
106885079
92106592
2983110483
124335068
250831586
49585215
223841564
180531059
390216128
202349896
20255162
108382988
18396706
338084918
14780915
268439864
144943055
31927467
153295172
65432405
24702915
29749448
4101221
254274083
46452468
36483808
65186457
41259253
19421477
171231974
124884602
130636009
170442713
635028535
1133136553
21103888
173543354
204137620
256573865
443215941
500042487
502281810
1246504897
404137465
2330897706
565919881
2600174328
2731641615
2548655126
2243199998
2460901220
51933619
2828781408
90283033
2344396645
36806802
20641995
457554412
105119490
30364057
25365536
16190898
45713517
1290082680
40519628
502017570
29369395
398458864
429298552
500651859
21040811
1128218821
243440841
230577989
197598287
2289867572
25060780
564912055
499336680
205302299
2717254872
79277574
44960028
298187081
59518571
188940061
262733510
179222056
156306739
176485832
32726973
188061519
1568992352
2165275307
429457498
763844186
293027569
2407939594
15873448
176599625
51030238
2797911394
2486873654
19612256
2240387750
2238637524
701627179
181826115
260551558
609382951
384568795
1933589486
2530475178
262799542
43468861
252709160
169740780
275400224
281766200
563940069
56041195
35413856
92367751
6427882
366422441
366322025
1881014948
1404590406
181561712
146994659
492399548
1325621532
16335238
14782497
791998130
305275298
57067816
33276161
514933476
17833574
618525262
415376754
762233402
487412249
93049017
605124237
555541789
2268233390
307538155
367830647
166252312
26310901
1107063020
211869179
1170384912
53732896
2383479842
2826727225
2963859953
26553086
25092574
68471807
277546050
107512859
46464384
60919240
21982720
16303106
158414847
325830217
15224867
1330457336
1093090866
757303975
1137638220
1203691242
849162614
39133880
26642006
15227791
32004130
17220934
185314895
110827653
19697415
27711339
34395888
72568426
78021221
21208444
74755679
18583722
48100887
15451591
56481539
126198709
166739404
48672487
75206471
69491538
23737582
49712658
47363263
92372285
285282053
174593833
337921759
243835805
229219088
31641658
14790966
43283406
139823781
537434396
36169080
602317143
104969057
509408688
237845487
18171994
2214135115
204949055
146562267
1446759612
20619654
92422285
70722719
44312605
27042513
133880286
530817071
40346977
34312352
1925157330
2303565354
358372931
343694145
342328462
48946932
22898904
1516479518
64118338
57097104
114035804
287435891
2580525433
275215221
20196258
53297035
30614676
302294450
1924364738
1129248440
49110693
24751500
85603854
93219986
385491419
2458414939
282647169
345325848
197087759
123546050
177758937
51197470
193757722
40864408
90202078
216201838
2936418477
2434335440
43413681
61349667
17498138
223900960
223933690
115625700
89889702
69777601
41705522
59949396
568563158
928604630
417654764
430863193
33476899
42045449
142088689
18738692
29140003
985186213
41065789
453250529
2294268401
1143249800
31461442
1096109040
61116299
105672148
17478928
2908566001
2559630794
40537748
314864509
2666839646
228079384
25209206
58748818
59199168
18470958
58834557
264498030
1209309782
58233603
73443014
21121282
90098789
1132329643
17565514
385969566
2354079259
68308914
437136024
1374926329
570279813
212944975
97082147
14192266
2474674633
79240814
29398195
339632642
202221764
256157199
246515294
39330733
334794309
915972662
356314667
33311232
1884495343
1305249758
876045241
23442360
2350513440
2374176276
2170713941
349300271
1244325504
2282671736
1948294874
2281308900
85399171
78974080
25203361
537702411
229033316
40361513
256674693
41218028
361564025
68838777
101879887
34192959
28830707
17530370
18538268
1486285009
17371873
64496398
145852539
74501824
26281395
36528126
198702159
103099657
19291081
393800219
278433367
74817489
247139125
776433895
56405314
468896332
499073990
163755960
37979530
33627557
33979049
241217294
253114906
824067121
544517731
69394398
36072264
254632706
2463499796
118857505
149561800
15846407
247469284
205297900
532544990
40255499
14244109
197518793
2957931503
14099719
1339835893
602993818
399614110
1323404239
555548903
436292177
41229669
21414413
160941691
46296304
424372482
123745268
20684227
35348026
225539878
1091092992
144374958
443753520
870844242
15020865
50004938
604518163
135249573
31126587
180503626
19426551
16264006
22412376
26347170
23006794
19661294
18863815
50826280
461593888
526126378
363867797
34399694
242403169
171160722
301500713
26855181
512700138
124003770
100220864
26565946
17919972
14230524
21447363
288304848
121626258
158848407
241382835
62988756
16222584
32985158
50515656
144921014
70807231
68792362
69151690
247560825
44215023
144925401
294149214
28211427
68813436
30104231
76256268
19058681
84358766
189283341
68795677
72694909
65184105
18948541
6480682
91390383
90420314
