121597316
16827173
2991847975
372862603
786764
37874853
459872442
14964429
292082175
14347972
320721089
116835497
58569513
2928224473
16973333
3096813726
15679641
19417492
19091173
635608354
807095
295731821
2488541
71869296
1579422614
334944709
18956073
108807556
2624554209
18005085
454457153
850036892
7235612
12870772
390208869
28614262
19706851
2273242255
18653221
25692368
24212955
4216879030
17537467
1458902472
24923175
115179302
3572446576
14857525
374138602
14367719
394756994
15798091
514613499
95431448
91882544
99786592
1041346340
3898598357
109034782
82687751
16527730
15010978
2655321690
36511031
3368353559
466864852
118044673
3285680335
3282828716
51913011
19711765
17990493
380285402
289860450
107210947
1626294277
572011637
354990034
423561145
21150492
118845216
398490298
18312897
18294521
1652541
1084264573
19458818
462104542
38142380
87818409
234947344
34116023
113758100
15816595
381017134
15450996
30534986
240087035
292777349
14592739
33186808
454119389
230859523
376390162
17168791
1367531
10168082
195271137
67293615
282371758
36563254
18856867
1959282204
18791763
60121599
570295074
375721095
35051304
168531961
18172905
197872494
1917731
742143
21862217
394745626
11783502
140289561
27689907
2369949012
71627462
30205586
70424767
524746581
39076082
1630896181
19370031
466645191
1090556088
449588356
206506117
5402612
22083639
20243128
38428725
634598384
16931849
13565472
515628334
520011678
16467567
380648579
51241574
17518344
65517621
18723501
28587919
6107422
16343974
14138785
788524
1632772304
71749057
774393817
253343991
184725734
110445334
478406527
356285402
247723476
14669951
18576537
6724252
7313362
18915579
12811952
85329284
4170491
2382642386
179245596
1074815863
2097571
25049056
2467791
237403203
78523300
6782762
19173787
36529101
100480088
5781452
393469195
139550237
16370782
47739450
2359926157
7702542
491461409
2379135360
21888595
15335534
14236800
25828917
18244206
27996915
500368977
16930489
2341164032
38021361
233484761
428333
6017542
15438913
3108351
7597712
21059384
18378801
112047805
18050303
18839937
23484039
16989178
16377693
16787084
18828839
91279573
41410702
30694631
16007460
1563545251
18089606
20295763
1249578344
1517872886
14203131
293850289
469194846
727472528
39308549
16163639
141682204
270412323
27882000
19017604
15920162
22689128
17118279
18677260
15976697
149913262
410192158
11203972
18280993
53606937
16725276
18592070
16164636
678083
