3195703010
1305832717
4373168847
782189398674776064
569863185
3088795952
777146675190267906
2695108342
349456535
153579181
1334164772
2439373362
1658725507
702979769864818688
3283880292
444739446
2869279109
3139998475
1290166812
732247296092610561
327745257
311313958
3884769616
3314886588
233646111
491879700
473573077
4869045683
113649165
2994076351
470438973
975007236
3065855608
3358739307
4704603686
960136742
732332182337814528
551292871
735596421932404736
1460194147
3287948136
392757727
16336405
2316322941
3196994522
4819461305
4807752797
437030761
724716911666163713
2897612356
1109220330
713545423965798400
1912545170
4851134163
2683420975
1059078516
750173713836933121
2530643701
3308104542
1645205227
820516122
1442378322
1876544646
3239099508
4478888592
2522329799
1571955282
3352198150
125878452
3366145779
3258948717
4547637503
722927307996794880
2586255218
3232301403
2557888429
2670286588
2152579404
4818387475
3130206755
4756453215
105296447
4689254005
3131597087
2397838520
3255021199
703295345657303041
3154457752
1569137034
2408516875
4527498473
386875275
2369682036
4886804067
1677355188
2631156778
714118627738402817
2187517886
238782335
3103263886
2441515584
16331010
3286621946
3163767264
2990167554
4188793287
1724276196
2208037536
4052906833
611166124
3142603648
2955707875
919376348
57107167
4562580616
1075175954
3075836702
3350901712
624031356
3177078229
1679799798
873529752
2499542041
564580517
2576078256
2779916732
2748124117
521586886
2452994246
3190036416
364314700
749259853
2609471034
29190570
178741293
2187262916
1648237946
736130598
2735131388
19817820
4185383052
3052202524
560515523
1323023292
2742981689
222645536
2206181664
760940786
16510838
2728968061
361049541
712676341
4133001314
3196526912
204376947
3124754195
107826426
2747035370
3117983748
3058070901
3264134927
934725474
2480061292
1087930352
3239926634
20680708
36399384
2887562848
1051455896
1390938121
3308471246
3171513939
1914947066
1343504366
3385974105
3832739356
1961215890
967167086
1187040816
2441348270
2954527363
2418204420
2660633203
3298797836
927859513
2896329467
2531428565
325658051
875011795
3368283267
370360157
625994159
2890293360
2387899070
3320080988
2866538148
606879246
3141551844
592228795
312703262
4528732133
731313511
1527431286
1431200838
604142194
210989421
305839813
2375839489
2598524076
2603640338
215952307
2258831052
2339260189
516935931
1669781240
2198645672
585881715
165577853
2198668236
1411591314
1419243120
374136303
581428975
2674628996
3130334311
2407023241
2719816067
804555482
148264122
377769814
2151420502
2790144281
2521454826
775475514
947071110
3647350773
1708324838
2321234077
3043036335
929861430
2926326111
3190382586
2843350907
2293488019
1886097894
3028330311
526535825
1626663692
1120631822
3762936733
182115135
2824869503
3352950538
1848470868
212348225
799304666
1052853649
284507085
3351475024
456528233
74441372
1040913889
2649683738
618408163
914076122
2716902365
2535320166
3271211070
2704913106
2987486743
634162117
581994177
417362980
2836249702
190764182
1114869991
2535331199
2768338809
2322965563
66664787
273487008
564003251
1972708159
176566242
732484574
3037185944
1521427045
2969556132
3208452035
1410151478
1027978448
2239935415
81901622
547568734
41070421
103550181
2766520131
2482742131
907064821
1716956222
256054106
2369201910
2429570119
174416608
175103518
2621054733
397906046
2670891591
20054788
426951343
2544396210
170090280
2375771978
112289040
85452649
112457675
167714664
913102044
209708391
181561712
158314798
84279963
105119490
