21870081
49049279
23092890
17410863
18256664
2820666877
30188844
17482476
838199106
394797701
71176864
437153889
13215132
2841951869
15633653
21968928
260907612
1339835893
12133382
14885540
4073039474
15675138
44375245
22738950
3586494613
32897917
17919972
3189236347
18147893
2469604452
430995737
44215023
22563843
487620060
39384517
196867038
292552239
177212603
737719829579345920
14592723
1708085340
36946426
159205133
1979407212
33933259
75060502
388456067
91711717
3774650897
385232793
351160086
84387689
262860125
728673283
28785486
57066215
3008328756
325164172
86390762
16584443
510503908
59225745
948527498
177696353
143695271
3197847113
120342217
339690481
97040343
58503762
61825122
862430010
722946779554033665
59855935
3432560087
73348266
14511951
137450696
108993692
17836903
95895691
4795344505
506778767
2994951136
29823308
1203691242
958694618
501183828
3971770882
25341604
34277760
36070003
159169355
86390214
28103693
410249471
99982789
20590619
112620947
69654069
382342427
14796276
56416028
127605667
47402168
57002648
28796289
18191927
74829020
10069612
15854702
167009218
43283406
14700316
27830610
23587049
943431955
16815644
4785764884
110777442
35354684
190376520
729013915083001857
820104013
28075747
3119199190
713746334860328962
36753271
53176629
1390186333
4918128144
80659075
4814732601
704820967004966912
4836394998
1578448410
3103466272
437187392
46786678
1362533112
4519706555
2830794107
3314152891
4865552783
4555448610
4680789229
4581488532
4416141859
3383800258
1723193484
594863522
503792483
18021496
1504761050
9763482
335959930
20196258
311677386
121597316
151639222
452074906
33696409
596893898
45239771
39159188
322874617
104459389
17211727
17106621
14075844
928829323
325121444
1075939369
21877065
348915487
80681990
160950277
38234399
286188952
2215537640
19702113
36042554
80405070
2833029232
2239971648
15012486
123289066
863269356
75355128
17637983
360046324
74506358
88776580
128246602
35127952
46745299
25203361
15939889
86141342
36186823
23659017
757496575
20562637
372897535
110195330
39812424
298047641
39092982
374019904
18993395
20437286
103018203
502019652
5402612
7587032
4248722900
1633984034
915514734
16210522
16967845
90714198
3301929360
713589547
1901754541
1896975523
1900461294
1900708632
1107263768
1118236153
1090494625
846023604
1087818049
1120230632
509119304
1118071550
1392927674
1107337357
1115366832
1332619002
49184499
908735174
19719380
1118211032
24913074
2979194925
375230959
372489653
481346363
1086606259
2190601830
19401690
1281405877
76388667
37683289
844369957
541566047
2484677850
38599743
138906158
1327837267
21441630
127569609
84090662
263766890
121208305
259902236
16150688
3164957289
110541296
3448722142
51687765
122533830
235075401
61870871
180058006
18787733
2608302020
2273920218
1867382731
295529320
2458567464
151081911
1685873604
29188200
159086467
459564847
118245138
15483390
59439396
144927376
921353196
161801527
91158484
17011177
720902978
148841925
3312749998
55362328
194608132
1308962522
3677034321
22162854
280556948
1481247762
1551870925
21111883
23000450
208650015
112476696
1638200940
2238568044
53929374
159633273
28230251
3234216525
19098792
184910040
23690344
20113797
970207298
326929954
15615349
257180565
556865087
2189452732
266436179
8775672
19757002
5392522
531561605
3230913058
235236313
33590811
1522883496
370866045
259403751
28145061
38751529
17789578
18094552
4786926015
620237668
20068053
2177889870
525010105
56681659
3201628258
18173624
11278912
239971233
65698096
3229506722
58487610
45573874
2712759380
3243175638
83398512
199400127
234133992
72198806
118022756
16392181
314125926
1926360631
105267145
20237824
84679163
57111966
19128747
194350665
18301196
1707321486
76707735
31077933
338007458
3233682151
2978546749
4645216820
3274051027
63279722
107544554
337853585
156726541
156306739
397241893
16657699
2508928718
17394793
295313933
65585297
75641903
2431399728
9651842
3398864554
34310801
15754281
757692338
20106852
5741722
1107375859
1118123628
543691320
183404455
103769342
59145346
31311757
30468070
3307650466
227390518
298650225
94588784
260741931
3287677308
50359278
17629628
37666708
3869727623
3964911796
1189008036
1694753124
14615871
25513372
66369181
20443852
72992335
88964403
500073781
230838202
27131700
19658826
19402238
8963722
17842366
18244358
3084537402
488620840
1723554516
15428397
783214
178468890
48129004
1344951
1652541
807095
2467791
51241574
17308994
78482616
19028615
312326409
89084561
50687788
20517132
2836941830
12803352
39604436
2944647007
282735852
514209636
126389931
28195724
36975564
280557152
200913899
46116615
2327351587
399642573
15639655
208156253
36169080
123015364
268439864
279169434
426945778
3739987096
1019735209
994453866
757303975
3743652503
37781634
3173694951
109521678
26570717
3887503454
2975502085
121582348
2169049026
3192390156
15764644
14543569
156969952
2972808513
3085831534
1102111436
249150179
20998647
29840295
2964166080
138166008
19005152
1924364738
487977202
322803070
336851461
3091352984
139823781
472623389
275754574
115093438
377973833
67164062
2733961215
3198497918
110007447
29879755
10025982
3504052692
247560825
2512459496
2407055273
279688057
248887508
228847896
478359113
3372741323
2876792849
2350697396
17586118
242957324
186491600
755716560
2477521214
3302973022
35823945
482290211
349501576
2424145160
545712876
15846407
63290331
9207632
22505070
15640533
63172203
317178999
278755526
119199038
65938130
398875833
124003770
29282820
144003355
46530655
262041062
241217294
253114906
103099657
120153772
25581439
309978842
48269483
243835805
111595219
19291081
2298257636
179222056
1301044706
473331671
62513246
166739404
92367751
262359713
59247894
16691049
20086998
14444926
36690579
14790966
457292729
625022363
239939506
18583722
1949906586
38486014
106325190
82730691
8510242
37778390
20272083
21705181
113510978
26527734
35551733
3407249776
15652540
110445334
544517731
44935627
13850422
428333
759251
117012194
745884792
252521025
38516217
1601957437
21111896
30973
2330840301
398942686
177249094
208047945
357562192
79292033
546184338
164338910
2941088702
16145097
309366491
300878069
2438861706
365613635
56819147
2713036404
224713985
26813101
736417956
19417197
537702411
30272229
19701628
3191615431
7235292
38515613
21323268
21324258
85603854
3082260912
1717805190
25103967
386244525
42871498
393562221
74501824
1228329511
250261931
512700138
414331122
36183636
198702159
14458280
2941750481
2459609448
1074975121
1947674420
14540886
52437361
420465655
21447363
10876852
1465787221
188061519
79277574
19315174
39552809
8295072
21208444
119425682
15741679
221703157
9855382
11348282
20179628
14342564
14987728
17629860
166252256
255656770
15907720
59769395
8082302
132241469
45843794
23862489
94619609
19673972
54645160
106895787
146569971
16669075
195732791
78669790
61853389
85606078
73181712
25914886
16564324
3108351
12221852
141947171
29754042
4918121
16469050
31205983
1059801
22630309
44960028
106464604
