3317590708
124763921
150078976
172858784
2334200712
21867341
277719684
45671898
32585537
156411211
15667802
116630205
48088063
728815969510957056
30354991
8370082
14377605
757303975
74060775
595217366
38441438
18276341
18510860
164554364
14677919
5695632
394957116
57339533
3343143335
1272770017
20634458
526911841
918050234
82687751
2873261266
69410229
356703132
357606935
2999631059
2895654808
720299936613466112
543022487
26028780
74211907
42995067
2565960756
2893030893
3098115975
2564923532
14199378
2250650376
17366486
2920897802
485370684
708072909114318848
463765807
49698134
20491201
367363884
112077948
18070997
3158605040
7591572
1977950678
887153378
28843271
191504048
9763482
4353841283
253489860
3397184980
3581445135
115979444
3222432010
43963249
73238146
124949619
460773261
38508305
360285166
275877525
741519134
140963882
3426888312
82053525
1330625646
20607518
30350886
336338772
3015314432
3317220703
2366388263
2364602107
1959556592
45520156
625022363
15349925
65647594
65707359
170774126
344065092
342762603
515950616
803603798
295427081
176489220
807095
16803519
15178195
17373011
65834480
3427517943
1613222167
3318258800
74865723
52339517
3321594876
264470226
826740883
3184450280
95067354
2811455407
1213682665
3920600599
320435426
165580872
912904946
124003770
327664299
15652252
1457910330
279390084
4207961
352548417
1584051084
600435408
155620016
60919240
1071777608
61903300
480819245
15970820
1267812450
28684544
562248311
325830217
15442036
15939889
476256944
23825303
179222056
2898771032
1093090866
1536791610
216776631
29442313
970207298
1968651260
2352650977
2421067430
2898231957
82455213
19103481
272164735
3232054991
2906753306
2426183605
2232317967
3096642344
18182229
15384777
380588101
29681137
160840578
2608103132
3042695688
2424507368
26529756
1244230662
110326494
2664532711
547699457
193846247
324028113
39547629
1345702333
16955991
212463839
179732982
1526236064
3138862012
28096105
2352142008
342530085
143327926
63652756
215906048
2669759852
2778523476
589219146
301547232
30151052
75759846
526016376
1240442826
11866582
189258194
15877416
19174806
575786507
3044164970
64089850
2277237739
45203497
166528271
46775436
753748424
64291284
274454178
29519033
15996661
80579864
17303769
40270176
978664405
2717254872
254632706
84358766
2981297384
410244209
185728888
887384340
3010670331
46296304
2875485611
33130350
25913173
350687637
31526319
58569513
443215941
2861354860
2730990805
2644697608
823031755
18049689
287755286
2859167786
1487025703
62024240
750567798
1031786832
26893374
175180732
25031713
979217300
348038940
2784332823
25376909
487600344
75014376
2439081054
51985595
816070914
2380757978
68524064
2862874377
10906352
25306344
38348587
22154062
487825257
2762347600
234264720
100766356
2613641444
110779226
22507143
392785478
40989198
2375955662
971683862
2239727744
2251708546
1630896181
23818581
1577234790
565079774
1161552337
14769365
22793480
244182078
69687146
176141875
960728918
82669572
1582853809
20670918
132729582
16700555
452465523
1072105046
151772886
793493856
254162357
2423220786
2423133584
2382995496
335338331
2276246983
2780309624
71378640
1325358739
2557808088
16331010
1691536218
36451558
2773132337
465011693
560740775
35211784
15279451
16016427
65698096
236061049
464485081
177319200
158263856
1084891729
2223631524
42236188
518697290
279313964
82033951
2400958227
2174203453
813784075
68768019
2565853348
2418209232
2463499796
21452640
16409683
34438597
2386085834
573008688
2505344471
618294231
755113
33691866
164919443
163276463
387961409
25350781
587843533
962960773
17793337
102556029
1144425990
24632311
1141461181
1330457336
526316060
1970390358
2372259720
2371105836
2384688806
138945544
1418745782
117936603
2196938611
1529520584
1288899204
127566622
1350549294
202623127
407042279
19522697
99859136
331216314
1346148253
482357199
1429541154
138516405
628583940
584239638
19315174
56505125
180505807
293666792
23874145
76678010
16402111
26489586
242653461
22828676
2520014997
21998010
1683777487
149899057
1321242710
32152579
58529612
252857045
56845608
35825744
262799542
264784482
594229541
25005650
297133791
32830817
205358878
162437895
2230410088
811067533
2427647809
279154113
2456439795
117506202
239250536
1908492817
2417085025
417565340
34791378
844367700
15792387
28873973
1188650689
204832963
412806234
1292376426
857205218
21236873
1870130772
189775478
271273184
477173570
62838480
49173064
128647342
18343401
293790270
15509433
29233802
46505391
2203604417
18278629
26095655
857196542
22591525
137487823
762867306
368810196
18788414
73593143
181991754
993738031
76113603
123569585
1081203948
20030180
16669075
2165012713
15275022
378028225
90774609
34724038
245548093
911112644
247425732
772143068
125800409
16374678
387038734
11856892
42389136
163207321
498511993
460711730
564000560
330719556
48802204
20952009
215386146
23836779
25327287
90472024
15764644
628541218
1250536506
98483500
1881158587
914220894
46470122
103158555
181214694
19468364
244655353
1729856702
1177481137
224043517
19549830
1113445165
485309377
1581606566
22649754
506368149
400448353
366428706
16424201
23721547
17560096
395403028
17569423
278388597
1293760333
1576432315
191682499
845445361
2467791
261919046
1339835893
44335604
14353392
381073791
146862914
52900616
268941928
68871778
1375719121
24047612
6480682
91441711
127377113
30497985
625037414
177201955
133468490
1364930179
14962779
70740986
40644000
406745433
103394487
627949093
944835650
944203176
30821400
18812572
26548315
595778866
266367426
26565946
420533304
74669397
917905586
21220931
17094725
23408458
173949641
32751175
16303106
277848044
17338082
217920201
21529669
315557250
181364880
19390810
125189085
187709339
237997553
24712054
23612453
170903308
31524680
21954724
25456478
342803375
217938160
112255972
55418081
584126930
398490298
330494494
215506582
238319766
15808765
939091
14703348
18766459
110473412
20110424
15169907
361342191
18948541
85339252
126358979
76393431
7025662
32478395
27331694
69770862
249931615
186598799
30704824
23832022
24794805
27083523
41149231
153474021
336116660
206506117
19542638
27065661
78231411
83590349
28109359
20743962
21324258
428333
15224867
65773523
110840720
15162193
47010589
76256268
203189492
19481514
33612911
182972598
114905478
166846860
37802112
58547421
813286
53153263
56499707
12701412
55748107
30317085
26551204
16190898
48100887
46973152
28716779
87016990
