869281094
4747539042
756474728416698368
317523246
283135838
3423611832
134709210
745291328120979456
824603072
772035954164965376
227933263
736832127044444162
716869114325651456
751395568400818176
749597878268473344
746879622998982656
4619622980
725993598433415168
742289942185807872
4632172434
3307789147
2492522640
3285083047
717882440207839232
244791609
4672443937
3379616892
4459701800
58309829
3716084538
1717872031
368954367
700685973340844034
21560677
4899481574
3002710004
4593925336
3195384462
33187774
4032661333
75749375
3709912213
1641646446
3240867799
85363584
992691926
3845049440
3469641314
4743366135
3311552629
1554394278
199975796
740216334
3286020625
24212512
585683754
56303690
278927870
3154785100
46315052
2477047303
3403153212
3315026372
61963221
1960401397
3252434634
3326046752
2930096034
3067817636
3586665200
21556071
30974408
618336955
303767304
823420838
1339367635
364692972
3245013468
2999485291
3747109729
593673705
2600563776
1026148580
3316309088
17874544
1181997601
1259332171
1170128251
931907719
31313277
67301223
1036234080
95825671
1280173662
1172006395
120105334
2834473788
1454343463
2959315556
1290107100
400084653
1253571001
615733503
262680646
2906015379
2935944757
3235980787
3284300246
2914484280
3193122584
1213824162
555092082
2721353575
2724247194
2289516764
1265111370
2907883951
869326656
442979452
3306906122
2556648571
3274628360
3178246267
3314966540
2665414489
2982494060
2476811942
459074696
70013864
77497720
1141342590
3301146905
3254193182
3246795038
2560797973
3678007992
147895231
290333318
584402794
246252111
60642662
345313821
786701946
770805192
55540554
870771968
387543306
399045338
376774225
915849438
618173507
584712027
126534823
735903330
458188225
3301721638
477838598
257415479
137143889
362688300
416711165
473730146
496844895
417416431
3124974260
2326678872
46095921
387566595
471857270
3246482846
2994260053
2317249819
1012876560
575126988
471909742
3324764994
250904092
584616445
918513433
449577634
2842771642
2418615602
3326520260
100932815
1067933605
1334047052
1561923072
1453048316
1663869036
3096015378
3236491938
3240529406
552828217
1962505921
1451675556
945792445
358454923
3159383126
2488081567
738152744
1748696598
138943075
1399040120
871673960
3423653897
1384208346
299569735
617081873
73134924
402538475
257867545
3253239552
1383986149
3263086212
2556410837
3323765233
1432162003
3171587642
3251667536
2955701682
3262607498
3235693656
413891731
3139264242
210745055
3292205631
3309822338
1363783022
622703017
1116498283
2470583335
783214
3320740712
3236499606
103550181
3275263562
1707141463
152854928
3228756703
319673828
2846415326
1123914432
1611896340
3194747766
542841603
3107565170
981479846
176817719
30184143
1372665186
493030869
3238052496
2323615394
314344675
1143893052
3301249321
2761488122
2274351630
3311341891
3150548845
911876468
801924308
824763799
2151148837
2392932732
2920894592
963777708
1224315391
1355943734
1014545814
3134473412
3228451580
754580922
1538125579
2826070122
3312119930
588229611
3247773674
3279080826
301156863
3402767663
810230426
1034703180
3303478939
1459097312
852565327
1445006792
131818878
3310539399
2714264665
3369168433
777522794
1238757930
1121974370
1448734406
954658652
3119799398
1013366456
562165718
833240851
772713486
3062045221
3308181390
1429767164
1055284580
3019671674
305635458
730581792
2268223025
3068710639
109813090
39956328
113468457
3251704962
122294468
3023013299
3369242413
3151539578
1435081836
580628517
812696731
2928487795
1186000842
800173062
1044594990
765258469
788830760
535064794
768890774
770508475
520133093
768894540
241871803
1120992428
850566458
1275369944
1294003662
1049784896
1443275564
1113369396
848538174
1440977438
869164051
828752228
834567248
810069854
816605131
1047605216
765267769
775916209
3237309386
3301962176
832384722
1113320196
2827094011
587813088
3314393371
3400053734
2679728413
3326311818
1326473131
3311848274
3314392056
1379230854
973732320
59965853
3231436604
3313173973
1348299216
2867263969
2841931928
296583646
478537482
1377599162
1441067917
3191602008
369966010
2929560667
362377854
3311798798
1360083775
3278689027
3300467120
3225937610
333089518
3306234482
369931726
365482421
562818875
3105302708
3312323941
445913892
283014900
722035658
462953870
2462741100
3311396544
3240537474
2407186638
2956985438
3287367145
3235020782
3420720544
2879105024
2528897287
3257230117
2492240947
3237243337
382723629
2155041926
2994857023
42562446
3356655672
2984348180
1607295745
3061174173
3302073523
34569424
132496539
38785742
90518530
254202572
1406359122
1356700807
2293989912
314536228
3004258556
2590899474
1667696610
228998857
2373272995
2949333427
2400613562
2877984164
86717281
1614698588
3039907430
3232590810
2635187762
3291156618
1670330940
2781389832
1540525837
2324848987
3224181488
2609097721
3302215574
2703338263
2585680422
2703286770
3184706118
706519523
3152592606
2956940294
2741552568
2393371344
3120033660
2209818846
2888297845
2501625781
597416550
981550806
1424736553
2739223680
930886440
2393032886
3244016712
3282651464
3309931236
3250585519
2930198971
3225178110
2893602763
3117962440
1320130524
23563916
33941705
230377272
163737649
3052378645
2307965988
2247210782
2473569086
487342572
2268599814
2374933310
2375095285
2337380995
403059577
504195077
43332050
38881843
41137508
105712594
79511937
247766234
40389650
363613604
181482756
26565946
109970442
382459387
100220864
35400566
108325630
358597866
173755021
72537317
379736440
46530851
355021649
21425125
121154669
95731075
245177362
35142205
17732059
138175005
76915929
95425192
141245937
362930566
223298480
92367751
26200400
87102355
99466968
429523894
191491120
77818214
39603607
79209932
73443014
365606681
169885651
118962687
316296994
261422004
124201206
381391925
262881419
91420471
34160149
352145373
122286580
86565815
216562344
56323558
123301512
118399431
97533128
109629603
45783353
184834008
279880402
517109920
153319245
464353133
68463509
63031316
367546038
85849965
407454381
55596562
314677979
470294365
492399548
56427029
39482102
53153263
552147406
47358836
447669457
28384755
188186261
207876032
239414496
95842283
115933795
68065855
28552244
297853047
202461246
57601003
102918061
28944698
119289234
38652395
5520952
225353346
109213578
192811937
96967730
24350451
157049310
73805077
22256645
144326406
79293791
48668434
128828115
295580930
108453234
58528137
78035324
21111883
230424733
82098462
35368324
529307944
33807252
116077660
398018384
262227673
156914310
623456010
27869888
77228037
178202450
964308451
121324568
24190981
131531658
236699098
349462620
438107369
613589429
215825897
17475575
538307711
304946304
1051893078
214954298
42670083
78461655
342769389
449421009
383789528
1258756212
44249642
287794088
180836362
41770791
14571301
48804449
309220197
57902648
78860230
34941996
274202595
329445008
58200055
631480141
44577918
21732680
202626599
1097201029
157140968
282105882
938155070
1344320976
46856362
617884585
736417956
35961009
1498628336
402841301
95594130
462489802
1481073828
859132152
1575093080
255962169
135716632
154814910
155570669
1529599783
15629005
34168942
381505316
1421089603
92487711
67540394
77922321
446823255
216666633
1382282720
169445075
777256106
3447736760
3447710592
3443922132
3447802339
3447666078
3447710774
3432388104
3447691638
3445696093
3022313209
3447703278
3447770912
3447661758
3447672560
3447801979
3447686298
3447730272
3447784460
3447825373
3237528163
3447838153
3436199304
3447786080
3447777433
3281169672
779474161
463526222
1027510129
3070326428
184648628
166739404
221452291
16193578
488751763
74953664
243042212
283317171
147178472
245280987
303819767
270247086
573606094
620874155
300133945
1957783830
1874614297
141864252
1304809700
100876433
60949970
454527089
375702772
871963218
43328203
1545322598
1279472420
1968499754
588298986
284441324
345177991
36508591
120657682
1551013352
388198139
18014080
727989296
253016089
144511390
487736815
2437872170
828742454
1282070946
1091953146
611959284
1107648348
111472199
48000291
1392398040
255368170
609205048
551149727
712392059
881662382
1139028410
2451097922
161870235
152603077
2192030256
373998187
138336091
2779999958
636942930
171553344
238126312
292056844
39723049
635053388
2906930756
28379705
213009133
2621347160
1916509358
247330856
2988524306
2579750126
2536415360
408332229
1259463594
1287878444
2265780344
137234643
176741281
2461003538
3311720557
2377932900
2265112046
2459154672
1366024699
2381760320
2652993060
3016462509
360491100
204298089
361695044
2907619176
2443708454
2989654700
265839657
2436659982
622814535
579015570
720359760
581648808
1284857412
587212926
2473747208
2520097152
2823706310
2840732804
2838944276
2473854174
2509340311
2459009197
2336711156
2479283779
2524951990
2415425761
2548312831
2171541068
2306253840
2459435869
2548250509
2169598326
2472023707
2412482444
2996061925
2474745986
2460850814
2236914865
3147229217
1377163765
2320525844
2459109835
3146462890
2558791578
746216402
2536780369
1125117974
2885873486
2415690864
746397420
789022280
410547664
781253522
578768508
622877629
374488376
365977258
553251661
590147234
575153453
395143832
578840923
383036277
581830341
421074585
261206444
3185279940
3310920218
3391747684
576034530
2562872353
1289330144
2963816992
1377108438
447991744
186712788
560930663
2388493520
3107965544
353620565
1957951092
753164251
445438395
1959153151
1956045907
110674921
869646432
34507480
3328568539
3327489776
3328287620
3326643751
3191630666
2556282828
2429758682
2852492646
382675133
3251423870
3251575314
3252452022
1549678231
3252281270
935789599
133145997
2613171312
907039814
2870954926
3407109574
565294448
476536650
571496225
307165207
303238869
66780587
332800476
232129765
2497890534
266536599
2538598344
992160678
1209164239
990701388
1095083941
927540686
988526137
990604488
995155656
934144316
992195629
982225495
988373268
1079704034
1488425394
990670886
1683024223
545038613
1393642970
1082550019
2821083427
302958810
2664544220
3186779269
544417850
219563511
1544732226
2234826463
33326861
339620073
142382021
281331396
582540004
30509103
1703499732
2177420990
576828160
3086991040
2383605296
63253045
2590736947
370002031
2827710770
2215815847
770812226
319599612
125669545
310645643
1142000886
1271633490
1943380987
2856687290
2300874326
2860408392
2463318102
1571689122
1215050516
2310046519
579707544
360522147
2582000952
137928234
2609337444
212161940
2387013967
444189166
292638726
236329341
2208438164
2481560318
486513878
2761442287
1883327868
77661391
2951746802
2552039832
464572768
125301796
2283454613
595068392
1197112159
245775728
2552831371
588132712
383781588
2849837899
2890620727
463556691
559350067
440814165
544893805
2799221034
114109965
3112237961
1150434206
1245846902
717558871
544864887
401827209
286672178
576353397
568227798
378515015
148202920
610538879
563552865
609603381
572355983
156918895
188192739
15749825
264058981
99050904
15872418
146299154
62216533
42179718
500704345
32751684
101108297
171419012
134657984
61507091
209708391
1424543112
27260086
21447363
23375688
17919972
1248433962
406085188
603594555
927770190
554966743
725122123
417738363
183330367
328918379
197807757
45461766
16893886
62220210
15448383
348671748
32329366
105080832
254098644
65694131
96968430
312110695
35492347
154426751
271272652
35703000
38175655
154453512
23042027
428258461
32684900
84109416
118552439
74409069
14808309
106344746
32330365
135901326
22801835
64038747
330826792
121143179
35443380
25954814
52977655
21185473
461831322
54621273
118935599
32721501
