708477796796895232
923964859
4729801216
335576999
2567365058
23690344
1869575251
845893680
298997025
3151821750
4708521556
318994241
755024857373474816
17150022
510455186
499073990
342770193
860678558
1623946224
105272646
2753743832
272986795
4790585689
195876415
422974854
733032459357523972
1526864863
8431652
738080573365702657
60463712
2573474293
21728303
589448567
140281533
16103078
49948272
731132367058968576
16998020
716813053
23032310
25203361
12599412
1602173694
701466738802585600
14098607
372552063
10069612
14353697
237845487
242836537
150078976
1586804930
38029388
44134773
3389573903
1708795872
22857194
240107748
239438809
4278761
741455812225179648
494646344
512628122
928183320
712667916882325504
277805390
4448656333
51796992
728060602460086272
1344227558
794151175
730148430681493504
730950276996337664
730805358638170112
4897939775
721867307954397185
4870859956
18998291
259953309
720734736813953024
710959152168902656
299415612
3507056716
321502921
1534946197
2584613113
3118980932
2471494160
702669020085002240
727995824576208896
3309441619
251627017
733278643007459328
50936590
15315204
47078814
882434072
220824996
4905922076
706001796674801664
717014160450699264
3009487417
117548742
704503585397153792
728968110695452673
720634976
4437493517
710315331584184321
725818365512568833
726371090193240065
734862003043340289
4675757580
455063664
2742312210
407807940
4254904636
3230920029
3349937001
16819937
4754732664
17344350
511388120
291282549
37289265
728981660566433792
1654310131
22821563
296610784
304225239
15993471
4803636809
19040963
2823017921
57504702
815871284
810145062
3731436135
2186453322
3262942441
2552733174
179703126
700545067270823936
388454092
1081973952
4165651033
786130987
291249899
2191568058
18876259
735928851642060800
20853339
1226659244
732633469671624704
33558181
737295215174811648
717358812336750593
80386105
733408529424343041
338825282
4886779211
302991001
719193191820476416
130846688
2857959281
731544684850335744
3539315953
24048473
706317600024702978
3346488075
737679261335719936
3156930984
4416768012
732298495432876032
26015031
2284139588
540472551
151277267
735594241561403392
737056701195526144
2420554416
738817222194397184
738751364277391360
736266954986553344
250882048
2616166573
213165537
21440866
2988919318
343618991
1962061171
30657398
4694417744
3006426177
4866317717
42282305
121874379
284541902
2774065329
228015335
225702191
345715168
3112381681
2414638880
451827946
15726120
963694608
3151903901
562595617
4714651758
246446101
1382627982
739170793679097856
734138576485502977
3229058694
739605936067739648
469107911
204161510
739050003168165888
718092444642840576
85912943
739818059217539073
4656972496
737449301807235072
286369178
709899256455299073
792803593
733437157591781377
123767543
739913472234950660
15538804
65835997
3231208843
35734606
739947682890944512
718193927136759809
2444685460
71948075
323781500
728857110
475711677
715314322143096832
2453884124
727307313120313348
182722893
291640266
930160098
715356806072152065
20023449
19618562
516379604
2601165256
33788890
4495923140
1305818593
14746731
730568102446931970
717032687643529216
358918792
202926815
52407037
1252966123
737758598508335104
49865404
22970364
737077323401465857
15872716
767599854
741033093721509888
706639440467402752
736221584742961153
3070270996
291774022
4132221315
217974888
2332749517
734933729328517121
1079944946
721378058322763776
737090258328752128
2732944034
731563402414465024
15824288
33531486
2690954864
4851312853
19087651
95723812
138141495
3050006307
94215989
2695663285
716823321
34768480
63013144
712786914273660928
58748336
382710684
2927222132
539573373
714720425801084930
17258301
848518471
1932816230
25801216
19024813
722627217121890304
705203759383613440
56264664
15174710
16664681
16043254
16721452
4826268304
4794182534
2723153944
102229584
7860902
14377605
11866582
701725963
18320874
707760360271511552
357606935
23077023
444159847
20729032
712982013750284288
707693176610381824
101798138
134594804
151287449
29366485
463765807
2893418415
484158129
712477493425528832
1934787661
714973048185552897
4925584401
28926547
2921905132
717879977241391104
823738296
244655353
100949009
42362189
343535198
3237109164
713023512013774850
717195240428449792
3599475675
710955753410994176
700596401231630336
4019324296
262218064
3987161712
193365375
284602545
139823781
36169080
337921759
230891509
708768395987165184
1025187769
18746746
720902978
882315709
1271512166
21714521
23031094
611585332
15893116
4754698075
398576647
113061485
92079350
2904627072
702261605703294976
622546464
4358636233
31964215
606823151
172221499
15288889
214206294
4721679323
820182493
4870478255
17634365
246220722
2354883653
3089024884
4554539292
118836372
4171483153
34879697
1631314297
4899725549
712082828138319872
11391322
385741477
27647507
4541726055
1394869098
706706552363745280
711027827739496448
711026018048286722
525925642
426578718
868130508
520029915
4899610029
1641936583
204587633
918833971
711439062519910400
711647356421328896
3920426061
16904814
3247344656
232330159
2981584944
580312540
473526316
55008764
115094250
2289770467
3223914997
286680865
709406894905958400
4700354069
707579456639082497
4915169428
16028985
17164664
38811856
21495530
2274942961
16157204
4877191041
2396444449
3027192564
1608321360
703262033727365120
17517477
46564642
32921077
3231234882
29679790
14482396
51241574
15976705
3882169698
185390750
4585971972
2218730778
2478705061
337808606
803826720
545474475
2861426208
483885808
37308433
3515882301
25249798
6141832
2467720274
259252751
4831215383
519728191
1442432402
4833128677
2664309235
4861489005
2920759605
62513246
247560825
703983715
702147673651027968
24120820
27026371
28277980
2328599465
118048366
95094652
1023020557
125724234
2840915387
4817772331
21341221
3062027302
4867246779
207609111
4916866752
40391067
4623340371
44207541
21757965
263879706
701170297701969920
537487691
556550160
220907182
581093443
110827653
305017129
16254215
26596853
312248392
4924751397
4720037001
3395511076
989970182
19788748
3958719387
553081187
2964197287
697541390646054912
38457045
603025587
4894095909
4893031932
471357423
1140648348
233783568
97474887
3047938510
2353974979
2907871287
50889813
51259550
2545158476
3891108395
77492135
4188375983
4331987129
3688508910
4400681417
3161971398
3111889034
1429143901
2360448613
552527556
4739088137
16168401
2275042470
4873761282
19548754
19742505
20643962
2670772172
1296500588
322192268
24026095
140638292
3193043938
21968593
23768034
104289777
48417802
37724762
1016588101
30354991
1122480236
3668130677
22387277
21696518
3486720195
47481357
466992330
2352426954
18810140
17756037
316788501
47467614
60972923
469845522
23910844
2209184731
1941136946
14230524
81144422
20332563
14997156
1148468052
15939889
2303751216
463053212
1106501
4434221542
49698134
4606946533
134917795
2987322752
415316986
325965273
27351790
19052834
23224924
96726011
99886248
108256522
3399534719
25564023
40104651
3226554689
69699846
482086469
68167893
258063369
201386281
1123212380
2582983692
2374373018
398092464
3462845713
1403813785
1551870925
3409153071
759736381
3431595927
71584155
57039392
61349124
3060075937
353919244
3701289677
275754574
115093438
2557881288
3561703044
407574944
144907880
4259423111
3122485277
3183285494
4192352232
3811498698
4469773454
59702598
2782805711
4476084275
2717172436
68330395
329159493
2451869035
19471123
238648688
525425046
4749100195
19128747
2455252141
3921338913
2856307798
3222432010
29509060
53601471
3150098774
4002888226
97236510
15049826
470569138
22067448
4675190990
302083418
2688443245
531864926
321767799
4540349897
3385309937
3429057861
3186162744
1421631721
266536604
1338513078
764326320
18082945
2223691094
19157193
4608651678
3934352605
174935459
1003130904
383892294
3053054433
3300336775
1633711453
1223023370
3109365873
4518810927
58502462
3090920659
2588699732
22537703
228865063
1121150029
157099071
272642804
50398239
241583780
2876708296
177070701
2469936716
100838706
2728581335
1003669872
2785095528
857205728
1184544560
371347463
362290415
2249724511
900068478
181309290
60903033
36651855
3257893428
31403779
1897723183
27968672
3798251478
53503202
4128573373
29030241
18586983
21757702
322874617
480900509
33537967
14135426
7334402
3207019157
24995562
1291868311
2784552558
4056151539
4053359364
1199596897
16351985
2989313502
17849506
126145029
396377766
18907301
2233154425
24402513
125122422
38228832
323864904
26911266
17133231
350032839
2409501757
76345113
630832318
20719498
53309297
241368198
17643390
176153330
78776348
16359486
22616406
32895694
32486821
465235511
17640422
374715748
1291613402
20964739
15463486
3330295799
957925904
14514094
266383139
102464298
2202263414
279373308
464018770
3344387495
2420601061
305669196
250274707
82209247
64391558
70279623
412854731
390103810
45079860
2565489511
2786558631
1004409242
3167183369
2551180021
20023919
1036721035
17172863
931287019
65486860
3387768435
1572558588
619383479
3404704222
325102575
756899642
884650152
540457969
3001981171
3044678117
422270949
233291124
28722984
24303166
24225136
31601858
2219131
6751172
16223927
17890304
33435693
78924349
184993975
1161879818
39979971
138607646
18608115
36890646
468865743
263815367
23819676
48807945
19512717
21025381
234903621
47169365
42389136
3231138109
787373558
270068926
1069949766
7259302
16160352
247119832
377752561
4077105569
183800269
2566199334
24845003
16017475
719268522
22331129
134572648
3291670195
3296379168
2940082693
970207298
101239501
311791061
612057704
3250015620
3498989172
4140508092
2835584205
2368712874
4252391652
3253051206
4260001812
441317106
1392542208
1639395961
4432280356
3683113160
1075939369
32168059
14260960
1364930179
3940871
392542060
126198709
3573336134
251109211
115105973
3656467816
4221857565
3074077823
3785297354
3489919214
203650771
38109615
117983479
3435780177
4013935876
2341358222
2702734410
3167335095
3340109714
3320557224
3407740282
3552418764
45399148
22103425
362094371
18881700
258527102
417562267
169512661
295361142
28495961
60919240
462414498
3344938779
3332045051
264350793
477889371
158789499
2816583227
3233696197
2312869394
113349253
2314496396
1017637447
1482380382
85414958
192733622
2889638385
178928220
342942559
3151909176
228688333
201077617
586853452
112476696
28878752
139606779
1473779814
232515615
246939630
109287731
966708564
32240331
3168245695
15268490
310913536
72719624
776740532
712557782
263455809
3103213542
3253031162
106962822
19940085
43910797
291211085
18825344
414930442
26186655
379453607
487642650
16444544
778712281
504695887
2889777647
227139868
25225044
16711026
2749472109
4149949840
24462845
27124758
582868865
81406248
3718748952
38597673
737196836
3531147313
311188381
883421593
436314047
32691725
195829353
80619457
34656830
50374439
24479007
120153772
19506790
63112528
271026442
26589987
352548417
18018946
842475074
342490475
17576745
120567763
17022638
315657427
3425926371
48269483
23220034
16470020
14125897
112818592
286470933
82016286
55117855
3247117472
313464839
455927413
31080039
37041779
3121948508
330130333
33992481
3280722818
415823582
25365536
401771836
169686021
574239384
149972205
35535716
3405913271
3245135844
19915898
579932905
3108391171
240558399
21705780
430995737
316298587
3161773730
29884669
304572875
31239408
38989873
1323663067
15412073
38754192
2383307029
73273614
18564248
507354071
37345348
3342213587
3343155916
35621632
3458520142
3300827385
325560150
35081434
1442844120
3254901091
29878862
175939051
254274083
341929740
122480242
19682187
231510077
126073393
3241635853
606726493
243354224
21141310
234042876
291231013
1590024792
121613132
364997022
151694910
29450962
16342918
58143375
3681348617
1479840834
41988894
2613691501
39611720
14695985
27297599
352031463
3234577301
78394920
500073781
361569788
41637489
120172698
4152066639
3874159216
3105794610
3960279315
4122777688
29007043
4061885906
25280477
40255499
322278265
49660211
22086608
21154238
436645229
3910931584
3536500937
3171896913
4230149657
4013838856
1531521632
85219527
3282242155
3907341980
492568116
4327242015
2566124461
4203449713
107727858
4211625232
3386851396
4407901827
1498757215
3123903973
570290656
581141508
13491312
80612021
153486399
29388019
39556712
44354602
611403956
117897032
31515210
88563210
1552190311
28856688
27935911
2456785422
2174769992
2460708584
49650401
1418369456
44678663
17067256
22660657
374648372
1697174628
2693519792
783214
2701492567
600663197
1183641998
390758467
1909063002
1584482490
166655653
2699610007
3019013737
3103466272
116530493
1344523105
3065257578
34667298
813902060
63262233
336851461
373612602
308376446
4437674008
33879063
2433661986
16672561
21043723
14549486
2786808817
50310311
247334603
19834403
232268199
476256944
15442036
72198806
17494010
3406500304
73238146
16789970
15764644
27320992
3644280373
355906128
19848466
402957663
17011177
22064255
748761679
16473427
285434613
2280037440
3332393711
3165917534
158561459
39606118
862131258
3160856918
3495163886
82167518
422181027
214495170
3460089801
1146111768
4146175059
2811873666
18844286
3436249294
65210574
199924232
3123195255
3937406714
286314825
535932676
3932000235
3756254961
25605631
38280671
4176516076
4206989953
860530914
4005092840
3258133034
400188508
312250495
148564101
3942040392
4240921873
387707281
116957262
27131700
250386727
15135675
2248472686
836232336
65209619
817259
30306594
14099719
2940964728
3178987934
471224317
143660061
14240875
2729977052
2293131060
3325411071
1276312562
3003712539
3269091415
335505192
26070572
18703939
305680299
17446907
591297698
3313706340
1049171
356859394
3394741149
3384006694
3354224537
3332057260
3309654696
3305129913
3161132279
3096651607
3092455390
1659355182
3166924179
2651126504
2210917532
3343850290
3421515076
3398864554
2796381162
1108521060
22454663
3425773630
3349433536
382370203
2853815035
3426768574
3164513660
190859741
3406193625
3398804409
476315898
66914769
2735569132
22250215
1173756973
32649134
358627733
390530361
414403516
377350150
283221716
281745953
281138384
252179319
221298491
221228044
119166916
116621693
87250241
52455088
48877038
31077933
24613245
3488471
11395432
15140227
122567822
21909984
82461128
748264116
3002922157
775831849
33545336
15115280
3743652503
2478288668
223810775
3644606595
21798936
3424446287
3854647334
2874309459
2229273212
630321272
792119786
3398770055
57002648
344805504
22789766
74829020
59225745
284788394
23198479
3179493427
4187444843
4056854297
4028057775
4019756805
3986438840
3954166400
3475325240
3861646392
3614201835
3276360288
3229240678
2903116029
496493572
383078505
137354145
50396544
32387136
23521607
4240908074
15551869
1455678973
104290832
37004245
1278973044
2841747221
3238957063
3238955420
22645697
704095868
1004143693
724878049
2491964094
3865335724
3784601953
3752166915
3739987096
289963138
2433194094
532531457
39845278
3859273932
500336881
4043100809
36505459
3843380121
3231942716
18276341
3509421138
2747035544
3897663560
3344711285
321748989
91150764
84126644
15727697
71569841
4149690013
1923862850
3189765936
16069119
74211907
4147751584
16226417
3874161443
2208500749
116630205
25354366
512076466
344472543
179831779
229769022
41911874
32327832
23870317
22083654
21404989
21342591
20719345
20618180
28363
19725644
95971176
2245369181
21569517
97269149
4353841283
3405930543
19916171
4012381708
18707435
415176405
68219213
3158574654
3153217933
1020626144
2359537176
788672802
16002085
45910799
4083661239
4003361968
299301873
3389699464
16532762
17171333
22699560
25855350
30483901
81163402
158911671
216385540
281126624
506649185
511302782
1173538664
3004182865
3036096284
3041355094
3234399764
3237255511
3314649205
3390254459
461720060
15846407
87957969
2434294310
89503894
1450626366
3369230224
489879817
1965905755
1297947752
15240851
20412312
45671898
3382470375
2560148358
29448214
344441835
3153048404
115979444
325830217
1626299083
3383426303
3381952967
3385121308
16926933
415332071
161527155
1077365580
70144495
18787733
46822887
376759677
12193642
12897402
15726077
16074930
23394667
37680340
41980825
42995067
47462001
61863728
82489457
75069067
83668232
236485849
244051583
283499967
369125724
379754341
491991157
871991101
3032194325
142740168
543780273
124003770
19608297
21447363
58520492
2886412360
314866815
124763921
277719684
2978384889
2528405521
3165273351
2701431728
3011696814
36403
3314204699
3199425676
15141153
256209052
551448196
18347732
3224200161
1203124412
21867341
3120790312
571202103
355145759
26919151
16225606
21637503
3281782908
93659272
88266451
3148707024
3225095235
23636341
3163291427
607622157
614730516
622024793
633969866
712948758
770597294
780269431
832576093
833849810
838627057
840201103
849162614
858833538
863269356
914071538
947071290
991634754
994453866
1011766976
1071777608
2326447146
2665382287
1148336827
1163973835
1188259933
1231324406
1244408377
1328151890
1335267692
1335861716
1337124895
1513958744
1621479175
1707321486
1790897004
1905202880
1909087813
1950471799
2172217141
2183715312
2196201139
2240756971
2285311688
2332617303
2345145272
2376582930
2400901568
2421121724
2423660865
2431399728
2450120023
2451918085
2489886325
2548834622
2573993016
2576318452
2580017064
2583479035
2591662076
2717277747
2689468341
2736697269
2756388564
2801229139
2811455407
2884590455
2898677557
2936790183
2938449262
2967544548
2983151759
2991368880
3000661701
3017928008
3029326756
3063286416
3063504955
3065900255
3065966919
3071251042
3082986275
3091521770
3098115975
3115869044
3116047273
3118376798
3127728562
3142839960
3145519942
3148736772
3150707180
3158068198
3160024281
3160241681
3167884713
3169035458
3182287189
3183457009
3202832566
3212845671
3222286221
3232054991
3234759167
3246241522
3249216014
3305987345
3317590708
2478721572
3155072865
3146254697
266370372
385503897
1173689738
1352623212
1399713804
2371211173
2314055840
2844693572
2996570106
3053778057
3071978539
3161993878
3174934312
3195553725
3225924410
3281418701
34341362
2293723555
365706281
2944265486
3161952049
539698197
3152299939
889685688
2788630765
2241464430
1328046631
3113203775
939922981
217284217
3156235015
2928629031
2802124516
2750320126
2618486504
2581070247
2571932694
2546690178
2544300398
2513303850
2439027667
2377977842
2377247539
2372348600
2187591788
2173646835
1883984136
1683801943
1620673836
1592246006
1567266625
1249944678
1080807139
1023292824
956055769
913829016
809710136
805559455
780692798
767936390
728725874
621043538
605939552
579301184
575815317
575470393
569680585
540849868
538705816
515778072
511522177
492654749
486095818
472575547
467191426
447552068
440551463
430014704
428379591
427942459
427654338
423135707
422910060
414257018
412401317
410324714
386815752
385412944
376932899
369108702
367863163
367281116
355865104
352412019
33457848
341097503
338573603
331206195
328225741
322221442
313111767
293311838
290133284
273558168
270717589
264952400
261313909
256349962
197518793
186199501
183753455
134924292
128376795
127580858
127163699
125935401
114663456
110211379
107290835
103769342
103669629
83903186
79009170
71061209
54710030
45991436
44209534
33528504
30468070
29525459
28957910
25703657
24880446
22765448
22483298
18893580
18220818
17780929
17547422
17237178
17167572
17159787
16392181
16177387
16146535
2946805270
2990402439
3030768819
3056142064
3059045779
3062962055
3081420210
3120700223
3149579266
3150687218
3150777746
3151620948
3151772047
3152112661
3152212575
3152527105
3154160697
3160925944
3161513646
3162022956
3165033669
3167484508
3176947242
3186888841
3207624605
3214042678
3217694460
3220672268
3223625856
3224910340
3229233000
3236626470
3241763179
3243175638
3248285100
3248831545
3249372722
3249374986
3251233602
3251305226
3251597372
3252162452
3252722016
3253091005
3253960327
3254864460
3300072035
3302973022
3303348317
3306744364
3308535203
3336060989
3342011591
3343002509
3349773519
3364112513
3372741323
1086606259
4099171
14177942
14185317
14764240
17006036
17233573
17789578
22162854
23966894
60622156
122165841
185684821
198357693
281390508
347933477
503792483
515931365
591920938
610356259
1352997307
521401849
359382918
15808765
21890248
43469972
18464266
196581489
15822295
3179111985
3320933284
15365998
91158484
191463695
55749675
3087391632
288981065
27279989
47630337
30758317
285097277
49285444
18382184
146160591
3065753301
360285166
19088288
21705181
757303975
1330457336
1339835893
29814574
