82447359
758686985259216897
4229749395
2878181861
249419374
2285584878
3560774897
1520883330
741993512833552385
1564175305
4897549779
4509348434
736743954582900736
4417764312
708684228163141632
708191082161393664
1928937056
3581776997
713409490272432128
3399025217
3349595260
44196397
91882544
18856867
713360981745864704
741252321477156864
3363396957
3179698566
25083002
521910492
901103376
724095364244987905
735242322149941248
796103341
4330569813
3261134413
26065921
732569361995685888
723758122729250817
3076288518
3331858317
152714150
3271901318
3222728106
4784497399
721173225632309249
722964188365131777
718500202
3873614303
2951889245
704751266807877632
926973728
2601017802
2967776937
34327520
4553693603
4772073678
710572282738044928
2256116161
25073877
2965186678
3036881707
706112293227069440
65949052
4736829527
3410583327
3369466971
701836302
906473184
3113037179
2768705528
297525809
564752645
3052144801
3403150961
1833613026
43661233
543900323
95029703
1447743788
4162703777
1528331581
4709035092
3324594827
15972374
4184221160
3885854177
1024446733
853259838
3591987254
2374837856
3121915096
42845616
1245165620
1144232096
1716140436
3429103498
3276759252
3424521514
2379003705
3963955452
4317673637
4259210063
3131724010
3854436803
2669078908
1337419807
4053330519
499857578
3846955703
49538820
3476832795
2798281778
3084993203
3526654415
3506943077
470818104
3138338070
1061688685
3709525762
39085195
2375923195
2813160674
3307197206
598808939
2779074806
407190429
1464937999
272383381
2216127150
233801630
124773877
97242612
32152834
2231002544
986362800
2554642614
48655618
2421116346
3207826167
3065838791
1070695968
716740243
1120186334
381751353
305724508
2342702262
21409802
2451348304
20429596
2904441081
94658365
555423623
19585349
3001269268
3107377845
2363203740
2349347329
477283750
1880640066
141395357
102903216
2950059586
423425081
600742243
475574325
2427554983
147895587
40638800
2687215867
849464712
906202182
633794939
153810519
932196612
449285701
368447497
507826586
1700911370
2591667116
2231109295
883949966
2394119119
47146514
987617364
310617434
287620438
1559547776
2336677794
1287327816
177197570
127161081
357886743
1657943804
255226046
1935170024
95761779
49373856
34608345
609311629
56911971
36340240
268558588
329792387
266885083
597596758
379220792
77504812
123975474
107211542
594876668
736787803
27598017
17220636
1295200250
274043515
383788375
583855240
57337955
277120302
569358169
162457737
261205723
94575921
862974031
431162338
101302122
75114407
289453929
249312917
637237727
297627892
199637107
303772962
70791439
908536130
172888700
305260161
230740947
556044313
230900011
14430586
362474675
154952245
382817771
431133082
244794470
26794859
30878232
453572022
23721244
147490864
305085584
67567869
404755574
77786209
32309773
33604902
482969447
21831167
58169383
48449734
299881811
390827036
19429906
52352820
308367097
370185030
52163629
86335294
210208916
15022633
348547540
452629097
275895847
403248577
295841226
104996918
389050200
206466372
202395038
17814938
298931084
21295393
311785284
130573947
70962906
26793292
19878288
17933101
52352722
41405121
76023925
51862447
198622380
192138212
83188904
22829062
291910976
76966145
14803701
32759680
197625709
20659592
16637786
268128465
251802829
197091653
203676335
