159908535
520460203
2347716589
2336674833
315731502
3225924410
442593662
35022547
66686131
845533752
3081659314
255765991
822154424
3062262691
2233525334
211956557
95763291
30988436
2696760186
27647507
735951500275376128
865003854
48520727
1184544560
16448463
25281508
801437209
721209064844238850
21111896
2582983692
36599734
1281274039
21867341
4771580661
39130086
28758060
817259
32199461
4826268304
741463105482280961
27511061
3044993235
245564291
70608023
11435642
28169231
829881631
49299982
21457205
64088396
2341044722
2922928743
22313347
16018980
262856460
19212015
746056999109074947
3519434294
24753073
160279031
3070270996
1653316502
91240356
764070433
32783164
2838283974
32978700
240619680
3146249712
373689086
114216255
736622454634778626
18686907
66914769
3135549293
163624397
2422400076
88539966
3069830895
358918792
1258470998
278315777
462529662
328669031
268404288
19087651
42256749
2340698592
377778216
399712913
3414559738
17112878
3066169827
730732544
1633082192
67087756
964201855
2598562269
44405573
720642069
742129940263370753
23527142
18532867
796261392
199875709
3002922157
3617049434
184316405
346779726
840163230
20819627
49161541
366435041
40572745
294459097
1922271644
575403832
29100193
707626622900371456
24396685
718174522868781056
727213211699785728
17367006
4767003501
2240460339
949821883
346225460
727840825661661184
611952043
1317399704
3991727174
22828739
733369677628461057
725195412
128699956
2207983856
2231569590
720501042744594432
3150882577
973516764
2469854654
373127318
1282317128
2574904722
3311130415
264924891
1390872433
712504900077260800
704095868
1079944946
2222248950
242954148
39400156
746812034919038976
322995785
49966935
17346357
350578021
716202792491220993
512756554
2344249650
2392197152
297447292
20691578
2432221788
967398728
3311069719
28119719
21030079
2345891000
708689264
1584367615
46478528
721180770765783040
854938314
2393824463
289044386
575925999
289520629
109762133
20594278
2750114049
885823694
83880991
177719112
43429485
21220016
3253872859
2243081065
125400853
516039939
286348171
749229554280108032
2949252440
198802343
19119887
2481088441
1442432402
260805775
176644153
2815413319
15956067
20068679
19409358
250990239
214615758
561518048
275743098
32615739
92848358
735281631208968192
38188037
127036157
704386349562994688
705241168586661890
26344615
168524035
2185308805
46816408
229378318
4236797793
31596389
43785765
716569957623009280
2735569132
26564529
299929232
514885114
1389391634
465145766
50498002
78391688
3306356200
30271700
2593707738
632873556
2802153233
549435809
3330295799
48599448
213106437
907239961
414010452
68672927
357232722
461672963
585892489
733094237923737601
200697773
71582720
2937665519
4377495503
18025295
4330934120
2242541190
4554565693
878597622
3670564102
53257678
329066686
309878845
2434294310
3162026288
344233703
55762763
416570987
406517011
1604464490
47258222
730023229620813824
713563483296645120
15843988
628779834
321685749
2462161765
2332749517
764314500
258575451
73254800
2743926708
450801950
382268135
866687017
19607639
3299331575
3153048404
3207624605
3223625856
4745318460
3573336134
3854647334
4902714075
3103213542
464342273
278300169
67364035
57700707
2857959281
177051928
325340700
32921077
2922437656
280172113
3152112661
3165033669
297191866
212056045
1441673053
15993471
567636574
15984495
2545158476
4803435259
58259777
745389902359977990
244681501
454226757
1263477162
163416607
201820555
704799908474331138
369605327
299220494
294812841
18020589
703468028277620737
17753918
15990298
737756573196529664
982995216
173605077
78549914
177974542
245431257
865200110
3633576554
18858027
21066027
21360280
16223927
1043931564
703479701675708416
3150687218
64116213
2255182597
21688902
860555190
387050961
22938703
279774807
3932633980
312684302
37549249
803826720
76122284
726265797568405508
1183314973
51658756
711430380310495232
2288182181
425511467
1448433242
815871284
133832049
22204234
625929705
266945066
36746023
25571493
119491006
73829585
14526877
2966570782
2876131130
16469505
1072478329
258900199
1525411730
315470789
23383940
3361269221
176860312
32605697
2732348582
1355785472
764493265
16672561
18363392
2316383071
2801975917
2161080270
109988830
3488465894
3068811118
394741838
21461944
15379585
85606078
4872790937
4647876373
401638876
759881923
4329459552
455537870
1684930806
705120171
457904385
1549482409
22926853
4826677880
24259655
630321272
1431096056
390914510
851695430
4706615712
23860507
191050844
1074436872
128429534
56799190
44612278
1195684554
33627736
329159493
19360277
325102575
3317590708
237348797
1421458982
270068926
50889813
2444685460
239510568
2361888540
870673578
116960062
22699560
25962170
213165537
2670926180
4710409453
3188233248
613782239
3029326756
65947064
242507768
589606816
3319269589
59816192
347915546
437169409
1670178061
142979922
3229506722
1221907867
162909114
720902978
463980544
2441304533
2967132341
355906128
708309848
47421452
96723147
405561109
125453969
112476696
466559230
293711508
22804904
123281840
48817324
43566423
1941136946
745023021287510016
1455506612
3901363755
18678196
4623340371
368101924
137789852
17212376
19038210
1092377130
23201727
471333409
928935920
4228770033
403838500
48071635
17716267
948843770
729046923173343232
3265487802
195030017
3850427354
79993544
14746731
18205705
2664278533
216669640
283613996
31516646
24824555
117896091
3744024257
2171733069
53371954
4892121400
16330353
2927222132
51478771
21270917
67298753
252353889
14764623
24022663
169338071
2792672981
720407143073972224
2148883237
2933700645
705706292
4865253027
732633469671624704
20071932
711487408
278357656
1928290020
2957312331
16958346
2471390870
78445977
3061615740
21431618
48181733
24913074
292990703
800663185
16930125
1092979962
16303106
469371578
288576967
169331127
511167564
271309844
2417951993
334660170
25073877
14676022
705522154285064194
315577705
220824996
3653083512
248735463
775937971
22165261
140932524
732825498410221568
564612626
274121633
149899057
342710587
353919244
792790628
333014276
730097447700185089
203765012
38781064
409687742
792119786
206844298
731925359965392896
1732904028
19914257
466519303
15220768
242374336
27075032
640893
21637503
930178296
21842781
21220931
77329593
581001305
150078976
252221052
722832280352374784
1220295253
38029388
223083302
703216957022031872
2560148358
92079350
4579781073
20518193
22311903
823738296
2488436060
3343155916
22029634
229518601
46564642
21281289
15097615
2167097881
5392522
601065065
483885808
20182089
95764621
714973048185552897
734123781292167172
3383175081
64711358
2930060695
1969346438
4180434507
603472266
4035871276
4821515421
56216752
725101273134075904
20269192
243088243
2892794247
35934245
545687700
14185317
415196079
742888642973077504
2544572834
4743638910
16672155
767862828
3077837683
702661458329411584
113243806
920133836
1523397288
313555219
720796341308362752
74900722
880929493
16564503
776201797
4879246271
3698727339
55310956
730091317783453696
223968697
53601471
2181423693
635904401
737196836
2306067990
50833422
562060738
462578072
21729838
49031157
388633428
2947616939
1120572906
16351724
762567518
1199216136
2964351843
422181027
4867246779
2525365379
716333258804334592
2504146557
389203134
2766324113
40874240
183960617
372552063
2929717149
1094114329
22796565
1254298932
457743272
18382184
116416014
725330619320930304
991677750
24621579
2202072090
514974163
1214192959
1009506132
792757777
700470686444224513
378844127
3238934504
18737621
715859952
428567107
45142252
356477515
503272829
96685533
16297707
45627569
22312331
39750808
15996416
28009377
44363702
20611749
9624742
21114659
728815969510957056
1903105045
525925642
1051127714
369123575
2897970594
59031230
2967544548
112899475
374199331
4353487649
362290415
726151048151191552
780939092
457140241
4857709263
3259700481
710936355514269696
1061726592
809300192
3198924868
716371621380890624
20338242
3229058694
17259137
3951161428
1702731
32634614
23282823
19098724
105161389
106318721
700723240793088001
76058560
128429068
230829446
42034114
150131856
488799600
322234897
298997025
4924437246
4896399850
403086277
65119473
922890204
26348896
709179924364533760
372598148
278071669
796941355
20634939
1306209721
713373797928316928
34391224
1157143663
3023471786
4440203236
481762079
519662609
704798725747531776
27362107
2196201139
33009404
16600574
737758598508335104
738662134142361600
4345726217
36644426
33558181
4871858145
17194090
732431853164974080
1957449979
81705720
395661486
1461214346
1965905755
16305494
21802000
234306352
27538881
1385062446
344140315
4759057768
110161115
1040244812
3247318839
491964661
371412800
164402684
16896548
149283816
16684243
338298739
144402222
425523405
3398770055
710908819799416833
601519183
720054910184787968
55708343
269581329
717768459363418112
731159200743612417
733437157591781377
2893857904
741081741863964672
7591572
32649134
14515799
738242391157706753
19147275
719003629265547264
595779274
3922579815
704124670602256384
274253919
512441588
1437154866
715928186723282945
217636081
614844676
2155146288
58525387
3025850315
130936537
22694007
3666615982
16744260
724677137802756096
23909902
1928543654
72076895
864896366
1932995053
22095997
1933712054
32156954
807906535
1554099440
19424120
22054672
3244183197
2226615308
28049266
456101331
18920838
2968451607
715641557194567680
169781662
718375439367028737
21238575
2317982898
3743652503
3247344656
614308821
4818163517
21672258
35298501
723352020246122497
1020095184
426118191
707035567675072514
120877403
3000400970
50936590
517946537
1219826995
37536623
24247106
718821952371040256
46775436
2427703676
30995814
345399113
942344304
586853452
5868202
209049324
705155575135342592
736143976210669568
23098409
4491531140
2730558604
84759456
721000130204340224
390581131
2548243027
30626499
721327574786392065
18998291
18190887
2320944596
363692152
242890984
48935222
367271007
4916352934
4828013916
12670512
4854822338
215584201
24727245
732229531382259712
540849868
338573603
33458163
82722757
21879831
4915718896
442976787
2645582078
181196280
4884249002
2361749446
359019937
468822271
1608321360
736676509742571520
1935088616
3107854783
910462147
3266345178
278034470
309422920
17847595
808021232
226835460
603579813
212725463
723140529291026432
16250929
4771008201
13604612
15808113
385196023
309689066
53503202
132918446
1913235571
3044580759
284869173
200571682
16696584
631704732
2516013102
739257421
18772094
2670772172
290885049
34120448
2907871287
793199797
15067424
531210842
366229034
2161616220
16892534
172326010
239022058
1411749511
729699848392482816
741008991107600384
4292772260
729684366788468736
82167518
108708410
171282532
16905404
134971995
105914164
1830067706
4904668651
333675022
279758985
126722715
59849033
21551022
324455870
1075939369
6013272
3383116294
947359142
30449217
845669107
355028519
1242000985
2365332748
2191697564
327561051
727558548540956672
1532950542
232921052
1084817426
993358020
714673924592762880
218277895
3464706497
457033984
387162020
49285444
4176964998
737090258328752128
738461673623814144
199836480
34250911
332547378
2723153944
297191567
199880600
31999788
525783599
3953695528
705119727216005120
87785659
111633074
2952603735
2808542293
20709499
86617755
480900509
20853339
3907341980
554758945
930411199
2770791980
88860908
749963
106523512
15464697
228554424
325265073
47728859
14125897
146644080
3082986275
703996252669652993
15473574
709406894905958400
1124027156
129281932
11715042
2331044448
17372783
26369152
16157204
400194064
224320485
2867726447
62187218
4833128677
4894095909
712010865021571072
1246900826
396148023
727357168069017600
635567415
4650885269
244190490
38493206
26000710
43951442
544439527
17365683
1105210411
21251668
363275073
23859463
20816429
1442476447
398959859
212402248
85881268
4886779211
27968672
21715369
4434682639
2981584944
52851020
143663678
244225740
197604840
102475469
1394399438
143660061
3305406949
4870766967
748761679
2284187568
3301624108
4256842251
718283360540442624
3955904553
88725369
24279842
48438556
32346621
3668745089
25003156
3072239888
35284567
58896487
342460234
4910014602
695365245376696320
4768798283
721871524244754432
23452675
441317106
46522067
524024759
2871283238
226838632
36512798
17355421
3394741149
74211907
2275550440
3914425845
37644319
72454254
383892294
24077664
2163248447
3901561215
717698852275503104
2616015824
322986132
45679880
23803056
2756388564
2324486774
2593708296
731894069954154496
1602173694
718193927136759809
49764393
22481834
714846995219755008
1330157610
860687102
23031883
7807162
2583735188
2669717348
726161607034818560
708830884300873730
23246458
3277943083
270528803
1955955908
49471321
171395167
72072185
2290340035
702628162941771776
328657595
258537281
204161510
727995824576208896
2778837504
635467994
51813493
1626066301
708719437222903808
17756037
3406500304
25377285
714419097262538752
212070119
264451340
129891935
21527329
2224365704
1934770050
3031483985
3224685271
56107664
731052471502708737
469845522
2213017240
500391228
37209193
552527556
19539314
327454675
489475164
45635646
704469311339962369
99580679
393771226
586618642
276132061
507877806
9735462
115563859
4739088137
114870265
3783815248
466992330
21261373
17576077
429914633
1494070861
3244370974
855836893
714617914532503552
3395638948
472073937
247868501
204475242
155986770
67169191
475768360
33129045
733278643007459328
2790954936
715704555565088768
4895009092
2409501757
31119062
22994201
112001355
704503585397153792
123886905
3240392284
357289624
1920262370
15973356
2533783604
455336719
32895694
2581070247
4877208435
1226641662
3664920377
1017619134
3219680120
374108016
210818055
20618180
712691718353649664
16868321
900183410
718721640
239692112
61349124
518744362
51259550
50398239
308809136
718963192743854080
728724570568433664
251602626
1418920993
131745190
796792574
39606118
61868777
3604106593
27453762
1311408793
4915169428
22489703
33416711
3164513660
80619457
816495326
3386851396
4770303330
126145029
2597372640
132553024
196738752
3330193385
24287541
30790364
717533272461303810
18165865
2167340796
4240908074
1539389347
18640992
3165245613
22339420
2741387536
4624223114
74257101
725183974969106432
903922142
709880334280560640
721499641473298432
21660781
34383891
3784601953
187163131
713405042
2186453322
342082487
2267700079
292898176
3257176458
62482880
726268237822877696
153218852
262642238
3150098774
264931947
1885129123
714403996870397952
293104735
3188024820
2775892105
4769701782
754135908
266211618
2330962234
2308720454
875022170
47677431
26070572
560833871
184213254
117548742
2929048437
2679880424
250882048
1223023370
20473964
2253544608
710616972178759680
1516335350
188533027
714297760028041216
14940354
4893329892
2768922304
432799563
110466097
1058246118
724774382199934976
38225778
24965555
3307295642
2423738388
93419194
95463107
1111940934
358340087
26184882
24757092
31058145
720734736813953024
2421228369
1949781798
1934964421
1382627982
2535377402
314924675
311188381
2792290323
32995184
25138288
19402593
31285446
1072940611
11395432
33422843
393985837
24556105
29007043
2364901363
1593350862
16456398
1328206963
288363743
1123137259
976371649
262727180
2259158605
1535171269
1584732452
4856706634
3156930984
199784543
2646690067
1324488289
948608011
241583780
228015335
22228637
16440284
358809330
3321386251
2832365528
312312490
728097555968446464
3731436135
1412160763
780269431
4871907156
244200696
246668092
2450904662
47554499
47630337
2231864912
545695783
810053322
95832868
127537805
334874382
2298675872
1356395814
16235283
2559542682
703637991168737282
2166004434
1423118240
706317600024702978
1004954503
143853190
2898725798
2840915387
1007187600
539573373
26015031
2172217141
774974118
2934009661
15359578
25872911
1873539488
22728028
17204460
24103596
846330048
305652007
707766407061069824
26657119
709776957110489088
370309978
130794511
49379886
31532999
727853723884605442
21777580
2570560126
122567822
52393883
16302354
27109121
317745935
73124948
3315632484
44260055
2552733174
173908484
172880019
3080884331
16662687
25535595
134975165
94215989
42660725
957658364
193972325
4254904636
3000661701
21313053
721945274449399809
74419021
64823822
2573993016
2667470454
126629610
14364337
4476084275
1226659244
213901605
425505438
858921774
313275922
1281474036
621419621
254083841
3897007273
51451083
3908790260
392047970
16000856
2803020964
86644028
115094250
703615920
2871899817
2363804264
714558978131255296
299301873
863469548
93583928
707760360271511552
3142839960
296610784
3262942441
408901344
2371026499
3166578821
845893680
67602503
3167183369
21811446
369844120
726616624527212546
724403976368697344
883421593
22846618
1679185794
254633632
1922342803
90776175
69467630
462906157
1226278844
23612280
16474992
261035490
247378337
2720184844
183753455
15466386
25346069
732298495432876032
25080097
23692955
3116324692
2730345168
705419829688213505
2994390921
736433043481579520
727690945332969472
3190936777
922047036
110803365
20964739
3126409376
311677386
789755286
3882457513
928183320
722628808189161472
2973842578
2414073730
720446894397333505
483272505
3145422852
1961361097
19888843
111166826
1257293401
540472551
104459389
580130219
25091906
20831969
21717987
726872852968931328
2316494594
3306269147
714562596070952960
2540221709
19040963
4221857565
116504222
200964745
50325797
426578718
238962219
4851312853
4509306615
2431107457
47993321
15446531
3443338041
2183715312
439608838
712786914273660928
27570528
1431873422
4578050474
1106501
3047938510
329525509
705204465930887168
4835062336
24165761
98519253
2317484126
426125491
1702344373
4831194209
716972670571716609
3098115975
3349682458
707608113562554368
715933743253364737
931287019
42995067
928481
193365375
1014391382
35687376
15174710
2661849196
2428776326
1966921812
172867574
2209184731
418993044
360285166
227010728
73020234
726510266486280192
159608463
34592531
376744269
482274576
246220722
2285311688
2176191584
16513335
2188196646
2528590273
926319505
18978610
549607267
2858084609
48911858
1615463502
246939630
23031094
703394778675875844
260593970
168838692
67679542
35253573
2426129606
342483183
717715502190174209
1735969045
4189726677
16444544
328679423
3145735852
2330691751
3059045779
59676104
291774022
345627318
451662665
705414651551461379
3448984879
711439062519910400
16187637
720281941908463616
701725963
44960116
32694215
717336516440285184
1381088924
18874834
931391137
2189130356
3163130269
21929320
889440174
21348880
407574944
3237109164
705865207718023168
16721452
15576928
18608115
2338340929
49800332
3244305970
28162211
63262233
156306739
636652493
259001548
1428659995
4870478255
1528214196
4354153941
4374927022
2770804376
2937516482
271030180
3131156139
230450027
543691320
1450231483
16034560
345055220
2314055840
2207430032
36890646
474068520
46610279
478007109
21619519
725295042013872128
564111558
528687422
11866582
48719150
50055701
19394188
545446815
224767014
475988505
724487093137764352
703310501229498369
62510409
291499147
715377808793538560
3318076129
39845278
3309139560
15627598
324042503
14792049
31532083
2975502085
20852175
113349253
17258301
173606855
63284897
3599475675
3150244351
181050358
57519308
124490608
56838529
16209123
185684821
35828351
20772763
2400005258
24721390
591297698
1133126635
2177421912
79265799
3416665072
701967006438797314
4259652328
4043100809
1090494625
720424925681438722
22064255
558293436
86129724
361342191
3178783680
18956212
71306028
4852175399
42358350
130496027
16002085
3153083326
22454663
725177847594270722
382370203
18916061
30231573
246435074
241368198
42362189
20378448
2382321121
45924487
160273215
704714182722195456
357606935
181309290
1917731
3148736772
14753225
1591400760
16132477
22799750
36169080
17152053
4562593367
436925910
1148468052
33256849
1032290077
1017637447
262691862
37990581
22250215
102957960
1140341359
3249900127
196182278
4901300127
17626959
2553545652
634676291
713023512013774850
71048726
22806059
21043723
3195987775
32213400
18678924
32486821
211181482
166329578
1639114092
238648688
2517854953
706658301702971392
2910332545
702141011955359744
146160591
923964859
1869575251
868130508
286680865
1282197158
4711362133
543780273
18082945
711769452493209600
18775094
18298094
705360530966499328
725378693145600000
16074930
28722984
753318572
21027387
233291124
1582072040
1368478189
28926547
1363444862
715788612164534277
3390254459
3385951406
250819035
85681705
1355218452
384013424
293131808
298817970
35773039
21937318
770759270
14240875
250353515
2300505560
54744689
741913790
1119245714
21757965
4794182534
2601873347
14578954
86121008
49055749
2353974979
357674108
725436275621244928
1707321486
360320296
3785297354
4877191041
432895323
372579816
355690109
117983479
285434613
2470347588
535915543
191463695
29758378
437579037
3151702404
702898128823963648
725154675062755328
2588699732
118048366
718940929583763456
482973239
3932000235
3167335095
191891492
266326338
2471494160
16031927
33958290
2218730778
3327420822
32820396
228105459
836232336
24733117
34341362
282311572
2247799814
167478588
1401422012
260977202
1566650000
290499900
49021031
18844286
32772630
990627116
2806679014
51522136
708477796796895232
717312364312330241
1909087813
708768395987165184
49698134
710244184876167168
778798705
19915898
712082828138319872
717879977241391104
49948272
18876259
15115280
183958809
1244408377
2785095528
75472136
4270724112
32168059
721398048413192192
16300160
17172863
607622157
1936187252
706990010042601473
39576271
4750874478
561648188
1604640828
4785292626
16704578
612057704
59702598
389841834
3485382014
170813733
42318672
796757245
58023246
1895637186
4867745776
714149960023867392
19232270
36126343
169060551
160755106
18959644
4339608079
480083441
22645697
3150777746
15893116
4892671215
2283920237
1539564943
2732944034
16028985
236485849
21495530
44320262
3455796672
81406248
4917092018
22776500
4159203832
4790585689
356885109
210833051
3349433536
22320389
16146535
243001984
157099071
4899610029
25207598
195510109
343535198
1276312562
30899109
3308535203
371889510
21444680
18220818
2400901568
3010492622
1676142499
1335267692
296449773
4498636876
1344022837
57174187
23912819
3179493427
31403779
887562596
390530361
21326757
40873667
2276703510
706666581741318144
71529455
25280477
4005092840
337921759
15726077
15418628
2801229139
1449488359
704060092065423361
1890690288
61863728
4176516076
3099613624
14997156
296571098
2329498706
929428645
3920426061
69756680
4839340449
2485572043
48599652
265600371
3332045051
15754281
499073990
41488991
165944770
498167911
2474486646
58964788
704967105402114048
2926851022
4729801216
861508788
259252751
53861909
322874617
4800796580
379754341
232894782
29679790
16461893
712767574
314205406
28502793
1584645799
63013144
4311393022
230891509
847923606
702147673651027968
15489751
19915883
2841747221
129318947
715736663436042240
227859108
453321264
3986438840
22012091
2698138429
473564344
3914226136
3312766008
255879885
87957969
1979650400
44400879
242602560
850633633
869186023
4509233477
980611
19923293
26919151
45671898
164554364
2753807133
3509421138
1634552636
2903194852
872216179
116048117
71584155
26773353
695401974854918144
1216784395
4831215383
25590836
56050543
874846453
4872101783
313772276
4893086944
291809690
709918914944364544
101334380
462132518
479562736
72198806
32671625
714720425801084930
498402567
14886553
124898913
4564278500
20567743
4876296974
244192891
549742082
19052834
2440921177
580312540
4905922076
179732982
352548417
365101425
2289770467
15667291
81305054
702261605703294976
541877473
47235439
38034274
241201438
26186655
2811455407
19568591
3086875936
807095
1581289837
500704345
23970102
1281405877
1074480192
340746953
31053563
587758722
3892714043
4567685969
18228898
17291393
1421631721
291349358
701584724783792129
624826831
14820792
2467720274
15463671
2240756971
2886412360
115979444
3161132279
3149579266
3269091415
3309654696
28718888
515862339
299364430
302881437
1513958744
476315898
382836767
704128048656982016
5402612
9567972
16129920
244655353
16789970
30043495
7392352
51228973
78523434
42716568
177586079
177212603
46468027
16935292
108375709
92557448
81868255
139737099
118969569
14529929
15808765
132536026
115249127
82480896
1092807096
59869729
939922981
137514668
263269829
224311355
191988919
159124223
141108912
110899711
103073080
90642314
84183248
74568060
72717049
70667943
68219213
63225796
58500736
43797909
41668297
41362731
40080478
29363230
27078238
27649741
26840840
23628021
23480020
23450558
22650582
21156659
20961223
20100423
19916171
15662282
15472068
14746298
19774211
4805561176
2523229567
703040574862000128
30657398
701789920545873920
3058865345
3051544224
60919240
20744708
105066354
178062281
60718655
503792483
49573859
907186650
4855931619
701622177754279936
4149690013
21705181
325830217
14993272
131497030
742143
96846955
4353841283
27830610
19088288
16348549
61149653
4700354069
34304008
376211514
851711263
19608273
124949619
72770853
25017309
1258136930
2870519789
21954970
76027332
16795212
158414847
9411482
46335511
16815644
14511951
4187444843
970207298
41859853
348557830
4327242015
437150341
802064221
3063679218
277805390
11348282
161801527
3065966919
73238146
43963249
3065753301
3071251042
14377605
44177383
612473
17681513
154683714
16228398
759251
1093090866
1536791610
15485441
757303975
1330457336
75069067
1339835893
109081861
20545055
313052816
40768837
116525736
16222584
1093565454
304707590
409486555
2467791
14293310
71294756
15730467
19789294
44994215
783214
50393960
14790966
17919972
17899109
14677919
18170896
25928253
30313925
813286
18806753
24016767
16211434
16378486
3108351
22685200
28785486
21982720
15224867
19397785
2883841
16190898
15846407
50374439
10228272
428333
1440641
