188055923
60783724
20071894
6213582
153962533
89043072
1000591
2312333412
14669951
396045469
21985794
705807268835672064
14213734
1459630634
1184647243
3131694958
258653157
883761
2233320462
321468084
17845789
14313332
142973143
18559001
140196613
17523938
16228398
813512
14378113
37710752
19725644
1305940272
5699
17493125
14472613
1322691
15449897
11740902
23584962
313070057
27538577
29711295
212702867
116988614
353737617
3895191793
3342796360
2597934420
14260960
10078
17825445
1290179011
714985562
50393960
2916305152
3036791652
44196397
814808
25299922
16722308
