2744206756
363417446
1547416550
4412593273
3309218497
2764842970
4312443814
4259932713
556312149
44700124
3185311982
4149756937
450834665
45319256
3103220751
1073330503
4091240003
3324258341
4064082192
1570141640
17881816
87403396
3165727465
2809391667
37599351
3097918365
622697330
3324631100
3324562968
521586886
2751699555
2773868449
2601258566
2490637464
2592208578
1687073048
332377426
340671834
3395730495
2477462600
1273040623
1548381655
1381098763
1309155199
363640677
171337448
3047009630
1615472791
3344899785
176566242
1930064100
2406051440
20612535
2739267847
549609965
1404887066
2779909700
3186988009
825989060
451057674
1248961495
245783263
2694462561
272058058
1456345771
630746438
363189270
800190414
317852885
1551321931
2492260774
2500007554
1110348241
1230894146
606409399
1602035696
2210851958
2382036448
1434784104
2234813473
3244796572
942454994
2690382858
27921338
37008385
2912859321
1550757541
2604051738
3172840826
109599001
2545363596
253288257
2549180678
3161491335
2962943539
998979421
440298158
2291972720
1665731966
568727123
1167958794
317125726
2946149889
838291106
3123934244
3130202597
3137243663
706311864
3139077089
2498974376
2708200046
3012381888
26064036
1951531609
2833283791
1328360287
3094906797
3114621739
2168531140
2693677605
480784165
3126422171
3011782856
2906796682
2261808925
3058098257
2733961659
3054708520
3010332227
209708391
2534131379
1543687765
2448053390
259132164
316166511
2972365223
2278226682
2617469366
2972647180
2277418890
1154258888
2983268534
3004871830
2696429228
200298671
2994847013
2992573297
2562081781
2561556606
468755769
105119490
158314798
181561712
85452649
264107729
84279963
