1013966336
103402210
107794703
1093969230
1113157320
112221929
1142469860
1187127126
120207222
131807283
140737033
1424000143
1428245454
1436241619
153942343
1550404806
157250793
1584071778
1590001538
16000199
1602173694
1608594404
16146535
1623797749
163416607
168135473
1697383021
1723890674
17687565
1819261
182746887
1833919200
1850183792
187964046
19088288
191463695
197838315
200583835
214661016
2191685120
2209620793
2213701737
2225747204
222809199
2233826190
2268512112
2293937154
229885274
2331101394
2343707885
2359028480
23636341
2377686841
23782099
2383123423
2413343707
242891339
2429939996
246136864
2463065714
2488134266
2516531996
25377285
2584947729
2598859538
2599019940
2634310632
2644665526
2646151903
2672912880
2674144711
2679976532
26816620
270068926
2723153944
2723444222
2730345168
27320992
2737015671
2751816499
275896693
2768251144
2772695072
278315777
278991914
2792749508
2795446105
2798766450
279896262
2804480622
2806143919
2812745721
2816975185
2821439802
2829335525
2844758984
2855316690
2858665159
2859994921
2894412198
2939472161
2950076333
295523816
2955539111
2961844093
2964038584
2973227360
2985959205
2989250265
299220494
2993745270
2998594613
3004480424
3013152535
3036791652
3036849871
3041935322
3050052781
3053500970
3070509590
3108793968
3131685155
313381710
3181792770
3182772721
3198426050
3222701886
3229813794
3232276964
3243364033
3246056674
3258826650
3263176154
3265559538
3273997009
3283862904
3284229890
3285081590
32970503
3311041501
3312054660
3319104276
3320396580
3326279652
3349173339
3354897194
3368912583
3379553473
3392308450
341066609
3411721563
3415552415
3424489361
3432243455
3433196410
3440671874
3457632673
3465817753
3492902175
3500818274
3535419074
3551382794
3553253414
3570745582
3589839133
3606062123
3606087437
36143907
361544166
3630692352
3641388973
3677109976
3699626241
3725911034
3745061474
3754607725
3769377674
383173197
3847153033
3864007103
3875798487
3881503053
3883218203
3883358560
3889000282
3898523353
390648667
3914910314
3924736334
3930224539
39606118
3979990520
3987526874
3992962512
39951905
3996218594
4005443359
4025827137
4033978334
4081695554
40843754
4084423755
4110012975
4152568054
4171891095
4199501787
4222436740
4249176374
4264738348
427037278
4281680715
4289485636
4290845500
4308458353
434807646
4357286000
4489916652
4490878574
455699293
4587256047
4606946533
4615589721
4619070863
4630413221
4636263612
4703557268
4721447102
474371747
4745204123
480900509
493458854
50254626
548674518
549173577
554076257
60037404
607039851
612057704
614096571
635468126
66336739
704060092065423361
708309848
711435394492010496
712736810661765120
718827760186105859
721339836406317058
722506148037992453
734516370600251393
761452525
795745580
824443428
84384601
845649349
84708371
87475277
919131332
946275781
965188334
993753721
