1071490904
1090999268
1206043956
1369631623
1531368576
1553231875
1671839287
1678679864
1703172234
1917469686
20618180
20924775
2257115702
2280094778
2311995194
2317221572
2355244596
2356430345
237122922
2380212247
2464974613
2679174598
2817217093
2904923727
2950346647
30597829
3106791697
3127608957
3141606231
3148931612
3180508234
3183664999
3191404306
3201335541
3221882856
3237236845
3241916449
3268814708
3293726090
3293801229
3311593909
3316934868
3321985417
3323445552
3348162673
3358589812
3363797495
3398758696
3402909947
3433311965
3441982282
3505253722
3514862421
3524653761
3548391208
3559321035
358935780
3595002199
3610091535
3610215436
3612341657
3627739463
3747932541
3798770052
3832189170
3837992176
3841319116
3849230238
3909092782
3914229792
3923731917
3993193272
4021299741
4023544152
4069378034
4099530132
414373026
4149765272
4149846373
4158059489
4163991910
4171598608
4226160393
4235195415
4363073058
438570432
4489607055
4491750862
4582537487
4590267022
4615143335
4616509397
4629410521
49431514
587187909
709690251422404608
711800914445783040
711804267108179968
711809819846557698
711833320297000960
711834103927148544
711834605708566529
711846347981393920
711849117941702656
711852920350896128
711854050740928512
711911552845266944
711927156226592769
711929296026214400
712014118207803392
712034918168195075
719446423192866816
722652025243189249
723251262398054400
723251650174017536
733933093682327553
733939939499487233
733948657318408192
733967614926573569
736205082820259841
