771708205
763971515041787904
714515303712034816
760401047034748928
32959129
295238714
3327478637
762524254445240320
762150444869136384
3096007421
761531760844734465
3064068373
754856428872040449
154350597
3807105317
708627127378296833
742940115748724737
23128481
4490601736
37311844
758413684670656512
724237308250185728
2834518025
3044723757
757274038225997825
381108914
3363921843
756230687175348224
16369099
80800433
52863232
719071457251323904
755512701632155648
755801667447259136
2945493497
2835400776
41158188
4150619176
110076678
349247641
267368424
3390665254
748585723209584640
748373197423280129
735509982075060224
2326591236
137116929
2358246756
2801614976
34170577
117292850
4873857554
2732675512
2463867379
2911574603
4748018842
742294000397385728
4120217739
65455370
3054924821
141314706
737357950797422592
3082778127
733526268730204160
730631422764027904
712019543414214656
2188919556
712406073165148160
731911500076482560
402346116
720319352038248448
3219944390
2916522821
730294185811546114
2587297296
4568054123
718653391048577024
727276616737394688
725898676460093441
722571108873060352
724354382490415104
2303866117
724731348317954048
2940406933
720248733170925568
722589904786448384
552810773
722071263926206464
3871833419
1722795805
717160724787646465
3964945519
4892496808
694943354778435584
718990302485196804
719258555564433408
2391554744
27450176
2586776670
2353629902
716679251223846912
439331138
2891481426
707719000898273280
4386946815
128791649
3082097360
2836353328
709690251422404608
715214524949901312
3004736955
101179148
701266694875041792
4313378063
3808803497
114860533
3462781402
700424067858313216
2948276085
129513571
2905005734
38830101
2881150406
3178718905
2234339448
3638946015
3725104160
499923131
801193910
4197433160
4877092881
705988059855106048
4899154631
3366519018
706155703262650368
48820814
4121175695
704032297528528896
3312925644
50934788
933590156
785788711
703949419272658944
701985977108078592
703293411026182144
2796345924
702655782475702274
4885460254
2937574099
701838778793590786
2916604288
2307800074
3791334377
447425165
340970752
4698487423
804449376
3109028075
804022
544001732
3297324506
3218874600
4890094060
4883726314
4872012854
3942376461
3253999832
460165660
2824484196
327206194
18225578
2179190077
4865212071
2799808196
116512570
4828731921
4781347386
4862611007
502335393
78486402
1416408625
3009871927
85004598
4551950056
4206772633
2347461403
3742798042
4778243190
3391008628
4819398142
4769504690
3315983471
1055786635
266152718
4749608450
4187234907
3352612113
4707876383
3330734465
4582202473
116347255
39184757
130733783
4484878163
183439994
904022611
4701747481
1584197114
27667643
2912700577
4443049221
4668806968
34083622
4330588828
2786395269
21381909
2934037284
3134914531
4449537796
4666051052
4555048735
2881159244
4613143217
2784278855
385039748
2181045176
4481593752
1250198983
2407317296
1937078016
3365113659
4606677132
218933008
4181435699
3913756901
4567420579
584180446
2693988803
3022829314
498980415
210218245
4439052627
2911828067
41184706
60807678
2871404379
29191029
2938370841
2801918718
2357484469
47539455
961605517
4337629708
4359513076
132789518
3107869259
4342854076
1057335926
3246346077
284648348
184383206
3351910919
1919389058
14905123
19313066
2387604200
189782120
4254929475
4248303556
343138234
2571872893
4305420018
4070711489
339293485
4229243225
4228515238
1694643314
2726686754
4218233949
4200555973
4037459789
22326684
86766927
345202493
3566632276
2380093922
254567249
3419152570
4190324838
2431568812
4078300373
3312429523
4129502235
3284444479
3318053142
1178529966
719124282
4102659793
4058709922
422055996
3387991078
1399721636
62253310
4075484366
931732278
106819547
3011487746
397936169
410122007
1260153174
2890937321
175891461
4005902232
344209049
18906599
108894308
2476177112
284788033
3878500692
4003279091
515231427
2465575092
3653450656
380984642
3306645428
3658006881
2878353468
3987857361
3063615107
3279934224
18818543
112967246
3797984178
2992643773
318129699
3901303587
832266446
2343922427
1271466860
415349092
21825193
25060654
1549419390
3846243375
997735476
3755508792
497919140
2927813462
3131055880
29462112
60040299
16495008
35519472
1014449672
59273270
3608057363
3702176479
3686929819
3766503197
2224367250
213357336
3306357500
3278028372
2782715964
2327285627
33449297
2995039949
3306360578
3659021895
2439844625
592730371
333688436
3578067378
3633049816
3111597292
2847880679
3607667175
2772239724
65143197
3375764901
297075704
950944050
3233920943
3345028453
3382121055
3498096500
575813393
1315550370
581423485
95067738
3460723763
1462203223
3233654790
2801289353
3450427455
27626694
2386648014
3316546573
2823844460
3442807336
2887457169
2899000290
3332331620
3008561324
975555247
1389463578
3277951843
3313999393
3420437579
1478557015
3419803485
3320040283
3419391280
3419509163
3314274626
3419706591
3419339271
3418940361
3421431741
3421434803
3421470286
2631570888
301264371
3231069186
3037164357
2301137402
3107789626
30188972
3077539011
2788757714
3177016069
2908330684
2756330977
2935281067
3293595225
304333814
151512160
22073242
2834595117
847539775
3232881455
2905424053
3187178471
337791155
3298083042
3192497142
3213076116
2446079094
3059473475
721728560
479599061
314650091
250315620
35688522
2842420057
1701745184
3221963612
2482404660
16710197
1340448301
233771946
3178955576
1903362108
2795766408
2864314343
3242589608
3345784570
3079853349
3280151839
3253430696
337732675
119126419
2864599181
3310072234
1251412310
3353516746
24206059
317430307
2871165186
2889301018
91476974
58323501
3243930178
2544518762
39218092
2718356156
20833775
217533546
2202301848
586953346
631682301
908483689
2768392892
1606657686
16703058
128912840
465893032
3018742509
3256402877
1525377674
146608835
2361888122
3232999929
2658420401
2946046265
3060235391
2782186519
3244177144
795561996
64131711
1947572312
3351523401
2609281482
118652552
2987605712
2862495071
1494313123
3243656034
210308712
3308282189
389848242
2784298200
3301402203
3255190683
1454488878
2955216848
278761594
404813617
3073543947
277659789
2854323813
1581572598
370827550
265220205
250546675
996957625
15089489
2891994706
2795057922
2809757672
175472962
2586452870
528071762
2831436002
1695839551
3075683053
1639304155
3104057478
3238091899
1376532764
884329820
2875135938
179216418
2586377694
3334047935
2751739666
3185767237
14166330
616914139
1077607729
599777096
187387276
2954999301
3235444267
266631033
3184649653
16015769
3308899265
3309333023
2579483762
3307846553
3307880134
554400244
3230005688
99943864
437709049
3302925592
2849321642
2834741012
32508431
2934002712
2871006265
44135496
2988970576
527174139
3290889183
313840834
3098890162
3146445098
1468378566
2750667659
3254277759
1944230208
3115270649
808886173
3240212488
282794790
3172702661
1686315325
3249995009
2883674623
21211674
2919312232
1581848742
2987613632
58282687
3189886086
2307021294
318207626
3187605662
3187798135
114864431
2494398422
3177016201
3165965225
2934733359
3235183858
353495329
2996797754
3207624364
3185425277
855187033
3229265849
2329511558
15268664
2995235936
1377951030
55104790
32402608
2964038584
438574508
1121769416
2977968005
1542293558
1568651371
2355244596
2717827586
2528348849
27896640
18783993
237844654
365059084
15477254
105970593
1675183219
2785033092
3070371703
3139154534
2807375136
3160348056
3148409393
2229667098
2888132107
3167030909
1222745113
3106787658
203466008
2904159234
3074167662
862253905
468841864
124251944
522712762
56230246
2786407828
2769345414
318218912
3140638171
2790398736
1711823143
3137904031
15035654
2825702254
2827444131
1265072144
3107110095
2890226891
2997723990
10720422
259808059
47264671
792978680
1925202128
2951963678
1443775176
275653130
3091927155
3029212871
2942808471
1170004723
582411609
3090653131
3099492893
3091683064
3091695075
2531176532
18006452
2868500768
3093347847
3075469618
3088610712
2851427471
552941598
3037792020
2928628874
2401110481
2533278219
129636453
2905918549
175280217
2997478571
3073543933
3075079049
2907418647
2851120390
2900622453
2916926348
1486744616
911272220
2892039505
19015287
3036496714
395084251
2873886216
226523183
1495943988
83562646
3050251760
3061792352
1950799526
3059865664
3064966930
3066206409
2758127420
1924430262
2695258633
2911554610
2818207203
2994625997
2973940259
203084615
2484571358
2985911415
319025793
1533286508
3043259952
458052397
3061376175
3040375225
590629399
2246461752
2998496994
3006726667
3048601193
3009632462
2989242277
2845021300
3036216366
2993500138
2937680624
3032061313
3033186133
2871699636
328501680
1531368576
2855449623
2959191198
2882467303
23307970
2287887180
2899827380
3022915735
3022405933
1709516838
3035656054
1053754843
323458096
2929718880
983246322
1230863910
2806977060
129056508
2895845982
2958697649
1240154665
2974941927
210902180
35074668
1541356034
24754569
578557982
383465756
2770286409
704260007
2235210511
2839577375
2846136124
66953593
150123666
2750149424
2810752919
3008170369
3009642183
2393620658
48836735
1949177358
2994063614
2883864873
830859110
2786875513
2413817191
2958167482
2869596159
2423373294
2814337862
536950156
2996702761
1318848637
2846551735
1565678965
2992929802
2992742074
2918445657
497929894
2986687283
2588321996
141957733
60703301
198564930
124521019
1537181251
2985263614
156285331
2430476576
2857905234
2808801171
131273661
33476855
2575551264
19574238
2858267029
277179712
299134973
1240067491
1012388048
2848576095
2798765632
2868558311
30486932
1874881250
61102151
609649719
2964780283
25755952
2932755040
2922831825
325246257
2937441030
2883143564
2854301914
52006553
2831315632
2966480981
2960949718
2784273150
621393400
21514744
322272570
2837169702
2662582391
2960019244
2936057751
274109576
601425440
2738240834
280620020
2791121294
1210767164
2924911368
93964319
1885267064
93663419
2945236157
54362299
112773608
2853037180
2939524846
2905590149
2885236262
2943145919
2411290603
2832326409
2937962502
251045973
2885821756
2255877222
65974890
88136391
2775572472
459908435
2935654949
223304261
2793187538
115601411
472535140
2895550656
326534863
771941924
2480177340
2743059763
2929162667
574647893
538857425
2879163272
2788274419
121112852
2925858323
366256329
2801931137
2766809723
140060120
2375850864
785009390
2923188293
2877494417
2834743427
2811157786
2690628133
856770570
2870315974
2870650162
2882888875
2928066247
293396547
2900968918
2840808203
19684933
412916738
2913964661
2890198923
2914116544
2883604951
2785255490
519254062
2914937290
2897016000
2848724831
2919532956
26254380
93793323
2278548002
2891807243
2889015638
2877481450
2354638212
21060711
590799729
2814885768
2848603513
2507144739
1635084757
2242547935
499428540
856619810
2912131347
2887758677
2879401286
2856010706
171280752
243739078
2848942793
2205623655
2922171163
1302352969
2609222161
2908678041
2781843242
146628381
1329276085
2776049088
2761898817
234541181
2835673725
2844707753
2772384200
2914434283
1829249059
2905205741
230304139
2904342021
245069148
425440651
41687358
22605063
2846609613
2446447848
281838753
14987233
1939471255
912911366
2844220461
2875985566
628292989
523740205
2835775263
2913578023
21371939
2834903284
2825763683
264544779
2911925258
2863890777
2842848160
2424650808
123666193
2782269553
1242190802
2852487425
2244398629
475682772
11353012
1149518827
2826540395
16196401
370965784
2863088809
2895385911
2895395668
253015968
2607290564
244625381
329297201
798640074
29419129
2651464544
2854604945
29202729
574962273
2518058154
393756935
2831147669
2851473503
1021652065
2877232677
2798458089
2885734134
220842543
2450525172
84613819
2839439475
304428516
2909667702
2790090018
2908624255
2838668197
2602505592
2893264993
2891372727
1246375584
2891293721
1074583705
2857048867
2796851485
2825755019
2898262704
2844910959
1529042803
1345072579
2875316333
2902074476
2835488103
1027250287
65412814
116375949
2848272946
532727261
2782110974
2374365391
2907346327
15917800
2568437472
599150480
2862330660
1713182929
859037929
2796471254
2880280417
2893976604
2831606139
2898881712
2821531091
2810395514
2561555594
457442648
480564622
2882806973
2420369400
53544165
2802722088
2793171236
316470430
2873783183
1235780838
1556456528
16250987
2775396834
2846580298
2876531499
108462428
24734335
2903156389
2875720175
877770079
79704465
1120378916
2329542980
297228027
2834440515
2844264700
2871125091
47622504
22614313
1368569077
2839438477
127812328
704237150
2834752995
186747466
701166529
2855949487
2895241981
2242878637
542107753
581454660
238093393
2836175703
2815827402
182633497
2845624539
2886817729
2891414755
42091611
2902140902
1495123794
2873135374
76234636
508081252
2884415948
633181008
2805673956
18159661
2251517066
131082277
2485670676
72899191
2860013394
90379747
2815155763
2810556386
383048295
2836785657
2783115036
1656516662
2813010462
2613183703
2837718577
2897299574
2876378805
2891784804
2879819398
1700658962
332922673
2855989883
2874675532
484611097
2393063119
453221269
1628666935
631080608
2892423078
2732538831
2814680684
49097621
2795887617
2880846933
17952975
2411433529
2866813191
1007810736
2532648118
2552697036
2830488368
2842441197
2774340015
2886882180
339566435
248206059
2834289021
359530857
2876182731
2877719896
2265561817
214694025
609974000
708888523
2583292039
1011035732
144853440
2761983946
283301194
2746909284
2811698041
2844512584
2147771678
248485957
2868558430
786966108
1041271304
2834550725
257800378
238919817
2877716099
2839365077
2890519873
2581172502
566492902
2886682062
2786216155
2828013990
22164508
1613601134
2874564531
2817936454
610206135
2897165928
2802745932
202019047
1671029934
2477197932
26385735
144075137
752036702
2818304233
388595415
2517116778
2796417967
18027864
2514446251
20824522
42420250
2793807454
349123601
770970614
99335926
2810864653
2741527478
2787384768
2488304460
2838985557
91042156
1332655236
2844993576
93702505
513250944
2827346120
77118357
2858110355
224310598
622602249
1081112712
2874827789
470880589
130020846
184043450
2754929665
47405998
2793420332
1093050703
156382488
2863074171
2840758341
2422675742
408958313
44409179
2525635410
2819247256
622932874
48889280
764586908
1372789909
455444298
2823014736
2837876374
282887925
2809143406
2308954104
2842780930
108155579
2837875481
161469460
1266401437
2823616933
2312424494
540063694
2820923855
2856250030
2208483629
2793066487
2883102823
524788308
2838273310
574110064
59606348
2862951821
348819004
2729647024
2772977344
44494953
2849596984
581267437
66827240
1674641438
2834878073
2842702066
2831032707
538543725
1666142936
226828325
2855940239
2882829690
13777142
2874356625
266766276
70082375
2796546096
2510619175
566858982
874888082
2896940221
2777177352
948714337
354150646
1647737498
93949976
896018820
2793120500
2791835904
330732361
218493884
25062440
2769715802
2829532397
2857374121
2760482854
19189955
2787254808
505775222
205837266
2819126767
1251453475
2466340032
69691807
875530044
2861937149
2829241051
1371796633
2829176262
2854720148
429523010
429416301
2783269123
2890526130
2863757990
2896965578
23380438
2898884216
1331295175
2889082980
2852872244
2831311565
2875845670
725649733
186996039
2855666427
70472887
2856033592
2809119696
1899091867
385039710
2891705420
576603704
209189571
2840585128
2839692390
501376318
25572881
150871021
2759780366
425462828
169501111
1385975335
2836996858
2865611657
2814040284
2830180899
2822560650
22865374
2875570521
2875320147
525553519
2874888592
634338292
438994889
2814016548
380733413
2305185066
2836724813
565339258
26056077
2647192213
2364629671
2875341292
1402414639
2847433912
68402628
2852414443
2863021326
2847900481
2310429786
2879378983
2844473392
2837270523
596221132
2746420754
2808096306
74576368
2801506834
231124010
2541758438
472516307
333001582
2820160334
2589671154
2874237561
494257164
1641108439
954497179
2874923368
2330987621
2390207468
2870375988
2437486722
2168574427
292570498
2853028473
271653914
2775737786
15551300
2835016336
2873322143
70466918
193271047
52000157
2865668345
2802052958
2398491534
2802216965
1362550088
138346686
2768683419
2826414247
1540486075
602687997
2772591943
2873285219
571978932
1460549084
2898092005
2742814075
2855585004
358863151
2833599255
2890651238
2837371897
557910585
321776719
26433538
2468009479
319603324
2493008809
21865552
2843870795
2813228318
2872869923
568278064
2824354191
2806258613
2848926965
2478660487
1176542293
2592632125
2749929437
2874243649
40833031
2818333431
226293658
208798621
2833590889
2796746389
1895992122
2471826420
2774031603
22557046
551200721
77597418
17527237
2791529257
66801444
2319486997
1705579975
2812908133
132613106
1694222593
2833353044
782472337
928272938
2323535310
23260256
858951446
2832405116
2832342387
2870140102
2779167905
384647191
113983688
2817205998
2301722142
831497496
2802662834
2833184027
1028026110
1254092694
2867317885
2336838734
2831601701
2815306126
2822924550
500876194
1592502890
27049695
2485883137
997108008
2871660598
2298688470
1730296904
2822871973
589545108
2833561388
19534310
184310053
794188916
512696611
2400953280
119815139
2817820231
63913014
2764458266
939734738
1299083940
2757122510
420839856
224231200
2834887115
2844320013
67764381
2794683217
1571231719
72810542
865350384
2871774309
1656326443
317947090
2866323588
2541766878
22565029
1852732298
172947906
242182529
2350878248
2835124323
1536735920
40151031
19114646
2652997692
2873376111
2852489275
636024733
201553765
394916752
2612720706
2828072102
1323366451
2857164241
2836345420
34977967
1064591
2535176443
2815513658
637231539
95697038
454747557
1578494773
2798657400
106558293
550691160
84221722
2872543355
281219515
2896835628
2866082894
22166232
252020392
2824189802
1426279560
1323229609
392078103
578619252
2817528572
50074999
2121731
147300717
342894187
114777835
1274422645
2209598131
2888140440
189181251
2893517239
253412999
2850255627
2568580494
2709936560
704538116
2784707673
2874826844
825807648
2410623764
2404595380
2784808071
2792749508
2834581455
2868286046
369869543
751492326
296196279
2855436353
2855256383
16661459
2837118945
2873180687
2866693029
2842160277
90816051
73914728
2841707500
2283567114
2761005483
2853633684
2813904001
2784818350
2856532921
2828711670
106842135
1028049817
2558739331
2826800366
495011347
1028041303
2835397086
284244119
2841652475
2843484058
2474650254
276693015
2311435027
16601898
1288927218
1383468769
2856300828
205808291
2865880754
41707415
866546576
2866499545
2756873076
36203413
94959801
2825260071
112614146
46421599
8910722
2815394001
2852642741
2167170504
274230527
33540385
2814019506
1542649094
2789451130
2889460417
575719021
1115701154
2782990274
221967789
2857495940
2575314530
2827027708
1321393400
2867001425
2816364996
2644656877
2607123872
2826364456
2815277345
702057780
2853946413
320478918
2831145645
562938526
2831076659
2782040341
2861501732
180548361
2818100251
2858147054
884252689
2751267097
2243116344
2424974508
183993932
1498700611
41760496
2325168744
2765738045
2773896588
1516850792
469001942
2547046428
1046238242
46340918
2534342832
140542416
2889158024
89209972
2893515060
2867858329
2829672089
2746624915
707725230
2815739954
1318542156
630843098
2868395829
2830537024
2729513808
945389864
316393862
2804489707
2864505328
2801890131
14727238
210316988
2880525402
2845238149
189224029
2816482591
1468643130
2456822375
1266372817
557265175
2751259861
2788788842
2841557901
2825323358
2591631931
2844542009
2561553032
71079669
2857063606
2831053181
2817767214
2787720983
16847164
73134729
2485508100
2806046831
2885285696
2822300431
307584252
176874550
79542658
1516445281
2837175356
2393066191
553760714
414141288
2236937546
2798012368
118112029
104519838
2537962261
139292752
2334885331
1947709525
469189091
2820349555
530964531
2587879814
2786568912
2881836134
2764890925
2791696601
826072081
54556379
2471613314
2856460387
1684943047
284044012
2798674870
2775504008
2772264097
2210848837
2879444486
120186182
2223926278
2833408754
483061870
1105998918
2779579543
2796746353
2790493073
2801035038
524159710
32233286
2840896178
489949379
487763178
385814354
2872680307
2771912760
224797393
2842783437
2836832561
866679116
2786936528
2861919674
2831977303
2829019274
2813160674
2699887286
1347370196
2797951880
326477382
1192611972
2789890544
2803927925
2841119213
1964928762
2802765676
239182064
2828231364
2837892202
2358959156
2806671613
1012398272
18146977
2841412887
1853243076
2423026717
2824531773
52132735
2772694988
1858786956
845649349
17956471
854203626
2276637241
363824987
2837972170
2683063328
1683985212
1335585896
169067158
2801269189
2777611098
2618545285
2833345254
175428809
2793220776
18367999
204447420
2770281900
2795409265
474556898
2819697918
269131395
2790560502
1730320867
2829039293
550537872
2797610641
2279505289
2815224697
2785043150
809918786
2787184154
2232448621
159001970
41367821
2788026720
2832127183
992477000
35565544
21449974
2826306403
334243978
350669325
89765059
2757067388
2780075550
2825897460
70353153
2585165988
2547125580
387334888
2747746256
38069317
2751260533
526537146
18827692
89117394
460697784
1284994188
367511757
261503168
2599096788
