770657675856138240
763796254136598528
63471595
736577894655262720
731698911656562688
721326558875529216
716937879897948161
3588069680
705989780958347265
3302849569
3112253432
2169842761
4636570129
4531036359
3193861333
4497075852
4391797093
3626917037
144537606
2299530481
4248020660
3773849893
3520431435
3583246872
3649219572
3548024352
3685982541
4182126132
3312412254
4127562734
3605879534
3678233486
3321880592
3481348753
3809838073
3611095399
3051568664
2595999830
3993283273
19875548
301283446
2982541680
3553794138
3318184699
3936779839
3094658209
3956374152
3453887900
3873329173
3867176653
3314782602
24291576
3458905460
316468368
3317738216
2276100884
3154759287
1537457870
3782656273
1249386974
256836794
3766095254
1560065888
3762045320
3141373345
3745804812
3310257842
3570286880
2418504001
3727364473
3713611453
3709976478
3288546044
3189624374
3683497728
3690717979
3460849639
3688669099
3686543834
3141066104
3751961002
3671257994
3673308553
3536468712
3433503740
3682793606
91028037
3548098999
3734089042
532533790
3677509753
3313951800
3654406153
164960869
3598144992
3318624020
3427717994
3460607773
3637365972
3328202964
3018332336
777502962
1660254722
3193289602
337694560
3717932015
3626140819
443660409
3315855332
393843913
332985636
203848721
27869843
3235134068
3267504264
3396373097
3350899006
3603936976
3684371896
118645111
3318912336
3445710379
3301344541
2816858906
3667987041
3580340232
3300187214
3593059212
3418926821
3313272654
442801202
728185440
3571401553
3229600146
3573172572
3449792059
41992894
3560912532
3310112658
3559351754
3420802514
3322057344
623173141
445490302
2388723206
3382113733
3314405797
1852198832
3319961336
3405521379
2719483573
3323379288
3427121489
3312506851
439821843
3312868447
3312865578
3194332902
226463738
3145977576
3291945763
3257260999
1319974255
2265739578
2363952750
3041207658
3302160751
3220352719
92666392
314327032
190118441
159397934
123552887
397051822
963450890
72719090
225429641
288871645
171886756
37170394
200772691
144484985
105424379
59716175
