610431286
422395996
4832032451
787201177113026560
785898341204983808
4127155313
785954845865893888
775773644341510144
776861142656413698
783670773865209860
3026800250
863878094
4789596870
4214873415
1493089004
738370967899103232
1285310426
775425766133682176
781135724485734400
1951894622
2736085693
438515283
2589788193
2228777888
744117305370681344
210878059
500924668
2393284033
749156354548465664
839974100
776522609097859072
776244847757799426
2258598755
775726526818029568
775377104494100480
2723624449
775197878482407424
740197168456204288
2835492988
766881892104888320
754028133259550720
187669875
773513115682148352
897961602
1002251928
772891446726787072
772734066248515586
1094897640
713141643386429441
2938522895
2272573614
573214348
327168639
4222679953
3395237800
766784725511970817
2976537859
714020948781891584
769456291714596864
704837430482829313
3001814483
3353827341
767605528386162688
714707391355420672
740595558184853504
3252814362
2933810553
4867412895
4330862598
3848765773
761981226383183872
3997225889
759701747870814208
759432806229381120
759074429787701248
3670821861
747278737872281600
758010951895511040
757806964420153344
757730334024740864
757674261851041794
757324509804232704
726791542246092802
755251595898597376
753716133434384385
4884115685
754396661066174464
753707541327077376
753859520586063872
753778574465740800
727377811200184320
4819444228
752964448944553984
752095784938659841
4040295112
751713196440969216
751132209692569600
1049089746
750630215747981312
750322762519023616
750000266418724864
723264107575529472
748957635848704000
748871763497541632
708328395701096450
736231609603633154
716619152866172928
248293539
731833268300042240
707239378779820032
747123077050294272
747080825993207808
2236986949
703567631710875648
746053231881621504
4845879671
745701948192661505
738624741603311616
450453233
721844389668999169
1521177048
724286274010488832
745087320680992768
4262425763
743158884014108673
258589298
716331101568958464
737908457660133376
724285650040659970
743334667487608833
3393946753
4692018374
724284855043895298
3777628692
737958481769025537
716594573225517057
740559351233011714
741312265908060161
741102364304769024
163750965
740348885281824769
3207410648
3606274512
4635015500
716521837534928896
4762650835
3162647186
2218311080
2882776450
4717929034
4834980457
3283000730
3180907309
4474535117
3146107011
2566083817
3315687154
737740883735511040
3270413792
3528046096
740239907780759553
2948961929
731350647170207745
740000994931548160
711381208026841088
699662064474836994
4751902014
2498832523
3094432114
3921865636
1665722894
1361156654
729780321495977984
738908552631197696
735911777079332865
736194665892982784
737730003031461889
1335602929
189862077
591063958
738211037644627968
738185847997009920
738185028853604352
738184227582185475
738182514171252736
737784073083572224
736289328083542017
731778993456877568
736573368162484224
1290970771
4549575503
736657448669433856
3415188917
730368802320351232
734460276263653377
4582368874
732008891123273729
732941560661282816
723731978013429760
232266850
708624902425858048
755547312
476882672
735448750873706496
733782382373900290
2868663736
726905260392984576
2701786548
4814205529
2496478969
4184727850
720805507519225856
305818709
3140587156
4889056280
2900943647
3197048011
2927261582
3389644930
733782796246880256
2954276700
707165317298950144
3956108655
722998223753891840
729639442164686848
728974510158942208
734009459530338304
729504889315921920
1665679850
728020218920898560
708858985533673472
3113038376
2155011860
733181988371345408
47360358
701427380154273793
4053883035
732480442494898176
731366548326076417
359003776
732255542014582786
3386871374
3078419840
3101177178
480627003
3055254936
3366999553
4882199932
728281995713859584
714590010402541570
730789320307548160
4914202979
3980559940
703578878439256064
694595344114540544
706538746733178881
85779882
617580358
717366479189049344
731848281211310080
3987191440
729049458416209921
731940237644050432
731928027408568321
731891036247760897
712985889794887680
1197376298
2318043446
3116999251
3279434630
3032666606
3064951866
3032635608
3269715373
3231647539
3279452210
3288029304
3279489505
3279454628
3279487225
3279401706
3294561120
3288032790
3288026496
3288119611
3261229699
3279490645
3288021798
2410949407
3248936738
2719913098
1229161728
3375780867
3275028672
2886417018
2732219454
2461553935
3076008748
3370300769
2312769931
3091634943
3030368645
3091781014
3278179940
3697418962
3026893401
3275043492
2883575707
3275085062
2883533642
2461579008
3275137543
3275136049
3284906557
731815311884861440
4003946069
3025105313
4685992178
731596522794717185
731589176471093248
731580422077972481
3070919935
731279838443507712
731522790617186308
854045162
731109020543516672
4093292423
731278013975961600
1225130660
4846632465
727925064964943873
731012137930227712
3224543876
720351943256727552
730808315035439104
4594787016
4876237371
716083548466384896
1911360600
728895888349892608
724675088826687488
3387659600
2825989393
702598507941785601
3449149999
2774648125
599574700
512492790
548745700
634799970
1252332902
831931554
2327945966
4869589126
756355993
724221180010463232
3258294228
708297873465614338
2751154033
893871078
2977425435
3372165125
3671884814
1024190149
4836294275
1709825743
3852182777
3498622572
721036286463713281
633894651
730053576127434752
4861527112
2916213480
2397030174
4840676702
4851064624
4691064482
3684729915
4748035431
315795219
730212858487771136
4855468926
783545520
729084173043027968
2265359784
773927017
2987687212
2572992970
4559580554
729076356160598017
718577208957079552
186160313
555192533
877562612
729058752855318528
2160489730
3544402156
3750539727
61003804
704806433376890880
4507051458
708049777569767424
2811422314
2468185327
3608979375
372313717
1358310996
2483430116
729750595750363136
3843190516
4067827696
3028648905
717443382562324480
4404465436
3090624219
726811771403669505
2746231628
2899917651
2269041277
723494611281285121
2420495428
721735812086370305
1644007129
489655526
725038065140568065
4581588453
213739607
401604323
728973454742065153
721790745284317184
2159324557
711249578503307265
2692053489
728797823018356737
2482630392
2933415150
3956141295
193349615
4835963195
4251571883
4243734317
713439348495151105
709998825042223105
4087257914
3302141632
729033629964369921
728982483300175875
728952598997389314
728591151977136132
2867754205
2418785326
394755422
602257147
1393354478
728687805728071682
4252054919
728609639676272640
397682166
720454027109076992
4802900233
4663875984
711472312156090368
2563593987
2940408464
718874053583331329
603502673
2768469810
2277200528
2951493382
705150976387207168
623882592
2910302575
2609952501
725868997283999744
728329900902453250
2296416894
2365091911
712359700579409921
1068661170
1663661346
3198514747
1646679768
2245673023
722483900132552704
4379857400
3257873553
2342956333
586960590
4639265662
586841723
726089254049337345
706933350141960193
3390908771
2267169139
716298873967349761
2426149598
718015470922805248
2155886834
3094964844
2964975963
3069148588
2557708670
4658015259
2628057126
568617532
4122924743
384529777
1658322697
728300127237099520
244934653
728288380619005956
728281499192143872
77347649
2194807363
725788882420256769
2288623572
2869023790
727469629308727296
240939089
2725455112
726782686866468864
3937146681
717835391341043712
2233077137
1917735068
3351325936
1692847398
3267740838
860218472
4703416652
2165355362
4857643655
2291838076
709786510036488192
2795423540
1267894711
4297431019
4039096519
722934604500340738
258097391
2264133374
728237147518435329
1681166460
2161565485
722253562412044288
4165791446
706726164258099200
1322839375
702605036
4857005659
2909972745
2736399844
3772496116
2881498988
2881545704
2881506014
710629198960799746
3091651713
2225644687
352546571
410179085
2883048560
3356641385
568829891
3796032263
2992800752
2865797703
4203664217
727579259955372032
3019855515
1030477068
2860320705
4825222203
3109114023
4878106983
3779375232
4636337509
701697467016990720
2763874091
2440883438
727686686331817985
3144538696
4634606448
727663203535048704
2894753895
1848972252
3290598977
3891618256
1167853141
3367818887
406264248
2962921912
4877398306
3305862244
3841148195
2352287850
723240493677719554
3131906223
2610049356
1631166624
726483129981112320
696466847189831680
713092335316262913
2258201019
3384436511
954233394
251280297
3299531397
3347759356
2832639159
2380722559
863590046
375890348
1436599214
595405312
720283759631708161
727536957794955264
3426780833
710301356444225536
2859742186
912456985
4550934815
2859124324
3404327565
2850310370
4863223397
4902231826
2378911315
4482211516
2979711381
2940584410
4045954935
3234691303
4889989876
3072663923
706608332228816896
2949837010
1134064370
2428904132
426294667
2556717697
964602552
3142953925
4196371763
1058791340
4838178837
700995828383670272
726948894773534721
726947155143999490
726403640114696194
726851207772442625
2899912007
726604714603888640
248364800
4044673514
3316334076
726438791427272704
726428188130304000
4885062214
3629926577
726256980038406144
4516257321
714371299607494656
719391470998806529
4148505556
485185256
726097400327245825
726090678585937920
2594846196
1602935833
726044871492915201
4776890303
699719387029196801
3000633645
2923903427
2751699555
713812669212585985
544575148
2510263008
998491303
2597101626
22617605
724700061171511296
312276772
716898794839883776
716637540757811201
4086974363
3120248817
1721189966
718279178332872704
92070602
449919571
711755501659299840
1252484929
724187415242481664
723209364551639040
2212434085
725019864079945728
980452328
4573197268
2939352633
4113342075
724706878777741313
4869546971
1122662664
1728982579
3399961373
4754695820
3193658255
20629172
288539997
4379485337
2830071841
716002548700811265
2270703997
4598679557
2882298659
735166208
1112266410
724230862464655360
1655313792
1723314582
436037147
1315419661
478975244
721643711503998976
3301025733
1435010611
449116401
710445563217453056
2746624121
197271949
714580787870339073
4268223887
3300259590
3195059211
701322834686173184
498259549
723964954097782784
263425010
331312563
707873874302672896
2283488195
1499206170
723524883485986816
723182406467866624
2561453254
2429061094
961307154
4005313036
703667726150213632
431553552
3548255837
2453565079
723222034046697472
3193990088
4442936173
723738796492242945
4904523715
716028854821916673
355260792
3419281042
4789509502
3256514372
2960923516
2848538129
2559217818
2317851468
1647885234
4745593101
2885331290
355492844
3119439014
3250567886
705737763304415233
2364939041
267865172
719824988791029764
3544794078
302790190
1282874922
4253942961
1959599125
720092351285346304
1417588549
3287883335
4798208166
3374418017
924012079
719199614809862144
1862476548
1691244193
2569520581
3906092844
429175366
4471866267
3954519023
711223753066287104
3183347738
3533919016
414393891
3097607411
559870096
1952402246
721682581096308736
808643496
620381745
722974914827833344
2397688670
3417149313
3189065054
4048760613
705123057782951943
1019140340
495011181
597700873
710531449628311553
4046976467
1292524297
704625965251502080
1075414082
718651289207328768
3321956020
2395081501
4693409550
2169401922
2183092422
75394168
2936312346
1246125708
2720580976
707906609901604864
715586403082641408
541837040
3137642344
4096528065
3428872840
3899416515
817615171
3126261071
1304863171
2210819162
4890937797
881256991
3255898572
2795513317
722107656157048834
722926273312346113
3422810752
903882626
716577452
697311162963197952
2857530913
1069944338
2225773530
3004071102
3125568556
2886707226
2623374748
1653794293
3423212807
3322264189
2670187494
718546518156972033
3343600065
2863699411
3387390579
2971470977
2372317400
1965200101
4862388327
2827090512
2233520016
4779206834
1581261744
4699306562
3187976016
4861165096
242501387
3111905797
1069790414
1683140688
722127320950181888
776457012
3389402884
214162702
2859030630
4775707731
1884346866
1958397426
4249683562
4784828779
515985509
3319246526
4341382409
4795541089
2846117637
4527904994
2768171103
2533057846
3043130010
2473045369
4854120328
3041202281
3131608906
707340901144723457
710639575597764608
1593506983
1461102056
2610263848
2322394349
4172892393
2830266414
4106769100
723317840
2274155353
2433738099
3041939809
2888155127
632910217
2367771907
721737898752499712
3196389971
2851247209
705954289601138688
297114235
3051837957
3118620708
4816703183
722370260544987136
704510874057224193
4869258849
3185721948
3873738374
466598235
1893853231
3139153762
1865868445
2543091944
2943058138
4261166201
348198629
3135881029
3154728665
3053092916
3306042833
2434283905
2816734923
3860183896
2717617344
707654477256527873
2877796916
388890085
711698027740860416
3151879740
4627453037
3111599970
4883618908
2595843181
707617328775573504
4666851424
1956111780
711491328153096192
2905333817
2920252178
2266936894
542667465
3180548697
2396826168
3226210318
585891780
846956510
712227227161784320
3932898203
1067116909
4050819793
2822852915
2164373978
1061300208
4786401140
710924988736339968
4745939535
1703217576
2483437998
2867280401
4459877631
2990186840
2932619825
379967960
3430876329
3031057659
982281404
2180218232
717170228082384896
4525399336
4853812159
722549812105768961
722520119017123840
4576728377
4214241352
721781729963470848
721415703463649280
2720196910
514431689
2181917562
4835163973
3078935095
720351898381979648
3383113114
720362062107570178
4526759963
1678305949
3390770171
4858753303
4837557796
3401853497
3335114997
1013194976
709152178112483328
700777021639512064
4883421598
705165365303775232
707249566547103745
720950533171716096
721048350183833600
720996698974253056
3241209162
355771763
4874287492
709129092
718752284008517632
4513094176
720078233144815616
4327303633
718096964307574784
1886497470
3315485449
3831811632
2856943273
411044135
4911000106
2720644114
4809797433
2482386278
309265958
719868838158942209
2448211171
2192284720
719808565238755328
3278979120
4825444654
3223632811
3040682043
4855361380
3640745243
4348912573
718984722152624129
719216608820867072
719217210254827521
1658567353
1665839389
3407091610
3251159827
445709841
177490797
335043806
3255330050
3136226563
717967838670139392
718759790642507776
4637966176
4497055522
3258460878
2432716782
713464229744021505
713354881327886336
2319878351
2184124898
1531992475
705520000480780288
712338449710391298
1941171547
584824188
2522716891
1640374032
1320043890
718560917361975296
3103524802
704699804757045248
2180335493
4082215259
718771837291913216
717810279346782208
233498498
4288201273
2518028791
710458901922246656
572515349
3338681773
2783975986
712292451407568896
4142737721
718522795714617344
1859600616
484865404
2754006504
718523118139088897
713007862331518976
2841113979
763137709
2535805943
2909711012
154916719
1007080375
2433913082
560455976
1173396259
3065622754
230547800
328763610
1573566950
775685551
4287560056
1615487544
3407725875
341555685
1073307265
4378095436
338438881
2506635075
55748578
2745711903
1615560948
702599889117683713
496895121
3317993942
1978919100
718465493615697920
714417829278142464
4796924318
2909938431
2254821442
713095954627485697
892027082
938285814
3429850011
434297405
2265536547
708613905854111744
2582242125
4923874092
3251969144
4080041065
3708279862
4841236455
846149839
323173742
631210990
2806493805
718203491001442305
716662037225414657
4820560876
706958787
333017992
3021466945
471685551
582036976
4903541439
4878090557
713159843608076288
3989611695
4854910522
2765150489
1891276723
1953619838
715687066894536705
3430261431
716261389149413376
981550158
1300481425
1303961678
717422010863849472
4559797643
371969954
3883731154
714820564242808834
2766510741
290791206
1286523854
3387967775
703607530916868097
286126506
4775513699
4883464265
3932240653
2207697159
702588387010727937
1226989262
2409035821
715748140255567872
3112841274
3538346659
2163751110
714522851202711554
85283857
1114276771
3034391882
2938892138
3167469109
540625441
4536722793
2454723906
3024569498
3832676848
2938124284
717352479801741312
708892306200330241
2189955141
4034082369
2203472487
2949797014
702962262206763009
702960997829644288
702608061593161728
702597216108724224
4861650166
3208404454
476915220
1903684201
1392148621
3223149307
710433958857584640
2323752493
711555920
2338597524
706153280473157638
4622600294
3147831320
4480355234
3254497530
2180621653
3006990448
3183224474
4686534925
4825050214
3227955124
2182084676
711730885943382017
716418867254403072
2597237450
716314406938759169
4882365155
1003706342
1231070492
710033981610143746
716453248337518594
698765280898523140
3220090262
713650295075680258
3035035244
2222817536
3683064799
716593218796654592
708924258806697984
3151968474
2814189042
2945721825
604539712
1479445826
2882973085
2907916973
2285088763
2781248060
716154036693512192
3381874227
4812446107
2720241178
2824822344
90775013
980203435
2203003512
327745257
2572231686
1507232574
703650470741610496
716555901365129216
2885904180
373605238
4098677242
2270226229
3767369174
4898761401
2724217891
4899823520
3248704183
713588606720315392
705859376767213568
703920496736231424
716644744781115392
716585342137028609
3094405531
2260405560
296681809
2721271363
4561684650
1139304325
4540952534
3181433588
2779952418
4814007410
1195863774
3366326218
4762088888
3914537052
2851661576
2256244374
716373851295363072
4416452539
2408566981
232172253
2447084737
3179152441
3050658013
4918904297
575724537
1308236090
2475063391
4634266096
701904390945378305
342661357
2861638777
1647916320
3310430143
1464107515
702164600968638465
710228346211278848
1112519743
715605147116822528
3235151648
1971460669
2918403330
710081358475952128
701565142807420928
1264311894
2540870068
716319986046861313
4260659174
712503735000236032
713373083755618305
715790432387600385
202015051
4790687894
3103021527
3377256225
2259551910
3242942234
710708049435086848
709190863977639937
1521971040
1597307611
2428522231
891942649
1560330157
4901625790
2168425258
2930902890
2955491800
4498946238
715319673986945024
2942928898
705867301707456512
1158310202
2919564123
2748116567
3352035747
1435291794
3502348397
1187439174
713234224535310337
4880401921
3290036060
4539733185
3708754516
2882730113
714827851497869312
4213612937
2734527112
2924655720
2840737015
3286368062
703454823547535360
3041013945
3313624198
4790005298
703539674996838400
2950956421
708424680223461377
3266321552
3068632325
2163963714
3436414090
3313865121
2561238858
3238594326
2796278699
480552867
3016776663
1386536042
2768470432
1945035792
707410679263846401
743984244
3979350855
4865760747
2489529254
4254239597
634836959
1493081304
2941683527
2184579941
2269077244
4470786875
4854262263
201850666
4813263462
2997789733
713072620904779776
2787163077
437435713
2955093892
709007248828321792
4891683341
2937608873
526267654
2416570855
289728133
109713620
3299070923
2354809764
714007068223479808
712532981785739265
3076043487
4845007869
2805384992
417338181
4907726777
4826595805
3191976666
1641413180
1164048012
4643362117
2681157129
4827796363
2246202882
4706903501
2724509290
1165070557
950432401
4876234744
2739816955
4745947575
1147079318
4919980612
2297893117
521049379
702885623938605056
2631700302
3899547494
2379210165
2589060467
705574894961094657
2889300725
482242183
3026820839
376583299
3249456069
1591909939
4241037622
4580208107
464015538
1531627758
2283403015
4543084794
4709136797
4049316253
2978282060
3229221430
3138196978
2806105125
2378309202
4830038794
2827585023
142262774
1393987920
4871373736
4802453803
4704028335
3308754744
2855146994
3435306436
713355983188144129
1644022002
3246337605
713327499686510593
850591034
2939716076
3838198754
1343204545
4838684044
711514526190080001
4895254361
701332550271299584
318184248
1079336310
124565944
1578682142
4547499192
2912803865
376357811
713461817339744256
312331931
930466712
712378160344600576
712719336637665280
1734036326
1763630286
1272889182
706023376461008896
711859892605202432
3268027981
2450733077
4686541752
462837624
2683686863
2302461763
2806960281
3363026392
4118343381
4605540912
2962135908
4265613327
3063189207
3102836429
3930304512
2739827876
2475697137
2823574428
2572292303
2266172214
2930294346
4546921168
3794781435
709748648146436096
709546438141747200
2557121335
708321676035956737
4536179123
703918295922057217
2868007491
3124255958
4829430273
4886634738
2162753564
871744932
264401024
632818349
1048182253
4748819681
2827884628
2647845984
897558084
1734360620
1555907730
442391189
1701617917
2944339412
2844391865
4351345340
2650200306
294165989
703358243737735168
3221924102
290646230
3226389271
1271113777
4685331182
1663755170
3385763790
3236215839
4561011557
704786661238898688
1594358078
2452154850
700903441363697665
465252178
2760057532
4372303535
3337110329
455952395
2881539562
520234436
4879574955
87530803
2851178656
705672593232101376
707283809352417280
3013863357
4328088134
1137637494
4898792254
846668034
1435831854
2978223322
4075117265
3011886526
3093430653
4745379061
4835197095
767334728
4228867725
1599185130
3296968972
3308361575
2270930817
709170876281913345
3316733040
3779022073
4769198129
740587597
1252890656
2854485842
597359164
4910850975
3234253040
3982083200
2842743370
1969312986
704176549709389824
978885870
3793080552
4523144123
1603500806
3547793722
703378191952572418
2717654776
4150493433
3364993804
3147954377
2930857729
708508107404541952
3051074826
335041132
4902060004
2373316133
4441268535
1403738018
706291407191932928
919878314
363330273
3069976969
3178337278
3079683582
1294864999
3245465624
3715763064
2290125132
4688769145
2905621699
1651238858
3077345103
2541408203
2915901611
3283360772
597203137
703561960986537985
4901701151
701359540172890113
2461040906
4728345278
2994580458
3288346819
4841517445
2724700593
3048391896
3226055081
708057067781804032
708422485826375680
860283925
1120351592
708840514313793536
40587376
4113346763
2708823686
4038420142
557026576
4877846033
4783508242
546733427
4130696908
706623370281021444
4608867859
3290916439
4640613196
705451032516632576
2832232562
4862630681
4859082970
4861263857
4840181747
2504175458
3632629821
733194061
4413860728
4107152794
32625905
2714798128
706250640662667268
698940613819920385
705077953672122368
700905004522037248
341953976
3303369250
1655586427
3281970817
2209586868
2772756957
702946125091885058
4907993233
4902900874
3129117655
587649629
3134389691
4687603166
2445092895
3387599225
2197501418
122949202
3322422422
3245583334
4242988396
700716520955969537
4460311647
4397080780
4911450130
365405253
4875799813
3390589768
1609540908
4214229047
4813887374
4809042877
3436109764
1445465400
3439258924
289644871
4050276045
2592104682
4623520965
4695979268
1434729343
3420006913
4781267113
4758934020
3924242296
3411042136
4273431209
4205961957
4443470355
4694069222
2839910227
4585866741
4034325155
4746703314
4427991675
4691491106
4538189805
3995707883
1477705214
4395670475
4585931243
4647530908
2336953689
4383291623
4383697535
4386551661
4558952775
4635527656
3303288524
4670260993
2773917153
3241118455
4623988638
4605217249
4600902922
4612984889
4585963096
4624205954
2273266662
3495000255
4631506820
3688221374
4587584007
1387565982
526636910
3411215487
1306774261
3098054587
2994278522
4077477192
399552354
4223463494
475855593
3171669666
4519868963
3991226319
602581988
2936302715
4629715932
4136888841
3356682388
4580861902
1269397981
4573840515
3007503513
2580678513
4052345354
2571626726
1385392044
2389891995
501289703
3380554754
2756045921
3892454234
1318117712
2679622372
3044827193
2940722263
2773868449
2698056128
1676869998
3310649498
2665221091
3299402707
4358997921
4351386614
3033873294
1047982980
2746613681
2593764645
495227499
4202099608
2683753168
2431222579
3383871934
4027714583
3718955476
2778916289
2906980737
2165471399
447375821
2254050744
4276194492
546452325
2157951191
611884741
3374267217
1109762492
86609567
3752152812
1451887225
4273748253
254777603
4032401655
1558121660
3260526568
3199702929
2737500767
4540595853
862882711
3099237669
2792312711
3374377079
3890359036
249350043
1458679195
51538147
2548634545
2463423632
3765140480
2492035530
3057927751
3293251521
3111713541
726256572
2955817197
2494063320
708596243
560124030
3552730392
2907751295
3117267562
2778278618
1196364176
2789699837
4012934362
2781337904
4609856780
1671818467
1258128109
238811325
2829887219
2410107692
4560737181
933429812
2868779709
1291835071
1418760342
4566656547
1712374656
3117150172
2678327099
1632702644
386189310
1329146282
1274233056
2628076607
4251810328
2852868219
4497221353
3187605475
144783785
2558992123
389562934
566906442
704169012
838063123
4045953179
4400854175
1872269712
287334686
2822835194
3185840569
1007260478
3291232668
4573514234
2938891459
1385506339
932167476
192274569
546342069
3460490112
2552272902
2429962812
967247888
2956701395
4627726550
1658544842
4564593520
2497468046
2333359846
2523698620
2170365734
2981683022
954104053
4330609168
2875044289
575751461
4627855332
2856963517
2205231284
3297375766
3259607263
1696344480
591046565
1443020060
4619094956
1118728830
2262923934
915573156
2155838005
3476016792
1900405490
3282083208
4206865521
2454217933
3374682081
1639744933
3117457912
1640756094
4604025265
3237872739
3872993242
621953127
4546955723
623362388
3146337663
3057959130
4628024533
3237864386
715140092
180228195
3707165832
3018227581
1109755274
3920407634
3239711772
3321016544
460430465
612307201
2980113472
3580997545
252099822
543655222
133464390
3256963694
2825194015
3259692871
2928042103
2793928668
3396462561
3333155303
2848023205
2779707918
548684049
3167036113
510765708
2463599552
2302099874
808541893
1088618341
3308670277
3018368401
3707293754
4464894434
835084956
2159207988
329804871
320378848
4502646748
1717395547
3258834492
1475037126
3996122113
2282962464
2407225212
3408200602
1605722880
531675832
462142254
1898490740
1467842816
1648476572
2373920127
535705693
4618906392
1393473919
496337989
2713323624
3053114677
2904552381
2954804646
279890788
1578253321
3026665115
4144011221
1280795558
1420821872
2217029942
852209018
1045245288
3118314690
3396904684
3322331234
4622522120
391835956
3985834993
1125154147
577392086
2227522591
348397340
3299774297
850553749
3068907806
800561238
2728329263
2870874789
2813836424
2938030161
1016567652
3042340407
2712784513
3957888527
2354884094
1918123729
2332923660
2844943750
3598170257
3712144994
1312103305
3245542740
4363444282
549232442
569782209
2976179307
4185762393
784459945
3281885659
3121524044
3035985451
3316643287
3400115529
2768373687
3135281285
2811569441
1002190176
181950349
2394624763
203512942
2700686431
1929324498
2576894598
2751161633
2372166259
2460662273
1951303400
2893846070
1007006498
529699894
4458919992
1415511756
2298102233
1665463429
3183634194
4437346154
2204885622
174746709
3219693205
1398961670
130830209
2903992069
2323622966
3744657022
286442369
1037741743
1477742257
577468332
1197742968
3432161849
3068917378
3230380953
450787455
3959618956
2921977799
3173270662
3344404509
399579946
176502981
2200375650
1903899356
3605652259
2871445024
1692065640
3803039129
1179737882
3098238241
4604750773
462076541
3297177330
4558075816
4297875628
3155768357
4421826321
2171434073
2858311130
1936746260
2987851765
2265661230
3288752838
3977611633
2995301479
4544611996
78910259
545374653
4535136982
4468615660
2361843397
2984356122
729422977
2224323289
4133305823
66607689
3023274129
3214397302
4234141273
1010327522
2334610309
2839078322
2481458005
1759163365
1955512250
3185790630
3257378046
584039182
2376811304
2257114992
1356588200
1264178366
4452258793
2506759457
3138190794
2238039252
2995159117
2990941601
544561308
3336969664
4210750294
551144138
2474657250
331244444
4548322731
147069545
2380671657
2601225042
2733053973
616713945
2376406831
395994558
2624809558
422314738
723920006
3132573456
1553464213
2882118088
3013226658
925526700
1545330156
878726112
2267123810
4235357319
214588518
2863208437
2643415533
2369079764
3145312161
2889557858
709291416
615497959
3414251653
2407537907
1943655984
838461522
2983102354
2523037059
1700210580
223624741
2157824846
3869661254
3399368483
4405860434
2378833316
2208911696
2257352688
3131182143
1003363832
474472445
2695563649
82330305
2367425506
2681249970
1048262498
2519291605
2703741042
956339767
4609673269
982197031
153539226
368166854
2631318796
2717298285
2836735062
2830591720
2696749939
2989998479
2678552508
4609179793
4273367056
2800668499
862499940
3109926984
4567840994
2931144913
3885890172
3119258012
2868714680
238415953
2510473140
1279303752
1403731117
4579882754
166709846
4071721872
296595564
323531736
2720308377
2808272700
173704781
1181869255
619601595
2275768724
2267392226
1691402042
1551638646
1061940362
3242954466
3014260885
1331865624
486360712
2601019273
1891047854
1508686914
2161545391
1551945912
4256928614
99466930
2986359507
3131904537
3906500178
1019709900
4180873319
2740229171
3154012174
867133022
4538212035
4538218949
2352358861
2588063636
4605236352
284140106
1715684978
2707125307
3346821699
181606443
3325167456
3399020723
1704569899
245431759
293205611
2848447900
2906689263
212087267
1386830149
2747205795
3120767590
2500505430
315769723
1589210150
270612197
4537617383
3290545443
563816941
4527997895
3073325335
2997120472
3969237673
2600078204
4018583782
3323319828
3558952213
1328114886
2657742401
4137882921
847989571
3055864960
1096846411
425147084
2925601133
1848481183
2563219097
244225397
1422160363
853408862
3329455846
2273951013
254058878
3415834329
3793603875
4385810679
969417336
2548918710
2857503737
4171157714
434371544
150159299
2767154482
2169808712
4012426035
590176049
2987836432
2800201870
3024704609
2424545535
1608329239
3109899306
1916864599
3720504673
4140243567
3277440997
989079054
2309355535
559364995
1536508099
3979645523
1114832335
2855196940
2829880511
1128488940
2600423100
1716301224
3496423756
1861271618
2488518834
2483819905
1875109687
1545502262
2935228431
3328372326
4250292035
99654692
709787076
2541840786
2924865206
2933804686
309551935
3920996597
2439917070
3237440564
3230965371
2971518496
993585336
3134300838
3343359591
454060184
1876353991
2175069598
3018502969
169243760
359149054
400022114
1932557210
613274817
2177827968
4603605685
4313331553
93455625
3300808246
1339258092
2830969598
480186071
3108641101
1417510141
2885178898
1140152346
2821648186
991724484
140241564
3434102649
3046353294
2323576711
2980455621
3037650665
455690866
2565503531
2940599491
1604128135
282945789
3166419818
2937721898
537676922
1036830450
3149518847
2229423883
1030183200
2728963496
1258426682
3079020166
424682205
3121688466
426738744
1046372695
1599967614
3238908023
610964155
1335229574
4535682681
2724257853
2450494225
3207052010
2731831120
2168647693
1680397778
780361134
1596449346
1975924723
3177222741
366698113
2501143626
2744896324
3309164670
340188231
4097526732
2410063175
1566581377
1742959308
3235823569
1452130165
1900591098
1159616616
3037816559
709208062
3338449335
3982729457
1708653420
2835694348
766350236
3248085953
3324276045
4601466259
539337840
2500077212
2184053540
2913959920
4268077634
791331499
3278153484
3052621197
927708362
3059712400
4384877067
3623831415
1734892148
3438530223
2520228976
3225820764
2396043182
2825342584
1864511324
2988737944
2255420101
2408612005
3089478448
241466487
711327793
4026066407
4414452335
2266063976
273736322
3138546175
1891540086
755897281
2760583127
2709417570
607976637
1301337420
3016730173
190888046
2323345387
1311442598
1008619820
1374745729
4144348708
2842445089
334574548
3063093761
614871198
1336551306
3382228138
1359283806
321289959
2942504981
741190537
4386245956
2332662257
269881874
1421174275
3345467920
1584446119
4039357523
825749498
593627904
3328039904
2368363284
383606523
481952043
2794596437
1373286786
2810780395
2867475962
609759693
546027962
1364715506
3136651669
2358261922
2934892024
1176574837
2401543934
1921091953
2991753359
2552704080
2832433144
2387957712
303985433
246372916
595322384
1280032466
597762430
2902689109
1487485922
3047497930
939595662
3101604347
1296786486
1572808242
2247679113
247847106
2310766587
1651388480
3309576446
3189722352
3108980058
4134001179
3324284660
4385131594
571794963
2879366743
1522111308
2856968211
2308996884
2157095789
3412456281
1711320517
2908437156
2240404391
289459976
1667530374
2644234899
2194099685
3381612004
3376303516
2772332897
2554614164
2981743162
3297216554
505014493
3514436904
4334566992
892897160
1220012996
1095794382
3210188183
384901072
2761240696
2510148850
2980154849
736915778
2922779882
3050919346
992009401
1100598716
1189280256
371330865
2850004666
311630817
4320349104
2800923469
2343960286
1086993667
1320753738
2804246737
2641732443
2529502191
238908188
3389101223
2932775554
1091180106
1080282769
2679811670
883273250
2791310613
3050388427
1142549401
4211598274
1055791058
859746062
502759738
2303038945
2705750744
1083158040
979011390
752833422
1240345177
1594068546
2920331240
2192137394
739609207
356891349
2853622039
4535631700
897089276
2179500110
3053575578
1615398223
3406971141
3121326027
849814080
244448031
3396194661
1085825918
2589089812
2901733002
3471977134
920418278
755486569
4047374656
2611052977
2911897157
627249693
3181402248
2609583284
1581283884
2785481312
285248125
854390792
1039406455
3704236636
2418113656
1385592271
2417004744
3582589996
2423322151
2465795448
4503450747
1356181980
1670571499
841092288
2429415360
162449481
383060021
712470674
1260966758
264025194
1872105918
545910963
1452728948
811146470
3988431569
1287040778
2962896690
537652228
3155382567
2685074077
2899427626
1729965607
2377770187
1732292833
2290408591
2290042294
279623020
2956137156
4525405937
724691964
2463172704
3257182374
3114938736
3167065397
2533271389
2755984461
2880895566
2441570864
4320441492
634657529
2739867478
1634916847
472728561
291823665
2763717588
2997463509
2814022045
2417122730
1024892046
1382263908
2330165925
2289335418
387703481
364713803
2881478764
2906302525
1667434531
811359326
4235406983
2328303983
1024798758
4220795327
4034731097
2250982702
233920887
241869482
3231043810
4380856522
3356415413
1414963308
351555588
3325783018
322544913
4063298123
1295664164
1859917254
3053055810
2155631643
1426794060
2309130578
3074783785
3383897053
1849248716
2957292870
1357026757
2559445250
4519205735
4318952118
3402878657
4470336683
4507680007
4514995454
4514988254
4515000913
4514861004
4514987293
4514926040
4514971273
4493744604
4493812346
4493803274
4493710284
4431935962
4388921537
915552511
4218348613
4043101641
4197727079
2824561767
2525193582
3301297253
2421084522
4033324768
3600366861
2320940414
4363035052
4363016128
4362870135
3017919991
4372128924
4269590956
4195276036
4195109417
4195135679
4195113207
4174647437
4195255156
4195151487
4195209201
4393913774
136992788
2873091948
4361810834
4286286809
3385771551
4259687003
3689240727
4367897053
4314158727
2570189700
3675473897
2853694088
3865097667
4288009341
4388618593
798401106
4198259187
4285209556
3228870169
4211316201
3381329710
4276981402
2235853438
2723977318
4274923157
4184473954
4063662974
3996144453
4347839113
4258469735
4099009839
4001767761
4001855626
3997271603
3386361711
3386092864
3385108396
3387979929
4009832458
1633957866
4320499572
4049692053
4195959983
2156931175
3005581503
2821413923
2461396470
2497697039
2235399797
976448826
4157369893
4157072594
4156953193
4156523358
4156061952
4132628600
4132462099
4130691499
4132089492
4130469254
3296702288
4148705307
2946819141
2727309983
3731889792
4215364336
38019317
2430861085
2729838151
2729891023
2705325091
2811842986
2788442951
2685682849
2811681725
2811706672
2685548844
2705268932
2733335269
2705334019
2685655267
2788447631
2811724223
2968614179
2788451350
2811730132
2788456966
2811728086
2788411779
4213053436
4202522242
4076642224
2455014958
1920416864
4041309495
4212161212
4212393203
4197140903
3139806020
2269623713
1396041384
3161995483
4026606148
3411341459
3718924395
2743892237
4202055502
4203882045
3090773149
2713991546
3381674843
2912914498
2571870901
2571829590
2571850027
4098170060
3153443340
3981452596
4246244959
4246089624
4246025894
4245685512
4246172845
4245590112
4245724934
4223683393
4245689359
4245687146
4223550434
4223641753
4223509454
4223495605
3526015165
4223406552
3307725374
3526092793
4223376434
3525966793
4223331378
3526026552
3526012754
3308656218
4223280493
3308710004
3307758757
3306117972
3308747227
3300496543
3306191912
3306220495
3308649618
3307730396
3308635218
3308700260
3308731717
3308618514
3307746422
3308725885
3307671852
3308687756
3307762579
3307780387
3300409824
3306129102
3300395496
3258841790
3300388608
3240988399
3300474655
3236991074
3170834952
3170901092
3258833744
3159411061
3170822322
3152780748
3152832463
2999234767
3094445383
2999201581
2999125830
2999159132
2924061021
1700954359
1513750490
4169128942
3410325293
3593110100
4240998913
4016790494
4134368177
4156870317
3772350808
3814878557
3676316235
4162808777
4162737801
4162773496
3827916856
4132964237
3224110279
3435723041
452522020
4181920397
549675901
604142194
3718164844
