481376138
787300813
3027987331
722216377487110145
20752106
4782801868
727650264115761152
24122601
715037567289262080
404449230
216385540
3993892874
4704024206
2475599276
444300387
21946424
17595705
126021687
1347492313
4778428108
730343213198872576
1227710780
2842049059
4072377915
3596895860
19416858
3010484558
725707585278623744
70159130
3259309676
27957863
4578444256
712898211296313345
386610162
258647920
3964694360
2299663596
201359275
4184574915
2817108419
772198368
2742845029
2816336729
48238003
4889396945
2557120332
700411266695872514
3731081544
3104718700
130344773
409622656
21429135
2614714148
4870092732
718133551711948801
711361626339840004
4657687829
291273806
287375118
555592345
2497092066
1676285761
714591140851396609
38052704
3329931629
310957626
65464577
1512079760
14709515
707311159913779201
2996391235
3146114649
3223330974
4414609153
2691408012
415266439
1370523732
2284459704
710930028599644160
3367773761
59693131
19134557
3328936140
4847533791
4784980309
703394922179620867
707082380008357889
369789928
2174620118
47899263
481703086
883145995
4924937114
2714493221
4911829154
2391870344
1324999118
333792312
263460813
702160783061467136
4711693386
1051729956
3697993936
2595466038
1374080467
2250899358
702285862550183936
2840735258
704398305304793088
2196546632
2738680814
2429097374
701249070774489089
390261114
25628139
3975253459
73042945
2284514707
704519691075608576
705242762929643521
57733588
1934966630
3071572679
16711439
2903274750
257803133
87313007
3448683082
2571644947
2259696511
2292076411
14814544
17163481
701916911123083265
410462294
19040309
2477787973
3227278405
3569277075
4903128374
4907645052
1935112790
18286742
4473042373
4903238180
2959070895
32794999
2320130539
36892031
2366320388
2832570943
16117183
2387079522
36675761
75318169
106815322
379348773
1950071736
2740746294
2724499544
19169268
45784069
2960818186
4870961368
4270034653
18643631
1027795165
795113100
3217338927
3947984002
760783310
4739118915
1209017300
309728532
2388152726
2293759616
455197412
2329236396
14327615
4705280144
10340482
4744573651
145087572
1497373045
3287916110
1005181758
3301554829
3400204872
1023724100
83472161
204809629
183731939
4342237635
4763323460
155706425
3400344489
2941695323
831371432
62952335
4192528034
3131757934
4286796140
31439632
4590565463
923536003
1558510549
21773704
3250914614
402944504
77933310
4320203140
1909502827
247637778
18536506
4421940561
456692341
2499874205
494421276
4049811659
4480507994
2987260361
3672870255
2597523482
2829089377
1399110008
769956162
542400979
2474174695
15536397
39219321
2235191251
3584633117
208233921
2288632549
121827883
1594659090
4108516639
4331461101
4259909542
858447816
511013254
533625578
2793607300
762435337
233291124
182607112
364055889
1241408113
4041955750
37115912
18444388
482133423
4310209649
3293530627
882360468
84704680
3313493146
935199156
3179938657
2208914737
554886738
1072040334
3429976229
51839302
436963076
720896389
2880527022
3791293754
2952161135
392849599
301713190
93727830
3210928653
2440242500
414948997
2350099799
40601552
2868312357
576215318
3420831826
43414431
23459118
49075903
1945513988
88363719
2924801520
3648946277
3424987625
728180250
124896632
3283320456
3305212782
524417937
17347693
1883661948
430596216
317394409
3291170900
3548399596
322427684
1578460214
25368960
598612433
37150351
3704834241
3449615063
354330741
3278792382
3603690382
3238179487
2807902645
24488120
1046623736
1204262533
66931709
2918353892
3430340985
2347719997
3413766898
1130275662
1694505356
860749513
3171498558
2802195281
1372279680
3380897103
3278505344
36655258
406295914
3357386596
292086883
598973191
2473783645
2955814353
2813995050
2889457502
2218836026
3254494370
181449866
3193944696
3312732497
624067510
324956373
2719268039
496389546
2775065326
464282820
170315949
2468329628
2557974423
1868911789
519905951
51677668
35319699
1018560540
255765991
993237104
2528229661
253276003
478969921
3226781938
32162626
3228880990
3184668235
3181099248
421397962
3131161846
170085737
916303212
1855856574
558087725
2910273277
3219778417
438327001
17203795
3242841195
59386332
2516920201
304259639
43264119
121549876
339206441
2329498706
552983877
2430730327
539996192
2841682625
371108956
310518109
22653760
131048417
3184380134
2945140035
410462891
2882391828
438008481
3099998286
1937539747
28258534
522593098
1826361
3098832292
108045600
553060761
19417197
123006717
2165598685
2691615080
56038149
3092050746
2895749249
246774523
1444614408
350509998
126095824
3019681239
572609848
203253392
486001691
123231225
14957147
259479299
31223236
611817117
1551274243
2978188641
885633499
219475680
491196570
32210423
270437243
235676194
18171600
40879267
250147840
51623437
2190284711
1234898832
58525387
2864981177
