33857467
34716038
623584562
2232449444
3149984249
4193157443
941113820
1157994326
570694159
4876147934
769027580
2162200884
3261504726
466050301
710430567603376129
259367745
2453812009
716407924591955968
4108667354
708395110493458432
4675073952
706524453862318080
233205224
3130138545
4133446992
3280017861
4918382901
1913528760
4889313887
4886745261
4375121311
3007392417
4195913535
2884691375
1324769857
4839190011
4465800075
3687815838
2662956901
4642948940
3227396910
2628076607
3133186817
2800112637
704169012
4564593520
1443020060
4604025265
3872993242
2688782602
3488199914
3870975520
3296702288
497874231
2581048686
4320240552
4471775541
3133258828
4461495507
3368463473
4405830072
4197727079
4218348613
4202244868
3393616943
4345741835
4346796335
2245655416
4211430322
4149532818
3254296522
3256836814
3254179247
3254253521
3256771953
3256778008
3256741024
3256710023
3254119299
4016282655
330141772
2888139220
3896678054
3928672823
81439958
3439542737
3853573037
3548299827
3715753763
3613334293
575670968
2959167987
3537578116
618261633
3407096412
3311017992
2704500348
3413492554
2892537142
184700575
3408923386
792419635
2722839999
2504383932
3404338871
3400411893
2875860985
2227309273
3302088744
1428184218
3298469066
2865995365
3327804765
3286753194
3294377510
3289137067
1106104297
3291157742
465924309
2910731252
313087874
960881491
1689062388
2889273874
724408933
447851750
32987802
468634151
2960863985
414241776
3100266157
3319379668
3244944219
2718953861
3307412507
3229576369
2426959283
3165103107
3084616765
3218894975
306798824
2608791106
1568859049
1924080907
1068423908
30574546
2819372990
2250679153
3120955142
1708435944
64194992
2538320492
2265751471
3105641422
3102805968
3033403967
2377415021
2727400217
2562270263
2184658813
2939641131
1034818592
3019926251
2884605051
3009718372
2998705818
3005216652
2982018010
2878039323
2993038238
2989419313
15908432
2147569843
2929418903
2952878063
2967662127
2874804957
2839895533
2931845418
557455977
2929735022
2839728259
2888186348
2847869967
30160168
2757305676
2913092521
2824882409
1470798854
2909034770
2878138258
325043864
2893439557
2867050780
2683666168
2832452894
2186495410
2831310225
1712418193
2778448071
2500292644
2725903631
2556866057
2471677569
2363773704
1732420201
2735519380
316119485
2761740445
2204609712
560331015
2748414332
2752807290
2742478773
2736675823
2589292704
724337730
2737769799
2466305449
2733664575
2653366027
2679388631
2696029569
1522614841
1095756012
267892397
2440302342
2629641136
1074242958
1522580275
1719127494
2683081301
2608820953
632161278
2587093994
2510370676
2272214635
2203186774
1541594804
1541558622
1189283845
2445456692
1408397444
2257041731
2231902806
2492682202
1143159012
780208003
2318577381
423729057
2356591248
1613766030
566763055
2438600092
2421425937
2393022276
2175741810
2371203186
280181794
2201022991
2347428924
1320232608
2345837354
2335415352
2341445779
2337762530
1469363396
2334481885
2190633900
2316367878
2276855165
2285006983
2243048539
433969627
1610376374
1939601347
1837343749
1891958018
1123275992
2235019198
552227958
2238635017
192562408
707530493
2229294637
912935228
1399707943
2172531737
2220206516
2157144445
711508049
2201964068
2197591855
2196202208
1657887030
2187457736
2174487549
507690391
1139249742
351707723
1715872212
2158742726
983676451
1389143298
714955875
1943934456
1734767000
1694093893
1938519834
1525819921
1541865289
1649918988
1573814798
1417489188
1599233646
1650586188
1667960815
1438911258
404043208
1218957301
1379795575
1109396202
1642816346
1338621996
1496238445
399120108
1241971838
1135561886
1185732852
1061174065
999746396
1611678007
1231406754
994049030
1594353283
853559725
876851839
1586910691
598289418
1450630465
1417478041
713899908
1564048734
1563228654
1496514842
1139114299
1525639040
1417430197
283599465
1540482001
1531558104
378720517
1533898842
163244422
1072104433
1231551470
1426837273
1445552593
1499856000
504978908
217864859
1477948621
829269650
1487086345
331923719
234215614
1464329851
1479181801
313265933
1208410892
1340519887
566595090
585721864
597790954
597869688
1165624956
241907011
1039570604
338381247
966349465
1447194264
1101699438
1348865502
1404643369
1427530394
1425341280
434343236
1015835958
927899653
599285006
1337138077
970152978
475493884
887317644
910724756
858598885
889552896
1394582658
1394584544
1055701285
499816981
1334248916
1102544880
944585953
1136239195
1145636114
863277774
1115773400
902524104
1358149448
1354317086
861401377
622646230
1241725003
1160381923
833785093
566769222
361445454
456567182
1249238258
1320886238
1319072660
378873783
1138289773
859232718
1295304276
1170224732
192988122
793794362
414210309
926098170
323730905
1273829018
1003495274
1251955328
533179154
590822641
1281547526
1043053058
571955991
1230277308
969098906
469333816
207104071
1283448956
1112220038
1283609078
1183553910
250848985
582047701
1102037922
921993948
1276532636
258305030
1185984139
541812019
428011476
548521459
1266870961
212033268
1161648354
542924182
1159913742
409648468
1202518238
1058287705
794864376
1243981668
1158578208
995990785
1131504499
540315884
778787594
455332871
374738989
904293818
460984830
358886560
1215917070
1234736341
448231111
339304990
864554400
527912463
353082604
911471161
609245249
342009797
138797336
1100891468
1216631827
513702177
359332896
921441600
406015387
543643045
1033046731
314035827
1186195267
1031443362
1198371252
1166659442
131467330
489843583
766724245
884141036
1066555788
309406163
914325272
1192677882
1056517832
1190012948
191869036
580409154
904316695
261343692
1097121422
433802612
984687595
1095111565
870008947
126969393
1176922262
1171658827
747740868
1172477527
239526813
484254935
767000990
1130145085
1117320048
604813465
764118889
487555957
248790356
1050916992
971135220
539678175
1113332539
456008998
1152871470
1152838140
1153970174
1018506109
1004751396
1139973391
295705148
956858078
626254431
175542154
844230391
545506417
769440900
239058051
137682922
1132270172
1108681118
412633572
420261321
772682702
743762882
1025238175
565706985
403629433
1103943728
1002008996
951913622
707776208
600049591
1084327590
590398404
434304954
284649323
1121991402
1033263962
520563350
866979138
1119677166
1036309328
604663109
542727352
750099944
791896280
228855096
1119968688
701145200
1054286371
120237870
543266259
999804433
1056399032
822260671
836736008
709601856
1030987542
936486169
1013739841
538455995
598551389
978859332
857166206
111468915
472441384
775511190
1099727365
851425286
1007347447
987760512
724076094
81206853
94151881
1015005505
1048635439
1111947205
147123325
273040096
1110063721
887293014
762357714
770681060
538630120
789072546
1001218867
1052484614
594020158
234860707
556876999
903787674
766402681
598196840
717036110
613672497
566573582
359772744
636416486
636243837
848317622
854559319
321385202
966038976
614556668
775611798
1013162682
598695209
1087123650
906512964
553801321
874021441
531312668
842706480
896201652
501051142
843567510
828778764
392336604
265781713
989423010
566442406
