486421132
779906706901983232
779205766204968961
775308769966391296
82462884
775722451766390784
753154664644898816
776330931279843328
97898744
774979724120461314
774666610124660736
774557257061261312
774555561388044288
774435174247493632
774282366189604864
742767145658916865
771650336662491138
765061458937851904
772728260815941632
1317858991
758580605978222592
731685563233767424
769950165943853056
749245152053559296
594385249
724150483271602176
765852201470267392
1849073334
98592333
764682901300666368
769591641699127297
713349981533396993
177823277
1354949126
761919519795384320
766313321775628288
4761925692
754598934270533632
762133858682675200
375536374
100240939
760824931483516928
760756819346137088
760423836915466240
718716772128399360
2912431004
84307439
731119599450750976
246661610
2736740533
751941227306561537
725334113448648704
756453084012933121
90570778
614420088
753149945121648640
752181803364999169
751453050955530241
750918770961645568
721717727287586816
750534587437109248
749875454354403333
749280594870333440
749208544969314304
748846636491735040
749090693272834048
4419307334
2990080952
747535488098111488
275443532
4652995160
745945502152175617
732082205401309185
1645454743
710144750477676544
743230526362894336
2291458878
3104478427
21755558
741495807178870784
85382786
738227036779630592
2858666098
726271193792180225
721376204088086528
736747111388188672
2886616844
736443149103468544
1905556916
729701387123089408
723771128099930112
701010877512744960
715320219640721409
729244258604027904
291991607
173064812
2353921937
941569910
723765622232985600
727708776174899201
4690443703
706455802408624128
4829913732
4704639212
604505878
302435285
726698983146459136
725930159602180100
3190039694
4916067442
724599461305929728
485415712
714467979900153856
4530074420
724238653178814467
3259131576
373976425
723725160226783232
723255412426821634
3244824554
720890018844262400
720171672800600064
720165751475343360
381572998
1114527031
713337054059323393
719498782220505088
195250031
428927152
718673719938252801
718608823762743297
716174996767244288
2843098064
2483312112
4857395455
144588063
3146272652
633603357
4525467454
272794119
715607421117448193
715048314778071040
1544623544
3004920218
713616921422274560
714879644114096128
707127942866984960
714373268275208192
713678217366798336
61577278
709637536499380224
706395918757527552
710030294951178240
4844859798
2674963118
124385123
2913939979
145176364
159161284
3734207538
706547474094231552
4900129974
3909413352
703866397378478080
962915258
3080028464
702908816753426432
631137335
701722430788620291
1637169463
700938999670579200
4708612627
4221266354
70436555
3155891694
4925195076
4719529393
2911640761
4917112093
4837317372
17806819
4806350239
4886812131
4872512870
1396814916
4473082334
4866283425
260331920
109512246
2238241228
3150795277
4799564532
109012676
276886645
4811028445
4803537422
4500078732
4831942768
4824163509
4786972412
4715473775
859390164
4763020244
4757828082
4742543538
2839575336
3219575460
4652413159
55582019
4702117939
4695145874
4647937812
4673920154
3170638351
4580695517
4513737746
4208145912
4605384913
176384449
3994220059
4545055663
4548245959
315732526
3250545631
635260986
148398875
367704711
820016078
3196368565
4422051433
3837456560
30594978
4118005634
4447904533
3091996484
4433074111
149424781
4421977392
4339507881
1587678583
425501427
4400424974
162772672
4340299531
4326642973
17266108
190764148
4199006949
125620439
154502692
1612786716
2780925793
4213148479
4210751233
3107009562
4175954719
3233355102
4137826643
3744449772
4102353019
4098995173
4098639854
4088775259
3284229890
4003933992
4079685325
4069445539
4020010932
3229896614
150293450
4009126876
3924405073
3970062982
3063752283
3559523412
3830345052
3732918074
3889145473
3725329692
615380456
597945081
3581519833
3845553852
3832483214
2795585000
2614642092
3801581534
20339508
3769941494
3768916280
290872307
2429163637
2898601190
133677314
3714761292
2911505942
2669177563
1386690792
3751857023
2765826517
837218858
3627616212
3616789154
412407781
3517238532
3592667546
3579570912
3573370633
3558147554
96972900
3156729511
1193628180
3540129438
3533888419
3308381150
3321261798
3321112417
3488434154
3473288772
3468467892
138452590
559160082
1288298406
3448937894
2803382286
3423757634
3185956988
184669087
3016786853
3412034972
3411621134
2353566488
104509410
166884342
3379326492
3336756853
3326820200
3261690553
3324180780
3323847541
3323390472
293879125
141492452
3320963862
1724866580
273952078
1240927939
3299684108
3293358312
2480651840
3190651662
3313544449
3312349166
3156416352
2936616810
3236005452
3406415585
3145824913
134171041
3305775817
2855755218
3304732146
3303457212
3300587539
546539429
2475608804
2928222764
3296916391
126957734
293084019
1131651416
115739740
2287833204
317821298
3294902306
3028905770
2698428882
3192385226
3293171174
3189664554
3123979631
3011557194
3238597503
3278087371
3288482324
1966147076
3268086090
3286147574
104332311
2748414632
3192336404
3283657064
359460264
2979912169
3283231627
2986891260
566064657
447518314
3012962934
3281062386
3279038004
383233258
144638209
201586361
3276383652
1456014746
3274675970
1909113997
3272980225
3272553666
3272044152
3271163654
3270800826
3181043227
2857651022
3269914669
76877006
2594774983
315819170
2781809460
3265943826
3265829720
1896346717
3263033773
542738262
386072372
3259996106
3259777716
1040108154
892369238
3259782571
3259670150
3196005528
3258318384
722272398
994575396
3254834299
3227978720
305554737
2215252508
3254910956
3253947596
1661764016
3227007618
201677736
63164224
3237565627
1861154754
2691101149
3090486036
1349006900
3247342526
2347817882
3249837037
3117079245
356179313
529328489
2957024462
3246104986
575136780
342034603
204630823
3175669742
3237539497
3315260350
2716520548
2742214350
140911477
3238644708
2313888680
2887974154
117302418
3237934585
3237253472
3237541674
3020572290
3144698149
91808825
3236303498
76334638
3235320097
3235293733
3232534129
3232332534
2357647305
3227155496
3019133162
530936965
3230607571
3093433490
3151252218
3227849203
2891065639
2785904995
3190561970
2823678174
879839058
357081450
121329020
3197062532
3075506497
3114791012
3221323752
3220010659
3221181510
3220418166
3189052345
3220083452
162067214
3156955982
3219921187
3086076258
3219624883
3083295366
2827797206
914076265
3182823884
100696648
2914911564
280851039
3242158569
3066730922
1919079654
3196957890
160234098
227635314
3254709315
383555978
204060281
3195153390
3244550380
3192988730
3193076304
3179395999
3191062147
3190552670
1627692673
135921993
2876442924
3162841298
3188487410
3186447300
3186727820
408386128
3142349846
821313650
2744156060
2932119427
2384855424
626258843
3172002108
2307973574
3185827404
544382465
3181534826
3011159251
3181467715
2580046463
3175899695
113877213
842817655
2785397899
3180298489
392645162
2832336684
1433395717
2752731451
3138770131
2844758984
3170218292
2874856699
3165839522
3169070983
3169088233
2364221719
3167115547
3160044218
3162773707
3164286294
3097661148
487434994
119012533
109622831
3056467820
3158678539
267801486
548899622
3156615169
3084184765
3155004344
3152145900
3145701649
3144491332
395748600
3090652626
40841987
1562069281
2808889350
2787438649
2786945922
2784756962
3112524116
3128673252
2417852479
3118257199
52311684
2251713464
3109441056
1030090340
3107810972
2943668539
2808246019
2479840945
544482595
2810717155
2859745645
1629625136
1916610650
3105421963
62738687
3060035174
3034055622
2855310320
3094780226
3098216912
3021494820
153759624
3094754521
165458371
3086174227
1159708748
3076301515
3060129559
3072290516
2997147948
445523724
3021963877
3045548322
3071362808
148259030
3050829283
3066780180
2847276254
2337009176
1396380787
1590580969
3066876901
1700812628
3021194665
3062527368
2777573502
2493196956
2998484294
243562700
102549058
3052985929
2696213605
100938828
2673327426
3047245494
2319275665
3045725215
73064871
2793588158
2856582215
3019452636
3027804766
417305786
3032528610
114386254
1420952814
839423262
3029455198
3034570104
3019865130
1330795676
3046464532
2506805083
2317336250
2984709289
3030979872
1195360800
310401632
347207363
3025437632
2914149660
3022415323
2665655251
3023599903
3020698830
3023061692
3008183713
3022778090
272498246
3022405933
3024787007
2934973273
2895815576
361890788
2524981532
3020427996
2996587549
3037084251
1233660822
3035654439
2987306336
3017749590
2906496756
2239319678
1366100089
2921403794
3012549055
95379116
1958816383
732363272
3014203915
2763115470
2763053766
2917266680
2763099416
2763042542
2997576954
2929648243
3011627701
3011188902
3017622412
542608797
3015259521
2971725199
2979828433
2875003958
3007198783
2908579669
3006102998
1680454304
113606794
1601141138
29023565
2893599307
2893713611
2999979408
2996250457
2865619375
2999153766
2605801820
2998071948
42032553
165390325
2985274368
177975472
2996912743
300755895
2593478378
289084486
2995321376
2990692724
2989426797
176732318
73618743
300779696
2362466215
90570057
1598739973
2974465410
2988446436
2954489952
2903647488
2987465886
2929507189
2981655682
249814687
2287327617
2756637983
1902737767
2447492848
1235999401
1699910634
2977046180
2925375818
2895327589
378651344
254930204
2937735007
2750121867
493298910
2974522622
2302305006
1548455004
2839287306
2930007931
412721811
2959182642
2728579452
430968327
2967056370
1344240805
320785201
2912462767
1856627570
1524450990
1605515696
91029045
2959214214
162798938
2679807182
2215828535
2706503846
1708228326
52683521
2315064356
225384727
72074957
2416322382
1420050470
451323664
2949129606
2847581263
2952070832
2921545130
2894478043
2935884128
2801223912
87704490
2785342045
2941057434
758770279
1432273351
146122446
2940385810
619877593
2499739573
2941988966
2820105726
106336699
2919580273
2940304536
29368653
2914658095
2885634696
217277376
1942775070
611817117
2881826828
1704538580
20812510
2865056527
2936940192
105443297
234036088
94040915
2926385724
2931305909
2931236492
2901292428
2520724735
2360729803
2886017628
144887842
804518340
2220062426
18075330
2912995205
2586876134
100915104
946741788
2921610875
2923180159
2922751429
2928091862
451910245
2928819835
2877103241
2927685192
89439314
106990879
169383860
1553541198
905700108
2658875844
2908517340
2912085119
2821945772
1595400144
2591280374
2922012314
2647388793
2772826273
1663064882
2593172094
2381996310
239293197
35722581
153003908
2609665692
2922970765
2922272546
2298283333
16645703
2740198170
2856687277
433346123
2920821866
137290878
2904220226
2838480474
2866837339
1588930669
2285507071
2905052388
2706803047
2918640787
2410449228
2723153738
629160473
1429882458
356380773
457264650
2301129744
2297548458
2897311310
2589530082
2756101566
2387734260
2387337853
2392528418
19703006
2906058656
105845260
313364642
1004135503
2733447038
363459632
2905732542
303273849
2902291841
85581003
2916490586
2916300002
192978709
2916509233
2272658930
2697712171
703424136
2270288599
28515803
2881842762
2503529682
41535315
467601142
2393630684
982022576
2911651171
149544139
967347078
265338273
466443430
23260256
103665949
1605744104
16927487
132572636
311663541
2483516185
2906975281
2848722564
365395959
83346193
522142758
2859519032
2760398748
2798266298
2876927148
2792220260
2304923515
119449738
2854649773
387635853
39033330
622176767
2558295745
618549916
2627564102
1129917913
2826789739
2373978144
216657839
2799529339
581447080
192979362
2436133407
2906079698
2893772792
2890151851
2687952188
171793493
2835603128
279987713
2907261728
2601297008
128510510
118086120
44150842
2759148568
2905917080
2904442256
2904064998
258023592
2886054032
549656500
53057962
2902966093
2187233760
2900285112
2341672460
554629512
2898089911
2725359689
972222427
62356591
2281794914
2610013410
2893268358
949306891
2819654267
81751197
2886046616
1917355626
2396541150
2219937331
369523719
2886065491
2888856823
108243600
336226800
2863317133
2840047236
68898732
2882385096
2584926666
2848473218
2399829282
1104386485
2188226496
2875014294
2869079683
1523183041
309132533
2422407572
401710943
2856664548
2857681219
14251801
2765596608
126805963
2823911863
2611121070
2667454260
2526764864
2847350156
2507593802
2773065235
2843425128
2542945699
166265472
2842134776
2842470799
2842371240
2819173980
1726329451
88368348
2267363443
2811016999
522872786
2752734996
193185790
2267648028
1724193122
1723295359
2819388110
2830511959
2782824309
1474523352
95791759
2564944500
2790561845
178631319
571037318
2155308740
237727411
2690153952
2336069654
2832784622
2381994139
2338617074
2827770763
112479899
426469998
2333015964
2824072771
2825849713
2246722783
2570900983
2708360605
159414763
2378466230
2601364964
2774543369
2706067135
2701048352
369591756
248317806
2353266672
921220657
2604088764
2673186416
2449394353
2559520448
2274500544
108070964
1278131738
174940496
2173669664
1645862282
516471471
544243839
2809028990
834466861
2807031277
574640827
253985077
2577015649
2662153364
1425897158
2664746906
2662236337
535172264
1111382940
2808813408
2662334803
2662290168
2662282032
2329448456
2662309909
2429765256
1073061985
2661427735
206059812
2809048226
2302910431
2456294012
2457762198
2605594333
2318243778
2377075488
2330268912
1116926101
1417620722
2234352900
137695454
64355384
68360453
42871117
2649997417
2662010888
2160447936
1382339863
2795446105
229622526
356253094
1097213642
1667630060
52638336
2371972382
368225458
1561190425
2799321242
35005216
2271179438
2744059674
2789637877
115852160
2211819698
399972090
2373676722
1097533159
110993912
452870846
112773911
2766000074
2654186959
1328258304
2759446134
2761753603
116328299
2759181446
2755367942
2583835814
2616870668
462455195
1673653867
2681604644
130133805
246885143
2662105045
2700597566
1150106904
2348560387
2686737110
282500603
2682793663
2661311922
1435615622
2678997715
2593579898
2551905840
114441496
2558660373
2621980820
329727585
1039879801
293349285
2275939117
1910616246
2595054937
2607666680
27186336
117323058
144397587
2594135263
2600766968
2296319328
2595021834
2523338418
166851362
2593059380
2222946098
844969590
1070688091
486291779
2566747117
2566848187
2556355580
281472718
1422880717
577800088
710969775
562252696
2450332764
2443723086
2445615547
2428900664
190083755
2268620334
2415968716
1114079144
2335189069
1154912318
1851802632
145152864
98339993
258007277
615986947
1193007020
2338571006
1671255415
1668477690
296755657
83579270
2208827012
242712171
2333687723
1136907434
112812371
2240383465
1672343744
2346427128
749807047
2321525354
2335416134
556137929
317163879
2302563985
1385177971
1627546478
1692644557
341066609
2352052872
2331585450
1412154728
1686617192
1627630992
2330105239
1401650874
277579105
164804567
2317956223
2329218750
135524774
2279380915
2286527515
2270648197
601578564
1690904910
2211313687
1383714001
1947052418
1856132282
945275144
1367462348
234830789
1710213876
1917232098
1105939712
1630887626
1653013676
1693220588
449365099
1066295749
100967637
1640555040
1539131521
1402710696
40617554
1660145029
568781834
1637884560
1071400016
362967739
1637129882
1288437842
1212687583
1614844826
97206668
72322402
1384985226
1539236653
1114896282
1550848104
1021449464
1050558936
131138521
146118255
18378627
1196747857
17698362
1538419284
1468065288
1088121710
101424968
1511762184
528335923
1151704608
1122640878
57270122
313814524
47894399
1402302734
128127533
52648146
148300401
127515557
365651300
1113049489
226876355
171135105
250132805
340818805
60613046
