786913830873858048
785089987582783488
781959540472320000
2206977937
774984025526063104
774456392782458882
774139790379798528
722098759774158848
703687610691149824
259649352
767775728897134592
765280984342355970
3049639022
762060919383949312
758711110392360963
2549095884
755923763280044032
1864471212
749185695340724224
748545354208022528
730941471113666561
728056166526296064
727266738522333184
726172753624100870
721190949997514753
522613841
47360358
715382430035652611
714681874543689728
710613482463322112
3795668893
709075468213837824
1518218641
1919430582
1387810021
2948909426
4928721148
4920247955
4904957954
4834746688
2955825482
2955830875
2955803150
2334693336
2334711374
2334732692
2333814117
2334720660
4860057509
3439258924
4851428457
1668592638
3964257256
3243735034
4794848180
237433140
1477958569
4808102284
3141896900
4820647961
972740046
772205383
3831176254
3017919991
2989293931
2363592409
4451371768
4187921240
4715923148
3476598561
2491767320
102620895
428140751
249753041
2943625763
3150852290
480160857
4686078848
1566862603
331625215
2962806389
4662650074
2218311080
386906922
2196406276
4221480657
4540231881
993577490
2518755247
2516494681
2955065260
4561768758
382894769
2887785320
1954723958
4638759742
2796889102
768805351
4595718747
4605441192
343423809
4622792121
264959811
3717146472
2741696266
4612906042
280163008
2282860219
1347316058
3235868936
2823465755
2974157872
2844206937
4612013896
4367551881
4632440594
2797397038
2354662944
4585366163
4272402734
4175930474
2438886732
3113589672
3406485527
3565811838
3034875643
2388193038
4482420333
1012412486
2948515569
2307285714
448485439
867394279
710172415
2747819308
2521519799
4113622885
3300655149
4250138494
3117150172
393554176
445865375
1596655830
4249313233
1724503189
2211066619
3107903076
479824976
3659880623
3373417997
822336158
345339530
2767389195
2623933601
2266856875
3957211816
1666197619
1861090662
859041072
160369945
2297035274
343679372
370681967
3000166461
529749232
2905532294
741533574
4619129264
4136655513
2183084407
604433814
2702305500
3295487425
438763960
2858420389
3189070740
346610953
4236709452
3733304719
735592040
2726602501
1239347072
2857883692
2926825048
3189033059
737912899
212087267
4174283533
3941658081
1120563528
3707293754
4063879762
3129731015
2900687136
2732115227
245926437
1660675567
2323049154
714412159
1911883021
278835752
3031975551
2194825231
1242371071
1053652956
2358703874
1244895439
1891474556
2497440614
2640602696
2477506106
2263212764
2728417118
547917304
546051405
3290545443
2477696912
2824254649
1275607356
1363276442
2548819320
1482216361
2955620294
900524178
455733286
3165699024
2819920401
384901072
942539420
3100515364
941783131
2997120472
634684445
4205345255
4102786752
2553733608
1921810998
1679339330
716209074
849814080
1015940042
3075726890
2933927231
2290115084
3044174673
1544362574
1020595448
586007204
4474615833
4528563196
2411894083
2806418949
4516309533
1935443490
2931529499
4514397562
4507472355
4578006440
4372369334
14844715
737538878
233003196
556295741
4496320817
2376130014
2962792131
2457337694
1525269325
4565328614
3291201645
4030258820
2908115009
4410130454
2875953186
730757802
558799318
364765726
3179736308
725129550
4379320155
118135543
2974231972
4544634733
710259000
348823772
2312877150
1114618650
2994298031
2875275193
436948936
135475540
2542707558
3406759573
4529058440
1050730286
174811123
163598738
3873305362
4370375232
504771052
2342561069
2981375139
1633838672
2878691273
459013267
1247567245
1582016312
3134425941
390100182
2955410255
606242355
1430718600
188956964
3077784184
1576245583
560552012
3168060669
1375507088
4322610935
2344477304
898810890
456768982
100130031
737886559
112586133
4390294461
36898521
14619266
3267426410
4202244868
2822339707
1895806682
2987090467
3084418375
1582271725
3300536785
3437809881
712956199
3210960933
76220965
2568024647
2260804255
301716502
2935667421
2511296704
719013199
3182126845
269971608
3672197473
3913301789
45289506
353504742
142859373
3285574350
309084573
4333439117
2951867805
3165881167
4328801952
4242585555
2390030562
3350938691
2189918930
2923903427
1331711070
1945027560
4227536195
3090469830
2332647476
3988566567
3431969290
3232150545
333385939
2846220207
4222720084
2814132798
4213767862
3242739970
428023711
3124300750
4144254515
2600567611
381339650
2756854734
2389913916
4269889773
4371730818
3514584322
490620721
46328997
2472575672
4198259187
2669709054
1249837921
4274817201
226763326
4252207823
3854655983
3754225523
4251411592
4347839113
2880120528
66277538
4228834635
2252283583
335668213
4093271811
385007859
3734167221
776730654
340597982
197561004
2963979722
1522977919
607444319
3112413863
2317708678
4297329560
3536936773
251803163
4226850221
3102031427
3654004815
809919024
213361822
122675429
463215660
4284103692
2235445244
3278707009
4275391760
4274305274
3320721330
1472682056
3258305157
4189371317
87508878
4249737432
3105228249
2484310712
1605096865
2869501533
569358278
2806003937
2834714817
2917017492
201552723
2261859302
1236596749
4183917755
2864309745
563835668
3372797650
3377460793
3436955115
433649560
2985026243
2962274674
2459385322
2979252364
2354042342
4049316253
3834936137
3056052778
3333489208
2181828126
453145796
599397786
713794710
2458442938
316536957
29046629
3398640525
604859202
3115502270
2308929126
1325437910
3313995159
141771870
810110726
2536118671
2789752467
4027973601
3598083615
2252166622
2996509264
2252859811
1039900854
2892897899
3429792838
3228491122
540055170
260509895
3360674337
1212986144
31415680
860283643
3177678408
3304217443
4054545700
229676211
4068123532
3380900842
3007957133
4031922794
4026871216
2973918478
279487203
3663314725
867212870
996405763
177970785
789083611
1029211279
273227609
2383455242
225155896
4027501707
3771948089
3102498550
3988455207
1664720118
2826373659
3312879349
3338319287
242026741
1325972671
78121306
3054202297
1311852710
1414382684
3392273835
1913485238
1685780870
81702379
2783167105
3923038887
37241918
3397641863
1478137110
426207406
1237178246
3000683461
2952642623
2847205840
3772764192
317125726
3729871812
3654544818
3720160203
3327525832
3445657640
1051244748
3360695538
3245746438
3438127295
411900931
2826630053
2432803206
700022712
2540671148
37008385
334282974
2283919214
3259610084
453300887
3370002789
3225167166
3258117462
31499232
1634210942
435287590
631403789
1599828084
294249481
480945273
3331585343
3245307074
3242822462
2465593140
1382123096
3134424448
1003045206
3292186113
860326992
127099893
3218674590
248004538
1037764116
225109937
455397978
1606531400
295705148
184078115
3253065659
3196097070
3138348752
975137462
820722115
253288257
3181209102
3228603219
782728668
2735159339
3037020122
2591305186
3160015116
571273172
878359200
1680300342
2273992814
32403877
604228023
435277089
80563542
1870183256
1401012560
3134487825
3134324594
1077880374
3121711117
271619361
2567591407
374012516
3108767714
1239981984
1945182211
1241910408
197552703
3058285157
3041976294
3038165493
2830646901
361484691
3007082587
2724627413
3008462535
348886067
2744922448
1368258734
2951465387
2418861361
2923898003
2933456609
834261416
2913358462
2911262099
1480742143
2908600497
2564437212
2230248690
2902454777
1872210576
175173081
2897784845
2896407741
2244430796
2890916055
2153081315
2907606241
2882892833
2772523193
2883984092
1198796647
2503535082
2226739506
1665612494
2465312011
2551069176
1360069513
2402186714
2771271911
1870176168
117244109
2474228268
1937909654
2759988431
1961846982
2783534665
2811002467
2629347509
2313970921
2213325498
1213241167
392432663
142693434
980164886
2786779922
2613776252
2183835127
2277992480
567950856
279623020
1360758120
771953322
633249155
706252796
189968765
312956469
1112592559
954532820
625702598
1075272889
616959166
1515109760
496337989
1465437240
2528332805
405574949
2470240658
2614136460
553631875
2170805413
580324645
788185812
2751091186
600546609
858692024
2166402633
2618851885
349910153
396731446
2198064237
81426503
2289104877
2738417979
2671708436
2330187679
2555111858
1049306666
306539017
325217585
360651446
30054263
2223768656
2569599714
2458560445
485112006
2623837623
598749123
262746465
2568652206
2562161533
254577494
2429373188
2457196681
1231775582
2497695169
726054866
2331075445
185342812
1475904104
561550126
491791230
1084646892
915699769
2377873777
260849143
2185656703
1711532658
1611785658
2469464324
1869036847
304690610
1248936192
450612522
242131512
1075254757
2356431001
1522406988
2302560378
406721892
20835222
2189534018
2447263673
2189384298
435423001
408962969
883299217
1636637466
1726671793
229595295
2423060124
1483449006
610280058
1061423712
2385790118
2409948690
2182614764
2404892384
2398631047
626224525
2382612206
2378082165
130244607
2353614697
2374269042
1021481293
2375823800
1490826096
2337532236
851547828
527949972
911164496
452365218
2230720277
2347905667
1578773322
2333922198
315200106
1049137706
493510563
520517766
1444389973
2340823242
1601993564
283298928
235423798
2334781099
349394346
557132010
1934756359
630537852
540166851
636814839
372661466
489674507
731583228
930611610
1145372040
1655620674
332654454
335698294
2308853331
902986188
128644330
1554744691
2278201243
358345887
2263847015
1417466358
989854003
1880067079
830104974
2306884040
460515202
1684150369
1676859326
270650953
178875045
238005494
172838715
1898657131
2286537954
2286881022
1365179468
1581589597
361937814
549570016
995446518
1639469934
2278025700
247424594
975147355
573011615
1633792328
2272306278
544621695
296534760
2192996774
208051479
1000228158
1649610205
1609633681
325849936
184008506
63594892
576668866
1864219873
1566934496
529713056
1758817386
583596500
119802316
242946116
1335225302
513700845
527996654
1934841728
70321417
516868322
260732870
201379676
1325649632
629557883
865700714
468755769
453515227
968504426
1679123785
2233708300
2252087508
236217299
2249293381
166178654
1850439476
1652174688
1689271908
438685998
2246479982
143595228
2224381533
2225153854
512501543
551176217
1578073982
351851748
559968985
798815413
751633898
768511860
610140307
1102581265
1671353083
1434013254
932269507
1480935624
1736160102
373683576
1104406279
459377957
2203851912
2167225290
1627657230
459776989
514405781
1729602066
1613277450
2181109512
438030740
2175264264
2181791102
544411204
178417141
1478212068
450501241
193148475
610280198
1431887486
1881779911
366536771
2161197115
148899326
2157143467
322895871
709839299
940704403
599948397
1167409200
1646151774
2151548167
478087067
2149693740
2148045121
264882949
331122575
764559169
487965643
325837365
996241928
1403414048
83432806
1281733159
1539816960
635748058
1593554052
1257889250
969248244
1221235861
739491847
1490561102
709463380
1375731979
314639204
703307537
1423348045
445917194
896214739
1031761100
1287276450
308590325
371932493
426002183
309916555
1653782004
545661231
1398154003
1934857183
1918126782
1525148792
1599826429
134885327
161464045
1220022355
1309038978
108340375
456201505
330069522
910669418
1460535961
1563860886
291289937
333966661
305668974
710308508
389815166
343741125
718435633
622220855
277677037
175602507
457972913
571012136
633319268
374205858
783378330
1070024527
1173593172
290577735
715616498
1398568818
974597755
448071812
212832416
1058624622
159284580
377592239
1056074702
1902557311
1872766212
599636847
477078385
190842198
1697782248
604870470
307008976
280989967
579325382
269531676
981528355
1120582741
1128869665
919198874
467910675
1320788526
505021033
1419720516
1884683527
809707152
324377526
433641433
827110538
260840449
277180155
1873268011
704262673
1569611017
298329879
485104268
396116868
606645734
1865631408
620038957
316716300
580218364
422691273
1169714659
1512008785
613754287
198257169
1789355828
1432799191
1392929557
719080945
1726405537
848175139
609538098
1719018494
1716597529
613922475
1710842918
129841016
779293975
148101147
1702814041
153570396
831737059
1700948137
234571413
844257780
1674161624
587883776
96157076
1489177094
340665872
469535903
1666492458
814869637
1695560353
452045334
325744085
772479714
932744676
161137659
306830871
1541449844
1628357227
1354236252
756268950
1676041248
1226079091
1673943234
1367655229
471850536
752782472
63823069
480008287
440298597
772344870
174022917
577757967
1658799288
600529514
786155929
551183560
496139476
159291532
723117146
437165838
340863079
891510128
1382664264
1627683960
1658944309
1024700288
540246144
1650376670
1368356491
1308583202
557386465
908921868
1644262009
739591494
487644957
63752424
345850180
325189457
865290164
134716064
535798178
16275044
1387732676
68202623
1090521103
252965229
901084543
123956131
1129542512
1210346041
1236611484
1616145840
154399581
600552315
367318463
44141292
1621338308
1031787938
760712053
1593907110
77423114
165130348
1579391250
1610634218
977093924
121770428
297078146
358479868
1575660589
838110865
1482930295
1607191496
1603963135
1006241646
1608797478
148134688
117092770
860315281
1416810750
1598712085
1500277622
140872086
760497043
231882241
280036073
123635571
597100215
429902763
206016673
334286825
422743516
517135105
749913108
624213051
563732203
1473647918
1594510645
1123007305
579021214
496259337
1592104814
950664104
578227591
1040761819
479116870
257924706
1526449003
1386823741
619391840
973020350
17018005
1595934024
433115572
186856834
878877488
68523914
451195155
223532271
210738065
1532276640
101756062
739788432
420695345
1571559468
482555946
1025010133
1591447754
1594154256
566537950
319417954
306547299
174848648
1433478523
864872442
917639383
1110377222
1561128012
1051284241
476867886
1582087051
1020609492
967105201
1105372382
1358182345
205428779
400253057
1305435054
883319036
1570568252
1574013150
866007074
63606812
1191824358
202794265
780872876
178918671
114666920
509156012
1528832396
1391069053
266219407
620401525
334429740
276616753
254371752
449197175
737361768
125059430
194936668
294435713
622169091
122748396
470868710
506579099
1009017098
904828568
61370388
228106870
600440229
1496313409
1050544794
405786168
304095630
1526112860
64497450
892079730
84951525
1578712429
1013877144
573389361
1579446727
228387697
1423762879
339226666
165236541
492493042
1228646881
87850423
1437086905
848188044
128930332
1261364179
1307385950
781063429
237590338
463251206
128401671
1321006268
1335951950
489859886
413569726
246409266
841414608
1202549706
904597141
376454845
1567030916
1042025652
246030037
707441766
1551831926
1551897416
1325469828
168298383
1487273251
713585803
957047713
295327987
570423457
412644704
50932464
306411111
447220351
345058782
1135526766
747632426
162121213
79435482
809985403
1486131270
1306993339
1539737647
372486020
828599532
362312467
1084098151
29206501
86173709
441737120
481681830
163989004
148014159
195368410
1452782280
1523783047
1030902122
264528336
111294892
580775982
422585661
1332024858
472063226
1387342447
497957656
1523277810
1304158886
456387657
855322874
313542633
1197460831
1192344036
865341218
1412019877
1135630460
398372479
286703523
26052994
131231899
376905248
515535925
95777654
79601914
56588504
164776059
105510040
523145214
1518379116
18876796
379620457
840893461
413308935
606318197
451957320
241350440
373690221
1491177493
100859144
503477929
340314637
315716058
528134311
967254601
450857635
850495224
23547599
181748721
1321137229
1436238241
71082091
1512411554
1461359378
426014724
1236773256
1099758546
1486853700
482593698
1471912825
1468553732
1038475238
1452711264
1058419218
980348972
1444481750
1228153291
1442378342
724079942
1363245290
433319583
1433471334
345098143
552921364
553813729
1395090776
1418178025
1423763858
1393166395
1243929894
1167279445
1331238126
1046406228
1403570748
1423254763
1053736088
1259857068
1425332455
1424186299
1424604776
1424382872
1424207478
1423079239
1331082895
1422680690
1369293481
1349691348
1422471175
1349170962
1422448261
121212063
25970331
15730340
211489746
366063185
827821010
857178625
550069506
1387241922
1071832087
560096415
1177343138
360912882
1036360440
743796386
1322780594
380966998
1279409046
1183226696
1152448646
1271179549
1240011216
922092865
1053065851
158777492
377618583
1161228182
1137985626
1129795921
1106465720
1002443996
360924916
1043848369
1063956264
780679759
322687610
854245040
620473070
1049166600
1016681180
418084618
396912264
968840899
270657066
865669100
566848620
231237433
778912688
489897517
336576495
600572519
380982652
