2525262385
4711875794
2700828726
772278626121228288
772471420781604864
562972796
763941537096937472
759720745178062850
4705423395
760038965973876736
764921224346554368
764296780028579840
2893440987
759054755649888260
763306678699692032
763004909650272256
222206919
2192291111
761042300218712065
714894638658629633
1177128091
760071106963222528
223083302
533473166
1129506896
55859816
3019681239
756265901393969154
3189001238
2247245580
4891767710
753804769198612480
754784943746625536
293331863
55548410
100456043
2720241714
737597094542729216
3070002117
4680683916
741686588090896385
4610736322
2301541064
276355170
751490802698772480
749950612301684736
65466158
1409636646
3739086372
14611466
3248479412
2846503595
277221734
923862800
1268747491
2194344913
4871922131
736946211723300864
42928402
274556710
4686170306
23042224
82188320
3223940743
3143306687
57057518
2393316325
736451766150148096
1013815410
148301946
269036961
1268297516
3413442681
106411207
798933842
741968083787481088
27733419
1100748288
54120124
359454995
20118846
703711372241195009
4056799154
1691040192
142751969
725408402290184196
4547896153
2906830369
301097620
4139997567
702011146044198916
740769374852816896
3646853112
16706624
358094720
883736412
16356733
7666992
961715876
544459972
832683854
732818789742546944
14169130
328986371
29138797
4781067415
4482984142
54131391
65014931
234626333
731989856591728640
726275144252018689
735031218454941696
192149225
295159776
505523978
734561167104868353
3339327075
734258466299236352
734187973583900672
1192810555
728127294166835201
4729609041
400626799
424032485
325434092
720901638756638720
372050829
4829480626
3291171027
15399937
1198599206
717689564417155072
13853852
2654196924
702451935329148928
89221375
4746038234
3295908500
2616600606
3245631819
2758167467
3518245214
13361922
2249318329
17381547
2899606273
702417022056079365
4818246388
592413097
4924686768
78761555
2814191961
4917846393
4917594995
426914791
3036766914
76901817
544840049
368995232
4415939114
4874371731
2472507511
2620113366
4823025940
198525220
4759613952
198492643
3193770444
4643343018
1057952628
884389849
61417396
4627091595
4574667800
334897625
3148051543
2934717504
4419231793
3238437869
4306205667
4310363774
911229996
4262900234
110185018
18120829
312653057
869980099
2740708341
2341946478
921094926
18098256
3302649464
389005785
82632300
3770375892
3225275886
3379459992
356183740
1500256717
2206776918
212224791
2811298549
3685821257
379422969
3010049995
2484950162
85998840
365476735
3492539420
385476232
343689671
3325216761
57696381
153460410
884563177
3461582421
3238441341
3321989540
2927376877
1856933083
2269957598
3347708067
541193226
543254812
3015888443
2684671818
342360849
3412444659
1553566976
2530959444
896925180
3279339092
1392603529
3384662813
411328666
3248813785
259864175
2914657442
1715420778
2347006224
1718594401
3289768851
40987343
195607354
225165988
1890434041
3282363942
231155598
45854629
1110602888
305560576
316270727
123574945
177063870
1704840032
253528266
3268875673
316331425
1314160417
105488203
959537862
38474832
1100999310
3268534747
2835945037
3357338524
2456024654
2988120655
208787005
891289956
3337072859
3333507364
3352206370
2919910279
1553025740
16461292
3136143051
3346455947
285553059
3222375972
19059966
2857701056
3252259645
89363681
310310876
348817360
2905803269
15277451
1677954889
21136030
109228636
3005474138
477377319
2924752063
3293378457
3238460209
125017359
3303723754
3232645374
3231022154
233469651
338798783
2753741131
3195672998
56974297
172636364
284275814
3225923017
3153831638
459840098
599668419
259786430
3187238988
3194182052
2686481011
3187380182
1718802235
2333017830
3186504114
2832642668
3008652878
2838606548
3182080670
60514666
3180026162
3221847970
2436685644
3181135546
2994499831
557076383
188025884
815393840
3165900000
773127614
36234739
274989574
2714116400
134872494
3062729257
2565430649
943810664
8132402
37477788
193222663
311877745
3123417702
2786222126
97189380
3142423394
23353995
3009252480
3137532296
437823870
1623915241
3130032413
282434810
3078791591
3130592111
8556442
461476404
3128040652
1394353526
88679843
3104446760
1201970383
305800930
2994446358
2371236086
235165851
354523943
3071659848
561878863
3089804756
3078989696
709364528
2666356328
525259633
3045898562
418534003
3022709287
2985986739
28543936
1649056656
2218887986
2341532898
231425286
2874375591
1336212781
3059485470
19641818
3054399480
2867446730
3064854586
138525326
79114104
896201682
42720716
118353954
3034315010
3033658159
137687327
618054310
342864030
228144205
19006469
3024780078
19437606
71536009
2351661019
252531934
3021668333
746782160
2548534448
2506351940
181344260
2272927033
91454200
3009674377
1603635662
2789371784
570745294
175500549
388213946
15147261
3016316086
3009017946
3012711497
278813406
15691362
3004999550
747427352
451925096
1157519796
2992059962
1557855097
2725692751
14125152
113906681
410098850
35077513
2706353876
2455383737
2870222201
1862582401
2955811637
617053
2925965849
2901774038
217486401
2178724792
2942560742
2935776016
1176803712
489539794
2937975592
2831540923
2936607422
2545421660
2935484400
115847052
2927859089
14563724
352881859
1919443644
2340053054
1615895946
52612534
2211266569
2892211629
77498772
2787042355
2909654702
2910595520
2892306785
2902744188
2787437426
2908687051
2348575817
139340174
2857025112
595659586
1022463342
2893929956
144837361
459766622
2891940258
377242200
162219768
2848097734
613496100
2705522077
2389550106
139508325
2874090644
69123976
43185402
2765549142
2853797384
236784482
1220139811
2686749247
2841536035
562761875
976309214
546633531
2389469330
426969302
2843823025
431178312
2840831792
492074876
1894307996
1597836854
62299992
229733009
2839364274
1327465291
1638107148
453291629
2837737639
14565991
232949576
298451769
1431867446
2337992480
2788114112
782876706
2772329899
1007274048
324080969
880457660
304913137
376497175
1332615241
1602123180
2559854328
506837414
178956661
2791302102
1424587129
617859060
361048014
2768984763
2330122206
150061835
195759872
21881680
561136516
93258451
1122708456
291645074
412840038
389225590
200925366
282109576
2782228830
2773332728
193301779
2273279024
2765827572
2751628149
1903515956
471953388
296636510
146003043
32489031
22398458
265058338
2148735936
2685125076
2581139166
314471893
1461649975
16826724
369946732
2614467578
2540181260
2440704998
2561946151
952380968
119568961
1354996590
18901543
295501190
20419254
2696089435
1926137617
2396902556
300775565
2674789513
70696481
2385887730
159571363
2306241247
2388607427
88103305
14518274
203822998
507924020
1005264265
2617475540
1688315094
2372221400
2636745596
2607318904
1607248879
299530838
386448234
2611718952
2478661858
17267400
28312609
2557178233
2152962121
50197145
74186213
627854429
1426206176
396716581
1623375540
2558120840
1187912539
2590934004
2574090782
2550729901
2571666025
609277193
156334888
2234645804
382395238
32567313
2577768373
796701787
819930920
118284260
255731410
1491319633
2494537790
196513377
782495076
28489873
498615715
234604567
94408066
711926564
147222813
19777359
23235382
919860212
27626972
573768679
74832958
159927049
2187517466
2539717758
258655715
2397613392
2165904277
1054271178
802454982
544289371
2500818180
1439932832
2275133742
274001315
282333355
1470698742
2476895868
207966242
15171095
39005202
848793540
196486170
470001330
2484655525
474422850
74651911
1151776219
2483113668
369375953
47017660
810708787
240267297
2481127501
1028996418
997947728
2280381738
828874248
228846422
148044936
2264176460
624914714
177475765
61867966
2467676552
1139116981
2390572530
1120614613
471730757
192487422
117159571
275202384
2315013966
82109415
589371889
612492703
720730473
333345802
2449336898
21295951
79568171
2154144726
2424496153
2302917636
88416606
32161750
1865174461
29088658
77445950
49580420
453967461
2172050125
2423864066
819468972
88079414
420284750
489000120
2161123892
587469331
39967597
2329035116
1968071384
1038841076
1133539693
577520213
2205722707
303862998
2417289486
375208877
840422377
86807525
1496989177
2167665371
380673999
1250629129
2265588818
940596446
2168632836
78726184
54560396
53463367
196218718
496648238
1854118526
2387021592
373355908
22989859
233404112
190987452
17959063
2380850545
850395528
2379117690
140866192
304854536
383951841
2213930580
248042697
1374131382
492778415
34186986
426407575
1901987550
25535493
15859993
373539785
195476777
1468054880
31598536
457618567
413261952
173387420
1392315704
448448550
27179735
348748850
98474610
33301640
2373405061
66766153
634706568
632925525
1116398599
2233245703
176725055
2313944943
2362598934
23904087
507746556
15058343
1227046400
526983866
1495943934
1552643256
54960684
2161930145
1623424387
1647344210
120993441
14137047
49571741
24750075
49253745
2329561057
191448154
14172143
1046275700
116827742
10204182
393638829
2219406183
2340046177
86172772
2150274138
1728550195
199321772
1712326692
346924867
2293431397
1644575732
2301792096
28974468
772374882
1360837801
997437595
1384138550
2310520473
2303305523
2284612602
2335979568
2225874901
2307964485
892280815
262678201
2313130506
16175921
420170656
2334148680
108115222
2332444248
63054750
50573558
2236072673
2330042826
59010800
499861515
211316225
2315470602
162449529
334803277
191968195
1609902864
54684720
212778265
243742014
206692502
2320542056
633568486
243699334
789661286
2317056224
111402338
2158808174
14700316
2267618059
595829351
363409835
1515801284
2177608411
1004078808
2301095269
28207516
918795648
2294627742
51208349
1295908920
66325487
1259129432
275672568
43073492
735021824
236454373
1861808083
2218239318
1342134270
242484966
1037131748
29188520
451582038
133615342
70918092
2282398016
14809126
88448690
274485433
2211840739
852116413
85070368
15345712
2230379251
46145799
1335319902
491852152
17469915
14525652
1185026786
241624531
21640728
1831897932
267523313
297803100
23292490
1075540568
21727996
66105403
2217023503
2267148362
2271765486
328532284
2179879825
45912246
1056247328
407450000
1367031248
226636723
463759771
2245168557
238308510
17939931
57537743
478802173
381310562
220004408
81316312
121650095
186520006
182879770
585652106
1398635370
1670542261
201542993
183062443
421888009
487227255
890498622
2220710419
554635043
200517785
145317952
2255092375
120828687
1267342196
90953949
2229839379
17400407
550121505
2229219983
384986958
2237346649
2248414524
2245662284
1099903092
286123055
1496463589
361562655
48670899
25333251
32008283
2224984446
2237706450
438370477
172509769
1338644113
197326414
715401619
254735175
2238672066
20409889
2238477936
1411791888
374385397
752630204
944390402
722195058
20064098
9684452
212527214
178973012
2149359154
1336453856
42679746
368504022
719332609
2183359796
863416549
796053618
1392163634
2232272557
282848015
20246048
2229113190
1722512364
1613544854
2182440289
1672467739
207554027
995760728
213641872
16475882
20948855
2213775445
399838623
26115437
949440175
1282022994
91349543
19403243
2203149607
106044145
17581580
88877106
357724510
295524954
476771934
22751266
18512505
973973084
445822246
37738382
16052373
15420091
241024381
2172902230
41232632
346455651
402734464
29756673
1124347794
464991980
486452917
1272722462
254148157
376809369
107746523
321788253
39578525
14858966
370581440
237238410
14483788
54986063
754728122
192506252
359647994
80849128
374386176
707350597
246018008
186177715
43905183
491848956
2165538506
1022367331
506093002
2149177297
2189777953
2177960077
994255471
1408333669
27960823
2160711514
282553007
207788940
889512793
71593119
2160032946
151319657
1905147421
392670389
959609640
17965115
192885223
1895218561
55650719
307807466
299215811
16202540
1716078990
365484476
2169396397
2169353802
2171620753
26728910
399123429
18457037
67623807
2167134505
564322455
1670986310
196712457
189183183
305500280
271839529
2156075080
16701008
2158122428
885918372
971737567
359650291
41218186
1933157155
1083615558
717716099
30640317
14334545
369460703
26471646
950241032
88592174
451206785
17134334
927789272
347921787
34882790
533376921
62089979
380143443
1966313406
1068155948
33633570
226484260
78258816
1964108288
24175202
17772211
32411705
71110714
329758796
231060869
1917910939
26916508
182239978
918452336
326051008
1913734550
1919607265
813628376
354521378
204341668
84867369
501630892
1854667716
1734904160
1179682788
1543257764
1915773211
1717254840
16224675
1909326804
173237137
1636670540
65723336
73755057
147864555
1032052170
1705400551
141049436
1860711242
320802185
29426225
183663502
1595890938
1869031934
1705134452
26657004
535193896
741561985
1704453402
102607586
129290612
486072855
207360028
1115086669
510518484
1870065667
611463762
580612746
102744109
8223272
582134485
55582039
1455643321
100962530
265237117
114434885
726392448
1163134556
45126080
301096847
561872300
67714386
268443190
557607217
1710421718
868919347
604780281
1723817472
223789508
1714319581
258880250
1725429139
1718052710
96657907
1330552940
486321977
1631725501
1622979450
1349569682
551499664
56814433
59204081
238100566
77077434
224609995
182395682
268750614
4450291
431387229
423193680
16481927
66615475
110400643
12395832
1574967487
508300117
23698060
403500586
1616338621
14266396
18969131
266124381
632104194
1494013171
1687482468
1677615842
715874642
104516399
37951713
381169133
18164355
64195512
448884145
1438729482
39575154
17610162
84786801
75749765
8478912
248776079
134194590
1675049354
61141626
719007846
28887667
517165621
1513430646
20518788
431063310
702291918
1281142261
1127213263
298001059
142565727
1640653340
716704544
956123672
1655601206
1657057844
1624121893
298029273
1619509032
1354386252
26006060
1631544600
263114264
1288459292
271880813
22542779
1618270230
14686067
1559227500
956109716
1619055374
14987172
1542697123
387914765
101699685
1574964073
1598681466
309492342
1591653960
50910154
965230309
549055150
50560183
460366952
936070988
210983876
18007590
1341223423
106464630
1448350032
377482120
268804866
953761146
948262129
19968469
1290092024
890402316
1545897853
1113329761
784489880
1554010105
197029222
188819754
507816997
98646744
65589378
22411342
1537911468
433347149
220678669
1523851814
1503381692
401863617
1526968032
171467700
155224552
1447637599
223354913
244268661
231436282
423179245
1473095791
714339050
790529533
1508510550
1506026917
727582003
1473107058
6701912
485528200
14831457
915172825
15899630
261522481
15915083
1065429840
263422764
1464338042
746362412
1483120794
373720742
23303040
1056666288
509547936
15071272
19810731
271821821
211438709
630437909
201573826
356777308
426063683
560217909
1414389997
1011653174
403435409
22831315
1343755218
104831255
102244099
1467206358
1450838634
457417490
1060053859
85105606
1400694415
21401269
49974713
1071280946
390573092
1454754565
886675848
16158496
1395602720
1121005393
1446058512
26972597
469023568
600661712
244364654
16493145
286321336
201481014
755412098
1380078320
971293195
181519162
1436429154
293338829
283546459
1439871559
25608357
292115627
47284866
181110956
801085292
558798347
993237552
33955981
110492946
1350618902
1431723188
1425343201
1432193510
1364934968
91682417
590392063
11619102
38376519
217099856
48585067
1411812576
1415046048
595736028
1421177214
1407915624
51090404
1413473708
1393348722
388259112
1416891872
85092148
1414300634
801772543
387872496
590582529
707359352
1170027403
164985866
214477247
116599789
24436600
272215439
149540880
538466809
1406634979
266227511
1400906400
947844054
432334851
226186080
1302018361
28989052
1335669019
1399846297
516340538
551112101
1042894602
1397970416
14290318
907332397
1392172158
211034891
29713940
1165260517
1386647618
15173820
137144052
175961071
292908464
837132552
1388756473
513002713
612936449
211552063
732203059
187136804
135106168
844558016
24859536
252000608
165259107
1376080399
217091299
17959234
1295384419
322934474
1321634904
365798096
1034100738
901612771
1089306121
1359871627
1179948600
181929975
140687758
420716269
1368033439
98170167
1345377775
235617447
14055745
1261710644
19868796
1073435462
1359419474
1355822828
59784126
380546192
622376733
45277713
1304432708
1342274954
736882777
1320553111
554991585
1359931051
425722970
1338608245
1354240861
1318774686
1351113506
447124560
1352047716
20403641
90773786
261602565
32857873
110547002
42300159
1345730972
454601354
45940831
1019587506
721828513
426828947
817328894
1116080395
284354542
923514716
9158962
623849324
1336905818
270291881
1172350566
626150065
157671272
993664381
582374840
548291783
1078167072
925400216
188970781
1255724882
347639445
242883885
21279340
62836013
293526406
63932920
1107965424
844296637
1054481888
145470407
939922981
342136282
1313246359
521917587
1315205294
1073625432
515680876
440600453
268195884
632179372
428019591
596024114
1150855399
16832665
337912437
131124451
956679182
485896708
1118757426
15158177
1297843296
70265307
17349714
39727062
131623639
63476986
775395708
199949373
284933832
1269576036
395441358
277804571
417012927
166202533
702982178
156499633
822005076
1106705810
45708630
1118032878
351179091
863561108
410152420
1074376117
7245172
604743567
162424497
23774554
26035485
41044925
43684742
1253878879
760212409
1193955433
431603053
570044792
1177198146
61460876
214154121
24966620
892077894
362474675
172477993
30616213
115506509
39348744
1126037822
634828712
1192472826
46993403
300752777
1156924266
551108517
50006818
178896236
14760613
90303447
359147068
480038281
996704731
112628982
1116035720
8970092
586266672
29285140
107723107
7655582
978045247
18135784
473219882
20022054
17094712
379640397
312176237
967022120
21281426
14112512
636207140
293631041
245630707
152272589
249272139
343481075
149810548
216923817
40959937
94135202
21177575
47678537
211852005
775395090
98364165
403232790
154157116
163706062
58413378
194758773
580194746
390641663
284493506
55991270
1109072076
552852682
31977358
25483563
905014248
557566448
93207353
343869804
265744572
282032447
26151379
64192473
18971829
15082480
775404703
517557296
224231676
321497808
418369928
77744006
1098248054
284462048
6049992
1075904437
277343745
593739541
80581622
384550072
21084703
163628467
20414217
637021736
219752532
183326516
34428741
896924636
521445523
1106180832
821846
227574724
29165612
486474923
229730459
16913511
337203313
1079210822
588467478
346434029
1101315295
162557786
860762347
6392252
86503285
977348856
1053062784
198421422
41614126
1068661561
5813482
738520794
126985884
15498383
586624738
261973915
63085622
317391488
224166811
163018733
77165800
252900513
23469093
459425167
1028426617
1054171693
135839224
587417732
524894043
1003730209
376694068
450536275
834055856
599523145
23566506
175044831
16936237
830218441
31537026
29644879
222920775
226429297
309831556
943184216
708046909
581245316
302336697
491415808
47096948
852128694
562124809
1032342499
436401621
203785374
147796885
461128231
256583370
47805155
24835413
954128880
1042176794
549559538
67309699
133434615
236226298
243609402
375610594
179241195
773007836
564265927
594172095
966202040
498468453
317669993
318103857
444211741
174676708
817023044
114318007
280868082
140249877
26990048
737646906
587798736
61675427
285126536
16727002
193439366
75742688
27472771
621598263
400225181
28142745
19322619
389585415
915100500
45300609
23769448
59991981
385785726
135350968
201201215
227320632
278940551
44837987
4688401
97253662
288218536
263906655
33462545
301669774
302705840
754298618
558839534
159332966
213324687
578884732
99930114
15928101
630487104
734938514
299141309
737054720
19386370
168732434
39731337
65577676
24670970
142394286
49321276
55865388
39916609
111681010
881482352
221736656
352353097
14926475
90560240
918403730
603652224
601273905
21088691
31661225
39831011
42640869
995513460
112769201
122091748
410025102
808157414
202108590
901253508
112055282
49875537
453759203
557095673
1004967782
11170072
19421024
752961901
865798604
228537334
185709265
812432594
19767655
908909312
21454523
704056722
471472211
374483476
995159310
993385122
62157790
1001347106
471897125
281797383
467168465
216441108
20840441
882792996
35823273
263203917
861023671
226085303
73062993
125631236
350664011
18085764
258245223
45930775
588073342
704719524
584058486
9726252
804501830
132377834
20477352
523449453
108070964
67940616
812474688
59172877
220748300
22312621
252678190
982948495
30736991
16126957
386615759
570356614
42799135
28193775
462581066
472828428
86007399
48945778
990109602
443812908
23135992
228489296
312544837
22539801
415043488
269589884
39478397
267526912
78615326
421616148
371173570
23291790
571585221
546393933
953086658
419475232
179190404
636951258
473732722
740166096
713662740
594879232
227326200
16646617
554355688
982357921
760460750
600224020
517242318
980155712
978449078
233566291
816228080
982385700
807060836
332193481
975179857
981175916
294599110
978658729
971089736
349714724
303079233
525635750
365144469
26073286
788697546
961097059
45391334
817265402
580534045
719988601
448006619
441145084
366224683
972273001
17537809
301746653
98077302
960171996
816024336
437493165
409025386
340776907
733705813
967183141
166916033
966412374
470007304
160971973
30534531
703625664
20411005
335453644
763533079
963822926
414312171
624517424
25807703
540862494
562690917
413640094
829697100
22346292
595998139
174499209
726718814
331057138
428392618
25262496
469156926
30266073
143638422
363411633
32295573
250920020
877486590
479441359
175561466
462399361
884752046
473453213
276931399
292931596
460513009
18375603
812717808
216616711
382229440
73798980
18640108
33189410
22895012
414926221
514190155
934444100
16714772
196076065
43314542
946706138
927171204
36055422
24724163
127534269
151409928
464335890
44832407
328915375
904580071
319744638
343531550
868184640
196720303
366531796
47201434
763060874
6311942
240900974
595232881
126273650
65897108
74521886
361071717
846251222
892183981
44162524
337221817
372395518
830690167
45289289
719045856
786471830
34234990
928214204
33387934
861342589
525224054
920796193
22237241
458452292
934511712
65938612
299215067
848606058
924614268
86876395
426968662
611910121
217906833
19451353
28277615
900152785
144350248
34625667
436029949
48525657
144674243
343011052
