747422188345655296
783076839501733888
785500232637374468
24416431
3369369189
763357447402782720
714249179686641664
4680302012
3012136779
790331797
3496461134
4760372206
3310799289
2918541861
752335713945919488
707471471552151552
20161538
711615632157052928
729799528031895552
719293073474379776
135246634
724101135875858433
4850980421
4922338181
596055192
4888075360
4828397852
4827760129
148703262
1623972145
3915630684
4136206395
2503163917
3418686789
3335384518
2277939790
3349500197
79516084
538396294
714710281
4060755912
3960350722
4076737589
4021393408
2885961525
1463384568
3385111955
1484734753
1183692175
233659097
3410383294
3386635391
624221546
3898975693
2522856380
3980826813
3958414055
3976820902
222483743
3691278017
208346256
2607749329
3342815950
3339151035
3336953105
2998715144
3319345426
2776118158
3305091017
3024265685
3197969186
3229151193
3228303345
3187241073
58618023
1349368268
3131555556
3120533450
3128214123
3120133929
2387231572
46763712
3065239306
14579608
176540776
3081171594
1351909735
1625508054
103965750
2638735523
201976039
3069131277
3051252266
3021420365
2945532484
2990773336
2990371240
2986641399
2981782953
2978879242
2946074261
85991171
2919655348
2289239521
1074570990
2180596187
2691277766
2835230136
2634801798
2594729460
159566960
350287641
572792038
1389879212
2480294551
950508170
2450988994
2269049581
294921618
2411750382
370262503
2392893092
2278020162
2289867168
298601426
1385684018
2239844395
900476154
2349080078
1352744960
419924039
2352108036
1537167576
608374454
321679178
1314034128
186684967
350285272
259419387
2153847566
2344211559
1190363180
1485821449
294389897
1358564731
372015321
2250448550
345623520
800612658
2222136307
308154606
766456843
1853668633
1624216207
740996630
353255021
711476270
2193860454
826226444
2257731756
383986533
2264981516
634764020
279230404
757996675
290737167
322838459
1214531858
594240142
1606507645
582877328
2199552087
2169451512
1638949278
1403605578
1568521188
1566559999
989534306
1257810097
1183874070
619353892
