762882690886447104
760440444325076992
3782135653
369623098
752893861928796160
146152062
333818723
3319810454
2366926375
22079046
57142355
2571872893
3216538881
15840769
2463867379
3219944390
740482232704327681
2842435444
4889182552
739532151415263233
3422318519
2362074535
733526268730204160
734104731845545985
1919612864
727942992527544320
711878976260743169
4766637930
51792938
51173230
708233017639215104
2592330638
700579110355992576
1888812913
3260570444
162198692
2890781072
4441799112
2935295111
4829997946
710104744564547584
419066536
3892161801
2249046738
3706261634
253261524
50803361
2446079094
257574266
176426783
3742798042
2310429786
4906522874
4884225803
318002226
4852427903
4851257120
2928738988
2230652760
502296880
3643443315
4343179876
3042917681
262725476
1273659157
2593706066
3164608100
179258023
486254563
4591434201
4551771984
298477109
3368750837
829289653
4547727209
104364150
4606677132
371572675
2987743224
3389541706
536950156
188414672
232187807
19574238
446392263
4303625772
4237745415
4236004055
18893898
3047253051
196718277
4177171454
2802223555
155432657
4086450503
15595780
3950958259
33491702
4015354752
3875293403
4036435467
2886682062
2325422090
3223736635
2603610276
3929986752
3884884814
3092584308
3928042287
3914276777
3317333354
3823875133
199461874
22168487
3863271927
1317712621
16844185
3767005754
3761066958
3758587693
3757217954
3824599276
2611804032
3735615673
3732606914
3730296492
3718289774
3702176479
2337491022
3776144241
2494303064
59542832
3766503197
240901822
3345255424
2471643985
3656266578
3654377833
3743447237
3635931252
90054988
997735476
3700511115
472516307
171671452
3578067378
3667558341
3557783593
3645588207
3642646995
3607667175
3636598335
299188947
3495770548
2784619632
3330734465
32402608
3107789626
2855666427
3009534266
3410957218
415349092
3260729556
2954999301
3187713901
2847162486
2864286154
3375001433
3172378754
2864314343
2466423674
2841652475
633959365
3265427132
3256976960
3243656034
1368701184
3260823906
755776987
429416301
3181166670
2368078992
2591198226
293531540
1963653727
790285850
3298791593
2997723990
3221957826
2964038584
458052397
3219800671
3214621856
3264386295
3259647101
3162022620
3244383226
3151217958
3235183858
2989326422
3004310281
2879498893
1950799526
1419023611
2977968005
2430165854
2890226891
3143421366
3161535259
2839577375
719124282
3148811988
875274553
2524499144
2176307802
1246375584
318218912
2359028480
622932874
3099492893
2613744325
3097528762
300489029
63890119
3067624692
15477254
21381909
2831032707
3061376175
2791190459
2957163088
247142874
2880306952
1012388048
2489089729
3021301042
337007667
3010534517
3006902746
31239276
2941706560
2792812482
530923997
120279200
258913408
2868323338
2834498971
2986687283
2982420327
2902672591
2986430954
2978466316
1497795582
34977967
2840808203
2969995600
833148212
1537181251
2968975511
248478594
2872148357
15917800
2922636260
2950658034
2411290603
2784579801
2861281378
286261719
2812659100
2943145919
296933042
2937962502
2903717171
838505036
1242691592
39204895
346344108
18280764
28328259
226785727
2834989948
2894521079
244625381
2790398736
531291518
2801607496
129056508
1939471255
574647893
255250887
367323969
208464549
2771858395
2902865970
2900878849
170330429
2864814566
153699626
425462828
1529042803
2874923368
376889399
2835958269
2893264993
2787619146
1057915123
1717944883
2599737889
2891644477
2891286782
2774340015
384936357
2841105029
355832259
2852487425
2885832270
2853881122
2851902509
2835518878
2849624224
2849001291
2843997934
182349538
2873927209
222036410
1370387833
2677773841
59283397
2283567114
170026788
266071910
2870289386
14511117
280354614
18741944
2863821744
46340918
2857702262
18204002
32507704
1448164747
2817149054
2812495216
23019013
1575912229
19451777
2821438355
2853609571
311579712
19547566
41130914
2825030885
47887262
1385975335
2812514506
386996956
22743061
2792116695
2802765676
43073327
2839803577
2793807454
342288757
14573557
2833408754
73134729
2793420332
63913014
2828231364
2822549174
82990730
1128478854
2826870480
95067738
2775294374
526336172
474887754
54091431
2800681614
2287239331
2825323358
127812328
1947709525
20589568
2774445121
81767956
16088638
2737040705
2534342832
89541087
1964928762
2825126977
319603324
2813483904
21763476
2805193189
2786903148
280425044
3005371
1263295052
174403240
109473730
348174495
1112287118
2395311450
1115535355
79280358
885490776
76991759
634028495
392420400
