3907726873
2543354179
4779715408
29141387
757773736493842436
14297863
2926128044
3319709266
764191041243185152
750076570748891136
4895882551
7597712
1668777931
3391039258
16529873
2334015098
762142511745921026
1584552116
752920895828664320
4236429591
83519418
2162483111
763113861159456768
4813760954
741369536889249792
742443827315761152
1284063006
760502998514663425
187893930
755176121726009344
3030457101
38286985
3433891804
125812388
3101727566
559398769
747698920948654080
727583470348832768
3226854321
4078334699
746163633189576704
398404674
2831420701
738119507521208320
3226906021
3022274595
758289522941538305
756120238253416448
2163534613
757181820500836353
738278093928824833
726806893562331137
759484907466940420
4696290330
1484354562
741073030915461121
754682518964756480
718800118175166464
2833919684
1532538500
1249558998
3410967664
460309471
708826138852859904
4144205921
862105645
146250466
1912146020
2351352440
711107752479723520
551644827
3778926492
716418756474441728
747618593064501248
443675326
737298265209733120
751070567961362433
714466489215139841
3258042821
187071117
2984564225
754687445329965056
701838828189966336
2310773554
757055436537430017
741997892303491072
3061693648
756905465791979520
4575711613
552149497
4220630235
331058416
4647276573
756247572671586309
730590648949084160
23330730
262254309
748596477220401152
172926211
755870669464866816
751824236650622980
749149329407881216
365096070
1722876990
3103385897
748956317482569732
2927715728
3249110962
2852533264
736991061218893824
2812208376
1109432442
717587054066991107
17642330
354413239
754656957374488576
2894494435
4831746053
748126666971480065
740489097341468673
2989413300
2562825237
1027464499
741035593552035841
714902680431304705
731598002289315842
1048374348
536686292
3108011772
3115058151
701400389359259648
736390337485279233
1391364926
754086610128351232
741762127967490048
715932284952645633
2293490420
753648798455463937
631424909
368554430
2619630109
736619897506136065
727076404962029568
3233517631
731361122436169728
2879104327
736611698182742016
4581553102
726115503710830592
405932902
712840469303013376
4032480013
3990767121
728220261523148800
744853173387563009
475311421
131840305
3033567656
3453390976
2217431828
620284673
739917356131057664
3644453069
732622313770889216
719991511576776704
2748122359
3023457774
3153011014
286253587
4381634054
752194370477105153
268128450
742922443304509440
409266598
739340412804943873
4690025370
752385711161036800
3190093669
4591747475
2393908940
39523927
751936295379795968
3476305941
3131009266
742422062258487298
752173839010988032
2412642516
731954608088682496
742194904240005122
726587602732650496
1674504678
752059206077784064
532650419
735427775880777728
727204469650370560
740538749637922816
741194701
4428746472
3037315634
707060968661127169
926439942
3189675289
145134836
4922505460
712836345325084672
4634651760
3064431807
735241247787384832
3261314748
750986603305328640
2904083031
749015935902560257
734421593665994754
744339830381944832
3157824869
3936011543
741351173786116097
727841699502895105
2884050845
3185956016
1903742210
747344578638815233
149364667
2698427845
2831640721
4868776323
23600262
1859738149
700515544248627200
746742782295969792
2470050001
1335440660
4626939861
739681873392242688
20607007
714625241016709120
748584515942121472
740469253879398400
741521945561161728
731972814404616193
4281091932
2223843637
3109700559
2467937149
2870215099
257125662
2454273438
172645581
3023697236
3245154542
2415978326
728874952087080960
750013953204301824
727215343345639424
752359993
501213014
2555792891
3230537372
749892733385445376
2375052739
4549449673
820359866
33269885
2416860835
192487945
751057466675396608
4913252293
4150346654
456974786
3234060444
3743589612
706790167634382848
738531164177076224
734409054890643456
704174597252382720
4023544696
723114185786314752
4158662291
235509304
709427251826315264
736154749477617664
742494284725768192
147318014
15649662
726491598549307392
3157013392
3124965983
2745466425
269078099
3156939176
535791538
16547087
736156305161781248
4100456369
1969860733
3182130050
4235546255
731889421960790016
3545957959
515643967
4801204363
2868321834
375420926
734116007573389312
730280844951195648
714529704942911488
1200741278
10508562
3573981316
4713594133
4736219956
706510850023153664
4723710269
2799840817
742864454363275264
737417377961390080
4364619796
732488836027047938
730829958948524032
1044640446
749016420265099265
704123794097483776
2297213222
2893148176
1381711844
2785218552
720076972341268480
748542140968468480
743401404933406721
10207502
4831032993
748626090592075776
141604154
737173483155660802
740637170889674752
3222755202
328601406
2798125167
3176539227
3229952864
4098932003
559977174
281888493
196342852
169173525
4488611353
1249546686
611238631
729816653958029312
748357906295205888
716042736818737152
972396618
4740403403
156254349
3117225510
706989451470213120
746452923396268032
4148025981
861763958
3100179692
748135649270767617
785240078
749695877745352704
729818901723361280
376848550
3008993776
2168700042
706224282804871169
4015639941
4649286132
4388803360
716043219646042112
19684844
319564560
731965852417851392
3187039442
108985609
4349234234
2391736202
748088827558903808
132489397
708659375
2486687649
746342779392036864
727217817913835521
731593382926127106
1045936398
334984455
411712367
94360491
1584038148
3353261337
3269906088
1656319236
25314856
740570702302957568
713376499
82504303
15444579
742108790158438400
334146458
2488642429
263234033
6954112
25692368
738822203370676225
738765033195376640
714273620277600257
18906599
17626966
546126354
23887463
49467477
2975632003
2355374790
340184688
1654644468
142331814
733869822514077696
1431873422
739895424782348290
317217238
117356313
3851416515
1964725016
108845320
74005245
709222206002348032
60784269
1202882526
2571870453
65455370
736908174331109377
2907379289
1273730839
3313469529
4238200992
3668095996
3521424134
3872346202
728099242401652737
2587104754
2258218458
722573028748500995
730371613
1408451676
1128454070
727707696640737280
413762042
438711673
4636638021
4239349521
2778710934
43678597
2346550872
4881904228
3416016100
2485929180
2485066808
2452826665
713818340435709952
153293520
3287907422
2273734110
523085134
21437751
708452365490397188
799711939
19204438
3384983793
719552164352368644
4457580614
3237471508
252701736
1447375976
825518317
2936561435
4764953297
709811105657450497
715644641777856512
3145667122
71290395
502255227
531598198
113500717
1916215399
704158932214943744
2181493660
3742598414
17953982
125427038
1081819903
24593484
2209938181
216502130
1160483719
2286168001
709101218333765632
19000321
155943090
2570032897
220463477
3403586685
16074806
930826154
144619588
3255233053
279112515
173244861
948180102
1106883991
330990153
2381221861
712311514233876480
711569035305979904
3712370535
1398719749
1547004674
10856422
715202118953668609
710810430114033664
712350860999839744
715221394410364928
710509063726100480
714264442343723008
3392999883
708914277957115904
304306028
3588371478
700907500162387969
1164096800
1614135799
2354103552
55469354
158624027
287793081
129684883
79797487
214503303
271556763
325213334
3196281412
633289888
2574132529
91452466
1054253774
1964588402
2347374748
2236450680
711991598205181952
17971747
3375188128
2866595004
351978731
30472848
705653954101641216
820574318
860604403
248024430
16753424
2801918718
178190486
39737021
987900972
910882940
3590192243
2827527368
298199568
989849976
33551417
4835394979
531282820
705086052680077312
214196112
702233908910358530
3259927609
81136211
4228663919
16512530
2900583291
792978680
52506703
2765132639
984547717
791064132
189716297
42034114
2393063119
1942284397
3311899446
4174112873
704333328149655552
331514399
3089040558
4439735303
124556404
216740433
50409017
4911260001
4821471753
248703106
3387566656
3018189296
510746189
17973268
3170150014
4268950694
3026015829
894321606
15063486
207244967
617233647
14457121
702155810
83242536
17628113
1918512728
68095519
706588354561839105
4533948972
53020829
608243816
4604559973
4564047262
706838589062160384
383752167
79218153
420452851
25886379
133962846
1570687681
508018815
4005861604
29124567
1328410381
704519691075608576
1947181225
4581488532
206755786
2596350445
2583517434
2880837344
1322939803
4855515077
560082722
10678032
926531402
1545412286
182141066
44209472
15723782
2936748783
592650473
702352506328776705
2709453127
2446382107
1117655929
4894575734
4823752048
354691913
950450641
2740399876
18377913
1491549728
4763923160
3168022223
1206244309
16866585
3267427074
2262634886
2849186490
14235369
250376045
2394939809
3819351567
4856105890
4852307042
71344581
4861803170
355897875
194615561
3381494908
3936559873
1511453792
876740551
4686170306
4894507813
4886170899
3730236915
126875579
14157804
2178901477
3196405270
2982902510
3068965195
35221991
866731993
696845712949174272
315239159
4331657417
278336100
2821275845
4890741321
25780843
414811124
18903953
1542114595
14735130
20772681
443996914
935904896
139387340
20398769
1708067851
4831740274
449808625
4880100568
3242461482
4214102727
2229111582
3327333722
15240070
3027781875
4867270053
390594704
39939314
2284046858
765604507
43782326
3744853278
39211795
3315437083
945106412
3227058437
4040490923
374138602
4276245136
4548980777
58520551
2949215445
465668763
2927276992
291072046
3271771807
205905252
553690301
2360623159
599338645
18523351
4218553214
3407999853
4497268876
4195261934
3297881141
3587247494
351009963
3289342899
15503210
3600354862
24359039
2308909554
17019529
232966858
2685812250
3351268750
348006983
3222121930
3421310889
3432663252
935873726
3593444296
316266705
2166460568
28067466
250467700
3371495079
39595443
2482468314
2951045635
24194030
1911000746
55532457
3384073349
111950174
3390656536
169482883
3367477017
3243741217
372998146
7412462
2960449085
2997789394
3199389838
3229046381
569194033
2356754006
3130347964
3080838291
284160244
3024546395
221777933
963076195
42200628
56023166
598692528
79848384
615368010
1909758506
2875501614
346255213
2332137835
1449161942
326350198
2347701830
562834908
2942203845
17757005
2820794283
2833170762
158253547
116610550
2887544931
1601702700
2845578484
201387364
2583288099
142576237
31130376
1145837502
24770797
222535211
2711156869
2468512208
1340645899
90236769
55309981
1635630650
318831260
2759687962
49735086
108789391
19608297
480851095
978983136
291369954
2561060652
198433144
360999263
17495447
155775923
1598736895
192874886
78534763
326450140
1499361558
2512147700
15502950
79473062
41995398
45513867
1530472884
2497339399
1305807127
7349062
1125937411
422763017
123573130
1309088485
2471696460
2478898710
633899914
1636185548
24700596
1132189957
725997516
1902393445
1347042894
812170212
427623907
2345520464
83869914
90066820
635593018
1954287907
56672093
625120958
573324333
19760975
29927843
56820879
864942162
33249322
18289672
1591254643
2212702046
60201812
74908578
2172410117
129826778
18496709
554636749
217158082
977141390
1527246836
569462028
18956073
38890003
46033051
22526314
22523182
44986866
528510262
975387241
30731074
408244773
1408853089
14974901
379297386
479385753
241140071
280836945
1503541878
166557607
1648037426
387123654
626095261
384022150
857001662
395487463
53456508
621443162
36970281
1597236792
240531800
280787441
113102478
324602503
547969112
21610586
409062401
361309782
234441491
538205696
1560868507
1147767606
284031642
57977498
1413233197
1377827330
1193749284
1058681492
707285558
14353079
312521640
2080931
398455975
465312881
535482569
355956921
967694341
399689149
24645354
1415372947
516788778
188731528
48088063
139181327
450291742
14851290
902139174
818321988
59456185
40903742
1321619221
1195098960
287163355
184887528
46699040
31464977
289972242
117316488
87044744
878133109
48538118
1138370700
1043257699
338545850
330752823
109081931
1002112968
632836004
1068752485
579881644
114910246
583872047
56608688
185035708
26106475
27834732
555454677
271200033
732341677
983558654
618283989
594050550
16703058
579648552
954799567
876561162
868720004
554335063
235905268
21779975
960731700
107913322
301176345
943777676
948775369
738873422
294145954
19393565
33230420
15350768
19691048
620128790
303431278
69875528
48605417
4393001
838015308
23008116
277317952
444378105
857089856
894097579
40218214
16383523
25253084
555307309
156214500
35767916
436405803
735210337
801686510
495948373
370685198
105186990
579874232
882836724
17798031
129955325
328154381
778500007
354961568
151071624
540122045
389273426
561434647
785336011
911800916
244146542
727360291
906984812
896986741
822968796
61387481
383918891
752236526
802375880
259469442
210783958
19515059
45875196
345759744
49172450
470587742
587911967
54988069
152043061
19808025
441130237
17790440
19580890
793295376
43635444
858700933
34434801
20958510
79638576
202449716
795181796
295283901
23341160
15012679
586897390
588778634
612937453
231610448
630654561
829583773
891012420
446414456
760732266
869843150
15203873
18323740
385069603
857152423
401022871
196081738
757645226
25355238
389783938
26742402
737678563
797031026
247572367
60289418
581208454
54889778
262354239
587313695
279291403
14904533
580098977
408791880
219496700
18190205
350235446
606747984
588520627
10196452
219143917
518621075
821892566
374597100
16963799
102270669
622661135
820325725
304730655
102211444
774846373
788462719
345729237
35855971
248845681
184018200
369458039
140566735
704582028
635544188
561923063
636923107
218193050
336036079
345321778
626074350
57652284
25001857
593352610
603243923
586015459
302720798
556190159
49546535
71354745
72150054
313679399
475733253
180389279
371448515
395392927
17757017
18170310
476446467
410660291
297023861
339121251
448470182
33570205
377268232
438574203
241381733
449631962
222664995
460266087
355537716
439206955
511361279
425891586
505485056
492359798
388722520
463195572
506657843
454438127
360916189
89015262
57136338
492469020
16501029
26305647
384551625
116319448
7712832
396837565
15805629
55113967
389225406
474676800
461268159
469048105
91065432
306022262
110018215
60743987
392666238
448097150
430538448
142820652
421790126
400900019
440802433
441929053
436628338
332739604
415388127
415386630
415385649
414780814
420348703
426867609
425815271
380995190
380863668
15075753
373050064
41658334
309984165
371203158
301513471
253117450
364169950
331511896
26929151
335453683
281609439
20645175
55859421
315002988
27846537
304178970
71252642
44238721
275362637
23274472
63004899
85669787
81545244
15614411
56691830
189316363
241209201
238739589
84204513
192272620
222075017
24512336
168674765
205245072
53169732
191021346
186681405
152573601
146460948
20207764
186741416
169422625
21891923
178190063
165860344
104501441
46033617
33319456
49876638
43079889
22196107
57108112
138782514
134033562
21577396
71301746
126913823
25583569
124403087
122730966
118328812
99451236
47620202
93123939
116109868
114872671
19854022
113548372
113288456
112663676
111175718
23607518
28474322
89397591
110935096
105366424
107699578
66552292
91235997
91233649
107287912
95579341
72494091
58263231
57812556
97358798
35605233
43052394
24536459
83929824
86286821
47690420
80149561
53217396
84148505
45234598
89542458
77454385
17366600
19460840
68075281
33228867
68862955
21369185
86231000
54405555
68499399
84422729
58413450
84075344
73199890
15102818
82326906
30050276
81707727
42633330
16578787
81468984
30657192
46014414
49268339
23406550
71607578
67372783
19226961
62645747
76999869
68179600
71210709
19756450
61781862
15656180
61341640
17208763
67114527
68627978
46748074
74277432
73780445
56938680
18885539
68670050
76110841
68846171
63213337
59375344
39788296
64561508
63821258
54531873
70482205
64734944
21256304
74083972
28449331
20556343
39749723
18413336
70510182
68734739
29044304
31056103
46607995
45921271
11033782
56309445
46994071
39412662
62702611
71452510
14242431
48402719
47630392
54974827
33427705
29777259
20925314
37839282
23289215
73856993
73856492
73846535
74213021
73846354
73856035
73846341
73846184
73846174
15260162
74201935
67004441
50646253
70875594
70799685
18519345
23515533
36965316
69834138
18184550
36317891
53358087
19038056
65198753
72445959
15653784
34712041
38169542
71728709
28655426
18639089
25421650
39689157
68062282
70228540
67153947
18603652
6038352
56055513
37450271
40318223
16174727
