2784820064
2778872923
733909594150342657
750348880663965696
1901334618
2485896464
16492215
4707009269
111680876
3081695051
4708569399
60324189
64664422
29833261
4717447413
4204844525
4204390779
262751028
4204107959
4203936047
2241752407
4203865883
4204299015
4204297516
4204412242
83696994
4204504576
4209926789
4203942873
4204286825
4204007187
4210032436
4204286789
4204225996
4204164917
4205002107
4203816495
4204120456
4209968122
4204350214
4203865727
4204235349
4204000816
4204057623
4203867017
4204184415
4476760574
4445563997
4204234349
3331494317
4205215469
4205217021
4203943581
4204109735
4204027353
951186836
3435277653
4204440221
4204058183
4204409110
2823844460
4338818008
3678368056
62618826
3427639090
237884601
4285043840
4330611562
437890602
4378233912
19574238
4258378558
2695810070
3419945357
3289777627
4244391047
3814176986
2620372857
3033318248
4246657040
3376919470
2348523218
440791121
4136267235
316242601
2991532376
327149049
233358571
3982444692
2957024462
2542476254
10870512
18548136
338097994
318198044
1513159880
317807484
3782710213
3322764287
3772645815
507611461
1648887008
2447829781
284884155
2899665853
2802975072
3239520925
1144818080
3269891137
3310155019
2767267556
3412642977
3411583157
889805600
1694651700
473489456
3296331650
3225005267
3304132556
143380169
2227061582
454483111
3233472980
2978819530
1584163076
3164286294
2808813408
200163987
3393740609
3323980720
59038265
293267782
96972239
316583747
317626322
1705615087
3297984830
446916036
316539303
3299049368
61015562
446147999
2571872893
317430591
24396867
6596152
3330965705
2178759042
3291856190
3208666421
3268086090
117987167
3063572471
3026456709
3030308663
534866346
213408843
3032712987
3280301359
3377845042
2444262189
3183071076
1528324723
2897593697
3273296322
2662153364
544382465
2937735007
1311092732
68321488
2876442414
2265378579
1941604141
981597690
1193007020
3257448961
2614385140
2588663610
3324234485
282031727
3110266934
2325455347
2985815067
2978122637
3229807303
3296206647
3225199081
253016437
3229199602
3289592909
47336979
316614080
2359311132
980573052
338262174
541465065
36832842
2559891481
2898118440
631669280
2612403996
1721088428
104459389
2878978293
2898125850
16050296
3161604356
173167923
198039504
2955738028
317557250
1648045988
250621937
22730618
23338145
3231853132
310351695
218697713
2218363970
2199961428
3002289465
781131919
338255103
1398701342
360173263
2163916170
338115564
567752461
316594481
3225620956
45105778
15645871
397993662
50118126
316545308
318071009
37877645
113422725
1635811752
18936284
3159124587
528807413
259689332
2240064865
20501583
25253084
317124626
259387703
160075974
2388064016
3098695357
3097914650
48343144
316536365
15274836
603471825
588559501
234827348
282940976
29015085
3010398018
17538349
316326533
2858251814
704559630
3228163498
3078175842
3088511661
2931608331
98264466
2736718396
320812574
2410882783
30249176
1675479854
1267351753
317219392
3130727825
868810314
3177067142
316230716
828791870
3005675415
2218362306
388454092
443670861
23327597
603469461
1096287596
316585347
448321732
316548434
296850326
3087150164
1561031316
316376388
3025939600
2970429202
3151008732
76595252
2886645436
379498878
2243051899
366037191
233983069
157257876
385460980
2879843439
346836110
2401086943
2701213939
2298984210
2361516942
2982088181
291764346
2701492915
2400152734
395773875
316426745
52835889
83688326
1191476053
81132258
3002138231
2857627460
422216482
904810734
585591811
1111775804
2956527375
51827065
44297830
2351739991
457338834
1694643314
3004278676
189050344
977550956
261053799
122231203
429031681
2990786480
1533840589
492146500
2949279304
1693359115
2474058360
2935251391
420627794
43662736
1135700220
3031499657
1301056502
1270541497
149488604
224704470
501830241
132206629
199826081
2977101886
350403646
176547036
3088596743
2950571085
219976460
2312501143
1479668388
518898392
125512325
1157928384
2316246829
100938828
48356890
446624958
973688010
59393009
385829355
2994312988
2762785196
2874589024
158829285
296545369
1499026446
2541357239
903578180
2222251922
2987360316
34528592
2459611538
299347552
1103249791
635024437
3028536154
2580471481
2954420030
24571916
2929962643
3026931933
2853466898
334197707
3025958727
1599812240
2216915498
192894240
2925627815
2956061974
2890629997
42170658
38436516
747452280
2572649697
200614732
2284066573
588728409
883128109
1965457579
700482834
2947977619
2744487833
2762935654
78448470
547336223
28623510
518615888
2906079698
2162845368
2983105566
2993030541
2154205163
2856901565
27821940
537212124
904341704
2484195476
342822563
942868836
2889338488
2318945655
561654065
2815582813
46467450
2408538376
2750024525
2949871780
33503217
2838141435
401710943
2957850628
544508239
158214356
18775482
609742172
2611653028
2950954891
298532861
405848934
2789857985
42462028
2373145297
2813489440
2900068807
1561817358
2813301426
164904686
96148306
84590159
573600736
1314177962
554335063
447228526
842217397
18919838
2662105045
201547778
598580307
1070688091
190971689
2504519304
2329508473
912743496
1316631780
1000098456
354961568
277431039
2266107109
242695859
444401789
283631263
245990733
2201951496
487249114
633899914
2410065410
2426563554
2378713202
21779975
547699457
358371609
1499230723
888424928
47114187
1466366744
569915255
25236548
169215309
2451676018
15628274
2375915293
978983136
19558732
366176177
436098858
2249377546
186966745
65332206
395086839
434184087
1126458745
1531277846
25790696
262998922
78883324
38976017
2403050339
2381294894
2371680043
2372745929
1271781306
22270618
2296202075
17070787
50094643
368006824
940503344
464245176
1357076773
20897273
287147790
70203032
285730162
2252163392
42091611
528335923
336162378
1425464527
90577822
2348158339
414938338
116279315
42589695
2264289368
112479899
2311669454
20280611
455798721
397384388
2248112163
16700546
2307291296
343295463
40675968
382011142
2177310724
150077076
559754468
347633853
932309300
2237002484
326477382
89732983
2310232843
165940791
1697925708
1880103656
2316416198
420397700
317630994
632466068
376973836
179105035
2318743294
1124229404
834566588
2175963457
2323750837
318584628
139916656
374954808
2316877266
257436962
138249035
1930910041
2319772394
377844170
217136747
707676236
2313582170
1901003443
2290984279
137899876
2316982853
242618658
111225697
945223483
801511182
16710420
1481007013
222387441
32274411
2287272584
390641888
2307281275
2312413866
140517388
411047991
2175089487
97476190
21426342
2314090526
