777119037650182144
941811858
709324642515689475
3317341238
4228184959
4221895840
3992418799
177826363
3728032288
4119485959
388391894
4030161012
3390994033
4020248834
61426871
4014702313
3309152778
3683607704
3586902613
2936001403
3683575555
613031512
3615210434
3317384040
445251829
2905039057
3833424314
3731733794
3323158024
150941251
3602558232
3318718375
3767904319
3311408094
3313130628
3707962875
3312380875
119186694
3617470634
3675142213
3327478638
3687349214
2912103704
3222936937
226429462
3675864740
165676642
150871242
3589936638
126551690
2995373768
3195149816
1682770392
3581354796
3286699964
3572931672
2922987746
3616586054
3569612174
3674316617
3576296539
3572511973
3555895338
2215094329
1912005427
3314456114
3571948934
41057546
3082969653
1376738857
1189313647
2363962219
304273999
203978429
474141876
753322262
706352684
94137089
261894547
250019655
261336776
914745049
434302323
368405622
289484522
866788730
484722342
21315038
74104646
873927432
392548945
20369825
54321152
484706138
484700664
484734153
484701724
484722773
464606573
464631890
484734401
484738543
484685341
250807719
484739897
484633173
484690140
484633477
67841571
484585986
484640225
484559010
484721901
484697931
484685806
484740146
484700830
484723449
594088967
82956754
41256950
187952626
577457174
385481795
592360064
839176758
282966245
628649387
356361326
95261369
618608300
161674841
724372068
168877253
221571375
43600056
330197275
115609754
384181159
591965034
211484100
192442526
316168044
189965044
787415179
23280685
368705566
614304301
309153834
318102998
467369770
637117781
22946422
13306282
236357075
170284213
19298156
40423690
708867320
181386156
319279471
724762537
637235019
726570696
729006620
388516100
213206049
367170552
553451701
51908250
31593743
547965731
69086414
50732238
255544430
631853283
613890330
443778306
460289685
114734854
484425413
517698501
537085947
629962376
633189859
632410922
542351271
159443946
378321291
238572548
45638054
267507774
147687230
601695529
626873625
328574921
177609305
147304106
173885896
603022010
356899184
84916642
112174986
48943596
480754211
437691294
395439494
170548898
619297707
93817759
81244856
470007601
16630266
375974386
257215505
89745061
561723657
239466342
34188766
431987502
499095262
461918689
461955453
461955820
461955672
461958442
461957242
442238068
442138033
442246592
442067493
461956641
461919735
461919589
461925561
461920339
442329755
461920169
438349283
461920177
442244411
461919542
431891108
461919889
432017268
461919641
427694073
461919503
461919493
461919694
438523023
461919640
438505032
461920471
442297692
442253727
442172199
442181938
431868994
434156272
442162342
325754096
20574133
150045838
596452618
350196366
514301471
373741229
237285097
130619386
92547554
215979348
220378920
126551471
136857063
590038969
385676360
27497615
245002421
80413201
64347671
154980142
320700126
38541154
574521076
146869766
548898250
85995019
560460444
562911468
211100480
464158829
229478113
375510305
165321270
16900628
354674794
59983586
131930189
554995409
17804976
442282960
65484455
517379972
18048394
292638429
551874301
275816956
469725895
528300101
255551276
180861238
256500089
43650925
167351211
260980180
49720792
443010841
17258461
473542556
376289346
483497938
121130115
512631851
494481945
481533762
146798331
457758306
167954464
14265894
493223762
342725877
385643359
453867687
453848623
360698800
451446729
310078719
499445838
151393194
432444611
426166947
90837400
407473142
23392431
163867665
338421063
113403004
83583534
44034393
44041182
44038186
162381330
111966379
461849021
17240235
410812263
19758510
416359027
409648052
411871026
411876184
452933143
389719367
413104793
492601531
24830678
71744940
461130835
270002141
372384876
203844593
28839989
80547313
177358363
440079365
387325667
303097890
25042467
99820682
39651447
16383523
113437820
36032320
447382020
123149961
388325873
299208629
440103388
337792142
86961454
475373286
192236628
128249767
236218167
458096000
191419991
234017355
486829105
145096002
492928454
89677009
22870443
204300471
40552362
404903714
176999700
145034480
56905598
435823053
426422445
418376688
388836551
77911777
122881492
334082199
347768160
275023047
43124942
