1291280923
736258862928429056
2945906365
719800314740613120
769576144773451776
770268198482550785
734553214121566209
1580141940
3514300153
749254172613046272
740059327851986944
757531861149036544
753115730300764160
747278735737393156
2957232072
712820897225125888
738628563348258816
4830110323
3184785248
2927344585
704306556557365248
3866697134
4884202215
384252996
717628675584167936
713220073658327040
3323768640
715717972036165632
714780593272127488
3825088237
4366343472
712302875192348672
2558551106
236604768
702563593502339072
3240466652
3233028278
702680711040364544
3249741258
2955081744
4045283593
4919267659
4885768057
2905479497
4721485345
4914600228
4666493652
4738280340
3137568242
123784258
3273983778
4798989627
3946387094
3644540172
3736197268
3968497040
4872189027
3250722540
497449823
4430293992
3759054202
3281574366
3453393913
4068300801
4157510600
229011237
4066287612
4109424374
485633968
916139461
3311110514
3535386612
3904794572
3581738119
3265798022
3294679309
3465297432
3236537995
3186505160
3246038750
2150983454
3724682294
3778644854
3600612672
3272198580
3545560334
3594187392
3683219773
1386768374
3617633417
302132346
2915108875
352811153
3328482037
3326332872
2947582082
3300881605
2549434800
3226952168
3416305522
3235272008
