4063012094
1063375495
744225272472317952
743925195560353796
1829638640
749245152053559296
757934166302420992
750918770961645568
47169238
2448200964
756886236128800768
756513717962018816
1248622129
4262631033
729278281581744128
614420088
2523338418
38143745
751686195176873985
3253216034
4848933106
391193461
2280184856
749280594870333440
100572200
4341807859
716122533691392000
721717727287586816
747004265705660416
726621545104179200
790027723
732078366531158016
714467979900153856
1183486656
702565101954424832
1027496276
718716772128399360
291991607
273053494
2792220260
3734207538
15114107
4794263114
2974465410
739119220651331584
739054906691051520
485415712
1645454743
736747111388188672
1905556916
177823277
112773911
729701387123089408
3198904993
731685563233767424
730319542044368896
626312008
3019133162
274351990
707559198633013248
709791611320868864
3219624883
3436680525
3149852662
4912686087
2233135202
723765622232985600
109622831
3533888419
75543158
4257469574
4759479284
63752206
4716539593
715320219640721409
712246619807162368
4704004698
3086076258
462455195
1324802557
3244824554
714297904706392064
717686134466215936
3081266446
89002012
1095808100
723255412426821634
117323058
2759446134
199627791
2795446105
140690195
3329125568
722301729794973696
195250031
3573370633
1870144128
61577278
718091835982417921
2340411220
4900129974
276886645
3326820200
718856254983053313
434716991
1114527031
715048314778071040
1632691818
4787013172
2483312112
854640685
2986699897
715514783995465728
1116926101
714544692201791488
489550912
714437477516189697
3624794778
2621980820
713349981533396993
1193007020
2443673538
3115270649
4866283425
4079685325
4202984069
3191621204
706395918757527552
174737923
3146272652
4917112093
2333015964
706455802408624128
700904595715964928
706442198611595264
3918162328
137695454
4633563683
2726686754
2713445340
528335923
192302637
120391980
3744449772
81519665
4890616654
839955498
4628939184
700938999670579200
839423262
315732526
701494270994190338
4908754353
2911640761
109512246
4872323725
2598553032
4473082334
1979637116
3183942428
4709846593
14251801
1264110084
133593124
3066780180
3227007618
4717552817
4756913092
4589001023
2957024462
287548679
3170614099
3259777716
2824072771
165390325
3092961320
273952078
3759361580
487434994
3246104986
55582019
4742340793
4739074027
2564841744
166884342
4652413159
3612754519
4718303882
3811866918
357081450
248317806
379075040
4580695517
256904746
3904641434
2940845158
380984642
2971725199
2594774983
122645808
4303689554
260331920
2881826828
4474214779
3145130036
3080028464
2785397899
149424781
4346598672
341066609
2253161784
3671567534
4125310813
2797878578
85974576
3284229890
98339993
64355384
2564944500
3165839522
3086174227
2936616810
2953316923
2932119427
2661311922
229383772
2997147948
2396541150
4042549393
3066876901
310401632
2604088764
154502692
