787189946360614912
2829557777
770545762279325696
761543697993392128
2853442452
753791886909898752
3947176341
751951035091021824
2613390937
2829348847
1870118538
724259991042056192
723853331920203776
3271657820
712279907212996611
4173559450
2894794310
2928422654
3299630498
4682745613
3280740715
715747438141837312
1616651101
3250821296
4272585567
2816614549
1423884284
2910865165
2858138496
4711400232
3455639414
707152180134842368
4924052599
4796965885
705000777354313729
704996302594056192
3400944825
704014633095421953
4902213361
537308994
3304176542
1870241503
1870183668
2901044316
4913772897
4864464074
4816241122
4365339072
3403790103
3290421345
4877333151
4881010896
4411065852
4873610066
3300114695
1870229202
4877358143
2894530579
2888920633
4857347700
2866899692
2853081817
4529874613
3117292221
4848838975
4866288921
3288862974
4858816463
2893758756
2954358037
4245222374
2304313644
4796947272
2809490698
2914949959
4758252390
4823418161
4121621421
4394952979
4769225864
3241473852
4757760762
2792361376
47307773
4750598372
3923391493
4708773745
2935770067
4393376596
4742182994
4258636453
2907964626
3704225605
3006910711
2831669037
4712464392
4135588278
1870273261
3006724603
4701871950
4630108932
4697984432
2546357156
4695174162
4627816754
2846989752
4684380396
3246633750
4673133198
3043463538
4034169553
3677311092
3508814240
4641619704
3424195079
4670779452
3426672792
2400435482
2997124188
2711645594
3291568430
2859721346
2997439855
2998332948
2899637041
2915338321
3096365119
2882567453
4647459673
3892415612
4608891193
4620419845
2854600639
4177275614
1870297315
3197610504
4621016354
4620929114
2945675395
4484368392
4304070499
2481681367
3150954458
4601808925
3309714432
4220834239
2864894902
3647983399
4473371777
3275239147
1389303408
4390142833
4557790273
2843612989
2853240986
3881922563
4573811354
3190376256
2941392416
542727619
3938340557
2905279106
2894440512
2854157107
2855421118
3301649040
4555121833
2852976912
2857493701
3055783597
4538080998
4184542246
4532403054
2885884200
3267853495
2857704198
3767383334
4443421697
3225773358
3275093846
4436755036
4508563874
3252924516
3197780545
2858193176
206209165
4486730418
3304861940
3020972287
4392638535
291540170
4454780953
4418175792
3646751594
363359320
4442843474
2823796465
2853033338
3279352783
2983944271
2318378181
3009099367
556754379
4338986446
4342638320
2855338514
3308391450
3220329536
2882834991
4108749434
830484194
4400025918
4389815234
2996768360
3460264274
1588137949
3444637932
2860692162
3432939334
3996741498
4305013420
4386056533
4112852353
3253853816
3301131470
4292393662
3238829803
4012696753
3444197654
4134818240
2853406069
4357947019
4267904353
2824765205
3244067870
2866381842
3030147617
3425762473
3229337228
4342698798
3482097014
3974788583
3303274454
4242426980
3642820223
4109865832
3311285192
3462068671
4306532965
4164069553
3327678968
3010140084
4079800098
623886220
3900983414
4090249182
387742278
3316049432
1703995868
3346399464
3768760213
3276945194
3013433816
2995940767
3227354966
3304234309
2727651490
4043256854
3317482214
2889271286
3263039154
3946992378
4080844040
2998055642
3251492064
2148253009
2299895264
2854354327
3102473959
4279884918
3151346742
3306725792
2853287340
3433595843
2575003592
3007790459
3745500674
4248101953
3261572526
2358267128
631832898
2853842216
4185394456
2833108943
381067472
2881002102
2914336148
2937885163
4257952278
334770866
2853365675
2843870649
859940730
2894019559
