716340301128970240
410823049
2432543497
3963357854
2720793881
110460524
167308598
2595947155
4019689396
3817775602
3575263876
3124499361
3252868918
3252822395
3310924858
3906755961
3897054917
3897020175
3897024543
3896939835
3875370268
3897000263
3750206961
3885684802
3885693730
3896954361
3875358286
3119718533
3095296480
3220719721
3346115452
3583303877
3345968697
3926451915
3095188125
2788582274
3121616791
3182251054
3131687529
3335850179
3615645023
3346009937
3241502752
3367361967
3817675647
3817691367
3128186822
3973620082
3906704657
3969926356
3906724943
3574792397
4019671078
3121578734
3121516944
3121534338
3128375599
3175174761
3301812890
3718624395
3106353911
3089384201
3302016275
3130916224
3138015001
3821494463
3112090714
3343215989
3309527104
3309427065
3837448985
3367460044
3303848614
3370393918
3092076411
3370296255
3345975351
3676148415
3224637497
3827424136
3146947275
3343267534
3092158876
3220680878
3128217691
3225894093
3135279269
3161858291
3124499769
3750325816
3329002857
3222630191
3095241772
3367358355
3303788371
3175212383
3112022986
3346037925
3346135402
3124495839
3309442175
3254056716
3408218891
3368505670
3435355791
3463909993
3278333052
3285114906
875009731
2503838856
316046353
316542474
316603441
3853401833
3227541528
2335695229
3402903993
1517989477
2397818762
3364863567
3067923926
722238967
2863429644
3219898299
3121128634
1380584712
370010930
2250540867
369140813
3303873303
3229109978
3080126871
3293036069
250562571
3253901608
2916049707
3121066994
2866131289
524415986
3185507168
211609828
2471769343
3193533388
545793922
3194354643
3045146525
382475414
3174368927
3173337688
1634408137
3077648486
1524373842
2368350404
2715845286
470590105
1466663174
524581788
278050713
3105655321
2570120638
3104088903
3082673551
3029879565
3095864763
2780737702
1167372792
3087176539
2868047640
1644972278
453292587
1596206022
3071345090
1582310858
117874692
1278844962
1680581364
3027829950
2866585882
406866779
2922686474
1918735879
548894296
2937282700
201262606
3042272172
3035730126
3036678362
3056871905
1280276407
2993084399
2908036139
1384538228
379292006
164373188
1320269886
2337033674
717251052
57652308
306784861
213017249
3003580062
2789021532
748505864
3041649838
603028691
2964549705
205802474
3026540187
2922151676
2868980735
1095379478
2991161170
1372303520
2252668504
2998465919
3016637520
1305588277
3006747959
2959055717
994402898
851755910
215756069
2315822510
3026018663
2885659927
1312140636
2956461374
294500772
736714003
521812632
158468843
2292726354
1375727275
2628345151
528949093
2837031580
123453491
1013770092
178678932
1594372591
2317338535
1688388895
2414499840
793174058
545481373
2388990737
3008943713
335276814
448942897
2428374006
1963215306
1168736503
2425809898
870318163
83935025
2544887244
940445652
1919890873
1856368176
91665743
554267775
294213774
2872313444
278810705
2799700331
335838749
367308671
2991833672
2798807363
33104336
2863781190
207488234
296010124
1072687699
3019276761
2997648673
2252835720
2907648973
2975243624
3012696455
2996564727
981092330
1351581570
40517236
153169642
629729394
1252990818
2906499834
3011221048
2363258174
195775163
628775407
1865982438
3010383087
3010345449
3010279775
139943276
3008414141
42497987
383894002
1222885176
598156946
2892688515
599947263
3005542256
2995206180
2296356584
615180523
770460896
1723531568
1100019709
115514551
1291998871
2566971788
1232638453
463976423
1058599104
158415816
297494777
612919152
2370845125
1525241996
271665386
1334750550
632176437
217802619
1361818526
2643015910
2622706145
2934224566
619887264
2850123438
196543207
921964752
626919819
2923192301
1030436305
909646430
2990744617
284363820
1402325996
233205224
308081898
490256059
1927886952
625016581
1029030462
2843921185
1104631117
2994563072
1556898552
2336907656
2299837557
987164317
371219379
827510006
545672465
136668978
39329271
628605198
2663986658
1018110103
202726500
2962098135
2960219482
2962134971
2927185228
2935396732
2645368897
1880369324
488176442
1275561589
3005895495
1647824042
2373955978
355067425
3007324847
1519829130
2720519055
