3186928244
748311312447344640
709622576356704256
261078022
318194499
330630440
392173462
698588430259728385
450585486
2665220135
637424907
1411282591
1658114046
2940779732
2955673354
2806806065
2740873121
2858509230
2939731569
3027336333
2820528819
2792777668
2747347229
3198248712
3303702499
3430231575
1689550512
1264007318
615290114
724347223
156723674
4375099174
4202960241
3063579045
628605198
2271064802
1505703270
2779985124
607440185
2973078194
146999279
940386608
3286801501
3399575561
970708663
835373412
433040465
4123243336
618009218
4137194475
3035103819
4202300895
807262862
2846684427
1851877784
2500804260
268488879
1944831204
1320269886
2369865588
96436445
1415825640
2915983997
3609804502
2976547305
375259308
350219854
3057164943
113785006
500198249
4087361053
3404334532
3935540474
4070676737
1336191674
3776953643
128875730
1645795650
3834362718
780340416
585412426
1132142070
3687706755
738261433
1320907068
3386027925
4039245975
3606389354
849782959
2863023472
400159618
3319886378
3927888798
2639116009
139732380
384499358
711754824
4034541916
4034320281
3401820861
3401186758
3401128547
231267131
3871044077
3980834715
3411001833
3371804951
4027726456
4033158869
4033335317
2952287470
2990322063
2758849846
893047268
247518472
847319486
3927063314
3918364998
3852727275
279022440
3304767786
1404816420
2635279306
2591852888
2708453178
2708488010
3044533467
858955489
427513945
490904258
2744452109
383100585
428146695
183912009
2292707849
1524149328
1035107274
3369463534
3401814154
3401758415
3401332906
3054293679
2994102331
3356540834
2468557629
1257978565
1692265747
3054262613
3161110445
3294190805
1517854362
2913818773
3295840102
2899667573
2759662239
3153885958
3242360517
2527446426
769065972
2477868655
3267151581
990100628
107466060
237714569
465602435
3260479846
186793347
2968521804
3004882224
2876944266
2956770798
1647737989
2351745043
793887278
171735350
1553851128
280168774
704634580
994142586
455488130
883791188
2796842769
2907473257
1921481726
2314403934
3183367250
3020390654
2794041932
3041432245
2794049474
2794035548
2974675393
3145410570
3247204409
3183372950
2975518034
2434450646
2895121912
3178602710
3183207074
3183283687
3178495496
3178524517
3122727903
3122711097
3078785880
3078757080
2949873423
3078772850
2578011056
2985839721
2924874178
2853431323
2866319622
2823624807
2862843288
2862916880
787439996
1541542224
108898783
2264956394
1149483679
32455644
2415556599
1300742204
1666720345
1287586615
2261335206
2296810078
2217502223
2255928538
559233102
2268308360
2171391391
238713321
1712907938
2164243728
1737081470
892263456
2191098031
2232581
34239734
1521131581
2164687301
1431093084
1663041457
1915875937
714634312
1892265421
1900729644
1946625852
1636280438
860471929
280061801
135610375
540723541
28265329
717282901
1917777260
