714599032115466241
4488195197
4898195653
3706812133
3889266612
4517199800
4717698854
4852108143
4687507044
4367619312
218860642
3559860733
70984803
63389152
2376814470
3301791678
3179596453
165368674
2406663463
3456962893
3305608278
3728032288
3129111540
3733287196
3311390304
3015298371
3659194992
3364854374
3297086862
604420053
3653998454
4081206974
4114000834
3967558406
2434686078
3701013373
3301582956
2986303812
1052200592
228707268
3459720974
3644839214
3618637272
3886727173
3463559358
3832502483
1464261336
3321154016
3060014989
2179017254
3618968664
3874240097
3616856898
3585748640
2425387872
1453439059
187168743
2788057812
3657169933
3312616593
2589087018
