752554537391624192
740565941977632769
2430330194
928943016
56381545
3543670454
733273388836347904
281113744
4813208953
716251221531693056
24995694
3008599909
247834452
24139578
2855449623
109316285
1520883330
39624859
3093932225
743564928586387456
1668976939
165466036
3983144637
38324376
21363569
86758755
2613143381
746003491940876288
710573212455837697
2433335246
74552263
3165230185
755193998491484160
485950825
58323501
719816343223074816
4917122104
715815618814062593
197265911
710299845349609472
19107004
746001670191071233
744198984022036480
3277656848
426492871
732112443275673600
87839537
1197201529
2887198780
1658997146
2174759425
3826935315
1879506732
2887467773
14986598
1442928314
3352406494
75276681
2544088874
58914651
721189231951917056
702536236116918272
3030808072
49013218
744367703511572480
3656076814
3219944390
128514991
743335053401300994
14426593
752563212
3135655625
3747293952
2900583291
601425440
727980723660017665
3994538241
3239956944
2312637570
18783993
2862047878
2874364083
3157534096
3024033808
4882949741
4824137215
2846136124
1343501892
18848853
733913392373600256
4310570293
732116966392115200
2951336888
551296825
735395240119525376
3184303346
16652866
1043533116
732188621575491584
722483913680101376
726770849773178880
2388362792
2891481426
730901406056513538
725911333644836864
702570208393871360
582755154
4363415054
4407388514
402346116
71219689
4885914080
727567482114977792
24959530
254546845
411387120
727942992527544320
42844321
4886191420
4744161374
3899481526
728530385861259264
2468516078
4643612488
722437621067046912
2303866117
2486013948
3403934674
4686396426
723398056134070272
50652904
1518186414
4758530849
22493135
621393400
4014691487
702987942290132992
2896827218
1166994914
707397026607026176
465606946
463423541
4849168558
4120217739
4910048759
114860533
4386946815
3315051425
2412759505
2881654761
3146445098
3143848234
3189247759
3435831712
2503835905
16600626
2593706066
4437278834
204157044
1345580348
4510452676
422598128
2788439479
3255100341
3312984068
710114994688544769
2355731323
151348322
272110899
704409493120098304
3390665254
4909401
2942237229
2835837491
4654877243
2419340461
719124282
18225578
2258226686
458638160
951250856
3250962678
1120000410
366812553
4259676672
4259433257
1223909059
3557841074
42034114
14658125
1976035584
3059522558
323412187
3742798042
696577154360983552
3297324506
2497610881
4720451306
3141166670
4869729312
2855057905
3339795425
398713254
110835004
494268669
28931314
1387837746
3327686651
1178882917
3304965449
59684261
3134914531
2383376275
2970890553
4592948895
2546569084
175472962
353019778
3419578354
3018742509
4665033312
3433530153
3293204954
2706423577
1055786635
2711234281
4449537796
374273323
444262205
1903362108
3352612113
2937574099
293531540
750343322
3362917337
2914116544
48836735
605566767
2775492818
305450301
3089238207
3107789626
3258195498
3302937423
4520362460
97563021
747439244
70353153
4451611486
4162889477
2913992235
118808496
2450525172
4194109295
580857186
403855560
4254009279
196413768
3253430696
456905460
284154167
3427559895
211154075
2712571328
3920531243
275521608
22209201
14905123
2879378983
2438202722
171490952
17569853
3185207251
4228183829
2863787846
21383367
19351599
4198141815
161163433
3063915176
35565544
2842652692
1968808981
4082677529
4162308193
598816782
374227012
865401439
4118871620
3018960919
1691127547
4053130053
931732278
50231994
303635804
3324312065
3289418253
2181045176
3637266499
1349543460
172848250
2623640399
3387991078
87452219
2616288391
28287251
75019567
3883137801
938716291
1623960872
338252310
3094232415
21739381
2946687513
3023145684
392078103
1531368576
316608738
533510212
316631666
315789164
3063615107
25060654
3081236821
3220010003
2880846933
16495008
3633049816
3656401354
59976617
3009860822
111142901
49234326
3368222885
3676472794
3396192147
3091302413
340970752
3232881455
3643443315
3607667175
284565044
1663542800
2801918718
3185489408
3382121055
2864599181
3308282189
190858388
3410957218
746201946
3460723763
2985990059
2631570888
27626694
3236793605
2903415374
3124506583
3316546573
3234809542
30211837
3370344071
2802223555
115529347
3424669325
3289840361
3422978644
2927172885
3395169503
2600762910
1730320867
552810773
422055996
294762800
2952909383
2908330684
38772269
379273120
1016376414
1074713202
47489753
976948010
2396779855
606357050
506958753
472516307
1616190589
2996797754
2938370841
1236465925
58790563
1947572312
282275320
3307153369
2733723912
1499808391
2802164402
3059371912
151512160
3387664103
3229745313
1950799526
3189149778
184149724
479599061
71567529
711192277
16710197
2498245494
2352296700
2900830914
2654065847
3027176071
229017460
3021545054
386520098
2167170504
3113045140
2864314343
2955216848
3213076116
2785630070
3281193691
2675674699
2842420057
3280151839
614945178
1581848742
3360359639
511373232
2518058154
3027246149
3187178471
3063413083
39941242
2838668197
2171650685
2388947027
2954999301
2958167482
586953346
3104057478
509099646
347333039
1606657686
15995809
2862495071
210308712
393664402
3352199583
2936057751
2786216155
21811894
2964303931
15477254
3346242509
259808059
2586452870
175891461
3122336938
282904277
231124010
3233654790
3065755409
2782186519
2787720983
2613744325
858582938
2888140440
2525538594
2946597285
2831436002
446724878
556444193
2589671154
2865668345
2571342366
1318542156
3075683053
298318878
2888535423
1953500971
2876029102
3302507321
2229667098
2871404379
424705392
553504113
19471846
1853228562
2532648118
866626268
2823410928
3304320597
1305875408
1423614704
3154229258
434891525
303505099
950944050
2752897908
378965393
2806109387
2905985579
197421420
3009632462
3153324049
8772882
104364150
94046611
21371939
3107869259
19015287
2823844460
3166221646
2740312538
1439139938
3231549164
3231252896
2377898010
3230747946
2987613632
17444386
290561828
905723341
2329511558
1319377141
2997723990
965069406
66953593
1660908014
123666193
2810395514
182633497
3104394916
2987605712
792978680
260110281
2832617855
2974750750
447425165
751492326
1240154665
616914139
997735476
3037792020
316634982
713436078
323458096
3106787658
3193032893
313788361
1686315325
2802052958
18746944
135162312
2935678934
2791529257
32480428
3185425277
550190796
3164099828
2280090253
10924412
2784278855
2890226891
365059084
2458229318
3165965225
54134690
2874089035
2834878073
1537181251
236147710
356149177
2871006265
2770083118
3091596568
2905205741
3160104601
3167030909
2858521044
275653130
468841864
1221486553
1389463578
3145166346
2797681808
2855287858
2916246903
50526438
3130439448
3112569449
345497264
247142874
38316853
2834903284
42655884
2666936809
16015769
3119078418
192230195
501904770
2541758438
2854323813
3092116740
1853243076
292858318
2803927925
318002226
3091434599
3098110989
3050175748
2847657333
3004084072
1550522623
2484275342
760600202
2897317219
226523183
1498700611
1581554946
2710813772
2877326811
2837175356
3089901496
20420845
65016988
590629399
2835958435
849029940
43971523
319025793
2484571358
1533286508
71869533
19684933
2745665627
2833820049
2911554610
3062098432
3061376175
285925478
1431436446
2780075550
120186182
2975073528
20383
2993677333
2889301018
2985911415
3006726667
2993500138
3032061313
2804329145
189782120
2929718880
432748599
2744002243
41045827
2851427471
26319990
3002079214
90322657
1542685398
3042917681
2640586304
2994063614
2973940259
2531859438
2965424799
2806437669
15917800
21449974
574284504
1713182929
23307970
40492141
2879163272
228676502
2846609613
1959421836
3023298357
3009666576
2957464534
229251600
3018255269
299134973
209669688
15433280
2794683217
40833031
60813638
575719021
2879666753
454447223
3009642183
24206059
704260007
8910722
21381909
234107154
2820700664
2355244596
277659789
2309573474
1116295345
2588321996
1227795248
2531176532
2782110974
24728347
1722795805
92905075
2344766779
2856033592
80870684
2861423605
2958747117
2829176262
2841445821
156285331
2798765632
2986687283
2986685867
277475162
18163934
1012388048
2235210511
223304261
1210029865
23260256
2848576095
2938839298
2980106260
2850255627
2905005734
25755952
247748720
2817936454
75867515
493749259
912911366
2918880239
2891729627
74275571
2455878782
1054698314
453221269
1695839551
14987233
215508074
2362960556
2833454562
273392069
2836785657
790037016
2877151045
2960949718
2893264993
516374757
2951963678
2939012672
2897907727
2837169702
2796851485
2373293714
175428809
846945457
2957163088
21514744
2165770482
264544779
2695258633
2837971168
216212166
2834743427
2884516721
1472246521
2832271336
251045973
124539737
1541356034
2411290603
2846551735
14424093
2840808203
3840
1318848637
960890612
19313066
2939524846
427787245
436998316
1323229609
2874963194
2806495690
2802662834
2831032707
2738240834
1483790106
2611804032
2398651100
65974890
408868646
2729910658
2195483984
2446079094
2331822462
23978832
24850716
2891807243
56230246
334013443
2796531589
2775506898
1666142936
2272376792
2929160203
15035654
21060711
17665210
2866991099
1105998918
22966253
2779167905
2927697553
18931564
362100909
2874675532
2165375749
72015766
252608287
519254062
2848724831
521624522
2883864873
2758213604
51473266
2920056895
244625381
2877481450
2908678041
2811157786
129056508
153699626
2826800366
2658420401
438574508
2909919507
588742677
1876100544
2825275587
2804186203
349527367
443501877
238093393
19123126
780426085
2815306126
2830488368
1336708158
2905453457
99383428
2870315974
425440651
2797727929
25062440
557910585
1475118602
456413346
2872639048
203466008
33923443
628292989
2374365391
2749546339
2770286409
172947906
145404165
1556456528
2834550725
633425188
50799278
2453380536
2908624255
1939471255
2838273310
2766809723
2830180899
469149195
283043739
2888783721
2834707943
2750684792
2875316333
2886094011
2793187538
2561555594
702057780
2834752995
1242190802
2823741170
630466214
2749413409
11353012
2907242738
2797879571
1700658962
2831606139
210377281
186747466
412916738
2907447115
574647893
1635084757
109380627
2901670105
339566435
429523010
32233286
221891968
2855989883
596672741
2863074171
2448345704
2876378805
78095035
2776819426
2795057922
566492902
2583292039
2890086038
67764381
2856632771
65633110
17952975
66827240
36203413
2867052839
172288597
23175747
2841261419
2842780930
571868731
259037206
455444298
2819697918
428567211
1852732298
2897063192
72305309
2852487425
289291613
633181008
202019047
2881471102
1626294277
780073794
2857905234
1944230208
14727238
2788844058
2784273150
326703715
2764458266
170719160
1409965554
158208055
858951446
2555597972
2312424494
2877719896
18027864
300489029
2709936560
960575401
2477197932
1591038127
2393066191
2879055304
2841707500
2902074476
2413421161
1578494773
2875094747
470525667
2877082156
2899827380
2793797630
1613601134
32508431
2896965578
786966108
2893158570
2873133453
2849624224
622932874
2877232677
129636453
2525635410
2854604945
2609222161
2822560650
2812908133
1541997972
108155579
71907992
243739078
2876182731
73158088
2856271814
2788246943
330708285
2868558311
16661459
2862951821
2398491534
2311435027
110633585
284044012
992871366
2877134026
24734335
2876023690
2815827402
70082375
143123814
2836248333
2858110355
2784707029
2867410569
350546448
741522595
2823058722
383465756
2826410406
2837015837
939734738
2772977344
904587308
2811268788
41707415
2319486997
2775729086
2205623655
162932753
2874356625
2883102823
2875997337
2772025208
2866813191
2898092005
1113205585
2889082980
2831147669
2898884216
2875845670
2814040284
63529021
2898427430
2844512584
2847433912
482393146
2829672089
2875320147
2875301169
2898674954
1540486075
117133589
2826414247
2875338694
2875341292
2836996858
2786361273
2838985557
2774031603
2863320144
1516445281
2835829920
2330987621
2874923368
248206059
545265372
2780772273
2853028473
2835016336
2873322143
2848339246
2897957851
128949647
2893030518
2843870795
2773896588
1011035732
317947090
2880462577
566858982
2485883137
1265769998
2468009479
1889098668
2840824778
2895896323
2886882180
226293658
208798621
2591631931
2857734301
22557046
2797951880
41367821
2840743600
10856422
2846735297
2705642732
2865611657
70466918
51266230
2806046831
2832342387
433778530
2788026720
54317216
2873376111
1542649094
2813010462
2827027708
70190202
169326150
1424028409
2822871973
19534310
2410623764
512696611
2654372454
2861501732
1945697298
2424010902
2305185066
2820923855
405100143
2553480625
2813904001
2193894922
634338292
2437486722
2799282698
2796546096
2506164654
2817820231
2886682062
2863890777
2836345420
2789138395
95697038
1535339618
34977967
2260871203
88136391
358863151
218493884
245069148
2281482438
2802216965
507975361
16250987
2837366796
125189782
707067744
2822712590
2837270523
93731975
2896940221
2874826844
2783951664
116106897
186996039
40151031
1028049817
2652997692
46421599
55773932
2835958269
457442648
495011347
2840824575
2844058193
2851384224
161027554
542107753
1829249059
14381559
2644656877
1383468769
2813228318
21573892
704237150
384647191
2587879814
1378212630
524788308
181219456
32622476
385658646
2831053181
2815513658
2642996480
295495204
171280752
950142270
2485364050
2834790789
2865880754
2866499545
2466340032
322272570
221967789
2833599255
623236042
2861352816
2829241051
2575314530
73660909
169501111
2831076659
2831145645
23380438
2791835904
93663419
1090262328
528071762
2837875481
2310429786
2805673956
2798674870
2834518025
146608835
2782040341
1694222593
16601898
2801506834
2787106341
2818100251
112614146
485293634
2807677458
764586908
2818295858
2767726283
704538116
2855585004
22865374
131273661
2842380646
2842160277
837965185
1592502890
2838338182
2242878637
15013100
118112029
2854720148
394916752
2864224344
2890519873
609649719
2810611336
41687358
470880589
67917587
2822493293
131082277
20973159
2828711670
1321393400
1028041303
2893517239
816174973
44409179
967016827
2796417967
469001942
746689340
799062414
318557116
2872428455
2896835628
2815277345
138944368
93702505
2742814075
21436890
1274422645
2474650254
2865447754
2840585128
91172189
2797610641
2792857484
2864880993
2834289021
2411433529
72810542
71079669
140542416
2534342832
147030458
954497179
93949976
2789451130
1656516662
25622873
782472337
1712939281
2815224697
2871165186
2817528572
2400953280
224231200
602687997
2872444620
14669097
2844320013
1868582228
554400244
2771858395
568278064
1371796633
180528062
255160382
2541766878
2846051793
1641108439
2856010706
1460549084
2754008947
35231502
2825897460
2821531091
550691160
2298688470
2844542009
2832326409
2863991277
2729513808
2867858329
1425500808
2868395829
2854687332
2893515060
344209049
2856460387
45075781
2865940150
708888523
2865158452
2830047422
424038222
2864505328
2857609488
2796471254
530964531
2848272946
603819718
424087650
27667643
2751259861
2456822375
2834440515
2884915968
2853946413
19595289
2782765159
2850694923
148089228
2887833895
2802765676
2168574427
2857063606
2876771815
2839438477
2375850864
2789890544
287399939
2827004453
73914728
79542658
2485508100
113714368
319603324
91673645
2868500768
2850707357
346246513
272175633
2830537024
15293113
532501620
20031359
1864979270
112773608
2690628133
2879444486
18200596
29292341
2497064084
2829532397
2834035965
574521629
746578496
2837972170
2877540450
224797393
2223926278
2844264700
2814019506
2618545285
2331747274
127812328
2783426917
366256329
356213389
359530857
45711301
17956471
2840896178
52006553
43187274
2772264097
46340918
2791696601
2873661066
92769076
2793066487
2839921589
18146977
155635152
505775222
330732361
2532646400
1246375584
2832127183
2777177352
2814008060
2772694988
2244398629
16988193
2845238149
992477000
2276637241
425462828
45451746
2837892202
812611700
1858786956
2380138921
929025944
474556898
2812745721
47405998
2783080351
20820163
2801890131
2824715120
2861919674
139292752
928272938
17532059
2180716357
1046238242
2797386391
15595780
2834730652
2825755019
2826637103
2793220776
2232448621
2832874197
2833408754
104519838
58282687
316382555
2815948653
307584252
2829039293
170240467
2789172305
2420459282
557265175
2817005910
2814133260
2821438355
2279505289
329297201
513791004
2810556386
2782715964
113965001
1284994188
2764172964
1332655236
131653345
274109576
2775504008
637231539
263516252
169067158
180548361
2683063328
2791121294
224310598
21536352
2693499006
2676348769
469189091
2795906819
93793323
20469946
2814885768
2774051122
73134729
2808474837
2807060009
2452372932
2706312042
2834442907
341814309
2763633426
315562135
2777814540
472532945
307011224
41134351
387334888
494257164
2796746353
826072081
2785255490
259448011
2323409994
2822300431
296595412
1947709525
204447420
2242547935
305433319
472265508
2368624716
2811881168
2793104246
36689779
190249654
2798458089
544001732
885490776
2547125580
701166529
2472126739
2806977060
1964928762
25445796
78392805
2787254808
283692320
334243978
95067738
150871021
1030131884
2785075732
896018820
363824987
2831977303
834466861
2816482591
854203626
489949379
2723843195
365334311
2814337862
382133518
244604905
2833570910
2167729699
2793503419
2824969189
30188972
48531274
2826306403
2828525894
2374733270
1952528058
16088638
2697205598
2834274253
2826807566
193271047
2833345254
2809119696
273308933
1418779076
2329542980
2786203527
95188073
156382488
398503721
189224029
348491691
195123573
269131395
2782756512
2811698041
2783018803
16155438
2510592962
2784783220
2765206075
2251370335
2726075530
2588008190
2696828833
207815948
2828219274
2776031265
143388925
2797578403
124251944
321947842
1640202991
2315874928
2283567114
2747746256
2506962415
1737745465
2188296327
989774846
271653914
2778696502
2798609018
1065153380
1599501475
2494398422
597771429
265465256
79243628
2822040506
2411867900
237844654
1683985212
2827554384
2674931242
2827188164
87351771
40956781
80664116
2548795801
2598430662
22166232
2398491372
2715935234
2826525018
2825144994
2780584860
558488365
2587304504
315857317
15566199
1107096824
1672859906
2332314889
511242257
369869543
627764842
277039971
136274193
2760482854
24464724
547232187
316177656
2765738045
16878634
69681766
830859110
2806671613
167760471
2817855583
2534603048
2423820284
2334885331
1008989755
308407039
244746802
2699887286
2771680909
1915707343
17141121
2782331270
499428540
2787141758
132789518
948714337
2745496827
2813143352
720058388
250944017
24610050
1166763595
460697784
1356030014
2157283603
2810570780
246467722
2150970733
176874550
2164028520
2804854327
1339831081
45115986
2788820768
526537146
260885813
2800681614
2679282464
2775396834
455144516
154540847
2787240097
2757067388
2769265765
349123601
229364851
161469460
201105859
251512062
2770281900
2568792332
2703775844
208345104
2752990603
2767754133
2280846457
159001970
1730296904
2759122319
1323366451
128781497
149400264
2556707266
52132735
2747114010
183993932
2781843242
2245460094
56497637
2783761682
2480177340
31433713
2781610628
2801270976
61401281
133413133
28759458
2796783230
14136278
113137765
2790560502
242886594
64678757
448845116
2787184154
2585165988
2424974508
2777611098
2262038604
583756751
105922496
2310394356
2543595674
89765059
54556379
52901593
116512570
2788757714
875530044
166240143
373592207
37921839
62435820
6725272
236543716
829775814
303135417
372477562
26536370
