780159173950578688
770010938535714818
742088544685019137
760798335888461824
780058548411793408
603226843
2361877042
4906616145
4559700977
967263866
121077022
780003221536399360
3242428997
2805560131
761356671075713026
1528233806
3023877952
91673645
1849700084
432008685
4059191293
3008620010
723666208550207489
779306402863022080
3329476392
713548494120693760
3080742765
1058731536
26761733
293465647
779363619553280004
3162569708
2855085371
719294042446503936
2582369939
779221219098767360
3064216323
368257194
764606601332461568
503640860
4881446891
2923283515
2815851553
41287648
777730314676215809
2221944734
768028755243704320
220988087
4074887117
2386059844
4562943436
2377454822
1563198008
888907718
841632228
3241406543
772537715590107136
737779167865933825
2836996207
770786694819876864
773296252746293249
4044530656
3312514549
4645815687
608589864
768782948040597505
535594238
105802205
744238937766408192
3228207689
769299078119354368
711956964897468416
3290509467
2516480606
777948102464512001
4385366583
777371459681415168
407750994
37495582
3367664285
770316926
455890258
4731243492
757021148907438080
2416962030
713211307726675968
778061810775699456
3010923341
765224751518380032
3407891452
2570847562
741124836387368960
777845669130145792
777015408238923776
777391095256850432
775372610054066176
753948014549565440
2760682509
512525544
3145902966
757688822998175745
753624955946995712
756584601372549121
755015332868349952
756396798642716673
756776387311173632
760537600260247554
756812282907201538
758950335582834688
757895611370893313
751917387394539521
757558364838760448
752964963275268096
4644071855
777001755380973568
756781758079721472
756365301630009344
753126955227222016
759859942841020416
3087983230
747482208378683392
716406004351500288
3243180572
1451886648
86456812
777276157150556160
67209564
2481005707
1081840644
1180948825
745754903503577088
862112377
3183355753
602659681
2263102682
708414128684146688
2361522126
770071503878627329
3333041679
2476009416
717697094887292929
735184216103718912
776728844841648128
857804828
762060670950969345
2703171301
333508677
180760800
3432826773
754775083869204481
3339536186
538238497
747195731132424193
1398790753
2474312667
767623941007482880
769809688011550721
2232714536
744557297876238336
3292224142
776055590665719808
738020484688809984
2837912363
2902183881
363752418
775735263129661441
2351368620
2416485079
4213329082
775884145666818048
4796817578
4663745715
750910917525864449
2875029235
993698005
773237656842932224
773231297007280128
773228901027852288
764872606591909888
215426913
775012914277351424
775628104979079168
4540884254
592222488
773306416270495744
773220428814790656
773897124488544256
774951219475386368
768443537818091520
759057020024594432
24296966
709443762909528065
774924526421291008
3551132833
32325104
743940790322270211
775136979860221952
747607631439757313
770088537169461250
772504128568303617
426117542
3250735752
775080866380976128
772782809870139394
753567497467592708
753689034728280068
756553461869776896
753496621837680640
756542565143441409
861128636
3414350819
1563294810
753529134916173824
773622708475142148
765006888790478848
3002846827
194718930
4749103215
2152689628
3064605251
773109739857338368
2685179277
773828811628699648
601445431
773945314822721536
773952598504243201
773408358401466368
758218429488771072
403948945
560927450
40310597
2574654163
748417557053464577
4322397553
751825824882495488
472167357
773677660295860224
1539841766
2987983761
714515907209465856
3458380815
755155263359942657
773398170789380096
4871263803
730748335863267332
773193345216589824
3361360468
3170459870
2396737084
773504547625009152
773494676292853760
1076946578
771816399320846336
177610749
751790797666783232
751615632484012032
2703207174
2305390754
760505356535685120
767054868234301441
771713743793299456
773211542452133888
772766141659942912
763189772525379584
3401723801
773192876041834496
771327403012526080
773167212878331908
3491760798
764225549032194048
748195627524308993
760525996428709888
760348371701727232
753019217822224384
752948911543758848
771650824640401408
77032093
772890549946818560
825928910
745428993629888512
301921214
772448297092919297
706275769371238401
313875707
768887613054791680
3343990169
1670404742
738033012118523904
727686799976452096
3153226923
3681439291
757277563878305793
4853413187
2648866367
751574313581424640
3028353937
4838894281
732197062385766400
187153428
707015239280300032
3122452030
771831631371960320
772290747068321792
772116686665355264
2474749110
772216358843002880
145407255
727343619900891136
3341111397
126641128
765766027376558080
771941372492480513
2757346959
769139022140674048
771655031648980992
4557591627
2401805604
287097161
2519809876
1712997668
771721747393605636
771875461257392128
3855634756
769723991015747584
758691532300021761
765994175196237824
753158548377309184
765969229254361088
765952972446720000
736930674800758785
729989695556423680
2173395284
768603895551713281
2215265744
360850936
2331310214
2736775091
2678764345
435401576
751939539518775296
244735418
743708869352796161
766623389096239104
771451844501639168
765948347609907200
765817776774770688
234473557
762180727010127872
762395982256414720
746713374680035328
2499613368
396677379
745371968447340544
19266388
753615855922077698
753118336918155268
743476986404868096
2943093201
3382609287
2934198778
765795090237456385
756535472575438848
759665693423988736
765997955581153280
15659248
753486223449137154
753536485308104704
765963547155238913
753723450733301761
276459155
743075279577317376
753133042374508544
1123416037
2948421465
753689520638398464
3279083610
708828139481382915
2308750160
766103909274451968
768455971584761856
2904771230
2388552595
770773611665915908
4061369002
1616302538
770315670676471808
770311648347320320
770300522951761920
766705292272885760
766332212564328449
759115428169969665
3875301502
3387667101
2585988889
2209209870
4845433709
3147889102
2365699398
859023810
769362101060112388
3146326653
4726757483
3231051841
2737319064
721892077898838017
765962097066934272
748457173680816128
3130811999
3771503416
724222914417975296
1969602115
115026583
727809767960252417
1688891040
769572625995730948
829383006
4827654285
763757480669220864
769836325054849024
739437690916081664
2359929557
733628891810693120
750967292
768186216948916224
769768832097542144
1247716502
2928509557
769067509697904640
1395296670
3497973982
765922188348227584
2962730824
769589576021278720
2481210841
4862027714
4017600072
723550844348563456
226924535
474810136
4898304951
4703467852
769207614089539585
2561437449
753370955699851264
924009426
4925131042
2304371980
3577514655
768923356041281536
3379493878
756551472410664960
1630164799
3628393278
4442014816
733697887452946432
297831481
334477282
620191181
2574944001
1069377122
764874614963113988
768548005804908544
768491584895668226
2819986935
90379747
760966139732234240
756534625812578304
753717059025010689
3318472222
15863288
753260095757312000
756536809119703040
753261318287790080
753710046639431680
757746179581108224
293768205
719883401965215745
746008674037022721
753495928015818752
753247942035865601
17907265
4074235152
76054336
767638361590857728
756554988772548608
41044925
766051162902626305
529174006
764735916715995136
767831607612960769
4570489527
755974961773314048
767385403242455040
763543323373998080
4034820082
760326520686669824
1426275908
117994792
4774055777
3188922012
4248349401
766821460174221312
3128344797
767263967446179840
58081751
3295538901
767193570096902148
747531060313993216
296875608
1368502074
748988899100332032
761940859390681088
1673821452
767051153859158016
749695766843650048
764498470249955328
889294795
1908239340
765218058944118784
537187224
765229842514063360
2891443010
766648031726931968
763463751039389696
477904981
4876959562
766499086862262272
2820221502
720194770820210688
3220013954
765231579895631872
4072195576
724863030
760374583119667200
16856526
709355214629773314
2151802628
764917262822338560
765749405744070658
765059947377860608
4320124643
765712388901498880
761599540797378560
366269958
4825550267
3905011099
475662256
765599175220178944
763953916690112516
763633783765598208
610299028
765468969914564608
992634265
2314265533
719373946282504192
765451238527815681
3220826725
2655111020
1563725869
4104584541
2154648952
2912808484
763985221091856384
763960824679403520
2411876174
2905279307
754737827644977152
3304692041
2427919389
4722348312
3404906037
3317006999
330533696
716412872612380673
763454318859149312
763447798771621889
763439607652425728
1016223956
2913943899
764009484364550144
764005387854942208
763974421686083584
763972198616797185
763968579544846337
763963859325431808
348550520
764548516211490816
738386966480183296
763976943737856001
543761086
764642363885125632
763261995680428032
3250404479
433559813
911110471
2345829763
760538460440649732
4538202217
2243645957
415991398
4825624132
763968176480591872
764001292431667200
597326402
2743161735
4870786043
477061040
763980790610866176
3237506502
763957162146078720
3259404666
763009448810012672
1103990791
739090381401382912
758464857448583172
762842729411817473
338601496
761187611402788865
762856685190811648
2155184525
287397663
2767131125
762855758392205315
731465589898784768
759852355592462336
4327512918
3004296942
3370715902
758277866580807680
32518593
762565635763212288
742154343823069184
1189679660
748162243443888129
763168832508661760
760545232089866240
73179323
760543358154448896
760545907347714049
107856419
761376494484586497
565813776
758745243537674242
704530977
706877610488434688
740800314757029890
3337389921
4053243736
300450762
148876258
716751157171978240
2356814953
3001522474
760524455609114624
738332952510234625
760543962536960000
4883872094
4272484948
762456794945859586
731281314243067904
387227005
755166805996425216
3017967533
4473217277
2729298742
261707108
732895996288598016
4262345567
3017888000
751736160171491328
760525271569018880
789625711
2782670304
4747807162
239487251
761575832536035328
3049101205
2594792875
760213074821382144
333246632
759833994657603584
722242574862299136
953655511
527692149
756630194065145856
3307566176
1589816917
491518168
2148333052
116616110
760546591933685760
263922667
2332094882
2710918944
355486919
758321922283372544
760886491178528769
4717891636
21070152
1124860746
2806079389
296417299
4267937413
2849638260
759881713233170434
755631031953260545
1626673398
1412253408
748358111031926784
760194777346347008
728718184954658816
3195717110
3145425973
224303207
2582978039
754680043394129920
759494498745548800
239193479
184133862
2881408619
2709227445
1669165272
1544332340
3828724396
759842555781533696
1481359621
3243233712
3162940028
305752452
1325655684
4595538142
748578973286862848
2509524884
3957739528
593155926
755487344904593408
2206007144
729815503678615552
714160300161937408
965954828
3031024061
3313941977
1191354937
718149582631399424
626174808
759119370211688448
758709643636080640
737657394218598400
758707905881190400
756315162441879554
4874769052
759039347316428800
1651681764
280865740
304437346
4025174123
735174707994058752
758164610977595393
758160073919193088
758152505062727681
758140747518324736
736446796608720896
958235593
26531016
3012831153
2259744752
4114776257
758280499995422720
757354414093004800
777210000
2413753144
747693489585020928
1881980455
4274204774
2646840902
1494417984
4221094754
2907808622
2803990906
753559194272460800
731073283639128064
720326555554029569
757951751840526336
2946479144
4851831785
3228438154
41919590
2907522784
547188503
1247767082
1249540100
2550690812
2235627141
2391308402
3377254691
701993962475810816
3652146852
756415633861009408
755479025083187200
755470757531033601
755462567842181120
373848063
1184129202
756144038248493056
710056432524238848
757367320469770240
757404367091707905
2996432402
757317980648796160
2661826754
3096387978
3906240140
756062533836910592
4577979798
2584649110
4217510787
3288322192
23742260
2349075576
216626816
2889841624
747917283608137728
752517329129508864
740831110180044800
755914837503406080
756866481892298752
397324041
4376419120
756799351117127680
747588232955629568
754345164361994240
3225394788
750482227251843072
296262877
726204889324490753
36993866
756510163364831232
2208212966
756457404729098240
705067430494740480
756415629884698624
737417260080496641
710475523
97725946
755098270104293378
218612829
421828211
3296902549
3288274845
755798705136103424
3348629187
3722064625
1650599682
4129617855
92521860
755772062149533696
585713267
2485873115
755952804028702721
3139063075
752136961834389504
3322689096
747496619638165504
746152903031783424
745308929421344770
745292670398926848
743890799776018433
747506839789649924
4824487961
705670084950401024
730786189460934656
3246249126
755338578817904640
3418558091
554976877
1918708141
755323704486273024
1631262156
713427195499298816
755022661806350336
754560086937403392
2383091209
3880601315
4343044036
753773373407256576
169910377
752308184623132672
743743086530965504
2213213635
4567236629
904841936
44780117
725895181535313920
4274347227
754905590481035265
331435575
3076900553
754331730836873217
729865884194451456
750809281713229824
752510359672586240
49226489
747453602113982464
14532185
3720322170
750000981392384001
737653181673525252
1288824223
170060641
3096665684
724728762927960064
2511335611
3401822344
326704770
754028643722993664
752469846500061185
4253367689
3876668595
2686614609
150757591
4827715535
753516439739494400
4227367965
727554419991027713
3748416195
435935279
765297962
749903507340361728
752965726940651525
3288453162
450787455
598543780
614752356
1921524697
4218231191
752954996421906432
725704675614441472
3075917389
844953132
751830469247901696
723818116229292032
1110145004
89926024
2489312551
744111037
406436640
2462589640
332358834
752691405236109312
748305079011143680
4838810141
752810699928186880
3038628077
752190706328956928
4046238134
1078788762
749258536719380480
1048374438
733980724852756480
2921985089
43159101
744364814890217473
752476481037672449
751622036921913344
1485147342
727868926529445890
192790611
751054781490274304
1692289705
3266674177
322745803
3318430000
2807053595
3335663855
4552795693
364213849
2895088159
2222143643
752140278652366848
4775595142
1406404759
751557066930651136
166245244
721409893
751916306371346433
711095674276687872
1710802771
3021580866
3499789035
4680170670
749763153328832512
2413515895
4393777522
750869425889435648
298350561
130544487
734875464993497088
232234463
2525027807
721917306981343233
2414127938
721610593170493440
971200254
3045041005
2755531055
4260609399
901573981
3403957348
747502135236042752
747499805039988736
746082245614571520
743854791705640960
745315207963095040
709561665654824960
2361661899
480020414
726078990537117696
82611607
4865443091
195439991
3986713934
737016543498932224
750288991237214208
878038932
4452787589
180824953
2195088659
4886609602
750353996041248768
848863230
734412999293870080
750239219331784704
4410195393
745253140363116544
375587343
3290816566
1620916094
856177866
3315599826
749034030234869760
2722897567
1161924517
2760781008
729806438122557440
724349166982291457
720309566794244096
1553072244
722622644093394944
748933913058217984
917068495
720692315040387072
2503237447
741203954797797376
748696182570967040
1329633793
3091578440
1312638264
738373582695333888
824982235
758015149
731657673238810628
721391287157530624
3922846402
747834454958235649
2868372705
748519154387324929
50337463
62662076
1177304593
3520176199
743908799245881344
1029017324
748584697341554689
2977045785
173055539
3013620924
3090705297
2585441305
1270158157
748171072034439169
568591516
2822992145
712695797838643200
3148435106
728498352015298561
373852825
2985270576
747459710324871171
574065947
746422474611449856
3357102705
344854623
745854411407237120
2994697175
715292910514647040
3151988875
210609611
478095553
344803322
1368673628
703018554694766594
3221062863
3069988799
473121542
4586209940
3375871101
444103737
336511336
718917682746286080
698069179644190720
745416690901516289
3689281828
747170766999916544
747320346819231744
3466156400
585689812
2817315970
3491368036
25825695
3571471586
212418873
506769391
746742178584616964
2197833673
2908300389
37815814
712599858536976388
2967803385
316080260
746622613942833153
727818232170725376
3051460748
746532534088048640
4906500364
744952013214068736
725390806765436928
731967692
1739278914
3675531733
732151057342705664
742797292139380736
3271469119
236264187
84102421
1369745004
3417942351
332923177
82402350
702324629050777601
2765105951
1854187183
743640421541126144
4754365882
742859348490215425
3486911237
744301019241185280
270353461
744671482144522240
2257874996
277926967
743864437296209920
4826294900
723663999691317249
186353559
3090304790
3067727921
745127942989053952
729391888088829952
3851954657
3147155250
3026466573
1446822306
2799432274
710467677043580929
4881695985
744822177841590272
2584248410
744690582728151040
158482304
743604766245330945
185982780
736183838313828357
3383030607
1870741117
418205886
2886648994
744407324601679872
123278857
606687919
2576043575
2494669124
738074488756129793
3073139103
2731910757
1326195182
2453284221
3280167296
742857822292054017
3034315204
4850063227
3351047404
2788437413
742833989983952896
709282086775955457
4894118433
157266295
719947609339727873
298313574
719917135535992832
632723805
741763484313092096
3184827897
742991697978753024
3242202128
3746282241
2181710474
738248587138719744
738247063335534592
2908258264
738037357518163968
738243977288273920
742759430043926528
475445420
719559802582671360
3394624293
432649944
3396013054
3105491798
738245521458991104
2818039128
737919125226414080
3391274681
938330827
742119957685776384
1920416864
742118969801347072
735457305572036608
742114106321293312
286931867
4198255119
741864497095319552
739899285999890433
719880360830509057
2437446752
2931348899
719893494110621696
741839033672699905
734433580282183686
738153517911678977
258292835
2970915977
796437385
2804332173
2976710854
741342065758502912
3123131711
740952527378604033
739949455387037696
740168727946088449
2853010239
740554378285875200
3410627716
2979482785
739651135737323520
3321808170
4838615685
1368950946
740468895597879297
705141654622224385
4599724216
1163563044
1579047140
4631576420
738223208848035841
733349165271535620
85192516
738810943824531456
526728012
740538188331163649
722933054868713472
4256120495
2997835172
3167829979
4054753272
2826272491
