2829839738
2475897952
2916627862
751121022837895168
732236197192306688
3496908631
4901983466
762347839427121152
386678085
4222836412
2339362507
3043710917
727214897327558656
124443669
749981642643628032
756448795437608961
1195969532
730493403817869312
3434955647
717400784309059584
764130718935121920
730250107539558401
4852860758
700851251429433349
3294006546
729130966183194626
741726624723394561
403877132
630353397
151198065
2575691662
2571535918
2468304619
703050018530455553
2943201139
3385481848
1617049698
752570733469970432
3314848471
709465431174610944
2411633766
3190377135
3427497833
2521729640
738452532658352128
748178416432734208
56381545
741314573014175744
2859033827
1132028155
705895282467336197
1669517408
4727212357
756661834283937792
3777041952
3478017496
328230356
312149036
736505094691291136
763445366700314624
762735058654367744
3016443237
2420775846
2985060915
730087284935168000
727422809383800832
720959229289504768
3138207370
2239878938
2398417658
758481261446979588
731245826438221824
762569474226679808
739506822177017856
167915369
3066710530
3067665455
753631417196654592
723620328359006209
3760617682
2877815214
4028925495
4797129737
919747050
762756208612798465
744646208505839616
2921442848
426117542
1665298554
1043982536
3545692222
706701666439950336
2634792204
739938859044241410
1118190852
2654630082
29271892
3020171027
1656814021
763736134375641088
4360118423
3734124076
874755966
757090560767299584
2282086740
2350318927
4626068299
742177185335627776
715191431330152448
743852349328863232
3922284153
734140267104751622
2804721640
714715904911794176
723160236043952128
4833118940
745481612901507073
19512946
3307546765
56494020
707353701049044993
401094477
2511480337
713428404813467648
2756964557
349332180
759280725652860928
748471751340863488
349024481
316549023
754085665785188353
3854616552
3388502951
738926217458393088
709748848713932800
736270801746432000
741316940455677952
730525299629166592
3228340105
3112766680
3173967312
2575482608
740721430149599232
760840964843765760
2590563444
4583603907
1069464516
727899436400189440
2728126553
730389455224381440
104629607
3125465939
763348244046893056
760429814666891264
3310912454
737593267655606272
3165432057
763294167724285952
4891690751
762268771901988864
2175634467
736061501568491520
2887866377
3302805291
3453177196
1661850276
2938972818
3246605596
721792933607956481
762837291043659776
759940380242477056
724304790893654016
3331878620
713678657361825793
1046921652
756407892274655232
758427480785125377
2419822874
4886573895
30249176
7871492
758855945619243008
613545631
2175257492
45105778
384492883
1967939774
2706716521
761268480582705152
3232985606
2392526576
762512759921651713
4550992213
318061577
369095772
4888722701
759657106777735168
755098462690082817
35689891
755276100989702144
752949260937732097
2734350334
704589889799458816
2168624661
2492777377
4846256900
742414348543463424
759315832417751040
3812316918
2196236122
2564967475
4064843119
756987870196469761
2759389499
2503509962
748150569760497664
1032362960
761061560458416128
740967878556549121
2436624516
746777746798424065
723976649457324032
742123855779532801
762120834035122176
707175754346274816
3044863319
740718940486262784
2415765410
4867446111
339465480
760378785128599553
1968167209
2682120156
729663717315518464
747156840056819712
2436161258
714805297441800192
2224087206
403179950
2533631120
400057050
198786084
759377551722704896
725228056546304000
755832509451993088
752157398547173377
2520543521
4066923094
111919017
739498409476956160
740656042619592705
758905149821550594
2590637660
757863942362374144
740243972660944896
118345425
3195351175
757317283467370496
2416860835
757103434990366720
2418979002
718191032215609344
723564962392752128
758810109178810369
753370217183666177
2151968804
761823413992382465
2415674455
745383973006675968
743749231857459201
753604596547874817
348108149
745079152231878656
3098186097
733147248
2312902260
760135641011134464
3139689044
761403677965848577
725284962946174976
2341762877
1905810122
753001951294521348
3305239797
576335079
736680857549873153
750562116701126656
2279611712
4883197545
746512977755410433
4317049949
153785451
719804523208974336
1648515548
746149341547630593
4489976415
4364627656
758745945840324608
4538607736
745210015850496000
3347857054
4918335617
29140391
731439229528592388
2862134192
90404473
536746816
3997939395
3002910875
23945143
346567352
334005004
2198383065
2415041785
716653164024487937
4440810073
4236091225
743887976959213569
739791762877755392
58569413
2967079510
741936301163831296
580324494
4925975975
755878715670880257
735942837104058372
3296844103
3266149393
4725373364
931014642
253612462
3381730065
1370851663
741279224036753408
3226785727
588170028
1045786039
193189793
4904700556
754083931591499776
753893979406622721
15367370
740611357565976577
486185814
741135208292962304
326380075
252147349
56138700
2999188254
749008449040621568
719844024610353152
74549018
718594537594208256
718383529906847744
705022532945100800
2905921691
723740227638956034
214141420
138042723
1618809457
3056617461
706452312286326784
3334549006
750251668357296128
1031236796
704024288177889280
500086848
4847785638
2473135813
724671863163617280
3842439556
88684138
27575769
749437989500100609
1474099638
150066666
3432337199
3259170103
91665064
2469690774
207212702
3281044260
3675632843
722035939300782080
3322135383
748237159627395072
714906009517600772
1261797025
1649467927
707618810220695552
1643122746
458968280
248413317
304978690
3244492872
723596775035154436
1129273164
4910708753
510971395
4160920933
2949653159
4893895630
714620351372636164
4910047692
743942588747526145
742705367101112321
775947805
3215486136
701667452896178177
701607546256281600
744711714508251136
4853801643
706601405134585856
2846689458
720377076071596036
1424815044
2834786656
46705919
719135908268613632
797691624
2781483048
752359993
743260042606977024
89821204
4097958191
3171647792
735291738697256961
719550885064544256
1435718940
2932865711
724410278473945090
221984980
3916048346
740939780922445825
2985722878
726367684217049088
722571009459675136
547212341
897459156
995947675
715944644283146240
3284738802
723486490769166337
705069717065748480
1562325595
3426595061
734747208441057281
28124206
3236290328
3495322038
739903254927134721
604851633
736980005473902593
2986010425
729345904600322049
1906125792
18299181
39891830
944738341
4604982814
3160182463
84138214
701008448360546304
4831212729
94092894
3394659730
2168069103
736853486076350469
3063858825
4839060549
735330267179700225
288488557
202739506
732439167691526145
736477755576070144
729197234651201540
710573212455837697
731046178939383808
3416232623
4161679033
732146304072220674
1852059282
206891637
616078186
732690084374417410
731936823925182464
731845032077103105
734538105072570370
248352501
50041318
735219050222112770
4188403289
734892068166873088
3731845996
732112019210571776
727968079741849600
731109796930277376
3253915949
734427216692400128
731069839519977472
725838087218167809
609498378
2894810980
557831466
2836838107
3107977399
2485588465
732957772925505540
3307028491
732920878162268160
2796687160
254269343
727357317570809856
701405557366857730
3214481541
608584819
731952772136869888
4706461347
706942239012888576
712141787062738944
4039828339
3321744106
729974530068889600
339527807
727307969818431489
2445064535
731230968254586880
731346330120015877
731105125717004289
3305215909
726813367407628288
731174043555139584
731170528854151168
3131670527
2151317006
724651593703022594
701849019329474560
730406252975665152
727143472378056706
726858214185140224
730053201769185281
106096371
729891486762930177
713995995139301376
4719819015
4611466155
728146416523075586
216459078
724611721617399808
4661287227
432450236
2338727911
725237969590865922
4764909082
2162666399
2607121001
710864993932218369
40192443
291980882
727383198657830912
2939990325
2490808507
708878512631914496
703049498977652738
726813958062129153
724507930918293504
707937071684521984
4901065945
611135153
1405986168
709252240167591936
4720725494
164437840
4052685204
271222681
718375101687861248
2914836744
2557683182
714902982110748672
1252735796
721052246247661568
700458817834749953
3131521701
717335723880411136
714947058088562688
706173877404213248
2272110261
723643234724012033
4833057712
703982226413715456
403000545
4760552594
4871689361
702724379289882627
3697842855
713226718253817857
566538126
1131652699
720374133347852289
722165668506939393
722007960818294785
233149192
2909617655
721264683114586113
1688102276
715032682464485376
717131442728206336
2877350606
2935718639
4696256113
4521267263
366336973
702943686620008448
2396797147
717383428723892224
4766661020
33544860
3986606415
1310700384
3994774043
707758158232621056
2225524604
706653662484021248
574825390
2804272813
715306517315121152
4569069207
717047623757271040
714035097096290304
3733545733
3591949103
705961879668178945
2396369238
4805194634
2881511089
715425119376707584
3591860478
1735165736
341914471
140603325
3753712337
707682608788930560
714137271696560129
2320901826
1003346046
3103749720
21429546
915487440
576672941
4610226546
712129968898068480
4757749110
2987453734
2365645226
695586003298492418
706243013937373184
3136226153
705663417248382976
1965363168
633954424
4520653993
3313853824
1379187487
854551772
3188345846
705019291998019584
2843763275
2225349984
702373459972771840
708882187479724032
1578979046
3134661311
2863255144
707989937497501696
702477525113438208
702123720
3334006559
705077011325153281
2270046704
4864393498
99188590
2556833020
514428708
501831101
2680994324
701619102973087745
704934612183719936
2919719359
706667764199645185
705490717876076544
3568890735
2409512976
3615280632
2236874260
4712033688
23135134
4904015818
2609627737
2886331528
705463760736100352
3132827617
4711104007
705242151320363010
705233177292443649
2612083742
4890938654
702570208393871360
278989518
630273148
175819782
4039631057
702568672515256325
4900576142
3659187082
106115785
4911635645
2613515576
702387247371440128
2584309970
700486479789760512
4805624414
2350443889
878649787
1166528858
4926202420
2360216487
701469707367538689
4922115418
4851159128
3350875486
3948245837
1691252377
336279680
3052659455
4880061821
700828899643621376
3325338603
4885658534
43394099
3288607367
2613982245
4885489454
4858038791
4827481789
533989013
2617791746
4431613403
4799778137
4832200937
830068712
3372752567
2796345924
3378168430
4571226142
2937765477
4706683455
3658234935
3261139194
1499341760
4340112315
2983019833
4692306180
3379831450
44586621
4890626044
4892483565
48271393
4691138282
4156132581
2565505280
3402972489
4120360454
3971567415
2454804984
2688749054
2920839678
33439101
2873911945
392865339
3960211272
4880026006
2184823898
2885408643
3922460894
4744612136
3011694260
3065353067
4794556458
4869026236
4852798376
916786502
4796783756
3245241432
4871665342
532422952
4855396781
4710817523
4840844017
631631887
3227950670
1362863886
3370391913
59248133
2955042561
4471007901
2289299958
3243921167
2695906962
38324376
4492914497
3354973305
3310240516
4832708609
3949902389
3473629813
4261642443
4843712885
17725662
4834505291
2986744325
2249743592
3252457466
2733168313
3341525116
2720391294
4809930327
2925333393
3186607992
4705128494
3397729174
2527223036
2190621103
1473794754
3415720625
44054686
4819515550
15935538
3358886817
4788751461
3159254011
3245547628
3069418690
619398327
3689080113
3431124093
2285932993
25796270
3274838929
4717343909
3646683923
3634163832
4746256522
2959491591
4026469090
3421021115
1360199990
3293488492
3962630179
3875767695
4163487852
2968979436
2474791778
106411990
4725170592
4707434596
3060860222
4340235215
2868227199
1690820154
4653352403
3152654915
3081771423
4346749348
3306944175
1016932903
1665722490
2728451079
767601
377622789
4604688676
3996967633
3438637479
553994972
452226215
567554506
4351218262
4206639555
99283207
3687940584
3648247038
436716946
7620
854253296
110347833
3354438166
4491365958
937742215
4559105248
3187852517
2917081315
3861507707
2915919369
3951276755
430367449
253513173
4540076833
4469306733
3055661760
632210711
1327733420
1424128494
3376573426
216798355
2922934391
4531627610
4396962323
2229772916
2376604165
1454880474
425407758
4253711113
3129541060
3037315634
1374801421
4178006657
15490489
2828157861
3184765945
1676757494
382358514
4250461960
4363505897
3261614011
3377969980
976948010
856037461
3236209011
60791382
3762454633
28082409
4459327760
2845885447
2635101867
3091917750
3715201703
2383376275
2752232176
2941774181
4496642732
130733783
3192616926
3608651954
4408767981
4402518683
15158717
3201080829
1616958182
3058869658
3482982494
308689445
3464047521
4123677373
3996664274
133088007
3817029442
2728033901
291441060
2595362928
2365532317
1468131488
2995193828
3294773098
3348197757
220757711
156034590
4235957548
274069246
2999205920
88286357
4305033258
536476502
3233026350
1569421542
4390679954
1593313514
3133574119
3102929651
4219461412
3395826376
4255173976
417241052
4284130154
2979003507
2874740200
4259433257
4363101860
360231607
3128632986
2677390474
3003922952
3147324063
4235917216
4347212234
4230469528
4243869862
2967715418
107830192
2203968348
4047529037
3087530878
18236712
446372951
3770388257
1121501432
3551525835
3912137715
3347790479
2831944997
3329374504
4148383872
3427395105
2727381913
3900976634
3427616806
1391235734
3377032269
1241331048
4300829594
4295197094
4220395873
2568156993
3973993401
4228183829
3397200105
3589198756
1964028044
4055638311
4130661245
3074866587
4045987059
65626039
252791600
3217492220
3972514522
271218913
2961019093
2262155228
4169606358
3766436772
1888400258
3372681976
4152101291
3023582527
598867297
60405088
3894723868
2149734398
2596761449
3317425920
4148331614
2712696565
3427563959
2976110699
3379785772
3577776500
2815655172
3295884985
3806842661
3087319649
896771570
2990469429
4072288212
3066217958
608277951
3698867233
3366070324
1890182052
2600178804
2546913638
3731166974
3041622713
3513939977
3727183573
3909100595
1059525200
2852408414
811783110
3239603378
240983997
3464557036
69521016
550578976
3060467693
3278535728
4147733416
1862305242
434229941
793027248
4152572057
4176290358
2893928980
2863543222
711192277
4104024873
3189550970
3653258475
3511303997
403583820
3623402892
3403003031
3517740134
3660005115
4145149492
630207240
3570848258
2717969972
3416446638
3693617115
3511068433
2581486644
3337887123
3325140245
120818296
2639694069
3420664564
4142533318
2335693416
3258425048
3645936617
2388192378
3145305872
3486325575
2506858523
580899868
3066395253
3666428128
3329825954
3260843281
4146605661
52962394
2592071184
2917436081
3432929795
3431977311
1170287011
3364081655
3229410550
328951538
3291305179
1525888909
4020308583
4118551632
3431602438
41901940
4150850619
2745387936
3698770098
3655088963
3343914725
4145317889
3009714958
3139364071
19757029
774906434
489916453
3861369693
3937581743
2728299248
4121983335
2774097784
240409154
4121717718
4172671932
572231701
547775572
84281191
3225580578
3387618437
2343896778
2560413469
2606751744
864636283
4149791241
2281635181
4036100843
2201951496
3821903776
3521519176
3395893971
3199464952
3092721291
3568172609
2162396551
3318568177
3526688656
455502544
4069302855
354137263
25374041
3351448120
261228888
2975601393
421922890
3298388521
3279946994
3332638575
3501267733
2893790285
4075839809
374705360
3307164844
3620814741
3293059502
1450803799
2958047744
3647080398
4035346694
3271482709
340342748
2955295865
2542440762
19539314
4017911253
2875938472
67446502
2151145357
2293509602
4011880760
1945956973
3004649769
24785749
2614411218
3313493558
2366252018
71219689
2945369670
314837668
275521608
287602625
3381706601
436769363
3078730151
2500223773
3925100354
310297892
253017467
17481334
634262770
3842585431
2589735126
3908509757
2954474070
3103658623
3782473101
3403279061
3306403309
3296183659
1543809806
25060654
332481713
310351695
2241040903
14072704
3296500947
3437225103
3297365287
571369899
1072684536
1591845924
3087291605
3710109016
919028624
3603629594
1488935904
3437754435
3731174662
3650922258
33593985
2242689264
746801028
2785493313
3306357500
3328173907
3725178316
3306360578
1123521764
3293626146
3306314424
3403314935
3403222089
3473562612
3689162776
299525135
632992965
83197153
2446623949
2862454453
3175523171
3041883279
3101869846
3281287975
3552679877
132565890
3189976446
2921083814
2517554893
3073999913
829233302
2800282000
3293216684
1315550370
2895279489
17950206
3339440344
2886427241
290209483
2836017323
2789356171
617648289
2255648336
2781575530
3434562741
840406555
1105391281
3428005341
3370475740
2646947485
525407820
2312736107
2700144272
17944711
2970529540
3285087127
21539302
3304334367
2692901514
3316503341
3306727040
2838531001
2981584265
2833200518
2884236244
312137333
3347827533
2735605558
19980092
1976844884
19015287
2758493339
3390332369
2618892751
3273846452
3287037817
1309566350
3027176071
2829909077
30195449
1533309218
3290447104
464706731
413492541
2847162486
224299853
2971645679
3364412475
2993691068
3105423374
2313291746
1468656192
191543317
3372608968
3372347290
2536178185
386743444
3273598116
2945684582
3368316803
3267412586
2959133915
3365276656
2388664230
2979603233
3339790041
3269340902
2997043895
76247238
2992259599
2683533945
3266548933
3160466299
66196079
267824784
2200354268
2152563191
1583531575
2995717293
927910962
2838800505
1566381343
2946491530
713329020
3073840802
234169177
2747932889
1432642592
965069406
2387737644
2510592962
294208336
2501661458
1045844724
273029397
3306908979
3242762088
2932016457
2943640464
2151176700
359339881
3239153953
2327637127
3310646553
3226366599
2995049894
3065806347
2959966912
3238724595
2887963840
2493792090
3301243102
117645073
2988942472
3083130136
3299027183
3299058292
3199044453
532006126
2581756871
2740312538
77652664
2997834913
66617007
2339249730
3043990223
3160008382
457598628
318512650
2396536510
3031723917
2889226149
3051856694
3197582839
375919695
3241521526
2993137452
2837518733
412363594
2932876755
3153520628
3246801695
3097438751
2568008149
2339615036
2912140750
1434533977
2810907422
2906623101
2982761715
1345471728
172903626
347485407
3115538952
3192327191
2785927733
2237428405
3177016201
3232927805
2995364735
3152467983
3063807339
1114482169
3207972545
3207900171
2996812862
3206163868
3168604314
2283864779
3184108989
1877993004
2933145286
3184696319
3120215167
3115639842
2546393202
442565990
1710683832
2494840579
14108960
2477833261
877375974
3150099304
3120940617
2942515767
2986205973
3139295088
1493294940
2956635597
2980821964
62924807
2658183640
3120920258
2165436057
32759644
2880593476
2928114269
77823736
2265264510
3102990837
3119172814
2979800649
3065277444
3113349388
3090503693
2634164934
1552575762
2313788515
2950937500
3078840932
3108734830
1499053189
3101051777
2254050591
3033601234
3092865405
3071890046
2154425415
2988011321
3083777186
2894480600
3090632599
3092705967
3091449125
2274758536
2797342110
323002726
3091190290
3026804921
16092589
2245535639
3072329462
1339976594
54573712
2738812872
2596022582
3059510319
2931632766
2991028384
2966071426
407041825
1954640640
3067647758
2998332120
3029318952
3041635263
2902519757
1446529213
2256950366
2904139945
81495592
2264204071
29236701
2983509920
3002589172
3056044206
3065599743
3052929524
725983519
2838953327
496365169
2834279155
2302305764
2909343893
3064549919
34749634
554690714
2915868531
86957088
3048755784
2984700885
2981441367
3022603185
2934296389
188792060
2898544222
3044715595
3014068779
574647893
2849638021
523606372
2989885391
2848982529
3038184839
593202514
2798395197
389625019
2214218540
3054650955
2964796547
851551309
2940424007
25040822
2541887444
14102045
2669648074
2598395611
2203751210
3004027047
3031014288
3008531592
2268782525
2956008013
2578561063
943167421
2975091471
2971115722
2648651513
2162852342
2599973654
945863233
116989175
213603884
52469638
3041466340
2757421992
2575845492
3035520160
3008161075
2984901961
2739397739
1552079294
240354976
2992142537
1419162936
2944647458
1346936226
2517802176
3030761212
520404489
2984496157
39750755
2422334558
368563109
3016944247
888432606
2978296075
2484306818
3028414228
2955619112
443682096
2978790862
2793975916
3028380651
82246836
2388197335
2431151551
2863653675
3002134245
2890953179
2984175829
3016423550
3023858337
860679919
2575983729
3020562196
3015355911
3008867602
2995690889
2343790122
2935813709
3025977431
1140709711
2984262048
2940085101
1514659315
1184137736
3023392805
3025569586
1541356034
3023451617
3025144186
2554816861
2930265481
3002705153
2835837491
2509285879
2982104055
2989012137
2948907687
2715327377
2784629717
1569798271
1729297056
2981682728
2996257289
439201694
2867735235
635641184
2869012108
2966409982
830431304
2994294947
2301970712
3023547975
2913033121
132336617
241410591
127027361
3004531120
811621555
2982194770
2985115000
2888704043
2889093217
3015202023
135349744
2610211183
17656953
1314623082
2646178659
2992891675
2337220382
1553161332
216897486
2803710499
2790101524
230745128
534741999
2867794702
110765468
3012883389
2238015118
2534451075
2827282651
2734107408
2989036862
433732580
193905190
3007458182
86303333
379621831
2976238797
3009909614
2958046676
1248431161
2811564159
3001710419
2983012143
3019803825
2984815250
2165432996
626861440
363261823
229860518
2962946701
3007379458
169705784
2568830546
68099208
571097390
3013553650
2878607382
2869574267
2779946711
3009501458
319145814
2987700057
622254593
2999029536
2761578556
2998678151
2985195451
2985270576
2236206073
2983191814
99943864
2980649829
1952637421
1357808418
2937764740
2982781023
1190502931
1533840589
2314545342
2982682546
2168245782
2987273955
2175813662
271147332
2449434499
2986613804
216206936
3010573695
2965436236
1735571466
2887150811
3014947209
73964081
2714226679
2917741085
2998081491
2813617304
1003107318
304175351
112282410
2974296911
1481757690
791715319
2989438277
19684933
2984204849
958968584
2761939025
2583818412
77928488
2494034293
200972386
2974199505
2882494648
2986153186
2923021751
3004211267
2982506902
190751815
483105980
546031984
2922356470
2868279860
2914313474
3004817795
2897813982
2393858480
3015459887
2972845025
2598159420
2788841518
2867579873
2212962675
1360307186
101067247
1638189067
709379660
848912988
2857682341
2912606802
3001743533
2824913938
13339272
2905346819
2928961622
2525095547
2242543099
1571290730
1242821072
2953423743
2996456212
2969830461
56281203
435346069
172738881
2977574417
3002733828
2961490705
2923516821
2209956793
119651549
355171840
209383326
2871975600
237840302
2950336247
2886913482
2914051350
2987933351
2800635752
2834521761
1035577435
2277027601
2903576990
1227545778
2585003616
1078387832
2748197976
1523955002
503458920
2811145783
2849300468
2841929877
3007056015
2956929088
2259001490
2898644954
2586207235
2794787888
44935800
15750540
720082123
2641125583
2840636944
2249499364
466136874
2777102923
2809179003
253270325
1069520089
3007421468
2914918638
2369363073
2815691049
2855126653
2790394422
2988764052
3005958141
757365218
2832428245
1725683666
2886198527
2780698439
2889654946
2940214177
2972293821
2827262721
30291762
2909123218
708888523
1932494820
1677047448
2797776350
2961385184
2987374841
1317417696
236342602
374112217
2488256035
2996310376
15679689
33832671
2832127250
2654645210
750663444
3013763663
3013824687
2910949252
2730653610
2557093825
2916228263
752149458
1957995254
2982971775
2893597742
1315985496
2471221484
2919550283
3010150174
2479804849
2943538324
1697383021
2872148213
2960241005
2548720369
2902973255
80488540
3005872577
1177094264
2607443058
43217550
1375669861
2654065847
2934301503
2463858414
2836996207
2735634220
2842013468
2986830023
2177295739
2997695693
315445477
2992198475
2988470451
2930843124
2919886988
786984848
717718013
570075474
2794197039
2367310779
2576740956
2952617335
2990326189
1554753625
212785543
2951832433
1705299246
3000046582
2270687088
3000038873
45203422
2754519457
2797771716
2990657263
2995796082
606822932
2991981770
342757178
826126706
2973517530
2928451486
85798726
2994755328
1196065021
64670215
2264571658
2870995744
2920483040
307530997
1868357425
44826912
2956563257
2905547255
2291284082
841131168
2555489388
2937318659
2934669478
2847562547
2562901207
599700263
2862456748
2867078278
595873884
2795289011
341040863
2237949752
2895288082
2993781810
2960696419
2991425599
2929536730
2866317438
2571982669
2600344489
389000518
2991694897
1877065344
2970279551
2992705675
2967030221
1486744616
2945632155
2960474872
2908424235
2408938309
2991566494
2991424282
2898198880
2986153523
1455464281
621953214
2938694991
2961846983
2937589538
2448958338
2893975613
2862041601
2885735195
2530900364
2989290063
2260807621
2874156959
2934633479
92066358
2952593337
2956210288
2949889913
726366968
305786777
69010209
425462828
2977538088
2974075302
2597965346
2794726250
323980574
2984492758
2844306778
2881881838
2970075729
1969597993
380542953
2981850641
2949893675
2834617793
2530815402
2977830669
1909747040
2941460106
2943226725
1611667530
2982998481
2226804362
2939908036
63174723
2693952582
2317184569
2988469135
368631866
2866543715
2973950328
2589329329
2908641300
2965137795
2507434434
2969958420
2775843895
2914163997
570029626
264108688
767861076
96077013
2888109461
2408228409
2954820336
21302104
2823853677
2731932046
2943148450
2313804468
1544218159
2982259419
2825683705
2762542630
1567114308
2236664996
2387443430
293574555
1565138124
2955395991
1440655765
877983739
1392310171
2980980319
2982356379
181668778
2829433526
2921930956
2534001001
2856244297
2347749457
1069750850
1961423486
2148466106
1674692040
2801442937
2246842127
2150235932
2609274206
2435765413
2454789782
2495695219
2977061005
1905443844
2975263234
419689614
40197505
1316600647
2571307833
2730904716
2273245178
1403491501
1871132084
2553478070
2856399197
558856151
2719931229
502534752
249892051
897841154
2568405750
2767881857
22190467
2295217322
2967328946
2343567037
554773341
2984163871
1630590344
2926289666
1310827021
2978665591
43730357
735487279
51630316
2613744325
2046971
2970489683
1370376188
2919181162
434682671
2804185958
2788327876
1546341678
2978566930
2913190777
1550681934
547289553
2604133994
1033042489
2456566633
2758910701
2944234796
2328566712
1153394233
2927380375
2500111174
2855153144
1197318528
19106727
2706071220
2857570810
2479398301
606062574
2776641369
429694742
1319873738
28762918
1858723082
2929231678
2285152187
2983571702
2800544762
1013253631
2166972330
2267606304
2957067943
2787113827
1442194568
2747450078
2909433852
1236409728
73710162
2729568667
2344440576
2255309785
2328082385
2963961952
2941789767
2892965415
2932776387
2976572607
2597262350
1108747260
2661912678
339559639
2975565663
550386601
2805114939
2908184406
870436578
629616144
2695686896
2766621614
1643169607
2536157005
420279288
2864549284
989247980
1731797310
2900443843
270308051
2890172936
2976095038
1462146607
2954135407
2579393588
1481660137
2823042725
1420169204
2913285490
2954022008
2867000033
64948183
2900777758
41158477
2933247903
2900993257
737009874
2826701050
2923273125
1041912878
1957208246
586413914
2484535693
2933053377
429423322
2435073048
21763110
2219469228
29645485
2436025419
186549455
2930854989
2926239711
2924148882
2588495225
2973265216
64332206
2294826106
2224164954
2838743405
2343498443
2314366178
2953887089
2217178826
2970637157
2983244167
277403754
991404325
2894781466
2924687918
2748381219
2977945372
1620633338
460723174
340726097
246196819
1015463642
334869217
2483226470
1191368359
1105181540
2189249130
1423777111
2971766363
2371731378
2896061127
1265643187
2904582507
1663014151
2965348006
437808975
2949291903
408646993
16865530
2263703576
2534164636
2926546797
2960052074
2977001655
2495341812
2935213029
2932456677
955620602
2967979437
1340398483
2379766848
2830153952
2970227873
2769939283
2956504545
2701543938
2687710651
2883321010
2806494909
2720378306
2956360749
2410097665
2863709452
2397973244
130409062
2976061137
2155810969
2953831719
1835272914
2302473043
2974902022
2160139245
175231394
2917099133
2661346743
101119716
397264131
2959041606
1373584993
2676810914
2936435877
2975517860
2398540447
2777687374
2964215139
1510167728
2881157347
2931742620
2353657760
1027859204
2686346178
2353738166
2394529413
2530911973
2578332098
2975550917
191214538
246894487
2943097674
2763968264
2974928418
2306024573
2232476733
2927090130
2966714512
2952550581
33783608
2968194667
2973502119
29326711
57412044
2657346565
2797838176
2587846996
2965249614
56137551
187185384
2970507395
2547906456
425187847
2289018324
2962604632
2295533759
2871455247
2964487514
2965463213
18050505
2942189499
2959606852
2899561619
968606035
2972931143
2434850168
133539861
2956964249
2334458268
2955300680
2942148495
2850817121
705773923
2966433563
2863207648
2958050296
2881331573
2833529282
2970710540
2916350356
2962909497
2958854686
2971943261
2696512174
2682640589
208804100
1426132644
2378029861
2257132714
1179631387
2315540251
500345045
2921214584
930968940
2938049217
2961238469
548340905
2897019849
2934937926
34561432
2871416987
2955635844
2765900273
1035522792
2965044969
2920918807
19475263
579223166
2965926069
2938312316
2942890037
2920915860
2955647031
2868393221
38486537
2943050595
2664392994
2951720896
2934425656
2972305359
2561652139
2934668765
2941095366
2191196626
2276775596
300006659
2953154951
529612060
2971226710
264256778
136592307
468588262
2248043160
1656125270
462405031
2953445007
2326374546
2757571391
2966717457
1232030671
1091044742
2480109996
2957163088
452933920
145089499
2971027905
1058734862
861258402
2971135294
2972243663
265075947
2956591134
2274337788
2955803630
2407689701
2970783090
2944757446
554641145
355488619
336442577
2425317088
2966187124
2958378346
2243042727
2969832287
2945494339
2673922279
448729306
2918358724
603587010
2915104436
2865091701
29182589
2941163680
709245716
2958933382
2797785356
193513874
2208921139
159021627
2209174812
287931830
2899020174
2770938386
2915203214
2957643858
2949194295
2274440863
2956808520
2900432153
2260776053
447707573
2616062641
2962530668
2974177313
440864802
2893342097
1055639834
2968083063
97035104
2960949718
1268361410
2937415813
2896148836
1553341884
2766423609
1823742978
633837208
15740503
598196268
2577112556
293764900
2825334168
1465031118
1370355366
2334134348
2893866585
2778515611
2883535036
591160748
1692700639
1442171222
2811828234
453409842
2611286189
2945278534
106313079
2450652282
80870684
2444524106
2266811731
79041293
2801170216
2928979098
2162524706
107218201
2482866757
298318878
2961565370
2961167704
171521978
2961310540
1549050109
2720192160
2950093896
2608763121
127981520
2295790375
2273126143
65160286
2963510259
2950002291
2567415066
2765121892
1718756341
2941602436
2287201606
155428494
2941145301
2962615678
121952562
2598977760
2900016722
2596467030
1408270411
2428338385
2743692507
2810400661
2775572472
2508330253
2469338162
2595647496
2268327025
2956198205
96391493
2944585734
603177884
2872679140
380139525
2895517621
2301997130
22528995
16752613
2942464376
888119684
2707887715
2960316807
893004163
1324664892
2962634920
2680152235
2367577525
2609337992
39505505
493822398
1591614205
2959743265
2816147983
587728485
2960003381
2956844690
2956818832
2946170766
2378069443
193039602
2953639917
2526161766
2185334994
574753984
2364759721
536440371
133310361
2949833361
2470507873
2780068781
2241345355
2156259904
2281165890
2847581846
2947478075
2577658094
2654484654
2339164106
2792907346
2932978737
2362471063
2294260588
2944966810
2394923622
1885347338
