4795293770
4656434324
2882331822
2719556213
2993449593
750797892839936001
3195715148
1647045721
703230673776197632
1262776610
1258161890
163795887
3390416469
3525716116
848366533
132994627
45446236
896972016
48567923
757993419792875520
1720816128
4294742414
712187539226910720
1349827549
421575263
4450503494
32671625
4911156555
3949112776
3320712379
2409702013
77012250
30657274
19341224
2252475822
264582867
723824079808004097
64193927
758174332128550914
1237479739
522718572
2205198069
746550335687139329
381108914
442366363
49709066
748266316839137280
393969873
3434223305
3997106038
732260536138776578
745431394126540800
3364716815
724699706425638912
721737068322271232
5644772
1662246337
540405511
2858886167
2530039118
701920073967996932
749468931270778880
757742218077757440
4508630900
2834620568
1533813962
2535166748
753542398836211712
3399891132
3349925638
2540758755
193158134
718787676447617024
1337951700
733911126946291712
288283415
60317232
165145111
2885560028
1025158099
3100878287
2749858280
44542844
18112970
70218045
37040459
3332044263
751853139603492864
733400728618696706
4504524141
4852163069
702879461461659648
751086522179395585
865636782
902319876
1713036884
3083467741
292586544
334288260
1464560094
708605944683487233
4902369955
717531528150913024
148531153
751800546126856193
716771509445009412
23691853
2397468266
3266978148
60800364
330491855
794863622
3334746869
4851276082
2961225311
3020425427
3103723512
738687368274796544
2914357748
4054168392
16826307
720927815206641664
1345035674
3196450135
292423442
446299683
726140680003690497
3540252020
2574092503
119099353
709136798946107393
3388297109
744013452075638784
3050068869
14800131
23299665
740894695115661312
2506087878
3149912727
28912614
723639238206455809
712790533660352512
744701892941451265
68698563
788571666
462370197
3990718648
4057313892
3396688756
714251785183977472
48354257
2402241228
1289704663
3518486666
17456691
2998466930
3018791432
733828747690811392
24716002
4572991823
26487878
1489068404
63011842
1599562578
740228502864179200
3081921375
2771503019
91272139
4906749684
916321278
746176435996491777
3661168817
721424099877072896
94818581
708458185494040576
4855679640
4005375497
4250548819
740464669442342913
3536579297
4272870988
4584443975
388627743
704017048792268800
2504665885
1974017821
2458713120
762603296
513704992
61245025
733886118173646849
52268679
3958240768
2828425213
576765914
713415305679278081
3409679008
383313838
205644304
2485883528
735799562414264325
2162637748
29113206
2188675351
2577755172
3394033251
733612234958495744
2533447226
602654647
1653099896
735254665097564161
519527502
3023037872
290398397
399060693
43597410
1849938847
26122639
734713345434091521
4479812413
730255741827747840
4761064634
3397826081
4766245542
4056983819
707732559078268928
4224912857
705229345745276928
710597822941372417
4847876100
2887919545
2329396765
109188899
752182268
275276082
931979174
1094027119
3005920144
22671252
201694533
903377622
4224729994
715273665823293442
2327706199
182362719
3416505311
514718176
1467772789
713874298876796928
3281671453
23258472
703990775223169025
705910534319828994
730046691110494209
710990834972233728
4769536303
4786763677
2992624003
3411313300
24618161
4299954755
908203088
3461087537
456714411
792376735
3247925082
1696665330
3284112337
3064034982
54086590
2464887805
2239548626
4442057536
3588894372
713804778
913228118
1368478189
438829747
31637836
4102376488
1693894483
627053327
2796723891
43196336
41430555
4847583671
176678019
890497890
717905238837952512
713469726488465410
727623541928148994
3246274582
1921932272
91237926
3039507327
4914539795
1558436612
34991028
718466041446277120
46190093
712392667510870017
2687764388
65455370
487769182
3155025981
726028996358508544
235337115
3947278757
990697074
3903570210
84014340
1658371590
274891222
723307674331418624
711019979504807936
1535357210
3311911386
1376536760
134638326
61885589
108593067
13195232
717554036510068736
72242356
4926495803
422033415
713771286191804416
237796056
344108179
3258237332
860691823
334302856
2904554547
3645365235
3309169489
45450902
3285975517
361975359
424711422
3379730271
15736890
3309041036
456179788
4893125805
283824663
4909569434
3861733523
2361898304
2887465954
135577188
3403937658
35216399
4225209080
4870642869
602954914
17086900
2842864720
713541501632970752
538711270
3795821783
898923308
178083995
2209322498
3558267141
59039140
33345091
2411910255
3238923147
2958201126
54884378
843820334
1859519149
3576393795
42834939
18416448
4821135339
4165642155
2890037282
2617652845
4686488156
525716208
863374884
4596353294
263161940
4909663939
21634278
3383270200
3911057572
4813603957
1562937696
2303431412
108829833
2286014678
3126780107
3905715985
30122242
703912418070532096
3670520652
2345201029
4887083588
2810218451
3285637388
506901064
169907554
81452796
702674216378880000
84991214
35941798
4586677880
27671624
4883035583
194097857
699344605888782341
1976963472
4236806414
80500392
2581758266
271129773
704006510523904000
176299178
304259639
704333335162703872
111870937
708806172237672449
598390719
3291585326
2288723564
3351883912
2764770081
4839433331
122028508
705257175841517568
244782701
2166585842
2330881664
507765274
553190985
4389666737
2749815772
3224841256
4867975335
438051476
49685124
142150016
3687632843
1946033382
46315077
4803255973
4793260296
4787266529
377447657
505049911
4063285643
3836008983
4131207567
3293424025
69377338
3795292154
1265831268
336328667
700286457
4311371968
4877576488
93118728
362157378
550604050
98760286
4355797094
754288945
417501491
352344479
3673471363
3219816631
782688668
3111670868
4583075363
722537568
534882348
427028916
2321302628
4861913620
293294124
231930779
4870039331
2242085304
3309841465
720896389
3192644318
159558751
3634747458
182911593
4339754593
2574001358
1539085914
4516845735
1000989433
4547869279
1936536769
963262460
2712144110
299875937
3744122597
902366940
4830647598
281537076
4493557462
2319339266
423530697
2912690232
2840628983
2366225917
74236071
15815996
33186312
4422984375
4827732590
16154568
4260246673
3153169857
438044639
3772895061
4787155355
1370971824
3548005397
2548936544
3580248555
22532718
3447710843
3363437812
2904272030
1000682874
2776795189
239153238
426257553
620698212
430084739
2799276557
238726677
4218156466
16634544
4646178374
19236097
3075611245
319320722
136960509
1922383902
1345401492
4525787541
283666442
458214340
3508811473
179284235
1963520317
336638653
15540107
89277004
443304640
115681686
2748582465
1629339452
4807524742
348157716
3356152332
883449913
4234566983
3470996714
3227618659
3157056978
4170092773
3890345237
2548984406
148291255
100235408
4430536468
3938672177
542090289
4745975600
17881816
2464756524
176406752
1525105776
2449650492
4233912373
110767355
2638042382
272114651
88078856
3897774140
433851538
4496549793
632285967
75020778
4185039039
4367872097
4007921186
1235200052
621376320
124371986
4320809783
548025596
3873587412
200163987
4141742472
4553731353
3318124892
125139541
3867121932
16190478
14110710
18772468
264461851
38976390
3311840432
2371618334
3647712853
2980186012
390833402
2688880416
1565984659
3308822353
3372741552
3316135159
2904489946
1127278254
10269752
4679513822
3756112462
3360131914
36238065
770926704
4265718868
278643705
3226342768
251668274
3268502832
2338070737
3507440476
3285819409
50174923
228134082
65664359
18195110
4262408954
968299640
4452830716
2386059667
1051754352
1498305564
853259838
326007851
278543761
3273222469
2599066807
4662314673
1454229751
820711196
4596598221
455996058
133809680
55840462
603471825
3293952443
3439252101
16131748
124567136
2343995882
4592172299
2411694794
167414897
2779857823
3705346466
30117361
1419612085
228073841
1902620815
1973428471
4332740714
1205428022
1646251393
4238209872
196871565
1216651544
1219144500
1415594922
2740521853
17965226
258025056
449110269
19173608
2564640128
250922773
2320127936
2889262507
952296307
2686010270
4482480481
3337744786
3269495126
91752923
2926179374
22558800
4148409760
226328166
41830277
1488993624
1517831071
15455253
4322411841
1345704325
316102811
1146349951
121439463
1205806190
3567976575
2154092310
190032317
52944689
31057963
420694365
1046135256
14134180
54228256
3979725694
3524510721
33370767
2315583427
383418826
3234108048
16233069
152824041
2610290468
93963674
247981000
180111748
364046332
3484512075
395693272
3427200023
1951869001
3990577513
3110905846
446228264
168804714
4103087435
2650147916
2599057032
127546379
330373787
3259494140
201428373
1110662156
22577886
576623689
18492940
1008492163
2599862858
337834426
2845849081
3790094176
3930194056
192329667
1580956490
593360775
231923744
191206452
20532568
96476726
3824492824
20826129
2467200504
3371614768
3672584544
224704470
1447849483
20067397
19114497
72955560
17971747
3438317523
189186078
26257638
3331905027
2203777616
474202929
3911235497
26900055
323223149
15363308
3308193378
73657657
247130062
2862514628
3288598806
869176992
2174030340
2316563648
789565747
3537806363
424927514
723233544
101395252
24305174
1066165238
3418305370
3297895955
194317313
434073916
207312766
1345282771
1549462297
293267862
15784302
338113983
12912542
3284904462
915935612
21630507
2850722943
3031838684
577310780
988007136
2207780696
480515620
1703522670
368948092
14706306
583142443
124075592
294203162
3106534151
2252839610
2373145297
15215142
2571407065
88458875
914780798
2654505852
2272092822
395350784
1465596830
147351908
2776689014
617246776
176614899
343007213
16606038
107440670
2150212125
2927284436
425937551
258173948
140233495
33332251
2996533537
878439888
3245379445
2974060396
402216337
2422523132
3014436959
1717324226
2555012839
3081853491
403406021
934123604
590180745
135376922
517010854
2712571328
5950272
2417844248
231295638
1367267953
3370854327
1372786812
3245477853
2391488834
1255621518
393768350
542550562
99110535
562372370
209941571
782261448
16989970
621620724
3121763914
196576780
134229245
81438841
18435068
2302134816
892071500
2177442220
109441206
202510181
704845316
838855718
2788278833
458678379
2352603978
883949966
2895532303
17961649
461747789
35593859
27901877
1138580173
2920760244
2209420577
51508467
190890578
1396422624
813307975
41925622
1675606220
2691420463
3188652354
561728347
470329248
115679629
17757005
2756771755
2926128044
50057841
33811812
185906955
255557651
278258054
2991948728
372706077
2168461388
3017752532
56249795
1331104922
2316215852
2316330373
260527870
3388444756
1064782591
30522628
166161888
192091856
529264718
20198802
10207502
377129602
22984882
555832700
16710420
62815642
801657973
149885762
53524514
612170948
275450877
27897429
2906354430
1275629976
3004585293
1286650968
75724667
947843994
2792409146
3268088444
522132942
61396565
26459660
2461452080
2367428091
34996703
116732301
2558068521
109297816
2844598342
1075460258
1626294277
584917194
32475192
549181612
1146358172
1265921688
18739458
2941802980
564927741
1890976934
21800713
1247119376
24333544
2884071963
464235324
1630817652
2293954746
1356992605
59511805
2883978170
104971300
18906599
130615345
1909228382
2958943328
141864252
534903573
2511584504
3242981028
47714847
2984727962
3144725996
174316096
1379288282
53818826
16151935
583490818
3039981586
45641358
1217982678
525641456
931286316
42776375
343124987
69078882
190089336
1335599142
480520254
832541750
28239343
754370958
24544802
2453884124
3296634605
632466068
19430780
715706952
2976796559
2398498584
3012985081
1029560786
1564167697
32495439
495464885
293745809
1350303332
3023149988
303418470
36681617
770250943
3199389838
3100204337
3033785716
1507459464
253093355
3248141375
2501457877
1725625309
21588316
16557087
348551536
21965432
2723989723
2753300463
2874925778
2312494016
2646035371
549849310
2155495290
912598626
3145185641
2937613910
1247857681
1525696230
149965942
17983365
1225749145
20443460
922279172
2910891818
2882989863
43662736
907258501
1444823118
176336596
1065869268
28817252
22456513
139974630
787845938
1337277962
18768324
51788651
1489479500
2379095252
1862373380
3245455960
223719518
842685444
909429824
3018960919
1920623708
2796958821
3011540220
146679903
19376220
109189000
955360614
737294036
714947334
305877707
397748897
522239741
193978434
96442308
2945352696
221634221
16029337
17951850
29747246
430952981
39403744
2769723541
2971986082
255951248
228448495
1729092451
1375053553
531351424
246226421
2980444787
2718609396
461301890
3077870808
1147086920
70156027
1516626181
2937100469
125471278
53544165
3078161309
373703200
2937150214
61866666
37651316
456775778
97285407
2440499917
18863455
372875229
1939110636
3081085631
509558324
2928654302
438449199
417226966
1649168856
17274913
202729390
63834256
2959160143
2254482542
1493267851
3146783571
241273903
2658204248
443169263
57174231
1400789210
2888011959
17904614
2295139584
2949819154
831729216
399440328
1636490078
1660941404
1628461219
2430607902
2918377895
2902520595
2698474596
2370787236
2434062092
2427499363
1645373766
2312251076
2312609288
2312415607
331489082
1898509585
461558727
3033154947
1717464030
636456602
16992416
2453331476
985410115
2370874585
2345834826
3014447311
29048085
67514751
2307428684
63996778
3130220345
50434933
393048573
54153498
942868836
50072011
2412708224
3105228158
19408986
2997910595
210853953
2316073297
16672662
3031629878
454513795
2150938585
525249347
632985793
846330048
1206161593
1066204172
120818659
2321655144
555413422
17648725
11447982
288629888
708522042
450919703
629482056
785830202
450062327
460848476
797557909
559977174
290097255
3111145354
506864606
515154835
551644827
3024404360
620451650
458909659
407130574
284542517
603708824
561802635
2505217933
355630581
342894187
21452519
779485412
880043546
554080983
1646463768
2894764846
2853443310
312149882
807768708
38244366
2906962900
3069840587
3021540238
19515059
321467768
276079597
2280007795
510245805
1895922452
21484891
717144530
885794358
2899989577
589403744
80525416
26278305
1413829014
83889785
344101889
940503344
49139523
2828223591
1702750386
158384069
1886607632
2950436500
49020094
101264587
3057042897
1904238450
197845065
329276061
2274078254
3029619754
408954926
85812612
307011013
2255610974
59304303
22440812
280821719
390681205
475811383
531476360
2365720496
18102933
2987132896
28465478
1618641848
1610697942
525630064
1703533459
2734685258
254732884
65664245
277120302
3043259531
3032364329
414738268
2843168429
3003071320
3022045469
1880936238
59167512
339832905
2393345282
177584156
30360968
54769979
456842824
2829211257
438972019
292929271
1231877641
1122705594
2546562188
1189205892
125128428
938674796
2312126071
898620354
2977758552
1155742220
3031625800
273208287
1069819256
59785531
58869220
509072423
450697476
2808964439
2597251021
1475858893
95737635
69483012
42091611
403036069
53787946
16426454
2455809577
21424405
833963088
635464700
53222655
2801841123
2903158613
898728732
27259194
2889274898
2288632549
1020857448
2214847005
466090255
2882972224
790717488
2924336296
3014710679
2996329019
43037025
16671007
44135635
485373368
2261723742
2788058135
346924655
1253750108
379767285
2524059888
55217832
907290217
2792217104
349582502
182265955
542962969
365004530
28740137
25320639
1016153754
395944861
347627434
1886667756
1064362644
1027092416
2181121594
761833904
18034923
861712795
333097462
2911514910
164386441
1337603276
174046229
732980827
478855762
111225697
334497954
565930491
526945166
845158560
69641315
565883475
880237465
794401550
405963037
16330061
899091679
2871828326
2716100047
2438889943
289035534
77180390
83312898
19768990
914980836
477410739
545377339
354590277
20709117
2707013208
24935003
18161620
17907090
1955132936
1957490102
217634501
383896720
1138036099
545240167
158060289
38589890
24565406
2391736202
16703058
585373512
1337804538
3003862738
341676097
738288895
51670288
1315049388
1864361654
1029486110
258921256
2366303900
565453455
19938133
2569925681
251240567
24222640
1615667894
583122991
2925597977
33611715
1909758506
374331041
577434930
36500431
724599002
2988538317
184383206
75112589
65531952
39286260
19850687
247124972
2841326331
2818586300
532285060
172852209
22966253
18721583
49518404
837897956
2415070573
1265679950
552125363
819668389
2873683010
2467271744
1016653442
1125937411
2876187492
2334274885
270441409
1684560672
2901245151
93637779
201717559
1051878806
2682259370
933693476
34460094
48029066
2512732765
272388054
1908512005
112562263
2316246829
2807319442
594739306
745064858
547969112
356434482
14651202
559623797
314243234
2948045043
929278123
2451867288
780734695
2607123872
792660210
46303458
261749735
2235189276
2167674121
65517621
1447070082
88168692
73774016
16814500
2332137835
2566386624
959697078
57215100
473115252
2724563700
2316044516
2279696407
561654065
568648835
94712225
351262776
2449913803
1890630757
2264879042
2186062965
2824300204
624080892
820205892
921292178
233933230
39790265
2617572566
172846897
842217397
57497901
97963881
2944271678
259059584
2410109210
2972093206
403171779
343772856
954820952
355784391
986106360
35246388
497432101
25863357
2606338698
379498878
180273672
510409753
857001662
398644168
373505326
431742890
264268489
294892027
347976255
15393823
32896052
2395264501
2455457917
111081551
17372211
2491970526
379962842
605635673
14828860
1528559454
26652733
2309454895
21651982
2574956743
2892075509
74912769
57143767
21587082
2225779782
535964550
432170458
39584513
73448937
545927599
360157896
253291463
940368062
2588064151
2602675642
48834856
1099542679
703561088
27503607
36079719
745591364
945022778
208083510
937362823
24645354
212302405
315878798
46712519
184153602
21343653
703292817
193883545
1412906844
1033745677
634012810
21541548
19679854
218733638
386551109
212097279
553126021
329323059
241972988
34434801
50094643
76057201
66265121
17714851
18124830
98507228
318044919
340934794
291941733
330966707
16557667
748477502
242618658
390864971
109428892
43015617
45967789
21776552
540039723
83606171
1112375034
80439932
913561357
33378508
20233808
636680779
149315713
454456708
319888263
44364694
274065447
18502652
170982568
37551176
36119742
