468033879
757761484210470912
133892927
117244109
702628187323371520
786588504343977985
1321080451
764875088479019013
750890952215134209
756602702277279744
781763713145733120
1319369516
326420711
4787320575
716448270822715392
317260686
782664162832818176
782757735662231552
569446984
740386853652561920
782667454300368897
1317118622
4443383242
2982078023
771291668637253632
740595558184853504
1460941650
775464517887156224
742135195000668160
774037027062968320
736688587157078017
774031662770421760
729197756632309760
772852708642426880
775468137223368704
772848047063601152
734897518492798976
779721693027639296
736677724941516800
729460778672103424
729463032640733185
729462302450192384
729462663235837956
755861446534180864
736664225347559424
755852105445838848
729198533648076801
772849787271979008
742138741704130560
734886908472369159
776459825550991360
734904077079830528
779717170376773632
1618379131
774042159951540224
729463462741483521
772846394549821440
780868966822481921
779715143051583488
755819098911543296
734891658165112832
734893681807761408
774033310939025408
757370482299580418
734889416649412608
734899889247657984
734512155156873216
755863868103008257
734902270463119362
734883823142338560
772850934925762560
755850423278284800
729197198106185729
774040364734877697
780867389541842944
726595978099191808
729196237543514113
780357837746610176
4275299418
2890282536
391708727
1615183830
602272903
2553979182
377092220
73800726
3973678845
780211228081664000
711289928454381569
2865175470
3063168387
723588400197079045
1586563394
755285533996167168
471983361
779561469243457536
2192137394
711656344064008192
3538838056
779398437028716544
774861980276494336
2766222478
769160921394601984
777693441220194304
2511100203
3653024539
753941296541204480
420651886
2984845143
763812574710337536
2194629177
605864880
764907491431940096
4270123633
296555805
3983928563
776755513908428800
115831702
727961379907502080
407835009
770448233629904896
755108615904780288
714959961927725056
142433098
763230589306621952
745348679100358662
3750335893
3051869899
769319017647599616
327089799
829357813
368679457
2736085693
3396060561
90570778
773530028839735296
1713250586
342950176
142859373
3064768409
3375431044
756819023942127616
712214773702656004
4669308552
709516411471704064
730210116130082816
2271620658
756414119301963776
772051259314536450
4415469617
2279940139
3848062032
732282676401606657
747808111486984192
2227567498
3331654816
4750162812
740999040721137664
2561492810
2666913752
2861413965
4106568613
1157994326
4690288993
735788866884513793
754362433527947265
927564158
770264352498782209
4852504042
1849581578
762500238938562560
561807301
3409251723
4877950943
3249353065
2971228186
701734719201873920
757036351472545793
719328647300034560
768134399862996992
768174954470858752
3144538696
3339678886
2496435793
551685418
2697962518
449105149
3304495341
726229122339446785
878124180
2946143086
767547845419335680
3380774859
780361134
2855912367
253682694
2814436775
705632785331949568
591189964
293810810
766638229881847808
174359206
776563585
754091713556275200
1691531412
739107388423278592
376583112
2569660329
766092086265413632
999167376
541381530
563875610
2370775680
750868879602221056
402999044
751244342145101824
749213413545566208
1405873945
730811168806322177
850495224
764929724019642368
740282935811530756
2923307265
3469909635
2258175419
2694092161
756189938639527936
3358710291
2660350914
4818575187
4824261437
4839049334
763466169517039617
3007348006
706778382705565696
4780778114
3337267918
702587163976843264
714101976288636929
714102319353298944
714103144070950912
729070254987554819
700738869105393664
715978470472462336
728991752380665856
729069923658551297
760887875873431552
714101786907377664
714101409650720768
714100941717381122
708781356466184196
708779348652900352
729070528254885888
704149175580172288
708778582001246208
719991491637166082
3394610945
716319986046861313
726263477770145792
717913148691353600
581574289
3038343606
762095364275142656
2960860931
4873103672
3437446918
4813772543
1275822362
3409731820
812310122
368390892
3346621732
3287266340
1732600376
1013586594
759001751278145536
4923579287
592235253
3913301789
3343825524
3895142123
759900496517791744
4083261736
3252868196
4780009454
716337458967941120
2442810922
716302703282946048
722762052
3880518689
785915360
3295606291
1470309626
737316066263719937
426660235
2735289711
756190299630600193
710700324713959424
4801670856
613169332
3935759434
3098737814
746104505809330177
720298359156641792
707742276580188161
4799965200
2937539727
756675078213935105
726804542197628928
3296876997
755289050626555904
4552674927
3270605053
4746139427
3527619736
740570468441280512
713579841115832320
2188374945
3370806257
704837430482829313
1890759398
4252695677
991900536
3527978001
752232869905346562
1135237340
737002001318465536
2891196011
2700662505
748499726522257408
1399177836
2779371066
1099666892
730040948969897984
4040321721
723264107575529472
94489862
3075726890
2984092350
749190212
271904097
2213281374
3267641508
4764236175
726039528885112832
4538517197
4715905092
724468161634963456
279623020
4758679035
4552913412
2964805133
434572054
334838713
1855210663
736066111
1535230278
4831164910
4328666601
3349420726
4718345971
2875216757
3389066699
3323758298
4828932580
745731827890028544
3044648314
713813903784943617
54272960
462762019
728845714457927680
2976822286
743880841839796224
741649837469229056
4412726235
741650524043411457
742799123775131648
3299224474
3741523398
1436742871
701947241028841472
4494181281
1646168893
736643471604355072
3359854966
3425688785
731315853384245248
2259557800
738830468884336641
2807623346
784403191
740194039044165632
725900527649726469
2952232311
732998021055676416
736498856792338432
2590135922
4840570686
3439113009
2864309745
2871738765
2319086116
896440825
4260859774
3938674402
4444810641
721041563883859970
783498061
4902231826
2158906230
737441626344165376
2437778994
737046382213746688
718405536128069632
731617864357187584
3153180222
230012206
736573368162484224
4208969201
3156678367
3145624178
736274207512760320
736272444009422848
734460276263653377
4623321503
4633332142
3403868637
3311926280
731227606301954049
715604598271184897
2730849168
4138215197
729740575910592512
2761240696
2385617616
904313546
2772756957
1932686311
733901329408610304
834261416
4442723963
734078790482157569
702668469255299072
733459665208532992
599862503
2718439213
3282954510
2863130961
722867016961425408
733353336452354049
1556698112
2299132334
733259237699129344
733202659776335872
45774895
732997604229959680
732258289510027265
732792450436190208
3068907806
3468847518
3415188917
2545354653
731109020543516672
1187633276
706525805233479681
2261808925
1523459521
535932434
2887789928
731882501627621376
2893864005
3163960186
3332836515
731621419268866049
3413821528
725704933983526912
702550071192260608
711249578503307265
716352830811074560
699098383416455168
730986622888611840
704061171939192832
3299015048
705511583506690049
604887690
450352243
725257636455796736
712292597885235200
2928918759
4851499065
847980547
726960580146413573
279707380
1635089720
3434422113
486360712
729421424633483264
722609522754195456
3036575534
727312200285593600
728329900902453250
3068632325
4920043679
352404380
704782361473458178
716594573225517057
2610422155
726223767865683969
870556014
727790041074958336
727469509456465920
3285574350
514431689
722833271671943168
706153280473157638
281246989
718198687743258625
709069145724231680
1512997632
714032244487282689
2897504936
2869593001
724052816998875136
3744620658
3903352700
724697814450622464
3218805843
2899912007
725686741793804289
1161718724
3290692297
1959599125
1132703701
1273254338
725146518580269057
724347630529175553
716365547097702400
778477165
724445478323032064
701322834686173184
1576160425
3128593425
3194775127
2448211171
251731344
724267459264524288
714143344214085632
711501924256915456
4462792845
3429108088
750771876
703620591341977600
2723996357
2904967104
4859960608
723880057987600385
3091377008
3135157888
2278839032
4798208166
722806367346671616
718115442376773632
2698991321
4463633182
721545380953989120
4490957181
709538246028472320
4924630925
718909842870513665
2753608696
718031310648975360
2920322116
2720093823
719255584986566656
721378520115646464
719601060042665984
4191015443
730471783
3699955933
720596231693680642
709152178112483328
719664837723308032
824199452
721082048551759872
719070188109488128
715202586022948866
718268384450895873
720575652831866880
2334663271
716787184284598273
2934242511
720792280001605632
706425926922461184
4899106413
709769106560524292
720740237807390720
1596581311
4078186966
4837167587
2993781239
720263142014455809
4915223386
720379080642797568
1639087898
712435785916686337
716030330881380352
718818535867314176
3515254108
1294875960
719490353527525377
2790012589
719997116316299264
715697322013884418
713846896901619712
4832905280
710151748502102016
708036089559257088
719963095075000320
719943980495069185
719922164611354624
4018662375
4250647265
715985982269616129
719885550296121344
719868838158942209
718523603084517376
712338449710391298
1554956772
719731647869022208
716473016813821953
719693235304665089
712997507924566016
4894934020
4883557895
2981846007
706315503296495616
715970195429466112
697906448592990210
3625704437
4173715527
4867264960
922189308
4909376999
711992751487737856
709656879157219328
3236215839
715236659109867520
4819551593
3421991091
701573890082869249
714984099027501056
2472239802
719223616467025922
4747288434
719211164937412608
3028291527
716338139522928640
21177562
715587646102368256
4611035112
2332433760
718937268967370752
3245658931
355771763
716340243251785730
2153929081
716372011614937090
2354570198
578496513
705452430
3643487541
718888915772510209
718469049806692354
713812669212585985
592287839
1049306666
4596872234
716673748129161216
463076225
714873830519480320
2203472487
714277006272249856
718415985137483776
2506759457
3291309733
714489010060701696
2493760583
4878090557
613862556
2867568802
1963750699
4428495389
4825444654
706972531463421952
716381215155208192
718101169684553728
718086442593837056
715312846792314881
716037967316279296
491741098
2543789232
3549492073
717830865640763392
4670319836
4203718948
713870961817362433
4915615271
3401447446
2778541560
716367662587187200
3829743698
33261404
3140350279
3294204566
1395939702
713363960096014336
1598994066
2676526282
701467982963339266
715376851775012865
4827736338
3178391832
716623945299009536
4506860542
4848255640
2875911317
716521880899993600
704030553343971328
714201427367829504
2690865472
4779999283
75904099
520616237
704716977978396672
4002790637
4809673398
3134094630
708401945099247616
350267180
3423594153
146101703
3599650882
702867334910885889
711717095487234048
716351603687686144
716005400898703360
715693578908000256
3386185401
1489003603
715920896108666883
4106085502
703746697470431238
2952280511
713919139472150529
2720888643
1863995227
709830493450194944
3101976578
2526720652
711715868451987456
4896512615
2994510402
520531866
1170948968
2841113979
184660099
3254497530
716023591985393665
1040478518
3087329024
4900521680
4061575473
3302141632
2857103236
795312110
1314821814
715610180944326657
3221049444
4704028335
1211011556
3094405531
3351002789
588592147
713534695942852608
704459511856234496
2779542865
3303222804
4883775531
4919980612
2877011353
2171793420
1335199746
711241396737449984
2357160565
577468332
2584573051
713119050541436928
436007979
964602552
4907726777
2914659481
707350433250070528
704183647960764416
1849901306
3724225812
4810310598
2773868449
172194164
712997345877688320
365704178
3304110689
459013267
4387486337
3804962956
709868905007742977
4857913703
3169311530
3547716137
3103421708
4691064482
1008348230
3758880312
3099186337
3192438559
705004636617322496
4588984655
2951493382
297515820
4891683341
710818050027597824
3993136632
2541023452
1912201158
711218711315816448
3361378985
1061415661
2922177218
3250992373
2889166381
2835002019
709213300286853120
1259304896
1021984136
2836899655
4859830000
2712003811
1213910887
2938124284
709788051673903104
4871373736
4020040714
709526729925206016
3081704329
705203696280477696
1196310936
3321514417
4798615692
4854910522
3532113794
3016010552
3019385686
254726485
705849772876439553
4857323543
3089492705
3189425224
3309953172
3296620609
3418578825
309265958
4847248431
3399856216
4245940906
2845705185
2367425506
2581692144
702825913877176320
704198521516232705
4871933615
4588122383
216191417
702791847639441408
4855060047
706655197292945408
4840568644
561700499
3323201431
2282591878
902621167
2314317219
699979891421409280
3386481558
3429850011
4571049136
2288336187
1473137412
706621821949497344
3730762995
2668779377
785713776
2787033208
702595683031736320
4866665020
264959811
2214767593
4828138918
1593506983
552287247
4898792254
4908978585
2318003477
4766356272
705762532892364800
705952144462110720
4793935756
705630492507271168
4922580773
702267600080924672
4222833857
4707998962
3141189294
703235217889304576
1393213237
710716046
4858753303
3293845406
783866366
701834410199482368
2939159962
4864285353
3089462518
1909578314
702211318380687362
2961134476
186920013
191075752
701683883465641984
4846271233
3597872474
3239034365
3189290130
4864024883
2191322760
3996407854
4919737570
4870171394
1709623633
2267699420
351327088
3322422422
2727977238
2348005213
3388137339
4927267366
4047433829
700650685793067008
3428225836
4915364104
4838948407
287454289
3767628620
4876638072
490753164
4510035800
611959284
2981750812
2934111442
4921138977
2447084737
2692149717
4884505587
2369438582
4167561012
179756181
4693965900
4836120751
3071044658
1113449335
2218311080
3193748005
4789173263
3298415195
2754946793
4460354777
2486319073
3428706400
1075414082
3920216662
1552871593
147353290
4737295708
2936155360
4909909079
4900113237
1596700694
3405164133
3243531139
4781248212
2825579619
4479221127
4784067283
4867656951
2568634433
2558229842
4898362577
696712813637738496
1613037654
2298592831
4784813810
4543653747
225588431
1861024477
3383098366
796301407
3353924233
4328870417
3436109764
4875035693
589781583
4828033836
4632894197
620600291
4278662848
2955488721
2719150605
2163751110
4518626776
3361372229
321516803
187791916
4813887374
4383971787
4261804229
3028607248
2228993928
4705190533
2708857711
1738395415
100589519
4757950057
2894999773
4714893216
2748673103
3311913062
4864574062
2172830022
4842293721
3035119118
2961019203
1228785259
2994263853
4616726836
2480278626
1672110734
3417053313
324140415
2883433685
4351075814
3394826411
4856120986
4858463950
4247339439
3302165440
4779870290
4821141178
4786627638
804887640
2850361851
4840499529
560411184
3420006913
4844965577
122675429
4810351759
4739163802
4739062397
2270178222
4466693052
4767015561
4481583139
4468828753
4396518454
4746992135
4746968537
4747005466
4746891814
4746809603
4746655637
4746447093
4746542176
4747372481
4746406155
4746429629
4481468112
4481561246
4808629965
4808733694
4808719504
4808583381
4808618129
4799565262
4799554114
4765436910
4765431996
4765562119
4799534626
4765558165
4765552483
4765547371
4810162756
4810089497
4810013961
4810054475
4810106020
4810032203
4799423015
4799384969
4468797014
4386237327
4746397337
4746433702
4372289235
4808102284
2924865206
4626282135
4706387717
3173428896
4766646384
3294993578
4363063827
3274905854
4444031234
4833404092
4363511896
365174029
4444049113
4245454522
4832319868
2318249991
4765199845
4766810754
4438222814
4427918080
2931452131
4819820662
4830582029
3645537627
4785214622
4675889773
3433276761
3298738070
2518435686
4134224652
4650168322
1429103455
3906688766
4331497114
4361770212
3720482009
4750356673
3082064098
3149499713
737886559
4502913260
2481678149
2259461419
4765105861
1375507088
4497126553
3237841570
4766191276
2883377159
4601853553
4747705038
3073454861
4790501663
4755609253
3164680933
905117822
218902510
4392419773
483462584
1979593782
4104625156
1436287567
2305448330
704032725
1669064774
4513219127
4126384287
2491625415
2922779882
3042123296
4715319050
4756075534
4717137268
4492758738
4568214746
4669498394
4669433772
4691885612
4610865794
4711946242
4652958612
2254989393
3045024894
4605127274
889902961
2881279503
4520040029
2360649552
2612370230
3717739040
3033925666
4699378747
3932499867
4656119486
4716524361
3334960697
2976434220
4372077613
4381615934
4632681923
4698070933
4694259972
4693127624
4668952212
4668648254
4652819713
4631891316
4702818156
1436752633
920220031
4170215354
630311655
4299280456
4013981860
3190325862
4693210698
3940296753
1949763698
4409795428
4691491106
4628374996
335468031
4613390670
4521235702
4520720249
4249313233
4587551172
4567794252
1489161270
1452276912
4696324080
4287760107
4093346308
4314171737
4692963852
4656814169
3992708172
4689608748
1923427368
3433620406
2955825482
2955830875
2955803150
2334693336
2334711374
2334732692
2333814117
2334720660
4674035479
4638463168
1017655782
4664378662
4264179094
4585866741
2492169238
4474548377
421358495
3306571807
4421439203
2272110188
370865409
4472484111
2786822244
2214673712
4127006740
3160199264
3192065486
4676365152
4623806069
2161912229
3033566788
122949202
4653048356
2229355627
3773632763
4549419387
2887785320
1459821222
1134127326
3277526383
4107090136
4282062681
2773917153
4605200119
4638759742
4637391137
4624421903
4063884154
4478372236
813084240
4665510140
3094594853
1861271618
4516259271
4496989289
3220832520
4274015303
3390020267
3074241475
2459037648
4632297829
4632833233
2578333219
4612906042
3427687773
853697768
4445762542
571199775
2891501451
2268203447
3007329871
4478064496
2273266662
3921984270
4034325155
548475621
3684150376
3297255864
3067678551
4242226349
2945030805
1012518973
4533988461
569456938
4648952018
4397129339
4454908589
2869422498
339968821
3752040079
4341146172
4045854945
1123611642
1177758007
4298853773
925887624
4492191316
4537373662
4538666355
2186728999
491034998
2418933072
295755610
2426039378
1938880772
2740493951
2989862546
3253538006
1316196234
3395119617
4515345975
4488251920
2402289932
3312752928
4535136982
3075352602
1537145480
1223261868
4404436816
1489822970
2873762267
2564005192
1970213640
475855593
1881280675
4542989422
495521222
4328929096
2836150767
1030849345
154460369
4052345354
4606596379
2470954152
2719575334
2523698620
4113622885
1215306122
4363815197
3337712487
1636872804
2351315559
3507904092
469174025
4580493748
192274569
1717395547
864113412
1964940337
3270276092
2589089812
4580064792
2268657318
756512365
4365217883
4517038755
4573840515
3674477597
2708936892
937604690
3239655323
1715857278
2440979556
2266975859
4611153768
2821086780
2364952305
3740809573
275821843
1646147683
3036911651
1049453773
3476016792
3299402707
862882711
3587038272
592387822
3891453492
1140361278
3254070499
2399751072
3210609077
3180768963
4462531940
1391520558
3779807360
2213340536
3208661601
548679212
157887392
2892368787
3234193980
4201839986
587763615
617385622
398466740
2462289948
2912409680
2923708572
2462670756
330749663
353504742
3182196127
256294969
1069875270
173263459
3294358703
3816530476
3280900644
1688231610
961483638
2863061735
2538606547
2193361873
2903992069
2952647109
1712374656
4395598040
3010288881
2166368585
855348313
2624202305
482567662
331223973
2290071377
2411234273
884978736
1065951492
4509628229
4527688955
469564871
2719276323
543655222
1232179236
2735535863
4633877053
2919851067
1071137294
2351625456
2467361594
2929148142
2912613988
4524000993
4554117322
56378224
2328386835
2882006941
1680648764
706018885
2912556197
2429534406
4571705487
2583553054
3124118097
1651681764
1069015015
2598634782
4596165014
3219693205
1888044932
4594958438
3416417639
201861984
1676475126
3016211542
1549200073
4248880581
1400921102
1652419376
3194435494
2164996165
2571626726
2822835194
2830599233
4195954155
2189491367
4055514437
2215938562
2322709510
3241279517
1711250924
3144912339
2511053138
2474380980
4217882062
559850893
343048021
2444373694
2269453101
4632499824
2826373659
2254050744
2496626570
4276999639
160959416
2408463049
4568682496
1525567622
2425875061
4263754764
1733220120
2980345847
3248286213
2494013356
4569161063
4520624243
924380408
2169401922
1269786223
546559527
2895690554
1352469810
3474321261
2211329372
2300346132
4549941797
1241674832
297027570
4547723188
1418898379
4383716979
4515973223
4330879462
4473701055
2779056116
1208675203
1558971175
4579847112
3185026896
4211106465
4497221353
36056076
4325488992
3238686057
2266823635
1177276832
3921122043
4627511592
3228604962
1609362943
464297763
4553249174
1085312148
748726466
2988927955
2339198106
741587701
2855612860
4312922360
2377770187
4618862774
4446629362
1222919372
1963407313
3255166723
4548390375
4548357501
3177104599
2278167198
2666958680
3141896900
3947688826
3860897599
1668592638
614286291
3317245172
2903942238
1628441396
1951053325
846146556
3539785215
3346506879
176201675
2675388638
1344517176
345565633
382794141
2580678513
1295334072
746132245
1586173064
2159791046
1081075645
3697971513
1635505886
4556473935
3311710701
3630984199
874394864
2371068217
3025483336
4373519615
1676970872
167777552
2912369456
343814978
544509991
3702866842
2454217933
2416005041
1876816189
1352823228
3752152812
2891258618
479824976
2815467126
2200316581
2733053973
3082279979
359083075
702276581
453145796
2620214837
4217480472
4560544235
912252151
4076232562
2764512988
4341692421
2482698559
3319405866
430583724
3142828252
2273746295
2389801286
201479233
331585083
266613137
2844943750
1589342953
2954276700
3185840569
1146934070
4122029373
1457012580
4524556474
3659880623
3193086728
2486046441
4604750773
816334861
3192735848
2836790352
2457541543
1862044686
3402497301
2782066123
3656921842
2188677592
2860591072
2574783571
3057046983
3404879525
1212991292
2996132686
4210641021
4450140134
2402993511
2921561752
1577313457
3303556876
458244102
1861090662
2746606767
4554751395
3190441263
3118225737
3720314536
3101568439
1088618341
1102632696
2563751134
470037909
1271746298
337385643
2429069960
3750211754
1051388858
1960428462
160369945
2297035274
379712471
3101622175
343679372
1596449346
793889911
1029154153
3260759060
2905545948
1259145103
2940452133
1662520560
2835000940
2937468708
989428308
4619129264
2420110597
591046565
117298636
3088226301
2702305500
604433814
145666210
4351386614
4328801952
3179152441
4548725561
3032806661
4535715675
581220751
1545597091
3287044670
4236709452
1076117226
2602349431
207509315
1616761723
1933239199
1036411932
3249469752
2599373029
2363311105
2637595559
3171023451
502759738
3050388427
849140916
2284933536
793467902
478320443
2966336505
796577792
3107937391
1620606535
605740761
4619094956
631749135
2800668499
3187215482
4542867203
2936820362
2605024503
2580452355
2853719888
3374173288
1711142264
1053785160
3249195098
1634423389
417964964
2574842604
3282083208
4463705113
852166945
2298993817
3245434200
2856231584
2216997665
346354840
1251594332
455544765
1929354043
2853454562
1701351494
2990833677
2297796134
2806634149
3185724379
2914307947
4529201892
2390815532
3926002400
316054457
3057959130
4551299121
3109926984
287334686
4610429521
2772332897
3575214136
1434209923
1508686914
1177754598
3017100371
4434302537
2252465031
3109899306
4452536555
2328950118
2922250865
3810913872
4321283598
3572439794
3777529514
4078409714
4299338414
4164498979
4243389372
4303383509
4449583944
3836630899
3843837193
3836329932
3836598078
3855918852
3836804353
3902346133
4064227033
3723580104
3700101326
2919922665
560552012
4274993539
2357117094
3107899956
1604325606
2895096804
4586714659
4119185308
3250810974
2287547624
2865959578
2814022045
4547412333
552444800
2928121949
2429613656
3764498232
3014572600
3320861384
529699894
461734183
3199496050
4350567734
347645980
4550426777
477342392
4549979079
2377780182
4603920018
299962993
3469069799
1134985422
2834592295
2789677085
2172437352
3261584617
2768308181
2936792290
1387565982
1461955165
1164445951
1615815445
3413740876
325733583
2879515714
3303756620
794302381
3273527707
1103594539
2745508672
2348667541
1429115084
2350782746
2179652757
4107933619
559890468
2578031085
2383338466
4141600761
1591305902
2679811670
4389896295
4408227376
2419621676
2740350910
2835188039
2649256849
1595711414
3098560789
4276194492
966709153
3405794992
1872026478
1355241558
2726952812
955140276
3317582973
3307188232
310380922
2579522101
2205231284
1320905503
2982155295
4524100336
2153573385
779180936
4137882921
2871575983
3279990930
531217991
1007006498
3244924342
2157951191
1104887065
2715794917
1296786486
1864948220
4173913642
755817200
2841097887
2834421296
2796023850
3297375766
4160898677
2444019996
1120088676
2200375650
2597101626
3295120236
164836241
3385013050
2844989255
1316690640
3317709929
3282851192
2923903427
3226307383
704169012
521581895
1540428200
1051852225
264969812
1413744452
587896289
2640168069
3927170794
2451161020
2970216004
396892477
2658649574
2898709210
2774155457
1666080648
3018826983
4428203735
942539420
3156786422
2916885065
915477259
2285183211
4055808743
4024121176
2427852448
3675787577
711541668
404247948
4524276688
3229114705
4540175695
3534588934
1654074038
3119202183
2740131503
4461926081
569307974
2574734033
959026573
2442879510
3075179620
3039951010
2482440339
283532050
214963019
566553022
2753941128
1494101178
1553464213
2999117565
2802142247
3424465413
3749893299
3028900006
2157709935
2856968211
3866895694
3367977251
1183789447
623362388
3540212120
2259343874
2822992145
1039817612
1362852882
3410776691
1670950124
3051088674
1329146282
439702214
726860054
720919885
1380199459
293631722
3414910564
496337989
4085994028
2225827927
2963946495
2719728094
2428465723
838617318
3643852156
3810745458
4157403807
2250052947
3381663747
3805192461
444889426
2192265211
1372514918
2259584064
580703157
2914217222
1887694201
2880417473
108729879
2605912551
1470958057
288403082
927091800
2731340170
1809297492
2739513382
1564801669
3021892218
2920587652
2851243416
1244432892
2733744257
2931427077
2730857270
2252821766
2779871003
2309629610
509709370
4507896689
2882598761
2585993119
2738402285
3771757093
2447009168
526836770
4056698668
3184568815
411900931
197810272
1717408003
322760999
4548105737
2952213311
2941725406
3072525565
197787814
1337830280
4090862177
2740121899
1493108252
3350989569
3156930269
3145519894
289466260
1698502452
4003961752
2363814501
2876317467
451697740
2293558596
3178632463
1437966103
804901783
712851522
2705458328
3121556747
332413298
4186155220
1548860360
219864819
1202014140
3069050692
3377948775
1897622798
2643415533
618483132
2451952987
1268237340
1518233274
3003106643
1216757587
4272272363
1213672446
2591455747
2824467917
932615264
2800767986
3118617484
817615171
1608410473
316586842
2843856736
1915529988
924737940
103303420
2856179369
2183076840
4187603960
1011616970
3252913084
1061017220
2533532971
3347573117
2310792254
2716017706
2272276946
2599690404
1975673052
2161409330
349415980
2893534794
2473795686
3390589768
1431711445
4174006107
1138555304
4537472535
3718994535
1911879631
4535738254
3150480308
515010513
1333560541
930738175
3327929398
3973850410
4198340238
219451660
144390316
2161351219
2624289557
597620178
4408728021
2763234608
1697569338
4548322731
4187514849
2882290943
1094897640
1447692949
2530183771
3343499345
2919802090
2255324906
543953350
3400178265
3091810223
3285926137
999984864
1076830297
876882878
4387358140
2804812325
1067182027
490825124
2694858599
864358338
2621198590
1934600682
4548945334
1681537922
779877038
3162453122
597658349
790206486
1643762378
3189306991
1969731109
3358287754
556613467
2266856875
4476929418
166813601
2570580089
2430636093
3582589996
2715646156
2751741743
4320422422
3384150699
894176125
4250138494
3862589789
2285275246
2762220437
1143505404
2863835413
1956717397
3562237159
2608588572
2500077212
728990570
3316049475
3297336570
2782764195
3260526568
2636310826
2867125859
4270518073
345825371
1845737197
1569707870
972649328
3695413883
1903673852
2726246804
3010785729
2784602301
427806159
2950089735
3509010556
4318004176
4006212073
115573120
111345567
3375305591
509229815
2863777458
3885144022
4025367279
2150899637
2605183224
3135568131
2319496214
1327141117
3308015474
1415628967
796753248
2892507311
3295679787
2781337904
629312434
1056175532
532797014
2609683716
3368561884
2650174936
2747819308
1890316579
2436526113
2905052032
249651029
2570673736
809972664
345901569
120218928
575616658
4403151393
3058641357
448532845
2713330269
2499407281
2901099910
2444402995
4384877067
2383586257
1027365061
1436092268
2875512144
2977819954
2451570907
353829107
407843609
3640454533
3645247517
3751011931
877558046
2153571233
2203298973
612251951
1342090254
2943502515
3051002184
2723927979
3289283527
1701482936
2656976194
4017545374
3433959238
3891100780
2868283736
2770604211
2926031659
2986055428
2724585121
3151578333
1732420201
3166678036
4016648659
114588055
1665537408
1559084460
2237898599
2351557217
2986359507
543701729
4548124335
1275960516
3127858506
2285003175
3219055719
2399824749
1923554101
4244060259
3347595804
2681761449
927384355
4531785087
4538174896
3299759771
747197233
452327801
3385763790
3129245454
3331688669
2735176886
3437074851
1912205329
1074352195
2288379451
1350098922
2442757577
1334613433
3911309412
2795990127
4391896278
116521468
907686596
1692090762
1578309463
1538459148
49440162
3324326202
602196121
521809753
3304021851
4033333001
3037650665
586007204
2855616310
4520647163
2170410781
3377414361
3782298627
989079054
2727605367
3125969868
3827113707
122235612
931863415
2300265456
4159495925
3974643442
4288594239
1700210580
767536050
4573899013
4020782775
3688221374
3222745787
2288706264
970788218
405252264
1924286587
3131904537
324364834
2388801285
2890918102
235400111
2853630142
2573922477
1421209278
3377537968
2814221136
2368306743
2534362467
2717610471
2376130014
2611011910
610583454
3908359039
1415581285
3646867515
3929687014
2877341862
586383640
2569904163
3894794909
4343490927
2683753168
1256585622
3130445651
2353202129
1076152387
3344404509
3186903127
3608848879
2844084395
1191581460
284288548
3256921645
2452583329
2883929341
2802578480
2548781060
3076255378
3111886805
124706995
2160018474
2791977399
524593055
2866123233
2981615639
2750714429
3029199011
2797733739
2803534438
2726358162
2707125307
847989571
3351053849
2529129744
2895049209
2657434991
4538097946
1537551876
1244893440
1651505526
3111812927
2309856385
1545502262
3064012484
4409980517
395994558
2185102344
1681166460
2801834999
1370820452
2767154482
2480380146
3360134421
3193158408
628704543
1128488940
601185728
2733469110
2855196940
3918315437
1665744931
2250641028
1665626226
625450455
2352635154
143850495
3173270662
508625174
2572712055
4537974328
1415523120
1253458561
2834636982
2815736307
2881966273
1498649154
133464390
2831902291
2311772216
2957260504
2337331700
1939030045
3242118401
2949462243
1566824095
3381612004
3409457283
619466766
1018215655
2978611313
1499063574
1918123729
3722072061
3434551018
1421040680
3331613673
1493620207
4507837096
758553943
1589210150
2829880511
2565474617
3752028749
2654794302
3198478507
1887777300
2315800310
3573369855
1262076732
1367728705
2219765227
3302243545
2631483436
1096739725
4284721524
633285703
4040951413
1729687920
1258426682
209055397
2288991990
1328259306
2213967358
2976179307
562780797
751735021
2480458501
3112073966
1395949969
3234242265
1407917882
1366353392
945316542
310728542
1372014048
1352850570
752380561
2358703874
2783636621
3108875587
3307789517
3496730597
2781093548
3030343914
299232023
1312335836
2509487673
4556989124
1047506598
3102975128
2856791147
1386830149
3979771229
1499054832
4537700423
4537524394
464813844
2950534713
2352222199
2193469353
343139083
1058590682
2635923435
3115391056
2842725202
1772313012
545910963
3077343751
4287661647
759491460
406113387
425275860
4241744306
2973344864
1422706909
585404403
1542170726
89204164
304514564
1105490804
3018686097
2793669318
3319672601
4064169340
460430465
2649376189
2952527294
506718988
2941389677
3003880202
4211604555
4126721195
2312613266
2855193353
4210828109
565294448
445026077
1281087001
1275607356
711480459
2695210229
4390271952
726966570
565059245
3245150121
3315540055
2311182968
2939810584
1887382489
4557962474
595216592
933562758
3109748612
4289042668
2329504567
2907751295
2488380127
3699731604
1720079708
1729353163
1648476572
1713656365
3141099540
543637312
2397903045
947317526
1343119465
339994332
1783311416
802819970
3225201750
2744609723
4537234277
3429869451
3344944275
2936491627
2465795448
498369897
2893303093
1320969092
4337398452
2969252601
718783543
4573514234
1158570589
2430707022
836763745
2807381913
1917751488
2211394791
2875377907
2468938596
4534133909
3504243796
4296366372
2185636971
2985160928
3233152830
976050223
3101177178
4079866525
2523034956
314868333
4604340678
363273743
448122221
2159207988
2377863318
2360327054
3143855259
3020400033
1732292833
880219140
1674707628
562300493
2852839586
1605236768
2170161735
505014493
2335293296
285209281
2699844666
621429006
791644082
3625549339
2978142181
2309881672
3478565176
4182676993
295422432
2317708110
2864082190
2950204119
470209476
322323638
3378546161
245431759
2550359081
758369869
1626566700
135275997
2423531039
1182825770
3312118335
3404786531
2233542415
2201651628
4482554416
3361500304
2470566592
3103102228
434952025
602001964
1877751289
954104053
2822306528
1257514776
3767369174
2922264930
2982182199
2855351290
741870492
4211265977
1489104768
1396370245
556995403
3323228772
2306213629
3152355394
850078266
2201654489
3424711353
130830209
3045522832
2238828095
976740978
2958630934
3906520159
554069311
2855964340
2938482753
2933393793
2211092837
1712682001
3374063249
2882141782
4422096689
2817699859
965192348
2873247815
4213379289
226995734
3582190817
4384104981
2935726859
4536922223
895132039
504455500
3225739105
3077720513
563168653
3374114909
452928663
2777770820
1735715972
3348210609
3127269269
3187816802
580222541
375243700
2387959939
2962318946
4554073568
3243768584
2344114988
1647082230
2815825879
708826496
563816941
1418364583
2572828027
2245673023
107633995
1441200637
3233338501
3091021962
2485785805
251010530
2613046417
3034506655
3029150721
3957211816
2168505838
1520304474
2669218622
2290115084
2307901851
285201756
2340532776
2675758212
3873099922
2704284182
1124562043
2197541034
3999795853
806639671
2804156286
3321097069
4566855732
3405813052
4193815817
3135935608
1013632322
2895480486
809798118
1013099178
1163847884
3991226319
2341686462
185643419
2897763804
4462157428
1006466880
1456809324
2859189659
633840569
1373464423
1429318182
4372494195
789028332
3189722352
373285073
4211770588
3230710086
908926999
1389957391
1945077206
1042760173
1374745729
2502240731
2830978043
100783387
222039920
2599026648
4485384327
3050658013
2850004666
941603131
282462904
2943625763
3437123712
2933243505
3091616313
436931266
2662778303
3674021173
2872533271
2547444581
3314241921
2691958496
1556113933
1015373390
2204617678
915039895
811146470
1532115756
1358275621
4117574608
523045679
2766831004
492862991
3396617463
2310637124
1653905227
2225848597
3254290914
2249136320
1022554231
2779961029
2766021547
2153001019
298706959
3324162040
4137129916
2552272902
4038420142
118683103
3779190074
3709487353
3709578978
3248741256
1239560059
4544144833
2938997736
727186219
4598630593
1947981109
3120672883
3421041863
2738170665
1363276442
4048040663
2857369552
3858122597
1916949578
309551935
3080893673
1582877448
2906980737
1385592271
323944058
616152676
2612065151
4580761812
2763098677
4277574803
2524502689
3668119816
4471925115
936058238
3099301715
2788366918
2445092895
3017919991
4262013012
4510810993
3310617723
2899308712
995913625
192712569
2833576496
4441269802
1252573189
733194061
1974464414
2909258169
1186210658
1588344877
627227993
496065624
3260461000
318051605
2693400632
1083660074
4516309533
3064897839
80658314
3140587346
3266321552
2265913854
4151784981
4561814953
2861294062
2335668665
157086855
2208999313
4442048955
4451367621
4433890516
4433269642
4438271297
4451387855
4442066123
4442036854
4439528597
3389402884
3100079643
3381951853
2981700088
2926707569
1944772736
4574727020
2981037415
342812408
566597404
363002061
1418282408
4406518803
1377334105
1735007064
4438932387
620399474
1292181252
2868804320
3928002855
2195865256
2764429250
1521555150
2942504981
2532306931
2347884884
1566581377
1391521116
4201118475
4574098873
132820751
3477582733
4383311899
4374833184
1093867520
3110624115
2419856515
4454120176
3313722932
4561326864
4445462236
2154347449
4213220266
768134833
3327500146
4449246922
3523578683
4166822434
2897492525
2202403658
3891777381
2875573647
1497036786
3386052208
81702379
739459357
1437926418
2746755253
2957246799
2652290000
626066221
1054156316
2863425638
1573436017
1300219662
369181069
2783413354
3343424230
2779525322
3421129214
3239321196
3240972044
3637904723
3118873476
2999572782
3705545654
1957892143
3218825636
3018720562
3352694757
3053612227
2983301801
4543364893
3103079897
2800664846
942357037
2284421442
2654163196
3341694957
3440647456
4039357523
212099355
3688959012
4035826935
2800581168
2700145171
3019984307
1051870699
4115287953
4428016640
2972420974
3556995261
3554430615
3557123716
3545014936
3481431495
3374154190
3642552857
3578399357
4271551334
4417259472
4405860434
332240344
502283036
3267916656
2863322329
209263197
4429908255
1517493752
3357372253
498339484
4367551881
4390294461
2298975879
1378298526
4405835354
3992274800
4263283932
2482818714
4206366394
3314686556
1187442432
2219945276
3107953442
407222383
3476487616
4389000322
3240718609
2974995397
2386386070
2370882925
3365228884
2488875060
1212520784
1858064155
2540487410
2968124903
4437297679
2761486195
2851242306
3262213973
4314694708
430280519
4314158727
4314149056
3953275932
4204822853
4204782803
4205535095
905007608
714599880
496538249
3369517865
4333901663
4314384035
4332824873
3743220496
3921108013
1694038442
4334271254
206395423
4469991314
3181945595
1369155164
3427069343
3060331163
3312133152
2256927768
2885445223
3246674056
516508318
4195070794
3222888331
779122850
972882962
4202244868
3027483065
4137075322
128055075
430990152
3224950489
3677146159
2884164098
2806437988
3948741747
2916566271
3664293613
3751099154
2869493041
4331320642
2984775427
460850690
1308561942
3289404365
3911173095
801500725
3173308503
1738912819
2269603698
229284946
1128893010
3250822826
4001958892
4270307774
2768469417
827457817
4388889681
2312479836
4349735614
1589170932
2999217315
2665910353
1482950095
2304795279
3100693652
2393613974
4236174203
3313411500
973630826
2472575672
2514291913
3003928317
2946819141
3393247563
1629298838
1176721729
2850291407
2805285004
2374311810
4033298194
3054624820
2278468477
1587642074
2170365734
4076611649
166286471
493652609
1120968512
3117921444
2943086549
4321550182
4165621168
2648837484
4402279165
2963319822
3948478577
4401512892
4312369936
2976076976
4259158043
4267449693
4309298607
4309730842
2755928111
4309594817
4309467801
2924093493
3329435110
811193706
4207594042
1143118586
596817323
4269590956
4267269184
4267062070
4259687003
4096984274
2779055187
3266634266
487981901
4381373664
1050933019
3489265035
4302970043
4114503744
1381687333
2230601876
2881767192
196413500
403222581
3305444186
4183953315
4244634107
258950783
2857348989
4303467742
4198259187
1419547778
2844391865
3238198008
123910852
3431100399
3312435920
4317742104
2934123330
2331122520
442842280
172143698
4203256035
1658567353
2512895864
4289458301
153910588
1447673856
1618463370
433611159
2704685684
3028330311
2189918930
4268350467
1633957866
3453069433
27703485
3408993832
3319366859
2923824466
1053142488
3137049800
895208996
3144267179
499810043
146196145
315214362
2883976970
2566083968
3965335333
1513750490
1658919860
1222999454
221625769
4251411592
16565738
528942160
4222479041
197191479
4062740534
2395493802
3372445216
968124445
3293828089
3342269987
2403033482
4214329762
1862050201
2960422822
3598083615
2311198290
739626097
304073286
4273691719
2821570953
344173003
377769814
507940553
4214365611
3902426352
3233402826
312276772
1532301211
3322420453
4204284214
3262697474
540945555
2183084407
2163331375
3295785335
2320466209
4195118114
4118193677
3074800571
2995159117
4195867984
1077752774
2884232642
4187884457
4113272243
3970620853
4214631198
1851740701
2948515569
3134681499
822144421
3395523149
4165346613
1624056253
433649560
4149401246
326681454
4143318639
4183059637
599397786
3733855529
890380758
3010557045
4137277937
2902072138
65796745
3340521941
4121036945
4154488033
3784335502
2286161232
3433630294
3246620960
4120283719
4063313171
528134311
4113786081
3973028781
3127759074
3700630463
4124424325
4118879654
3890860272
381330006
2983315235
1410896737
3806229973
3174472875
3034063094
569782209
4029757396
4037226914
1043088980
2907082528
3254144662
3294459136
3555787155
533090038
4065478643
4043317521
2943224551
556312149
1209192030
829569692
4006259727
4040551992
3929445975
1479479594
922854049
106177201
2569577504
3402044961
542388870
2490239666
3757460296
1114746410
2473529755
602791696
2952642623
3134425941
3559227496
2917017492
3669485614
389120285
876389095
2518466108
2959015347
252358600
2547218913
3161362653
3360674337
3054202297
1954723958
4027025357
1335932364
3008571405
1954567172
2506174285
3694849764
3694902973
315336881
2390174792
707988829
3244415054
3918713114
3288019680
3693861678
3193767752
2918497138
3926846593
596424485
2688939054
3926702112
3039415446
702998195
3976381996
2951029261
436948936
3713870177
174726709
3553650978
2740414086
3593502917
3242867218
2731044634
2855074575
92066386
3030971090
2211651640
2242636976
3378054431
1918288740
2880120528
3937980393
3939598895
2589742475
2994130407
2484168905
3411236591
3929316443
3827662332
2782823596
3657357736
893115529
3439701880
3479207959
3178527489
3302016085
3457147337
3126950087
1036830450
1631456652
3001566693
3439244309
3837668555
827718037
3768608054
952797522
3779674159
3012864278
3311436810
3167839925
387830597
3290966946
3222850681
3873917139
1972173158
3706685594
3160353218
3858490102
2172579930
3653871912
2979748568
3832978515
3704662334
2248226409
1108744218
3269345376
860283643
2600777142
2538106320
3834875716
2347932656
1017853526
2370046770
611771671
872649620
2964732754
533030997
3196471910
107075715
256223194
3183940705
1960123867
782728668
711468804
3191562378
3700499174
2893385949
2852150341
330435136
3663037704
2369640084
2462080638
2317645628
3419022972
3258888649
3132965851
3005719382
3687111259
2462872825
1697822864
3685198699
1947972307
2848649314
2559957038
2887496195
3183556938
1574481637
3306143081
1111932644
571947803
1009962938
1183329596
3286127790
203392460
3270518305
1138187642
2444569788
576468981
1064631235
2456167285
314756306
248825889
2696816558
3008114261
2896506449
757632390
3172502101
3397082613
3001493457
386501614
40074676
2302417746
3355516781
2935910085
3174599762
2415662937
3670389673
2468451157
3441861496
3232849184
2781821585
3307199119
2367490039
3256974750
417848255
3311037364
3390108875
2844442263
375890348
3042680407
3429319750
3394539933
3195154319
3361562237
1573724130
3361149718
398383111
3156898578
338092799
3748502595
1852739251
3107868525
2208256262
343025320
557290767
3317275400
1523281704
2931684003
2240037822
1450161494
129888551
2727319118
3742835595
3187202427
2683691833
525637267
290707354
30690424
273488109
2983338550
2569018825
2483430116
224071464
1352998440
1037764116
2265924676
3630173894
1551803804
2209506830
3056984025
3103667580
426207406
3051979369
2366147252
3308265021
302970799
3634268956
3355653465
3718694903
3151879740
3595776313
3595814840
3561173177
3185623614
3326624433
3677013981
3675262097
3237755927
3462669437
3644107695
3239288205
2508613160
3632954002
2832209586
2307285714
3125198447
3161226497
346909982
708893702
3437170798
3398767569
3565029557
3288928816
3004170942
2975741740
3535468337
1912106029
2484093183
1374274837
3385338549
808643496
3357535168
1535085931
810135301
2310913219
1856180876
122990939
2572008601
706128283
1716022740
3406564919
2951164885
2312313584
1669781240
3634492463
3540094693
3621452475
2908911342
2975231559
3620445327
2361880644
3280941181
3011708265
1276540489
3290127559
2292727680
3355152613
2351201071
2967027622
2925514871
2593502317
1733051166
3513306137
3517441756
259404451
2498613611
3384016933
3363869585
2156239705
3429244629
3277763388
3344535622
74840794
3433094176
3438144754
301196750
3327554772
3323905632
2587232855
471623367
3376667675
1132053114
1402574594
3102155439
633726823
2152532052
2740848005
339106180
1241782441
3432751337
2583494196
3264253966
2502710731
2660502561
1431522384
3425160910
3416027999
2912769265
2984532552
3298647380
573835315
941963552
2475825386
54397155
536849738
85008170
1920932322
205802474
38485326
2963104731
3300877178
69681766
3274011338
3047961913
3315870775
3192536321
617860006
2840745517
3166937626
1097003995
3298944726
2989736716
35099519
3420334373
2275686801
402696969
3022932906
3297186432
2579146103
527315986
3116747335
64626724
2910477435
3394949326
2218346288
1233630978
2440027230
2277336560
18591276
2310204416
435343322
2961074800
3298964942
3238389884
228183654
3298414573
3294122197
2444346516
3291657044
2830598919
2664621370
235681940
3291603284
774072534
2991378328
246160575
263995259
991724484
2833551388
3232035571
3226680682
2884490920
1592427720
915828438
3231962096
2984445812
125930351
3346105449
3233039406
318594215
3369142006
3231902340
2984106579
3007818825
2551659487
3173804915
2939592244
3385967758
3286206469
2812166011
3382059802
3381221560
3370992531
3383017756
3384367324
3376900906
2499341281
3178867681
1343950962
3384725236
3342371782
1705261722
3253502041
101703237
3370091675
105726521
431671039
1099387814
2761847679
3295365111
3258746229
3384335458
1416048277
3093566754
1660242090
3284846377
3284585534
2218642496
2516919485
177545180
200469585
429116729
39558170
3373123469
435232691
2720006008
775224378
3231995179
386456375
3072798099
867144060
1462870147
3176980297
3176953453
1432236930
3378990844
2917813984
2861599720
1408204008
3030617793
2859104396
3138160360
2296494996
3085232344
3257507774
3052627284
3251658445
1628395069
61242859
3317597327
1671883429
3378009377
854307398
338164705
3231996679
3122078943
3281043350
837629088
2238230123
2363592409
2714794871
2464827139
3231960038
3280844359
3033117257
3250725224
2789907474
3178198020
2288130596
3363939328
2359752745
3267676266
1142549401
3266264034
1063739196
2997204749
1007571451
2841687792
2283529346
2398246796
3279992774
3212501320
3154455634
598772903
3014942663
1548903170
2234813473
2726763590
2870541588
3236612966
1378743727
3231701802
220490249
3107964064
163606440
335114328
3118520177
201150652
3267869386
3278047598
920898031
1074664740
3365296792
3277848487
2802807011
3169982751
3231632682
769022204
3347032409
1273040623
2271610058
222189121
1643612660
764418530
1523289253
3126728517
560124030
572714701
3277733346
3369789479
113785006
173576230
2615815882
2956935408
562589414
2274174414
2480861018
1110712170
160305261
633059975
2800122525
3114945815
3372738827
2765482636
3369706419
102206743
286339683
3364518208
3368077510
2810035730
1264007318
3372646659
3208172823
3186971341
3329292850
3102316358
2877736374
3067980175
3192990462
3183198278
1115801881
2956272799
2228820908
3366508084
3271587140
3289393251
3275236770
3301111540
3338358292
889221954
2882495150
2197214593
2861888395
581969922
604142194
1033814072
2970918749
84289498
2751699555
3343612876
550208360
1921481726
2323945699
1649112888
520788221
1511521033
3145827108
3302471693
3290705687
3342216833
298612238
3178844029
1023064014
2993429872
885247111
2828720161
3274492928
3346860149
2160931957
1100101062
1540989762
813933180
2878723267
2639115243
3187370593
129022614
2978077252
3342366507
430118635
3366983680
2306051258
3368084601
3267481608
2600565666
1895186222
2802035346
2275356889
3266762798
2592621501
415536583
2468645029
3269275298
520674395
3099548278
3327906322
1606396118
2419911236
48320268
1590410876
1654276296
255396950
1639934851
389805046
2895122222
3247690852
425882409
2870835362
3027420949
389726033
3134164388
2222206525
3220001567
51353416
3021837451
93654731
282503746
3135641033
2615780429
2750116651
1257923281
29229449
1591290853
3364929521
491101893
3183636959
3174993665
1911269791
3363508875
339904067
3363622024
1555916886
603502213
3239063174
2842712913
425116010
2202022014
2452022641
3130312306
2191876449
3151063885
866647603
381339650
910267087
3331950395
248170535
3241028009
973202708
2937636287
628415140
549365231
3131462925
1259228017
2810514867
3271582711
334036662
2340218382
3365802957
2768245779
1851805614
230704170
330459879
3006431254
1943587327
484999518
2759383252
289579514
2373222710
1961487252
1048144502
1522943598
220928091
3350808581
341629993
39984599
3364086635
124664993
950432401
2481017005
601604544
3038080285
2543902960
306550555
3360438646
858891324
2373311017
3069229592
893923441
487506528
2222207606
768450756
1887662947
961492980
1679297863
295414643
464788358
1649057904
1699158888
3037919254
1447602944
1005968544
322648501
1301626202
2626210844
1096021734
2336368192
1425560670
3006438971
3258839030
312121523
3258821203
2974142824
2823961252
15267920
2905495300
51207002
151728266
2887356416
1433921922
2547972351
1211419723
1828795440
2911655537
2963129835
2644735598
1231065408
394647302
780000912
1577632891
321572161
351425822
316616134
3236281196
34089334
199204111
403781375
109599001
3351488799
950739366
2198999888
190885486
2187561246
3052789984
3056614079
124302924
2840763049
2788340968
3347036231
3269892494
3145517584
2606792576
332482517
2795085060
2857378563
2232048293
3360047098
138827291
3270476629
624289574
408672107
2297475647
3350243379
3363321929
1671778968
3259241550
2582888114
1435474830
2573694446
3354121223
955435340
2214808585
3363194518
2950239640
2501143626
610278385
2765833659
3250980330
2694150552
528910939
2615080382
3347812959
2176215015
2712485326
561048764
1378601594
2255989399
2804730464
2984564841
2943826295
355696544
175035751
2500061527
2827162265
558153953
1667937391
2516408534
3060620353
3230349699
2266842865
3353037514
3026102283
316538097
2250016491
210093068
3363250774
1482984788
2937069257
3097129438
2788864622
2731625892
2755342107
3363159533
2985061943
3269396876
3001666330
2246375548
3215541837
3244421092
2956627423
2210716800
931454094
3262669435
3259198231
2577145774
3169342956
1899760021
2866459478
69491812
318082055
427201039
2960176761
3242756968
23041763
3146404184
2697277981
2844311592
3087662061
3177925878
803299256
341705814
2196018453
1179552061
3037645252
3268528339
2295889891
2437802731
1335602929
3270404839
359023529
3360186730
3040404888
473198623
2468221996
2487681355
635592242
615383087
220378469
3301859357
2166934704
1678305949
2685179277
433304864
2740446824
3147954377
36781855
2333759889
395618523
3270242707
3270175274
181631962
3354812915
33485745
2705750744
2770583153
1971483072
2809707573
3179587663
3314462409
253671807
992912504
1262386189
2718547857
2164557895
3353930691
924009426
3323991429
2318870107
38515671
2866265925
150533904
3347370417
521189353
97317639
2376884229
3352180899
2826658840
2822830495
226263844
3011353330
1626213499
2928099983
2667001986
25537232
2151133622
239246106
2568737258
2929192323
480945273
2966745148
2867466584
50731557
2994332098
806760794
1862041339
3303909509
340804120
3138252223
606561893
3300820077
3198466104
3198404437
3193972783
1832546012
