1075296265
728564251263111168
412178067
3041141277
19173608
2228104350
2733194172
83628515
4677083107
109441206
717519399456911361
2557905024
591451860
133787157
461026420
2895108496
759272459732410368
719714058417676290
394274636
483816267
3311911386
14784939
3233638936
1278749190
2407489058
2836430031
3405505149
279483370
1467948800
3385886950
2391736202
2302134816
341774278
708030956439998464
3416153772
93637779
706768941906075649
235354536
559977174
42630130
291265941
88282143
21178239
4869210287
87269679
746763929142067202
2383722986
724760198989156352
755906752038703105
452098509
3228700480
1697923279
3391314478
31251011
3243817131
269977470
758327270213820417
1185822331
1083898944
4922453653
522634225
1964285881
734011377954721792
364723008
3322033363
1363431912
1425000152
2798125167
718064029655310336
742845877300154368
725101655310610433
1720023612
757648259741544448
575496519
2890897703
2878172763
50606496
558164020
4884430107
112186577
191450401
523085134
3149556063
3260277057
748946916159983617
406902402
4646756115
861033866
4218156466
479212897
217201548
197524714
473421472
565408404
565661023
3244935407
571621476
253982809
4917428002
189825248
18976017
1096586868
2914416447
2293889211
1134728358
58754870
2363052556
104626211
4896590771
2969933999
1713876973
746652261464555520
18305815
2916730533
4891611712
4725273694
701866563268378626
2845550220
26060297
702490829340938240
26343215
207435031
4551460812
416964030
720732159221309440
2781724017
746691152494084096
4923338773
3413764360
2834141669
290574098
46465179
303593922
3418210767
71280219
307436293
292423442
444800767
3479417295
2806205453
3088316794
701737099515527169
3067994974
20676341
20994278
2460655577
3315983471
308793050
3842506708
728218014424936449
707231957508345862
33724338
3635573596
701765169337262081
3050594463
2738994658
2801833464
291736646
255645890
727240201060372480
345970944
2783498037
196111284
160831009
2421057199
2901033340
361504628
738666724778729472
352622576
2377631569
4640107290
77417989
226890990
739559741303721984
1012073593
3820239858
49317619
3294998095
39755667
2888090229
231530817
4731492265
743642628080697344
4908072827
141147000
169868912
29039699
742684042756259840
125674363
2366289828
3342600166
2170906626
3935792619
2950928613
545620363
316519929
3131300662
908862660
703932212144689152
701808332
131192086
822066151
405022806
2946784707
559026785
30122242
562825760
2227367756
741725290829905920
133294380
1731384301
90869016
745385226
2310320650
2969867122
3987355385
727117203028467712
4910521152
742985288897712132
708633337867460608
561654065
2976796559
132111956
733388805437186048
4715345421
712156468548661248
2889581843
4920221220
253428481
4886339965
740127644415623172
1346530920
3018809793
735895154154950656
739777095975440385
1556140357
4406249495
732667003740250112
702200373172428800
2416860835
2699496506
527372536
3181197159
1568492526
731165262834208768
738316840565362688
1975182726
712989337038753793
520192904
718117017153306625
709943204078948352
737746728649166848
732123573217853440
4082627055
88458875
563617996
117546934
733841045784403970
3311051301
4224729994
426881312
717477187159363584
2734087205
3773849122
704796892643905536
734394223550697472
27867738
107229597
733297656915755009
2535446095
720692035435503616
809668830
703939788294852609
2258785824
732942246673317888
302606042
1426400280
713838112544268290
3835879389
4358166675
731792706796670976
3163018980
116909087
2764911077
3815935215
66774405
281489352
259975018
4890072615
945809544
83711992
105142322
401453027
708697738418987008
725469917844262914
577096192
1695763922
172344918
4416141859
4608922999
276712789
716883791650770944
4863587284
4448060534
3205582234
252172352
709795676272599040
244116266
719939067136385024
4900755256
1377227227
2345827628
983310523
1074162278
720368884088315904
4731685562
334131548
47600560
4621634547
4617188719
713431250808283136
470508203
212229592
4847687652
60303301
3034747479
4680714752
720873147088506881
1614924421
2885705823
3133953997
919527416
228134082
28037002
32916898
4587580579
4463373987
15158145
294799083
455983401
4204298181
1000181929
144566237
3108163353
82464591
1286975888
1314835441
3632715016
721046621467906048
2874088486
20203905
4296171575
301374864
1251926676
20789740
45450902
3483861453
141372072
587436173
1444843555
2457099590
383906888
3041523664
2306158353
2659964124
717728258092040192
1027152660
774728510
2740521853
4704427494
2891953294
2562268036
4845981137
249419244
4899403270
70548171
3278716658
51361757
6312362
2578911286
3302083158
355633084
581725398
701885769988841472
266639747
4782824516
17563445
16004747
4687928161
4590452117
2784561011
3631289477
4604285055
717069654158655488
2228659594
2464824599
3298312288
706496377048702976
709384122163208192
2891863054
4268248888
719251370927202304
3321185645
2290924114
355981767
85621304
617832072
718488023877480450
68182726
4363198276
147479994
4896094012
620452874
1408451676
718005999467175937
713771111490658304
164794909
2356754006
199770246
3247925082
3391985055
4561156337
44959884
16325346
2365686348
2150629885
2866119880
3068102708
3087093887
956610254
226603314
4924248041
18906599
2584122429
713877778681171969
3380661135
2494331432
3201888929
1638727260
20617541
4564665231
707251123124445184
35054369
702235063296118784
3432741485
3228178671
940209204
2424422474
700776474068930560
797844446
2979773758
3227333732
4328938396
98583506
3780286457
4113724119
4570837757
4395738293
122033106
16112599
4864547697
1246520911
712270964164268032
2748809475
3167566834
84871482
27733419
19758148
1024641211
2592010609
1880514703
2472658891
2792589217
1137736604
30844129
1607967380
548684837
223263548
1128454070
43554444
4793280700
1975814814
24378836
2837152863
2401718935
161686725
3077047918
857822010
1357289328
1667340889
2972943664
4629672376
4460504608
415519370
573629823
2362813539
929903647
704366697470402561
30051204
2456549977
703963091348942848
1361366480
275896693
585604003
4818790877
294749416
4891524592
2962791503
3459015855
896927635
1539233137
3293235761
4920711940
18219254
1272983683
3038350668
938694278
700512166949089282
549406390
305655577
2801782541
2464920044
3899337568
3358285528
2413220352
305248807
2641320267
4892494955
768282008
467684054
2422587631
105619565
3087527993
3197392486
3142472141
4205389155
620893984
4143395536
4883631935
499756092
162785755
19346439
3089815810
1387846178
4273783582
348130743
1217578664
3107675842
3883664488
161616878
4864200285
4015642161
2787716710
3338449175
4864279031
83696994
4822312218
20073166
701717287
4820909939
577055614
2887955249
4512949577
1322305082
3416150583
836410892
27839828
187579804
3026420495
119980244
3438880319
2379210030
4158855862
68137754
3879233537
3766084042
4229042058
4817231049
3818291482
4728759886
4284266176
1636512828
2413910084
3386446072
2828238915
2917805117
3064349069
314548237
27234580
2898320171
4633530137
3134652024
989689286
3994773082
4041841979
2155759051
3081504663
72882689
3040798215
2286847806
4548980777
4547532076
79175176
109938942
2944275814
1697215020
1638091962
976528424
701172848
2987226449
2918328669
1661600198
2379800353
70664947
165474327
875154150
4273315282
4273293377
4267986803
4273302621
3314998081
715460135
1964213526
4184419215
2711505744
124567136
2474770612
4185160671
2232256762
569194033
87026303
976208172
2822120701
4185129124
585693776
161296820
2822441304
4047066214
2989834030
87013061
3937454187
417992966
2733816872
278673208
3398606452
3646320015
3417871636
3333186975
2243716570
868345896
46900014
3822031216
1320506124
2838333676
233726316
3642696316
3945455309
2231898250
21322408
3516998717
3049943741
123962559
500330423
2458907334
2663116351
966681366
1548576871
3119396101
15238891
1521723086
101785932
267283669
23804708
382187956
873187082
30468163
121855199
3688624534
536524126
3633259232
865412954
2185485662
2803913821
401612883
3111482895
198128780
3293602423
367117552
2951375667
2437921773
2504143856
947992086
1305807127
85371098
3362016513
2171567670
23736439
219815965
15082945
121171051
158021529
351009963
2806193803
3087917843
495898206
2647459710
111442679
2328556685
112684779
3011046029
788938734
2453263154
