787206537185931264
2286161232
573050267
61143412
4928202353
2870772136
3013538636
81081900
764133239971803137
2955449511
2423975252
709145374703886336
227394952
467692244
761307962535215105
771501268095217665
781327992224002048
3433300791
2444809245
2881890708
736536431661719552
369967224
2949590057
3245397274
778858573795209217
2182729802
467648534
335325479
3039451113
358757941
3656458035
2260543949
2592506182
2275807653
773013970965794816
766057372716597248
4444217892
747927213614346240
1708345764
751520931353202688
625016581
2493133591
726429776706154497
2318373674
16600574
740750558475210753
3266634266
415934791
3363342014
115845591
3105913891
2742894652
16515858
3043504223
942286693
763347306674618368
766096898272952320
4548105737
556312149
3228433988
763647353148628992
765541274652930048
628637917
706375086224384000
705632785331949568
1602242119
56470704
357382762
736727769682432000
758619359891886080
2437766502
1615971018
2155631643
709408526397890566
763118408615559174
2382819794
1513664090
760600941456351233
4870605021
3041864735
723253039893745664
731956788413800453
760097085446316032
2973254717
721337822993653761
3244608284
748957009538678784
4787400462
4850377138
1446261589
3421060461
3191949209
3270605053
2306522885
756835824818204672
614185821
592483957
2185388603
2284204680
749689207984103424
598475522
755820262558433280
752424347499847680
3135743437
2924312040
2751699555
2242296056
2762253256
2356867748
715089526
742365378043613184
326516489
3435767417
1624363256
3493766482
2240027778
739375791818039296
735181003799580672
741245103390363648
3252476259
2789898941
3797863695
730956301195456512
4847238419
739925205020233728
741068157331312640
319701555
731898442113384448
700986806859395072
2757545495
735245952320180224
179756181
379278040
1914917394
736648092498464768
2365276350
729696665813258240
2152365548
4903807279
720231401241456641
710164885955592192
4815192453
719688531636002816
718453961649336321
4883018272
2622905782
716480450408132608
2730367451
4873360472
713952965179150336
4884375351
711733225190760449
712719336637665280
3298192596
706565204512006148
711631477612662784
804887640
702923740666052608
3855452474
709475286723723264
709541668756672512
588630461
4856350753
3853138338
2939588129
1601501395
2968000858
3024944410
3152057637
3042885191
2209140137
2273048664
704967507
1601469013
1601448180
2939876957
2939511730
1475216167
1940915702
1601517398
2448181915
2939954284
1601481571
1601396544
3082534289
3134075159
1606152721
3152109113
2990191648
1480254086
1601471898
2939761197
2448132984
3029687185
1601510353
1601425944
1601505427
1601508097
1601503057
1601488423
3147322574
1444019389
2939582241
3148521569
3013248765
3029534094
2407528056
1601465208
2376029439
2431572508
2407521584
2936985928
3031242102
1601459131
1474718628
1468043935
1460037007
1452357007
2273102185
1449792948
1441193474
1448116152
1448114514
1445615900
1445616620
2259901109
1444009958
1680909752
2276016607
2276009160
1441837879
2273099425
1440997549
2276008808
1546586184
1546549836
2276007264
1478038669
1478016902
2276018293
2275999724
1441983846
1668042691
3157626220
2386576811
3157556037
2939953289
2448110028
2497673279
704508871910379520
705282811394011136
702885341183741952
4901286424
702614118507925504
701911890356785152
4907540103
1049406918
2809233219
997678550
702483899218206721
701805008426242048
702325004088705024
4779851272
3710483713
3952604788
4915364104
2924595726
124858264
79297183
4905249054
4883372872
4882587004
4885695990
4877455013
298162238
3145749712
214236181
4841267250
4240161496
297549966
4883199641
949790736
4839440825
3410325293
4642837822
3293775850
4195913535
507887194
866757145
1308597079
4262990472
3641431462
578485817
4839988979
4541286982
2420776467
4846651947
4106181073
4786432813
3120206238
4833322360
4839797735
611959284
4704955381
4568307376
2806161265
3119215171
394702063
4322382388
4746067212
4322265202
4508488517
4322424557
2946556401
3998099117
4508289977
4322328982
4322449515
2430313854
4793560337
3395119617
4628880927
323998361
4786742183
4622747851
448090107
1636085515
4631539097
4757044833
1494439765
4470925720
2782764195
3431558332
2194549013
38019317
4707417636
4426115248
3382639925
4063884154
4688519052
2434166388
4034325155
2434178706
4661516477
4647475833
3764696115
3764715448
3764516715
553472781
3500235675
4026345094
1260759288
1644341616
4617039999
420572123
604142194
4598621232
4428314907
3117651016
218948525
4507301837
4628364632
933429812
4422383063
3048269121
237224780
3319672601
4574098873
4584595992
546245353
4418207417
4442622383
4462843900
4459009895
3100623837
2513510201
1539022428
3026641396
475525226
4417663813
4401571394
4441620574
4290282629
261637089
4479914712
4202244868
3136355973
1236823081
2662700618
3784542375
4393433772
4319410696
1587642074
4066611853
4144944317
4191723735
4328000418
2577338839
2256789414
2601225042
4263114254
3431534472
4208925924
595098120
3466404852
4172402999
211489746
3773594357
1538286920
3450100993
3995755096
527791426
3710617817
1246321440
4078446076
4053624431
4051821378
4009230100
448995290
4040852254
1556113933
4038139257
2913013229
3984713661
4002432874
4009403931
2994130407
3997210055
260958747
3912040692
3005581110
3863170038
3740713516
3238607492
3831020064
2678576497
3330582262
2688599418
3417689795
3792016223
3770536762
3434318758
2853687788
3721805969
577704843
3653688801
2171376114
2895082508
3433006077
3666521625
3258298849
2909110384
3666486027
3659368343
1129237172
3537004335
3646066037
1189280256
3454638554
2922190223
2893868052
2703600365
3538581202
1647920364
3382329912
3494826553
3288511723
3361697120
2987544856
2419465032
3495404613
3395276180
2380183114
3473915597
1586619583
2340932574
2664600037
30160168
1335540446
2912008749
3344001879
3308527234
3140581379
358499369
1714093465
389598352
827737987
3422587234
491628990
3418148782
3368733502
3207945040
123361637
3393562707
3305856938
3400565392
1591173042
1002108372
3292401704
3400937728
3389400664
3399465815
2159281669
3199433476
3263486858
3300045090
3394470683
3300194233
400050611
393362352
37775681
3060866334
3278829162
3374452930
3371621926
3369305633
3274587698
3347497175
3220574805
3267939536
2934085832
3362406017
2388941631
3271120608
3357299495
3361138473
3168995928
1367997865
2955711317
924875353
3082422042
3231518930
3093572439
3327316071
3344405861
3346882139
3249931386
3253064269
3175579380
315541261
1056492074
2963002413
2941630517
3079705161
3328131713
3322792426
2996306713
2933507428
904987866
3244499762
3083871570
1498557234
3292148123
2917111309
1540117639
3178945058
3150563456
619552168
3309697449
3229024118
2862884345
2341848397
3230391451
3293520213
3229460138
2369299159
2922067180
211634510
3044564475
77259184
3181782960
3082952785
3295947065
592717073
2993819124
352404380
1108101056
3289921931
3285617769
3128078389
3199530394
2772816886
3193118162
2373627126
478328338
552444800
622697330
1316790650
1335510385
3092779869
2450491856
2637756814
2876110309
634765257
3116903685
619498312
1872911124
3084060469
3151128142
778477165
2322813901
2273021569
1663545120
1357759334
295078279
600410288
2164962227
348180272
3211421881
3196104876
2860383950
3063595509
318916501
237347977
2519450553
3238354683
2429719501
3243181191
2896048099
3244117763
2878166644
1671957470
1556156719
2467219340
44497549
3021093148
3214251207
2469706117
2922080419
894090625
618191489
3177867524
2560383305
3176138360
1174278764
3098318362
783558806
2760048454
3167032202
3103829070
2990304042
581905207
2755104521
158715768
3174783111
2870928497
3146234673
3187337602
3119348826
3150470977
3085977288
2956690028
3178273432
3126702982
2675827636
3149386395
181631962
2877913279
3136268959
376213596
3165372376
537360591
2866274677
3114643531
3138255337
3152257828
3152610610
3147283641
3111003705
3067641206
2526086522
3043999639
1637055193
3131478139
3122848508
3130182580
3119202865
3130418585
3118870861
3121657709
2842817517
986279155
2270925450
3120394240
3025206665
2957779233
3065911027
3105109542
2888229820
2613868032
276336082
251954332
2997973204
1972285141
2609498883
3090257118
3108408171
2155830221
3025710160
2259623190
1955881262
2945568964
2911516426
2200634694
2983942665
1958067571
2386260212
3035524726
3024126197
3084847970
113515198
278512352
3077901644
2926528770
3041399218
3085146963
2922858214
2893788494
309722145
3062472986
3025147349
3047501586
3008190095
1583721181
3058696486
3035348432
3020660382
3037039729
2993398562
3047874113
3050087901
3049700453
3028147707
1734876774
2973928245
3038150777
2156704027
3035993536
2926123374
1640099935
601166017
3038523425
3038336423
148112684
3037506431
3038295293
2743070746
2987980287
2806561545
2475966096
3019980018
1232608566
1720928246
2559414393
2365640627
444226490
1692118308
2869316914
2934067590
2468469600
3018413897
3024876615
1592794026
2790012589
2765889382
184146303
1605882854
2436868381
328771519
614161313
1950057426
234772155
2347582171
2241488046
2975561968
1233360582
3024048267
3023357020
2589757303
342965034
2559211379
2906765407
3021851927
2994088568
2793281054
3011488403
3013251705
227287378
3010453557
2838605998
280840376
2844131744
2998556061
2201175346
2903186434
2969063134
2313960679
3009709006
1226637085
1707813830
3002582208
572125693
2998923991
2434191428
889902961
2993701232
2457437778
1406131494
2988766072
2947587699
170157266
2913593166
2991956299
267962308
2991205975
2965970250
2985511161
2980775993
348876915
2980579223
524796803
2578801057
2937847215
2982354339
2984505211
498145338
2955657099
2977033455
2975976946
2974424650
1073641231
2841988441
2972678627
2838823134
2967646636
2560517201
2963139524
281603434
2959652359
2950591623
2960682856
2584325575
2957966706
1345680805
2957602983
2958100996
2955553281
2891641440
2954521943
1002494814
2854944267
527241463
2159521167
2799885818
2937553529
2905033091
43081521
2941695340
265699905
2845124150
440534020
2531008843
2618462799
1439762401
2937569283
482574168
2852617240
757772809
462015822
2458697589
2397289527
2798223406
2235553003
407236785
2320466550
625115287
2336593693
605892952
2275208226
745607360
1961888096
2228609760
2859926668
2611443312
2818593597
1729089932
339311442
219719403
2760467037
128529695
2888593931
2909706376
2899588816
2853617856
2299455032
2902363887
2917088144
2365778371
2861652811
1876331072
2902945258
91548212
1079081738
2282529161
703614033
2915939616
2878841930
2852387064
261184739
2888311149
1645705218
1918191824
2872167732
2729645405
2764479797
1547136660
2553976800
480298435
2466388248
2843322897
1268232198
1091347621
1296107725
477166199
62489531
2898539685
2485801105
587016387
2898806469
1852739640
1689764245
2269732435
2908762374
2802878791
2912121902
2893843335
2525941611
2884697589
1321523702
598903927
2806147608
2908706815
318690203
2888681980
549612330
325680282
1103874452
2905619215
2886233111
2903300575
1317255289
2905062307
2905009620
2306177249
2835537349
2877083987
1260468078
2900818015
390731182
2898323216
2869869791
2870962005
1462172852
2895921296
42860914
306830871
2852673900
2863036156
276782847
632463716
2777659565
2665181057
1595938896
440054816
2889419491
2886903056
633081078
2855197985
2886985484
2216336074
2852452589
2846837278
2879372984
2832246546
1566149366
1855221800
2416572459
2835647704
2574496259
2599602878
1541342960
1083453763
2228607288
2338904365
2696180443
2810609860
2265771371
2581176385
2723953034
2838236751
2249681835
2863627712
2863128727
2328417819
590609106
2828799022
2855773118
509044474
100322384
2850642780
69633905
948900768
2851612868
458837772
2820599590
2818071556
2343102368
2722111944
2800495875
2519380084
2847711182
2452011624
616455647
244448031
1912618153
2312662659
2809215141
783417174
318723931
1584878600
2840809256
2841635582
492444052
53975006
2841422214
2841425516
2523591713
2802525592
2243879969
2801058142
2800874440
1729524206
1728806719
1721366990
202266831
72254160
548827673
598555464
809855244
2495946032
2790824860
1895516893
2792069453
2832707852
2834762984
2791052433
2790640329
2568127096
2789794301
771342865
548739209
2785210517
2808952063
2527564731
2787804994
2833514905
2787023679
2763304899
1549731601
2315317288
1387565982
2832333374
1870131680
935906264
808848866
2805473448
2553025267
1661513101
2261808925
2784624431
2831822424
2826824072
2746787637
259084812
2781737319
2781146125
2802970710
2827107518
2780739796
1369155164
1601969418
2772673571
2779668400
2778812369
2824730478
2779050593
1540827008
2772204268
2823568735
526083048
2690952944
760008973
1259924988
2823266077
2778284091
1520708448
588447218
2812744992
305563678
2771306855
614106713
1275741570
22119405
2807264047
390990103
2156643072
705660638
2769660507
2769244851
2769538444
2760492656
1167018205
348648531
416400023
2279405724
264136018
416414521
1643994942
1964601290
1583154198
2278683955
1369887798
620192042
1316897328
855717300
739594328
603013346
335724958
28739411
2433061964
2804971027
2767447480
621697083
612885558
715910505
29874163
326484851
1598687940
2764182687
2795754223
2799135278
1323404239
255151770
2270727271
1251682302
2223822254
910453513
1584782162
238817326
1536927882
2193468083
1289472145
2787143688
376929798
2719973716
2260949744
160382262
2764227676
2647442027
578361884
233208572
2791739887
2795224710
79670066
2763555825
2759437433
2738716683
2794834934
1900137654
2793993948
2727038202
2791736070
1493460242
551442114
19468394
2480036207
2437704780
2489127666
2489135946
2459866507
2489132792
1557179700
2228151921
333134801
74808179
2757347193
1069294501
773277918
2763619093
2781618938
2756722445
281525585
282106165
1447714782
2781205686
2778626184
2752073458
2455233668
2741950942
304468150
2781002634
1048067786
144174816
2780735419
2755533405
2332255433
2754230439
2755719353
2331199218
2275390321
2684929520
1183177567
1100598716
527679495
551261084
243983990
1472792773
444602825
2776756650
2267392226
2727666399
742701468
180673380
1112012304
372410831
553281917
870475784
2684629863
106917126
2569563289
1512372390
2462646390
603179975
1488393457
1038544003
527944450
599646743
2572903648
262856886
2161006289
736832719
701616819
85149124
2427592998
1083135830
1469310948
570538096
399548220
1432611704
611170025
866284622
1548807961
626867161
2754101266
2732990870
2752999378
316378156
236951928
1406656309
595748311
2758827134
981454614
2356747126
2760949278
155583888
827694151
2741964216
2748019534
982070227
2746315968
1896302918
2746829829
2740726590
2740754540
2743591457
2742915237
229823645
2731621269
84645088
2168593169
2714654970
377267499
2727144268
2739641073
2739594461
2739229630
1340340638
1270564950
2312383117
1922621532
335059424
1668589153
1031408708
2265422434
1284715536
2711866196
2734779490
2733274798
150522980
2604049801
2318107267
2300215668
2688395088
2731019801
2680217872
2655935738
2730149441
388332055
634157969
331430871
1547167963
267035644
2728008821
1535562840
1470999258
2676033889
1286359676
2348101310
2676107042
2722673146
2722094572
2244293160
1531262305
2276673898
2717279687
1401790442
2283657793
2719700968
1071881474
1541606023
1544628702
2718932459
866322072
2298641042
2660896189
2172424466
2646549020
1375097197
2716885852
2654804736
2617255189
2605649120
2605605920
2617222628
2605635998
2607786048
2607803995
2617195020
2580382266
2285106980
254542919
498110466
1541420798
2715027897
448167364
515255478
1634440950
312755642
2632218110
1541586606
596257359
1331865624
349415980
635059919
1541576233
1193426208
498341584
255333793
2620791732
2463804060
2684189201
262254959
2684965144
1581828144
335754736
1936603952
1932336116
2487654378
607620300
2681483847
2680854412
2573095693
2567785946
2579321184
2590324957
737966665
1541478420
69710888
2665901518
1541505494
1638224040
1541474354
1617488869
1541569440
1063663872
2588997152
779455422
788435689
389139384
1375086638
167515520
2577928291
2582965686
2296528233
564099995
2236859868
1580479831
2630806803
1376736889
1376825893
2285774779
326892739
2537990851
267856762
1703123778
1033499930
229694678
618884231
2555473188
2559501151
497038162
2602140814
142784371
2565385477
2385572112
1020299222
1522402730
2558645143
1687119847
349481354
983915180
508711709
2589486755
2218627800
30129516
1553412090
1834963171
2441602482
1302774457
2588089648
2550008004
1270669741
350356338
2581200737
2539541796
2576181784
613291438
2537001252
2328301522
539312336
571170471
562452015
1258263402
736421202
539235262
986552126
2187245016
2439197616
306080304
29905465
2563916793
2565454245
1668734108
2210235066
68218166
2274016974
1281012572
614040029
378850605
1353172550
2270918947
1202529133
2419336525
2271048385
2507913894
1167281676
1601258263
2454843846
2454840390
2454828950
2454824648
2454626222
2454620262
2454628207
2454625831
2454607224
2454619279
2454615559
2454603158
2454608803
2454577940
2454267386
2436897289
2436886982
2436884324
2436874106
2436870163
2436826675
2436812598
2436812288
2436811009
2436809936
2426897239
2426894767
2426892625
2426890555
2426880356
2426878010
2426872710
2426870076
2426867640
2426857452
2380262568
2380268905
2380254372
2380252082
2380239422
1666140715
2300284976
2505956865
2281569992
2220281487
2473244558
2467558832
2392172159
403629433
2501918784
2200787833
201449313
1699766316
620641327
335043806
705961128
1401647191
219435770
2192576876
1376817680
2211035082
1726122608
164787400
53027967
295432730
2396806789
292112267
1738380582
2433026927
2461866548
2415957337
2513377990
2262176390
2257131505
961393700
1127129551
838740979
87663800
1235265008
2368801236
2175044006
1978844395
1612961251
2508861502
301107023
71636661
1637398194
826047720
2244626041
1838682398
281165585
2443566456
325271009
774925406
1140299700
1275673094
1080422112
2479653129
2450558366
2482585138
522792391
723111960
2293653104
432576934
625230688
2423959292
2434581469
1012066092
2372994408
2428789741
911307325
1374601417
1101598610
292139823
2422614001
330630440
1450366454
850495224
605880634
2313461558
184467716
2402238757
1384385749
504968850
2400534570
66084231
223267743
2411359990
390578169
1031232914
613603705
2375857076
1969676244
1635106158
220422743
1187450185
2277112622
2366455974
350855272
2369449801
2368837217
519859483
623379312
2372034599
2367785627
2360105767
1735490160
1351377812
2308431835
2360308056
149655776
2335078711
2285844255
1596337820
520483976
2353525942
2346081480
2346097706
163990576
2350810883
2350550108
141042093
2349267979
2322995160
2322775441
2282355626
113460172
1409300174
361470960
2276758318
2340852897
1493754582
832471260
1391828744
288215711
2306901665
254674633
99722237
527969132
2329762459
2222606248
590118894
581731828
2318214343
2308249355
2249347897
2312425027
2235561315
1968333506
1664153982
422400099
2303582066
1468180364
81435277
2238377400
2230326096
576795639
533746926
2161544773
625119593
2241130927
2280689226
2248773843
176224244
336450564
2255872646
2194472248
2215933959
2219574640
2237520420
1664223823
1684241347
2215731650
2171535569
2216521944
605048661
2154406613
428963151
718297367
720017969
1069400647
858925849
485854360
1954638475
1591593248
31935910
48660269
1881409519
1684026044
1660693028
798234950
1347924810
608581706
841970911
762862837
558183932
789396398
552947393
