786252142814326784
2882882852
4908975162
1068253284
3368516354
187900049
3282421009
3191022145
766660582938337280
779958542891483136
777402534499463168
3062278537
4055886974
754629669576663040
3014409241
756847284210368517
766979946132615169
890205824
764810819242635264
754532724916969473
3116923346
722719366131884032
728032513377984512
769363007860269056
736876179823689728
766259776586121217
4252379053
4123814546
4123594993
4123886017
4123842494
4133910973
4133889914
4242519679
4242464172
4242563060
766265978162470913
766267147664429056
4123469774
766267813510209540
4123614619
4123731493
4123552944
4123731260
4123749914
4123800680
3739120517
4123436360
736111623434182658
1702977666
762865410391760896
562207202
762514473387032576
3239767638
761710509800448000
758993785720233986
759570255425314817
3446415974
3068380332
293849235
4268463192
2289449540
701739425332498433
3152346325
733560243309830144
719118553476046848
2838656180
3150797948
719133002
752569168067588096
753440140018659330
715499872657362944
720908738350047232
752428515887181825
751509094675181568
749877576223469570
3404790794
2700493627
747871475403755521
731848386509340677
562626424
746988390436864000
746987087316934656
745214016306372608
727207660664266752
739900758351548416
710682282
575437171
739278024806436864
3802985772
733325634294833152
3219920622
737841747657658368
718598311066796032
736120324945641472
2929225045
112336351
4273085594
725005171516919809
721394130639687680
2329782576
209132756
729714213573242882
955393784
735375404580667393
735377382803181568
735376923426205696
4849519453
728100861126139904
3658917253
3639310812
734801961200017408
734800684437082114
714419429292040192
4533742513
4533721453
4533705313
4533558552
4533673813
4533584654
3639395652
715724678350831617
296800213
714990058856513536
4455840885
724180501578190849
716791804822163456
4907784330
714211466375741447
720713297801187328
714608718562869248
714608417487372288
714608118353772544
706525324901748736
714220086026964992
714219230737129472
714218655010189316
714218224590700546
712644754928963584
712643859453489153
714215528823406592
712641874964652033
706525045959557120
714927008917151744
714927248021856257
714927534161403905
719251888558968832
719252814665551872
719252417427206147
720713876833202176
706525653722599425
720714405483253760
725564303638679552
725564726432923649
725565080490893312
727571417395539968
706527750488788992
706854322794074112
706856674301222912
707185839776915458
707186185949614080
712010867617832961
706524325692751872
706526969144471553
720530640291176449
720533068990255104
720534067612139520
722289372482015232
722292193126252544
2883227952
2883344828
2882643601
3224427088
2914751749
1323259868
88765234
731086423059619841
730303293197418497
4864555994
733284283217903617
269467541
3052945248
731887066859065344
2608135738
731839520287514624
4681448052
1627571113
3524811672
3923467040
727354420091035648
731449964312727552
2507358149
727661256593678336
730535948648255488
2375926428
730205610197684225
729002995019448320
1320167263
728135633705689093
728101131847491584
726817544762331136
724962606214184960
3035756498
4686096186
724952732130402304
720082032533970944
4715362714
721593380682092546
721702912301228034
721357212967251968
712073278081335296
1870146702
719747311174336512
705003412060909568
719026983296827392
718034350902652928
718033301877829632
718057497257357312
718059925537095681
718431565475241984
718426799709884417
718424327666806785
718430055332876288
718419264009478146
718042588813504512
718036663960621056
718035446643580928
718034792273436672
718056742240657408
718058157906350080
718043753378779136
718045244474785792
702080189988143104
3059889536
717700111527055360
709359909641424896
717309669249671168
717180571810549760
716854415827709953
714687360265490433
3322355005
711549057823481857
714985251651518464
2251700803
714411958389223424
4619622980
2470377895
3226352108
3226084771
3227099227
3227104345
4790941294
2365236373
4643061822
712497345754103808
3268636920
713816397160325120
704870073618419712
713798881662930944
4910972172
3223234850
3722412853
417738363
712705016105082881
3880640359
84867536
3628569918
3327785701
1102880798
711075120475873280
3978573074
3083211517
710060939312115712
710121326636208128
709638001664479232
709360933684928512
709379997266411522
2868566382
708996371777396736
708615224698347520
2359309363
4617776956
2677687704
2695242188
706793054947012608
3310077456
4236245031
3267552918
705748161797574656
700585021711618048
4644247184
3179290658
702773474276745216
115357623
4858406059
4848608164
704251969699860480
703918411835772928
136976001
4610161334
3304466571
703211989678460928
703198355183112192
702790456350941184
702685044301692929
701366686058811392
3797880374
701783515080237056
701595240331743233
701365452413349889
4007744653
528207956
700884843358388225
2297341830
4915769094
4471590074
699514672756555776
4910907319
3166947655
4906224684
698772868801269760
4881962156
4903822016
4905863783
4901395430
4682775188
698313813808951297
4896837242
4712264597
4894583782
2877852074
4886950182
4887158852
4885780639
697056249536327680
4882461890
4891107238
4887862671
2689046702
3925353614
4189768694
2608766934
4879078619
4865493535
4863714858
3159395258
744193471
4141616052
4063510273
3421145235
3844946298
4141690279
4063483940
2428561999
3937049114
3937030392
4009991353
4009891152
4011797772
4009907952
2985244994
3890517194
3346065566
3919765514
3890382800
3890475918
3890460733
3913610894
3913593194
3908383934
3965138182
3965107402
3909105493
3911177652
3962892377
3902366779
3899887280
3902292553
3899564538
3962874443
3899688134
3953984723
3954123689
3954036453
3953957595
3888994272
3889182013
3889100538
3952859177
3889154779
3889025660
3888905832
3952813823
3878956693
3878716994
3943365915
3878675833
4141766474
3943275017
3943398496
3942271341
3942244335
3909002652
3844622472
3369168433
4848735672
1962312757
4582295097
4844756534
3953096772
2994025441
4833070554
4806433730
3307734948
4708590198
3891313349
377300431
4804950973
2928584371
3303368810
4653063650
3334307966
4495532479
2884443208
4140130635
4830719644
3117654599
4778497904
374520753
4476161173
4741946358
4499581573
4761934566
4765254624
4372015994
4721563637
4223511972
4749008542
4690569229
4730673776
2490201440
4472987059
4602741019
3159906583
4659476364
4708093040
4528588460
4438083314
4701358939
4077398177
4165020078
4683069252
4021813752
4675373065
4678677439
4677912720
2411894870
1882868738
2893670738
4653905802
4676523013
4655051713
4654137660
4654135692
4654197566
4654243513
4654176242
4654195021
4643157387
162326131
3221858700
2840599644
3754094113
4654185013
3194425754
3098009371
3311012570
39229555
3303240703
4662519194
3228504788
4618429993
3843194053
3914367972
4654702093
4386645321
4591680555
3233460367
3856173913
3158580356
4303635520
4617588432
3300467120
3314962237
3309675078
4610445732
3221028978
1747894784
4608048678
4520857997
4201511099
4575762434
1598849894
3181667251
84788102
4564237694
4437778897
3312203640
4273035934
3102873247
4041479121
2821862318
4528858932
3287154410
4508667019
4501812259
4262951352
253003742
3854253444
480260278
2522768979
2959751262
316247986
4462363454
2477311418
3671743513
4454910793
4285304654
4355936833
4329875243
4244914932
3019236604
3879948492
4349747894
4338168972
4333364960
3112087890
4307382434
3061934184
3243145753
1255758937
2456496109
4267391654
3834751693
4135342938
3311341891
4014889513
3273874832
4199840718
424732309
4084122493
4165486873
3383532672
3149724950
4142567053
4153224312
1508551807
4057862233
3014270480
3686511434
3723788474
4091410398
2750411927
1843902427
4080865753
2526902732
2906175175
996702691
2237163090
233077093
4071237133
3311370332
2783978641
2371829004
2850333198
324874777
3743402599
2826088058
2682362898
3187608811
4034497514
3968982254
3170813484
4001466558
4000146552
3021025952
3656909892
66315661
3903218112
3626437879
3759644660
3701647286
3891846679
3745739420
3892011993
3158828502
3323246659
3471958581
3743570244
2963729907
3759733694
3268184989
2521721316
3664169713
3272762120
3520344018
3715466118
2674221482
3468550579
3680580979
3117316167
3588472094
3327528390
954761311
2969207015
955138140
2401655276
3382313986
2955646010
3622478774
460824192
2577073051
2477318651
3377097190
3320859157
3621965834
3313857607
3423755713
3614490373
2431795418
3616083674
2392932732
3481114392
3605505079
3176169080
1313560033
3225772286
3319619246
3493071511
3328635593
3054312516
2996754826
2928487795
313192123
2566649252
2483186950
2272417736
3063343722
3594109699
93166741
2836618668
3312842947
1240968776
3022437368
3176701345
3328070738
3325860552
554419871
3592900818
3571808659
3564889872
2476987266
402696969
3390184994
1599872155
3400021033
3235012356
3138528810
2253321283
3220170697
1538125579
3294149497
2424435524
3314144671
3326300690
3323388722
2233775340
3319332666
3011388739
3304043953
3282365342
2921199780
1545344174
2643109927
537967512
3273723012
3273560017
3270799394
3304832992
2989734352
1913687107
3342275626
2368628742
2316481175
1747031678
1013823469
3246716756
3326617049
1027418166
1309165608
1030283881
2378409673
3231327822
3231181524
3230389460
3022577234
3230282354
2528176652
1257695348
3223040659
287134779
3191586182
2527253023
1333012602
3222131587
2424953910
2995325557
2877641473
3196166035
1103513154
3187423410
2806795392
3032657191
3185860274
3184704716
3081144462
3177677629
579565155
2433605006
3178036520
3129578420
3177325790
3081178525
2940871686
3081258301
2950293949
3160735741
3158332512
3158027737
3081050802
3120191899
3081142110
3146033383
2500887007
3123845597
3138228054
2951387918
3112324392
2446241514
1885559600
3108124016
3140905315
3134978791
3112589845
1464543794
2511610202
900382740
3138475694
3083605219
306692201
596259061
2231271384
3121124328
3124848234
609823258
3103225248
2436293682
3009777037
3123413048
2358057222
3118826641
403265727
3116430409
2439936492
3104877090
121678178
3016997179
3102825487
3080531317
3085016022
3059726234
2979852355
3099389726
3070640942
3067705399
3092572255
3081189289
3081337754
3068151068
3081040610
3081184890
3076559432
3081235112
3080976751
3081020947
3087966260
3080980392
3081261373
3081120450
3068135726
3081079742
3016416968
3081144258
3075100208
3081029498
2950297381
2942611478
3081055214
1157064584
3081126823
3080984899
3080962116
934507291
3081035906
2958509533
3081001626
3081169580
2868839366
3081171584
2469612264
3081011394
2962690182
3081029868
3081042690
3081084210
3081110503
3081126109
3081077611
3080912642
3081241159
3081084588
3080314711
3080913584
3081041143
3081377654
3081002918
3080824284
3081173844
3091747642
784353643
3081085657
3066669955
3081080726
3081004716
330349918
3076509558
3081254203
3081133812
3079722108
2986109839
3080155639
3081196230
2769778384
2941779996
2689587902
1399647223
536242282
1805462366
2872924090
3043586887
2989396963
2356419260
3040373808
2799677647
2814117097
2496268940
3049712269
302538041
2175715526
3039321649
3010068060
2900191034
629215344
557435119
2906695080
3023760883
88897390
3018284438
2966676842
3004162963
3028408628
2931993067
3020286030
1560399686
2838027826
3032038209
2597011994
2959598166
2962960140
2323778305
2940388501
267289899
1948723100
2277217656
304209770
3029347301
3030228575
2996992877
2606725458
3003341282
2524210021
2434476744
1626793866
1174717002
367661866
2700146143
1663930562
1298660672
