2450373654
737653194738655232
1849541154
750905972877656064
762394024976211968
738076144411541504
756663138
1582251120
172329390
4876266215
3415339829
16365983
20824677
601240068
3416997931
1260200102
1237109474
719944671259013122
770215369
13276162
4874910301
751879730089959425
2999860941
16585825
753751742043619332
1365684512
2238098629
569145781
729855596489412608
914471598
2887447480
2659901484
478788845
3369482532
705507990393081856
1967676516
3401623877
2904879599
1151775468
2544003962
2722630036
744881727915560961
3532139895
251758827
551772278
4657409112
4880543755
23974217
590289686
3199854311
4750184995
1311498967
186305748
22010723
330949034
352543120
3136693352
78699337
3609445699
1735040743
28474778
732073298402516993
743222703935590400
725199076640317440
3296689386
86263474
175601109
69923978
952289707
3240364801
370918587
1964725016
21975437
20071894
3871294456
2836047989
35181802
4898510243
4889685321
3122896057
730132466304987136
964802046
3526632495
335972576
739060655148433408
406573152
391994093
2859156683
300349089
736244673971425280
701578820
2413792766
2985822095
919996105
26310963
14178312
70494264
151201829
1978689626
735197766662643716
708445020337119232
274241466
277086199
16029177
706291874772877312
55100812
3740784017
716219771453214721
731390339395751936
705349611687428096
583701617
729370328481341440
66934217
816836942
1559803153
278643235
2883951911
633951784
4908643614
730656251521208320
4534526484
314762530
3198996832
703189686324428800
30159962
717451548536782848
4695745122
2369023681
703304666801577984
3059106126
131101762
1606226282
188197707
725695443557044225
15663523
1935832362
114169238
462849250
519840527
723683795220590593
706935645881565188
434409203
23045307
20745198
626065681
2334438006
537370052
605594559
1278093162
726638394
1208022031
3183723114
27874491
293437768
4872375765
717792717238112257
3090433040
546440036
2207795845
720013054537281536
1911555943
44055679
3232013216
4299008861
879782101
3609839116
2819482059
262681544
95150595
3167209607
2871510716
711660385544241152
4087691559
21821391
397483592
3387710662
760799282
2445881838
88332030
168459799
2998834391
397455632
4710348917
111032147
2362858045
2725397191
3437922387
15660796
1082287658
214391662
21639367
161387735
20692972
732007573
1547508074
27031986
2281256677
258990088
97429394
102899664
39694330
3140781387
477523893
202385534
1565535649
101786650
500255118
68081811
2476998830
487988838
705026794383085568
22700048
78606221
1547330558
1964009738
589535458
703558536693940224
2931418048
448733455
3247033094
14271572
2876217805
2061121
394931951
23655357
1544053231
699403586069987328
15015598
318383087
3426920177
4909105723
279686507
19520336
2707189592
18921679
634816609
2490165774
2428086690
611965623
474684242
1105118478
375599947
2708061
2233320462
1543423218
176260783
15248483
277676467
1152320946
569699572
90995112
5525212
1393470344
2821178242
140196613
2183328560
4845227129
3298632739
168026856
17954917
2992472557
4740825073
4292329214
49869201
626629546
2322061488
4023722691
4806017117
12512312
2296356744
2721095793
4778465940
29886327
382391130
3327567955
284144330
3058637731
4047120526
36921144
15009170
21672825
4496794247
111373558
145693132
2987830849
188475330
45536175
4519782095
3252044721
2191945687
489662796
14822735
19063161
203071766
2986070744
25118088
3608530938
256904746
9148312
565156572
6624542
138478501
30859043
2288225165
3436857292
260181833
212507233
1500420860
1685231634
28812741
3095674012
21067777
23628570
2603946457
144809936
626163038
3260331014
21960291
37812327
35005645
14579415
382508590
554985858
230493777
4265919732
2601747504
53371709
144618940
3030419245
3235862039
3807483795
2894483909
30941580
11673662
49428313
1692812516
4266119896
3084714399
153848728
26369605
2773922895
18214949
297282663
483587298
3927905954
1944460404
396633266
3214095393
871402686
260131647
1633717896
14526763
4261049279
3289819305
14493231
788673
4046549481
21985794
4151491234
35944945
8317932
783457417
3079491148
15457017
14222511
3551094920
632408860
15039436
3327670548
1286444570
3308261056
3381932273
463339685
115366573
1227421022
3905878648
22481482
410230847
375022391
4119143993
164666005
19252513
14556090
2290089763
2822919039
238506915
260582890
3326867001
1737675500
79460066
568783357
1019287537
430915479
172530705
2841552863
258539217
3164461284
459346359
131303190
3391981557
61076222
35166339
603030979
15779252
3022976340
55764492
3733539087
40096009
403107779
392664362
20714585
1870165226
181790465
4119794021
13241522
2259125179
1948707246
3042980913
964612026
2843788723
4114568195
18346536
3838394553
1861830115
1885066704
28593024
356534711
1269318320
29931002
3292202611
28865459
287669800
2600317212
81484633
870608917
2934020851
563927074
976463251
11819062
3178233882
593762727
806534401
51194306
575286919
551744673
2891815402
754613203
244627772
3729821847
474417069
22759003
2668512236
218847307
2389054770
4132005446
2222729424
338861974
4153291333
626679510
3382267925
15367053
3178224542
16910977
538831118
1689062672
3867967462
51306195
61776361
2710364256
380373487
840201307
17880136
3188334298
2316488269
41456179
33909826
54655437
3871661537
4015639649
3077303812
38406257
2593073665
2369960792
3906001880
3422118079
8846002
314098938
62569328
1198321650
2493370704
14940435
3313485508
2722182429
3675503173
1400110686
15902234
437914385
277803855
1605868771
1575952254
210684204
20067115
26217076
1141179834
235272752
14761223
17907265
31647101
773238775
1927812590
3298709887
3038183398
3974004973
2307073590
3332959715
3513336148
3994000870
3288324419
4077163641
3436856147
60575311
2291904721
21884705
1438627260
3302684492
621460395
70104328
917743788
3270455018
3060202799
18805258
2898696380
332426375
4066756534
3167749910
567839716
27504807
1246854194
66289454
704588700
399928365
266849317
2979538748
3019880735
2499318074
161919515
2442738140
2950454447
2396503141
35484597
1410909728
278356538
17671809
23457262
3025819073
2573606894
33644200
3031277685
812495492
2194910275
4059916214
608154781
899728386
2160500971
614230021
882223070
2246342262
827963844
2781553554
50678515
3420888591
939888091
386120025
4052739465
43128916
9037882
4092860414
26497388
3178505149
3683286432
3843129734
206252460
1174055389
75957683
65697814
14636086
2930472542
18561894
421131513
934334078
35704105
2981719967
4062266385
30486862
63321235
425281040
2934480009
46808399
2252416767
3531334576
236412951
3099570538
114723763
1232691133
3417656135
2667650796
1386276872
278669495
22756947
2967535751
2837417655
58796971
3608140705
91935692
487103501
3277928624
3142215796
3146987851
628730750
309849736
3890701043
296801949
1942418089
16531123
66273399
633896832
343913009
343265645
621793879
16013273
15443625
2276985766
938102461
28771224
1164769375
2990300771
22845542
109636669
11736872
3072873750
18050114
1379558024
25060654
24533560
280671271
46717788
1880138820
2221695594
70037333
376592561
3673805077
18575889
2425812290
3502916363
3244130356
78029386
23047932
3422883527
21766982
19539464
4043293215
3159832513
3233609823
19681135
3428933729
2857559720
3234116431
3221314867
1206780888
19239702
3260179488
2954431542
33052207
9809602
2987910444
2714895888
33963611
772417801
1112936492
1323009847
2615692304
259568560
9142032
16970368
100563492
312895270
2300291090
30004264
373891800
19123985
1366894592
17291540
3074735756
4047417136
588895074
2723447436
282082782
16673713
18224905
165312657
546167653
10220892
147294143
15240648
2828801685
18056718
1076450444
18573995
179207443
3904884854
38020003
22022087
4045026269
26035290
3752473114
17965482
35867214
3478102453
2280754478
13418072
243665363
34178578
3258686312
2821102379
3227243868
156922155
59527009
3857259322
296785405
3246026850
149339145
34733416
2820675258
116496810
3777114913
38734660
221977700
3810589459
2824670267
3607836677
24140869
473507596
3895191793
15808649
16381764
3500368814
815774
1961620194
1281195656
3107559108
2775802847
273146535
2873542884
1286006425
3010473788
250577686
21663659
199452338
15256638
3738372013
14849633
21209137
143995010
44269435
101921482
3320958381
62366207
384084271
1498963314
803426
83646086
3255923420
1217189917
2818056642
258616589
3087403791
522534505
2551055478
423750504
2773303740
13852642
2485847886
1177509709
2190742633
2924233472
23792365
26431453
3060203414
358099606
28101000
117557294
13720112
1228308266
165705245
2831455919
394697418
314464107
26358761
305036165
93781753
586537140
132298543
128218482
18171244
366694397
22188201
60915200
143528815
4825281
73816264
13736512
1380404774
40636417
22227217
1119478194
2428822932
190520633
3115304926
306492629
3427529474
556194836
541829780
25174037
1472707782
3586362494
2869663966
1661522815
144919450
38806006
900253176
174988491
191766456
3344143300
204112162
2597934420
3240977943
125971022
356896236
2510574066
57005947
3434168595
1226217716
372643002
2941597873
14709708
1305940272
8634362
892715060
714985562
3867115755
17010913
3412257004
2464740318
16722308
25299922
2871970496
17493125
227414664
22643400
961754730
814808
606155849
