786486818661281792
747118273985130496
784046034007633920
784361401074581504
784027111245746177
783968174815322112
772739441030856706
772067154376073217
738628408704270336
3311757018
767262575822118912
763657131044200448
704233328262512640
762623315936555010
762047039261675520
760367185764032512
758353256821104640
720926369018880000
756734190767382528
4833968828
3262809930
755251486028812290
752473899284201472
746697639056420865
754931824112001024
3311780365
791249606
746277466319118336
745944459460907008
417284454
745549867414544384
745171581924581376
4471077613
737337825037717504
734324414058106880
735270577603284994
740255515553325057
739355739118919681
739611258702336000
731105663682777089
739749265241604096
739655491836465154
739726963145773056
739304565116309505
703093950844768257
3222915300
4775610662
488358729
710316984907399168
734048399754825728
1656875700
710632685744427008
2695788782
732845532088000512
731708360232292352
729274852058746880
281461550
731167837817966592
731091962627903488
2215427940
729526063483621376
703875722511659008
721050063644983296
724045555551195137
4147932074
726720163651801089
3721628954
725278549909737472
724768748662460417
724873862861697025
724057574958465024
13361922
3801864324
723143523743096834
723059405042774017
719156698749882369
3633461667
720191809775775745
720211066429440001
4723193677
718450551751442433
718641561655975936
4747766172
3188538889
717450880103002112
3068797080
3585340392
218207950
717335533580464129
716906734581755905
712148253228175360
708622553883942914
716588495137968128
716258732665999360
715819370711220224
715817607593590786
715693325672525824
715453230654722048
213790543
4871131952
4056919812
715061061813190657
3591059478
714668598363623426
708243991402156032
713614622901690368
548121333
4863520489
3325639129
712159182464487424
711035288827465728
710457212905197568
4853291252
708771037387710464
3656763317
4840186075
706124568805519360
704275056176689152
2831191203
708139093587156992
2493842245
706661766994878464
706679414684147712
3887102779
706501247881183233
706732713659727872
706730855759286273
706095003689308161
3301458484
3969287655
700486419882455041
2213492293
704511943613161473
702507174929391616
703764885860020225
704332604770615298
242581503
4831667547
703403800048971778
208490416
4825977500
1537863624
4910422175
311491035
4904932938
702363597486297088
3423401219
4924601322
4914889682
3365158633
4515604694
701638664154062850
311888162
4653908178
701344579254034433
700562664406196224
3773345357
700849681161707520
700683026578153472
700682109053181952
700681380741701632
700680500323684352
700679512196050944
4923832027
4820980836
3586699640
4922074322
4921427114
699407164071280642
4838086168
4218146953
4500127821
3657350418
4169030719
3328182816
4228804167
3326306779
4199077934
4520409977
52989550
3283284326
4864851074
4171665193
4832119753
696733194209640450
4647892874
4777559358
4880936209
3668862792
3357422532
4837951525
3152891648
4841178746
4872339438
4873244112
4873313101
4872541867
4623156739
4882283842
4821249158
3281497710
4184935953
1343600130
3712847479
4839898512
3986784629
2748531306
4620892812
4624422133
4667786191
4623796154
4620803713
4623620594
4623903794
4667863082
4624152086
4808378102
4667703391
4623952512
4642463060
4667139830
4637242692
4674334406
4624224672
4667259348
4624287913
4844165474
4850077442
4784278495
4848460452
2234359933
4811822780
3183792734
4844991326
4837988737
3606526048
1445695885
3592874420
4820669588
3382245614
4835052708
4817640480
4834907460
3301141536
3664928600
4057752553
2994910632
2748047972
3328424858
3710523252
1867526028
3139386403
3843915253
4848543514
4831344053
4831357881
4024985229
4067046256
4829799881
3083244475
2991116648
3320934578
4823827954
4823757485
4823813218
4823806504
4823730527
4774433306
3959527932
419492564
3593403738
4138538174
4742306114
4757539459
205032483
4707957432
4741931353
4055386693
4723239974
4733452640
4730528060
4728018200
4727819857
4485170713
4164850392
4518684612
3578587045
4702544114
4717353794
4706565974
317679151
4710882253
3927117193
4303826787
4450003454
4668296202
4569457393
4706816658
4704948810
4705191984
4699772960
4695095442
4688652428
4179197537
4692821365
614924379
4168496316
4274554515
549145269
4650379500
3761746392
3894021554
3713519172
2917155746
3271416169
1870258736
4462950672
4640336054
3732565045
3732800298
3627679818
4631406254
4619739704
4620804854
2229960384
4393216543
4618037120
4470725663
4600631238
4255098260
4544295734
4580861413
4492301357
4515203061
4515208055
4515091047
4037540594
3979844658
3777601100
3646743313
3571208905
4465182139
4499551353
4575501086
4574937770
3909103699
2938778102
4505368993
3892908493
3568748233
4555805898
4211143038
4552994736
4244474773
2715521640
3732177858
351439259
4533320774
4533286008
4439960835
3957030209
4443268582
4514523145
4504952059
4502508192
2456024622
1915807346
3678196513
4324534033
4184143997
4057800552
4030981100
4219411093
4058341512
4172951712
4246828999
4129630940
4224373520
4082806754
4069645518
4202735832
4058410639
4185908114
4082967433
4082937014
4184655980
4138684640
4031038998
4146903734
4225076490
4024611194
4301545632
4169479818
4219448058
4258468873
4257886106
4099689734
4099782014
4224661033
4044416239
4174303218
4114274294
4164099919
4146962474
4058187798
4258612518
4258210574
4106244674
4223959812
4036534286
4116457334
4129421232
4057671194
4146891313
3970533373
4039612160
4121681413
3986610020
4235380701
4235539858
4176822254
4218384809
4224176174
4235375129
4183499472
4202602812
4174404494
4181690053
4147502654
4026063014
4458270613
4184393652
4174617792
4151040613
4224900379
4224832932
4207244533
4058228892
4258801872
4039295834
4129228993
4136256980
4258281080
4147169660
4206722292
4257961578
4192116012
4171877000
4218738260
4099779673
4121642052
4129218612
4083733878
4224796519
4227545658
4119014533
4190797759
4218789074
4164268879
4184221407
4224731773
4130248099
4220041334
4028468952
4272042083
4218072935
4217818839
4168371198
4235918473
4190414714
4267302193
4220033172
4096533323
4074948915
4220476992
4220444712
4298203519
4060452625
4333086918
3972369734
4220154134
4167284901
4220135112
4245739394
4261500614
4111487300
4267344378
4194713536
4096305754
4067483009
226040686
4298145133
4167413129
4267311200
4218282496
4409403914
4219132033
3864607454
4268305753
4003422099
4267279039
4261437734
4235741184
3972219253
3837837555
3972063254
115959230
4255635073
4218517553
4333408182
4421358800
4266914892
4235604914
4016970561
4298113520
4274211441
4265637364
4271746996
4356400639
4271545893
2915140656
4058852892
4100800218
4035790812
3393932305
3979019598
3120305452
3466263492
2491089588
3095786946
3182024886
2902495249
4451841613
3420372814
4451193792
4430648232
53585577
3476017752
4420278978
4253697552
3968561592
4410450673
4093062374
3304944446
3301401390
4395907453
4316011815
4316138416
4257419051
4389165870
4308151474
4389177433
4388433672
2395997244
3325526161
3724259238
4297785143
4378216609
3672251173
3747433872
3874731689
4367036954
3746985194
3733191733
4285450589
4362526160
4057401373
1178913432
4196467039
2394111860
4272777695
4293973992
4341452611
4340802572
4330308978
4340540352
4340656153
4340314892
4340266574
4340074812
4339868232
4339839794
4339688060
4339493659
3676776432
2384532042
4335324918
4335187452
4335171860
3072603612
3302254782
3583201212
4106390232
4319670918
4196083213
551765022
3559287732
226566136
3355608732
4313074393
3773600127
3679847292
2585641214
3615003912
4301463252
4301382858
3877685534
4106005757
3315863594
4295522959
4266836233
4079118913
4234620732
3622305860
4287975133
4181520986
4201350617
2868268969
4254592104
1312744140
3599866518
4227350685
4291393694
4291173432
4291236559
4291045872
4290338534
4290306493
4290058458
3569860573
3972335353
3721071072
4279723220
3187578042
3646829060
2164635415
3274059709
3440604432
4243793174
4245325998
3459471141
3868570098
3732136814
3881697073
4252493774
3647963900
3279017749
4044835152
3688567273
3319680811
3760850413
314512920
3593776525
4058888239
1957034563
1066286390
3345235045
2313533714
4058279779
3797902214
253807945
3826524145
4187883672
4043512640
191407574
4197140773
4099718958
3116891059
3701969232
4208105594
2834295885
75526581
3980316612
4135363932
4111415904
4090679302
4029914298
3943897092
4087748059
3766030634
3560587873
3913016960
3594455773
402667451
3259024950
4006750400
3570773112
3656112677
3789172214
3305841439
3426905954
3633717740
70652997
163053851
20733757
3767905094
594359440
3955905914
3705139340
181092708
265151491
3562139053
3682091054
3948625394
3302093042
2395645552
3324969907
3270777770
3642756080
3017403122
170235941
3890527753
3843591912
3256775538
2503194484
3845199853
3893115372
3854581813
3870423133
3856146074
3887447174
3886701672
2651225258
3812008932
3297570108
3280609915
3781643360
1250184193
