714472141870219264
2320160418
3853080922
3557330414
4753261856
4613119878
4641158863
4599840554
3946712352
4433172203
3860622072
4493247912
4482480439
4386742948
4386070887
4385828645
4173335890
4404073812
4393570940
4305982392
3327353486
4130143098
4196467039
4242866353
3850954392
3663650354
3162490807
187414260
4175192834
3474529153
4309817118
4180131317
4187484193
3304944446
3309017944
2585641214
4293973992
4245325998
3675598212
3570196460
2960422501
1949569945
3765157460
4197262573
3029083982
4097528412
3269980165
3401138952
4198134858
4273962572
48986745
4011517753
2742979300
4188905894
3164523391
4066130833
2829211430
3629179272
4174286299
4152705794
3634846752
3722461760
4195785678
4234620732
4254592104
3596618774
4065189434
2987903964
3757398204
3321710900
4033618905
3627960792
4184213839
4178468658
4262220734
4228890216
3750664596
3162098587
4088223858
4080069074
4167965121
3314075395
3614010740
3599413519
2645603533
3855957434
4180181915
4211143038
3988754415
3667703000
3832940113
4196083213
2605038626
4179197537
4060558935
3445670425
3328455434
3683781151
2313682015
3721631479
2296245708
196763519
3866828712
3655896973
4185680594
3758270892
4201219765
3139386403
4200414614
3290395028
1067170892
352258474
1298543071
4187856132
4189890859
4176348858
3627679818
4130724503
4096576574
3016057302
3600987552
3919843334
1097642402
3305956278
1243699722
3868956074
3602043444
4189518553
3425144713
4151243723
3648057206
3659681473
2832744266
3748414575
4148403033
3612595459
3116891059
3674413035
3709912213
3902165172
3018864188
3790656133
4145707698
2276184985
4135756093
3274059709
3879731594
52015826
3189736302
4014634094
3943873753
81270295
3572529914
3665053396
3702375974
3364658955
3779323399
4043377655
4007864052
4001536340
350701385
3233775276
123545451
3535632854
3327424614
3300302310
3656248400
3857983212
3845199853
3634773380
3601771573
3812008932
3843614299
397335927
318450379
2477536286
3570188952
3318237332
3273688916
3737049493
3679259538
484523291
3684053472
3636885312
1563568410
3791604974
3787997665
3592227732
907498842
2734299968
3832697127
3568363220
3746439674
3737525052
3772610854
3481775059
123110616
3582112274
2583696560
2210144268
3272876131
3705243672
3735420796
539926768
2584079682
3700684711
2617089175
3655962974
3280609915
3579081804
3559788560
3644272033
3632448914
3631586358
3687996134
3679781185
3679922232
3646743313
3528232154
3422325859
3369242413
3521394260
3568585573
3646419012
3303478939
1103719854
1166248249
3558058339
2965934797
2245584414
3577468514
3677675592
87138055
3448821440
3307896678
2851829942
2403112212
380109168
2841982843
3250349226
3572163313
3271488582
3169779295
3569512514
3626323638
3635750006
2650643815
75526581
1319974255
3582041239
3526007240
3196132591
3246756024
429526227
