3606905234
3594700693
750721339091193857
761671745950679042
757118699212009472
2894309192
78473790
3144890007
16359233
42961460
711086346639507457
757041854126891008
741967980192501760
342811472
2181109830
2961325263
4446970274
704473776646287360
3196210493
3426384947
604716040
3504409046
2790502277
247196798
27474449
4144558449
712423910483042305
2229783187
962649079
457205816
2811940758
49380439
745371360973721600
2289925980
181636580
3077427671
147508104
723639039241367552
4855395791
738197793412513792
587926686
3074013672
741200823623942145
4901197758
736703817811689476
341464078
710676076322684929
28124206
218851543
3218697192
3262575258
4416141859
2499312824
4400992877
921295494
248535882
718064617675735040
184793536
4874948752
65455370
3082458423
2157919340
2948551120
17136847
225633973
4852404827
88454719
149544139
326937860
1424501522
247397233
707433212134428672
1705261634
2834441992
82340330
4664790501
701743879343616000
776412769
2869056617
383313838
30498677
21208197
22540823
755314250
38830101
68105406
28208096
705605327547408384
3608261007
4104541313
4438838001
115808051
72264735
1097180588
1675166166
4393467552
597483262
2983316617
97329818
135842033
4098231916
2730201073
4748248773
1359756949
373384187
701630721744457729
28737527
2398074642
3973552733
4902880474
3300807218
75709914
4851317019
299141309
1660662860
737282635
560607670
4396806742
4704907326
3315393270
4850843295
2411521538
4876214493
4888918438
267114580
2779922975
3207589739
250614544
2218511664
2218535202
2758156606
153508246
563310406
3389781675
2460949476
4786087164
55110551
524775848
46684860
117312763
4516950039
497691264
2420554416
11896652
1881559508
2790522701
2187404520
15995432
2409204099
3513241168
113919490
222881713
273157290
1702899668
1610265668
713759823
4237225574
2942811737
4005600917
763988953
4828322722
2376389412
2795658914
2733229706
3771502763
4579781073
4056699982
4186422681
3124670506
3381197279
366057835
44942238
4173048531
2178104040
488834468
4558566133
183943714
45452722
304873129
2830420256
3319554818
2844993698
33948749
3177109243
2149173906
4705486098
38671143
17054728
3801529163
718034498
262535211
51831881
125449069
4301288661
516120924
501360323
298602770
1267865160
350845627
706649729
4423457119
268460544
159562711
1620371462
440346800
43560988
2231927466
47445501
381713818
3030229950
4567678299
554134186
117179079
333693168
216455403
1344797053
1682333340
3191505440
1031801532
621596933
317399128
3105842200
199039676
3324920767
624857242
260582890
4384444967
3546464536
2968113088
4681753094
2835651868
2443109856
244734758
4651655731
21896433
3225706139
4041841979
2810111300
2877911671
236187285
4356353835
1687293601
4634344996
2164792640
4418277203
214608339
4170320302
1318394948
2742898918
4408513754
4528229602
107306194
3437492386
4609906119
4405317459
2961361769
2526384311
556111870
3283426488
1953938480
2239132832
4485837575
3153521034
27599956
4033642175
2211678807
554985858
470086663
60718655
1571656226
720942246
569311719
16381764
1723627166
3011629418
2176718666
3377710709
2973210794
4466438795
2414457033
55594587
535964550
4482480481
148467542
2514967714
744395858
275685734
148159330
532291506
15368065
110363115
16136827
4502048354
2791094238
3103406197
3674514263
65474601
2385290319
5360012
3390157951
2881918551
299704022
296495383
4330376054
3165599512
4515981439
19642990
29496847
2910335938
3088438099
2904489946
4431349940
40880682
462380005
4164316025
509180134
2738898252
408887574
3292306583
1383127326
2775180295
142979922
875855270
22613561
3300389523
21014172
3836548523
3199262721
62165659
1979515165
4376951843
4385918613
3136555641
165961860
279928929
3675503173
27338457
2854781367
4380815003
161703356
4367104767
258143074
2853946327
23553888
2877206411
322870928
3318110726
2950627093
71720493
2164008931
2926078728
4344388157
578399128
781869619
534657499
24901312
2429486132
3956162843
2150427982
1203234061
1602416012
3007997607
2153501234
257565067
221019602
17130139
33426597
2310107706
46667392
104459389
630454100
280827478
3167749910
579197344
339022926
472499685
2813594772
161451768
35150914
2332829573
4254349642
31895836
2548195489
3621811402
101385021
56379838
875358864
2206548067
4078114600
40329477
3353490437
28726952
3234108048
2952390875
2955676667
