743634095591219201
787284328434794496
725016104905641987
2374497060
33857467
741530457523752961
781004152134594560
1373464423
3084987557
2977534060
4765958952
1465667005
702682401848369153
3620722223
785989180102811648
3767312657
782427141073883136
786963634664636416
786981267174748160
782157271732105217
3312371302
759250100480798720
2198419718
362092288
743291964
774646621237874688
4900314592
785279637706473472
728049944532115457
754836906790322176
781626574105751552
3245346175
785270937574780928
1258383937
2736221156
251235694
785935025745166336
786219848963620864
509469734
772639340040073217
786030959040860160
785687273530466304
1569330042
759149280682713088
785945730896756736
4305004574
2660349216
785575387954688002
822350090
703941482
1697373836
3813528673
780953246235885568
2878031381
3417690675
783289376805646337
2209671410
1917454183
3885352276
727833682745143296
769320569674338305
2165901338
785122351922937856
427957542
3201595348
775346293648531456
403869216
779323967140233216
219820562
784966098341027840
3430712452
704468096032055296
759242604265541632
783341015138766848
774373210267811841
784464927931113472
784599303264305152
2954260425
838804764
1957764812
263890271
2904498310
719332383095398400
782737861309194240
2741235898
3396928034
777301138722922496
624471129
720748383070199808
778759608810692609
709122334796308480
762661935263326208
759089136385089536
784065789125128192
4847246890
2311543898
2938383273
744676181056827392
782660744257036292
1666000417
782744883530379268
2235270463
783842418139422720
783838943641034752
783367952322224128
781636917330907136
783721704241635332
1213025972
4418385993
778377943542140932
1132844569
3406962793
755803307155787776
3409477445
2972535017
711761026832736257
1001771911
732748320519553028
783465059632746496
782639307227959296
182218386
2863218860
783445584103505921
782422721468792832
1131505940
783122236110700545
783093851321872384
2798393508
782975466508464132
1569128316
160131066
782654776416669696
766793081987276800
3132026913
782535685035077633
771852290001108992
701170806085312512
769488440568274944
2260800294
1535547558
3207509337
1520308566
782407199511371776
763145504226217984
753532429
2184944473
809296736
748649241304768512
715158903755902976
765372910135418880
2619650299
772512624357564416
2948977445
3379245130
724808782379778048
2275315045
713512977715109888
782240634740445184
4197734235
3830804594
781909316559368192
759624681263538176
782047361543446530
782043219848597504
782028213518077953
737765225991163904
3152310403
3283085647
4928440175
781966477020790784
779888300672716800
773296743421181952
780842164192292864
4610178403
4832144353
2211023504
773313770844061696
725654267013521408
757496880817332224
780050976858181636
3362598111
4106254295
2857919025
4831378234
779535575569174529
708054029557846017
3092074317
730166988421484544
2342513358
467200435
3252533669
3431561830
781559154511007744
780512086614867968
746904058011607040
3563587156
4114830227
1564389044
2745934583
781326807010189313
759867182733897731
1152559844
1634392388
1002980510
781256631015317505
2883316193
730531158778380289
779498691807805440
751144106
3035469269
3027346503
781036070108561409
270430076
3285677606
778874602789412864
2885322393
232696482
4686843523
780926153662074880
1541851963
4889911608
775948020441505792
777556712077266944
771070360661942272
759867897858625536
1535778247
2347848144
105314717
780478116120715266
764613041103204352
765927271362420737
4819101832
100142241
3068265167
1235726977
355795603
780640464688918528
3561387136
228821365
780581251853852673
4646191575
780453652494446592
762031064927891456
416629843
780470968648990720
780438140163072001
755836689122152448
3023458247
746394906277482496
561573526
267202527
2964740805
720753459604103168
2996714345
703713120439500800
180625285
729444562859655168
4627407621
4130785650
201302867
2461851240
2409588636
2825489806
732701717842665472
1401368221
1488896713
2895184318
744998919277445121
363328659
761315254487752704
177998077
761663577161740288
748641018204028929
758828046463885313
762345664005144576
748633804206645248
780814658
770416834831126528
764153262
4533505994
746812468979195908
2529227368
779906154629652480
150104190
737857336941903872
762889383800410112
779672443824828416
724312281719300096
4791144317
779871132509933569
2998137712
4657136198
473431955
758064391044628480
706498859845947392
779806024303685633
756978483415298048
743566832188162048
2236945979
747940388208541696
357233690
723284829140344834
979435886
596013465
2783903312
779677274870206464
3142817864
4878047573
613004269
778396212282007552
779549970764406784
2865789319
156398773
3215136979
701561971162771461
742162789209243648
778769554583461888
2189506958
3374479906
770246469496426497
1380589230
779135172042260480
3930670932
3160274011
106653082
1588877124
779402457977876480
2915516355
2586612176
1236192042
1697094895
752184198614638592
741421359625076736
1444985664
730888351822184448
4865945603
1605101983
2730532952
3245621906
4707550817
2869904763
779099513344692225
3051167521
779091104851496961
3184957901
1684113139
3495828196
326541628
1945134714
2155386194
3774898093
114969948
778753291320557568
779000320424808449
3918570020
755805958023028736
3129540312
3368726686
4017037333
763797974300364801
2300616773
469895612
4864914303
715368358414188544
2180697762
257712913
3356274076
2434448882
178471909
733478407737122816
3279747336
2565549078
2889388768
3131551114
3270429014
1390103113
1511964643
766409179175280640
2765039720
737436152148328448
772969335472128000
258108291
2890098466
115231177
4872416765
3249456069
1699540592
778398997186695168
206891505
778397479033311233
748651164615450624
4836034689
3307416924
739181602832588800
705892751993237504
4408353736
2890158006
2225965070
284774026
900557413
704396226985332738
3139511616
1714268335
778394484207853568
745895814
4771068449
716354447438381056
745405058368540672
2273096646
4911674086
2301538602
1311528374
2995168895
771857056223465472
777994383442386944
2632874877
278691291
3828858689
778301904313024512
2389917036
734144743743983616
2170739533
3402066543
1219914487
2840683805
756247295897788417
1470975828
776916960231776258
1478393815
2859085718
4888724597
766296351588118528
3292273451
724261775303151620
1891883846
775694338315677696
775173630955102208
2418013459
462444373
2239666662
2422683605
3515194235
520063961
760260319616835584
778007272710475776
1415458766
777591669021478912
759831379399970816
2316102433
741712175648104448
194440273
777983847757643776
302349185
3412849151
776203889339228168
546894186
741474837344882690
711668313617788928
4113549106
2158081987
772181926291632128
3033141527
1654434427
4770946115
4846352657
3990722645
765402543996465153
777908109264039936
1697308806
2832322779
528983372
2288655422
777883803738144768
1636597363
752746878106828800
4911727823
1861742876
487796637
727467917294456832
1411391244
713475014041796608
716968050348703744
611277068
2398995932
2151720631
3116050676
733137794852343808
1963657087
4911168208
777673518100217856
4839165657
3246815577
777668113236099072
407322089
749470688403161088
2669994954
1308078648
115167314
91225731
1120255322
2702122848
762439869301784577
3410833246
3023785311
2294843052
506488332
760368976555827201
2606155742
210299963
729332258071400449
767418441141719040
490536619
2844234569
3348668254
1423274748
1225985600
4458738995
2182632348
3303348352
579225606
133053793
2827855391
926504569
3288924568
3148681455
253031760
721389614
3007026004
4128300657
554830889
3307172763
776817656854962176
567794370
733701922771898368
2858485087
316581929
3630867145
737395414282960898
749341199572557824
852073525
757650106216841217
1170766352
2185259113
726232489140871168
1012389403
1485997736
734782013245411330
727655083006033920
775444662408523776
703734152667930624
1904968640
771468531498180608
706162071352840192
776977468691406848
2411588071
2436059442
4650557562
755111044603936769
4412010327
878125807
736236228916350976
3976270469
3388201323
281242051
772499056325120000
770041422615642114
2269219715
757161267786158081
776183914993975300
703298511727513600
752903637882531841
4580025492
776550025031802880
772967844925636608
704459384080863232
2972419553
3423350271
3566341873
3316092040
730919915658608641
2395201744
2934175414
3291437806
30892730
776205424366411776
775825012909629440
4899156854
183424132
142433098
4879328381
4153229489
2742942110
2952966052
2984749026
3085422375
767118759664377857
3394669461
4472039435
736054629654364161
2995344246
739964590868434944
773354695071006720
2790971317
3245397274
728598939096784897
2927328434
734939170582499329
3283759238
775141004634619904
4661137883
769606508732702720
1340255628
701787511
772158131044364289
2154918097
774012196586131456
766578145961078785
2194871532
774391182541455360
772979786692132864
4373564506
3052907427
750529328484462592
906568916
952997420
2334445975
3754332435
750151985127645185
1072593336
601549520
773935668707856384
774664492798111744
2996857672
773319828811624448
774657706753863680
1373740825
2317835874
774603292278132736
4319602335
3087399680
4765527254
1928373804
774383730911645696
4532536520
751238807001796608
749552913953980416
773645966788427781
774251421449478144
774060081142964224
801855643
3750229223
1490784325
756498208235352064
773852269813047296
2209902056
559779923
737446577241870336
3942929513
761584640687759361
773621235678871552
773589234389221376
732329910929260545
760194104227758081
2969100334
1123143746
480160857
2196814981
1548452257
772515414391791617
366373470
3254986135
731499316393611265
884696154
772167542504914945
4504517241
2980185862
773208017382805504
773283176869400576
2891546522
772610678452387840
752625196247449600
795042493
3330461986
768240119593656320
760109102869712898
3363966785
748176566044110849
3011795908
772850327313850369
4332389357
772217246118715392
772581826758148100
436768213
772518162550120448
4596021935
287472816
771181905538535425
771837138413297664
2440831081
2948307797
2943759145
629967741
772230294577438720
772268799391170560
758842536848871424
3254732285
363319427
759316111477268480
762457774340964354
772159877699559424
2975956115
746794620558974976
772085350915252224
1122846673
772104528598556672
747876646934327296
4034488455
4739140523
772044214997774336
715542157927587840
716742904132341760
3222546223
1699797510
3198947440
1549458469
728063133361672193
558988899
1548795566
3290211274
770393667001520128
4771737132
771116771554238465
1047001172
722534384495144961
771154252072906752
3291660973
4627790610
771422569299927040
730906626757001216
2281056295
1431406772
765274219743744000
4056479842
828238710
2203920110
1533510164
3154875411
706435695338983424
2891708725
756659288886489088
3296793274
1641590335
4077505391
4795619571
706522526277615617
1921257313
770745007498203136
1858180345
2779850661
825659030
4726602470
861684996
752686221051064324
738779538092494852
2340348769
3019981536
3320573406
1574009144
721480168930480128
1306110823
761616880155054080
1111872198
769259597051916292
4826155404
3029540686
755895038727426048
768662681964253184
2804701231
769365364832690177
2945357243
733147298402816000
770043743336538116
766706286100709376
4294454354
717054167995564033
731259300996349952
3529591935
4868230865
769774585734500352
2389705658
769978915347660800
1177233174
701566002056863745
764648871783964673
723741871512641537
762728318202445824
766812189772558337
4725312733
769658589971611648
3140852205
762389232
768135278330466304
396092521
853393656
4452497717
3330012887
766371898368360448
3369959068
743716654136233984
767438778260660225
749378383847448576
1170288216
4877242611
3209399745
501974809
4757775501
3643150040
718947923883638784
751222931099881476
2523877417
3351950446
634057977
729050650655477760
1705668805
750749098639228928
3432193367
768620228527947776
927870696
765311816880758784
759183924262154240
4516838848
754449753816068096
2464847992
758773987119882240
948810884
750862912571441153
758003748492935168
767820787571105792
4869327526
765311387828576256
3040071792
4806130475
767878362220077056
767886080355995649
2614623109
3940586416
746498503229202432
1161889628
763811265999310848
767743000197947392
742765912584015872
750779337985654784
3371723937
3237946452
704801649945083905
767517552553627648
767125020908945408
767431304187109376
767429834121351168
730534612837924865
766731390188679168
4309843216
2163192967
2618985368
3172962393
728751097859420163
1110045726
2239897970
1199881034
203167818
759289574938046464
2896295561
767070595901186048
3286857660
764804744292536320
756349777143562240
751276515837358081
757279601827741697
734153549639098368
3388259060
4831470383
762466695189438464
718153111794294784
743397026851917825
729743287955927041
747189450069970944
297514012
765361227648339968
4899025797
766180785326059520
2995210476
734899942280581120
753330039870132224
715597515207417861
3433054367
257107656
755497009835114496
3614237712
704790905463676932
1963874006
910483194
3774619765
3343509545
762188094036545538
2718405062
999762336
1654249578
763250767838838784
3569313981
721486190055202816
4920276519
765632504178941952
765425718322835456
753652702291296256
731910272345051138
765422571038793728
2971057161
2873778353
763031340191068160
1708469593
765200952999677952
743778045333544960
2780404029
3116461918
740977541985374208
764996827980718080
764852275567362048
4728067541
764944760595513344
2496551972
756934337786966016
761541186767114240
764696929087336453
764678404402778112
744672387904438273
272605595
2314695372
762007647721840640
706148394604093441
753367680325971969
4089511155
3311405681
2896953360
755851625965551616
454505828
4908637656
728035338145415169
3653239337
763808130010677248
1243995031
2312663678
1609420074
1317199602
740302405540028416
755995469101297665
722564187105464321
2313438378
762840232324509697
2200615921
2450222191
745783807685562368
2566666614
701564225450340354
754447194263027713
4906789894
1969288573
762707654905040896
847646011
762810395732152321
1863510565
763453539926548481
3332527461
3707761572
761913928918114304
3440206636
487167112
731673486939328512
751647352000249856
762381092787785729
4143804137
732380741535834113
763147788901158912
709073274706079744
4304964552
3219824520
762851125447970816
3311175893
760270576728567809
4909256524
760662987963269120
4838631442
750049055435206656
595154198
3158637064
717342153706483712
3244608284
717903857863553026
761697345402707968
762610991309914113
4836674104
745356825172840448
3048021162
2602348823
4412486475
1708312357
699659973651988481
624238477
761389676653645824
759440505457504256
759820952515379201
758921366166876161
758916333094305792
758546037539766272
755833857484681216
754875273133322241
754431383972507648
1687051093
1729900243
1612781497
1616756587
1852052760
1615260884
1616060251
3829790061
3913964423
4462157428
3006273819
753296093551755264
719998036718432256
705813963297132544
315892303
51651288
748674965902278656
3652812258
468755769
732672184532017153
732690974024028162
750769157948473346
748521349979725824
4325467335
761752538475433985
2964912833
2238284426
762317543143051265
757045135758680064
3040796171
762295258969407488
750750994762465285
4867966720
4114974256
705539611313836032
755558495102103553
3432721575
755567497039020032
756362001434152960
2823160646
761773629805821952
755198691783213056
711722640197734401
760691165482156032
747128535320494080
2550520067
757230763100237824
761596906099257344
4495665808
3493409128
761349135203196933
3877004655
2823088281
1633200200
761140181336399873
712041995682910208
756228682570567680
370901067
3388287370
760289884875685888
760497598704803840
760586643296362497
752929979147677697
4360490713
2981014993
2174607469
728922138787328000
729514201
2863814551
759251721575104513
2429811892
749711525456162816
2582369306
2660887288
1693822920
2442698256
3307916545
3320184356
451539689
722498782538149888
4550487568
718162109415170050
2591853372
2495686142
2967763469
591470754
754724531609141250
711488856634363904
3281848610
4505252199
759564007464394752
2852841465
2941050473
2379845023
760263233181671426
703755760191156224
739573569403912194
610207820
2355499820
807703537
752345573685075968
734902478961926146
743136692333338624
4214356366
760500836724158465
2190476858
3300990213
3105256291
4331906140
760226576910852096
4921814827
739881337469952000
759978247945875456
724691160325824513
726926998166102016
728666060812124160
625304496
708353630882172928
4669916052
3699336749
756569069894135808
3062551630
742555408947159040
2591396808
1049039742
4698145399
2686469239
3503051056
513815148
3315400809
729112760169181184
4406633691
2314277407
737429491933286401
748667686217998337
708745695981731840
746914226904530944
753993564837715968
3172452932
2938438529
3295815484
743881581694169088
4889410090
2889358277
709117307709038592
2482921422
756876941479796736
719175016710017027
758041447287447552
758841289584496640
754227890049474560
739313097442267136
758812388015480832
3435000130
754491618678362112
759186073461354502
706565911545778181
757706588811591680
745717062
709794674941272064
3171632468
759110769141252096
353461724
1889026824
3033012879
4579481421
1581256028
3321954981
1009225688
755775657196400640
3308799988
2434647876
163598738
758621332808531968
758905689603346432
755284811611185152
753802816293134336
1375822392
758027950423887872
1335550730
2816746391
3529312817
3497704034
753034639942582272
2457238640
2266249050
2567515532
111077017
2298000042
715864643105918977
3173798510
3231862686
790430226
2153029433
758456332282363904
3319720166
758591873673945088
758584584275529729
754872717183029248
758471064137498624
2236707642
758445113647456256
758401218511302656
817546764
758063751774044160
1969457671
1110165199
4745312439
757626490066534401
757006885681856512
746460913088114688
757933030812123136
4827547536
745960082198962180
752555644251729920
741832987436814336
2505445765
732726997537984512
746848501544288258
4087700993
4649869302
714523344524165120
757814010171359232
494736864
745844146779361281
133968819
741521862706896896
215096945
757690136842870785
739208686334312453
3761483669
756974890628939776
710583102582747136
757265315898257408
757564020962525184
756615827714113538
755675231268724736
730246959332765696
756932149731819520
757294416960913409
757301360488550400
2631595634
744283308360507392
705486492781715456
708745240241278976
756998666309828608
757033251164659712
756650469326544896
757002097946755076
3089465122
746127029305749504
696203886646816768
4093191557
755033764804366336
756703543009083392
3410805503
2290392720
756675049965359104
225618375
700707503068176388
756638920469774336
756515198635212800
755169368745603072
4837062700
748346721172873217
3156971765
756614472807116800
605105270
4686140898
720685960636329984
755140969960529921
1273309148
90661198
928845276
753646284632764416
3310999961
755924692641390592
729516905099190272
756316894660001792
721748043519942658
4800858973
710500633619644417
4463426835
3157334819
750383440852385792
2991264725
4196173761
3795884836
754911665133453312
756106339986841601
4419625649
4705929890
755625444179927042
702928381889912832
3343544422
3141618460
3001803443
736200791715782664
714609309519187968
3335400946
731882711258939392
749808717244182528
1720108104
755703801172987905
727200555416850432
36606448
551313232
701832300191989761
729424797923459073
715943095364411392
714212588612096001
2970821476
729765049204543489
1626922448
754031660363046912
755513723792621568
755499868345372672
754735159069577217
4469996593
751939220357328897
3810493994
700750295001739264
747160401415135232
755428777983877120
717115197966553088
753830539849674752
3907873214
748960853626593280
2854325063
755292905745637376
755163894809784320
712434670055530496
755088129481117698
754927907642847233
754094552735109120
3266137813
753660978974363648
3359334321
3259376015
1455489792
2944606162
752302082879815680
755196264002846721
725439789395234816
3357532515
735215085912723456
736617891496374273
755096290355281920
700861306811904005
754895105597767680
3358871451
4085372675
732649179646943232
2431881863
2769678658
3338219428
1061773633
3276367218
3299689828
3433376098
755124105678954496
4462499595
2463061505
2945192193
754864232576024576
4196261793
4882385805
754739297887129600
751961870609879041
4328884812
3380859622
754157229389991936
2753198778
695162893348634624
521878241
748649404022804481
754862330953867265
2820499826
754071193951412224
717890175238545409
752253578807484420
725807739843268608
754536071371694080
706153573831147520
737815295272865797
754442148024557568
753237647833858048
575784298
3279126545
744229483788509184
751553968539590656
3534450979
708872482153848832
714931102893211649
731929993429684224
754500379535089664
745798729396068352
738908596428263424
713645194
67996814
754095557069549568
3130937854
3829033877
3391349386
2440610964
1652419376
632446729
1643711251
567317800
2909872683
332916272
751550391851085824
3289275923
3521193677
4805978654
1041213258
4817475908
751804099163725824
881191879
705034612213465088
705368625331511296
2715444301
4072185613
3819337336
754325205095514112
4764866000
707323975811121152
2844354700
2211237290
711602779
750697636659888128
1245074245
1460984886
2848649314
2707777842
3688893675
2573346566
703298016858546176
715436426
2232017766
731320667602354177
4704322220
2462247680
711917285016014848
2811594351
3312935540
721484203376947200
739705558966644737
724663513700945920
734896183882227713
2875982607
1938507025
360406431
3291411918
4585627037
752511488141713408
726371270678466561
876385471
346283924
2841113979
753737541128482816
753651765506142208
753734202827296768
2937418187
705886636010299396
1525986482
753407309641023488
722580560296689664
753591144030867456
752954498490982400
4039470129
749337112193994752
2279956724
3550012096
753418605283319809
753196235264184321
753377699528335361
3091344123
4840888667
2935411689
2591825430
753289534201221120
2694687984
2900733646
1397845070
580186489
4904167531
753103537450745856
752947020286025729
3357737667
752915970302148608
944999726
749313802571804672
753031905822511105
752990703676948480
2786238307
749801070738612224
3305066301
706640828341620736
752713452964179969
712097423405920257
571267335
752684721763561472
428575995
1368329689
752011682050867202
752606182884274176
2677253071
2962593513
752577319525576706
750450818399150080
720983259761491968
4614512352
752366741951512576
2932773110
748569079204675584
3019020217
752336681118920704
4902602057
3303374631
752313268228816896
3148980706
718224376726974464
712735580870676481
734480610018787328
2581091288
748925810304745472
727877028016312321
735076486210846720
752187231608016896
3419151945
752206655996198912
752207022272221185
2786275691
752012110075293697
748984653529292800
751563699899408385
4872378831
751159982926786560
4331819739
2429987595
2819706328
3575007734
742456118123876352
704800047850979328
745392095515582464
4898771151
696387344056852480
3322327735
4379394559
4407317062
737791411697901568
3253243967
915752378
709174527939514369
2619922507
735931133112655873
732044110857637888
743851309363789824
332597375
2273549467
1653765548
722273514154135552
2712048053
4699277065
3108779101
714167926887034880
4824849503
3853533915
2888119191
750083368579194881
746919724475424768
749406121241223168
2746837006
2869973315
2457137802
751200702383337472
4761476362
2825720067
751166324173205504
1566765265
3500590697
720002126395650048
4658859973
2914745919
2387987263
749297720884682752
2801154399
745025579443970048
4592017299
719539723757338624
2868587708
736321291037380608
2869673412
4819540683
3127596491
740276496825225216
926172750
728255013601062912
1455908749
1134986526
634782415
3093932226
441316043
155006564
2376261882
731138118443638784
3194301691
2982069017
4391243773
750519560256708608
3316351440
750387481162440704
750502937735012353
4879056322
67377408
254760106
748929572117282816
3314047971
294967765
716745088718782464
3031324478
717496721824215040
361392691
750353144576552961
745082193349795840
3511749193
3154223534
745078981205065728
590455845
716371455131430912
2857642688
729039615533928448
4855809981
3092548800
749968013940629504
747544373349453824
3316338551
1733683410
2184794600
2709463611
4603561649
2321688954
749786486640373760
2951907833
725494197126455296
3772026075
2731963787
749966704504111104
4797849581
743954519151742976
749608220981854209
723910425344114688
2311064035
3087349221
732634266346127363
4071118281
749710744229441536
3506025915
2694277153
748682374746177536
3723893536
749565886604935168
4703190218
3295447919
749657824590835712
2986906738
2682962885
745763769821859840
4633970615
2409768949
739599142511607808
904938194
749365350316273664
736273381394423808
3310080945
1553452262
749415398357991424
701541177753862145
3331442824
749100385915146241
2599122355
4297548628
724962395232198656
4104589911
725859057572057089
716653986359746562
2699544973
2760729369
712281477376024577
4675709708
2895545692
144286234
2772418720
951789078
290869706
2911037792
701206880471928832
2324487739
748663460909748224
716387692758441984
2960606598
743852748567945217
247896487
734708230253858816
3856378341
4895853833
3159677314
3073674747
3363342014
1287328772
4686998526
1380306673
4684622239
3373429011
1029154070
4644523260
1593558074
2259716149
1138512942
3361159337
381166452
738432591716601856
3406507797
2434674541
2907263381
3301931274
748683881067450370
2808431083
705492111035142144
2784372019
4537230736
4041604632
1607436906
4869640977
441964768
4894110080
2521353513
721432842748751873
721882822785544192
2767657379
3303791413
4169275287
697524305467465728
586150388
747964725678346240
1129786598
3395806995
733729252579889152
3281346349
956969450
3240363544
2473138112
565684441
2304163801
745362483632709633
3050224318
747078339895111680
1961713476
2614269691
747636752794402820
3542302459
450979570
1473637224
3077859157
4727322933
921010488
738800281622708230
4315927454
747535497308811265
3328736686
4607856613
3382958959
745729317569597440
717893589532065792
747449802737201152
186290412
2923588080
285802299
1258026709
4860659600
337882428
747194249519607808
3023023591
4037578635
1405939884
503286569
746222923740913664
747091803002773505
3289484407
746943714245906433
716472070683500544
3350740372
746476952358424576
3118804830
3249101695
3122313806
4892035749
3591757277
4883214178
3907809493
724935970282442752
406428748
3174755898
746180849780011009
746407246750318593
1236898976
1940558712
2943625227
4634700742
746207297890717696
724449030839898112
745732782211608576
4372249935
746131146052800512
746142042502266880
746070031176458241
316150039
1973190757
734127076098203648
746002395696619520
1444943442
745832142278656001
1048965278
745793674139729920
733498892260630530
740219191412850688
2597040440
2724343662
4455269237
725458671153614848
745669274946002944
2175156245
740398183822589953
2884990929
2947678335
3061097725
745396532715806723
2218487396
733047950365102080
745369653438873600
4886179139
745346905962536960
745345252727263232
4057150913
2899449303
716785599047475200
4897981707
3434469717
2795262020
3872497992
2900525462
740264077012963329
745023454945091585
2241091178
2909658915
744937813645365248
3384506145
3095686259
744980665150611457
744960870845976576
707797742299566082
1642395572
744168981414699008
744737979558674436
744424150173782016
4819820662
739716639038443522
255018655
727947080870862849
2844572078
2754993147
1589563843
266315692
4859073820
2238528856
744633660603785216
744070522053476352
186047624
709160936431484928
3307955413
738180197086855168
3755052855
705554213993127936
753231036
712656800861052928
4693867302
744406786141106176
737091965976612865
878026500
1346932376
3170692138
1566396133
744302103171039232
744320736337272833
739968317310545920
3196365911
2730614280
744251912132845568
743966510121615360
742543198086520832
4659154636
721192533250846720
971094259
2952416919
702991133731717120
743837151549329409
2557570511
2319872666
1948357399
4906250656
2715383797
367852524
740527307195047937
743928278591803392
3111962383
3137792427
2422661032
4844217106
743275245465808896
743642965759795200
743256592666214400
3312227765
2259611630
1491978667
3691395496
575564981
733744181202538497
743546787412074498
999067309
4770239235
714211113068589056
3676295233
4183372876
3983366008
2827056259
743110168188194816
696230666736967681
722739681801170944
742913236471844865
924542731
2571503574
742851877981806592
1606168771
742838396704284672
3045142501
742813952870993920
742482294372499457
4914934751
741752236305436672
742580401818963969
742531702178734081
702952631745028096
2910259653
723982335432073218
726837362723049473
551327597
4258799787
742442994620583937
731992503205908480
737452921793581057
3398213608
701883491143786497
1273641936
716337787889401857
2970335930
259305782
3309158936
4210097500
725505835519070208
2882379716
715549800695922688
463202215
3396123671
741402706477260804
739066510560399360
3370064386
552500682
739722394563190784
741719062930182145
1027423386
739930963107516417
3315857213
739904053358907392
2922127438
2516095843
739927866490687488
1134596058
564956782
3285100657
3140810156
3298335252
3304590462
735725329977769985
750049309
588741479
731397185254756352
715219982859288576
718974299722412032
4847363921
4140558918
1393732915
741034511329296386
3230753322
739878153104023553
713376938782425089
3319369883
508975194
740931624653594624
740289026394054656
729070011327733761
787206102
1476041142
2155011860
714248633755967488
509588752
956157072
505025100
311845066
575801464
740741704144195586
702578407155081216
4728100216
844606094
738447340889985025
1084646251
229660143
589564348
3309611679
735215347297443840
725469975146815489
720066170393620482
740493766792880129
1160584674
4253408333
4721616366
740287158720724993
3862407089
740288234949742595
739471788904570887
577624758
2282445366
740291472872742913
2761585625
729080544449847300
740285298483986432
3897781518
720397896521109504
713439308959580160
725170162496770049
740234992618463233
3509301913
3406127151
4405697842
736524635332874240
4737688761
2875596653
3298738070
4057150947
2914171546
3497032333
1855305710
735109316907147264
286255569
1276314847
739280939142893568
703687853272727552
739496421154541568
2749519268
3989972253
412650292
701556126
727128402
702259482173157376
730816531857281024
444177756
739940334822658048
2847248326
2887326653
1884849943
739910777096704000
2423337589
2165554063
700464913903284224
739890316862455808
258054384
2926295732
4705759549
732729791049125888
732723351177699328
4083448347
2562999255
739677751943135232
4776269850
730113263980007427
417538351
2600737129
2176091375
737418453703888897
393762453
2557691938
739150944785600512
1421825558
738758157095305216
4730651562
4624763955
739541152550920193
2602376868
2672788498
721085779590660096
739446895152500736
3933554631
738289132347199488
738836117537980416
739303150968967168
2732372982
2334286963
3389513951
3000393076
739143287991336960
738880577453973504
738825620847611904
4661534117
1975910503
709236279066497024
2826633257
3558772157
739117683011031045
739070906421673984
739039122258550785
4515825591
733128725181648897
2321412590
1972136726
3400972504
738873342736928768
3354186117
738800931375054849
738102708410798081
2293050740
1240329816
733016708965904384
738098148510453760
2781040961
2766701860
736402431295229953
2959442849
4727022341
738488569866506241
713109041149509632
712057234977468417
738477695722389504
4662481993
3404903968
4481795892
4197155811
4410312447
725737596677038080
738248208409866241
4865989619
738218607071645697
2580608474
3485319792
2787904428
738155250104688641
3036945792
4635189687
1954119894
1321279524
4609236317
714544522353451008
2891101019
1226280894
2956855834
4770450875
4848354250
724756846741884928
4143219351
4754072363
3397476611
768333703
737999543460106241
2207876389
717462357740503044
732170143632134144
737740728537915396
731300147645177858
381909220
3759190873
564097421
737009785338486784
2759518736
3313959813
2558815239
574766717
737752236386717696
717942651522166784
4573208417
1332888528
2413662995
707258160688533504
737741434808377344
3430579365
2654677718
1160877618
737461555089047552
714367601875357696
2740677930
1664325601
704109795935178752
3075581836
737719694103306241
4101200115
2686172316
4396384587
433468738
735915673885548544
737488860150665216
129331680
4532590347
737637609812287489
3938909057
4132687402
250772034
4707323487
1957317014
3692179037
3408842217
4886241574
711219406735548418
588629143
3014503335
731674817863290880
2909444470
42989831
2267464491
3325737285
3304160955
4106387593
714085021464805376
2958039518
1699954050
1360855478
737386219336826881
737454270690119680
706944444495470592
488073477
2424292406
902841672
733828301676912641
4149695352
703982306734641152
3060652192
735503393096146945
2756835468
1104855860
3385320689
3127671538
2332874633
1616726166
734682694941061120
719685888893173762
1520253103
716772333315366912
4861442953
829941030
407298529
1155691506
375762998
121914092
3102355702
3092171051
737393457501638656
301035528
2574522249
507866045
895722200
733328504901775360
718252630879940610
3289555775
2752729029
2340889214
2924547392
2859066578
3410900284
3245081050
2903193925
2778398612
3912497483
3968731282
1891513747
4017890899
3380701186
552175369
708066336811909121
2540083214
1475983538
2354809034
3809044402
709794169699573760
99179014
4828368924
1236124332
2978691190
4040902582
2607657614
734393357603115010
736611264613470208
721899240289669120
3199244171
1961239166
737292647535116288
736279737518166017
3273241916
2448103860
4465963514
737072741988237312
737015830727135232
2800882132
1460755046
3289460637
736413841769267200
737046382213746688
737051543132876801
732332203510771712
728058112796676096
736952771329544192
706267289189015552
3158793001
735245952320180224
3037238097
3922358159
3433485875
4443151581
4161683727
2768218173
4104666495
3342213244
2743143885
2849120494
716301751708684288
2473222670
725045694176858112
3430849813
992230014
3644408178
4760970377
2889133214
721755077585858560
730251468691755008
736356686492012545
735668608332890112
2448309412
3386372583
238783754
3001897599
4362638722
1868526716
2872487498
3036840428
2967153455
3059385065
2826537391
857159245
3954334934
1267541702
3369446163
425322227
4728317367
718931025137680384
3917293886
2377929427
1556926244
705273211068489729
736092494501269504
3175104007
2313084620
717692672643874816
2473061233
2925088810
735901514481467392
4835898989
735601867527315456
734407957300023296
1484013374
723116926499696640
722936175451705345
2200398438
733757022085238784
4652755160
3312401937
712709840234274818
2802922341
732724899781840896
708077149316636672
735164496038219776
735459432780431360
4538565796
735309105804496897
3054479571
735278430200045568
733780726605348864
735198427508674561
4859074857
735194178641002496
1591928046
970780532
2902161578
735050937551618048
734946121496203264
734093851196071937
721141084739543040
3257188173
730551549592637440
718960008700907520
4638331588
4606293254
734805184136814592
3315616156
2421026461
1067108718
727258109475995648
336325471
3024445840
2353357948
705550962
2869946319
733353877995560960
729243826196357121
1902116358
2355057719
2921770781
734430788549251072
2904923553
2918732836
734407421196677121
704066714347118594
734390054743744512
701161166186397697
717252888209203200
373632970
1891333964
2303735462
520342657
4651731313
3266696365
726454313384550401
4735241112
733706900311695360
4861435938
733452191416102912
4367620336
1862241284
2984740386
3390058624
3893853034
733500577431216131
2980832048
3426714219
3928883954
2952463085
4242020414
733390680538615808
733366656131567616
3035788713
733334801353052160
729847092701634560
3419220612
727090257418539008
733289797566013440
730908272526557185
1348029698
4582052423
1158372805
2804635656
3760353373
4464533836
1004826235
2366415078
2983483661
732722993479229440
716673672619106304
732721767882592256
732193261201281024
4685653872
4646678294
732712868106371072
717256953630556161
713002511330906112
732421224744116224
703733010265464834
594946327
732437137551843328
716882817565614080
2916609136
3010790089
4027800372
3026952293
727299896655642631
704060724809768960
732221576960184320
3356997154
887349445
4596023956
3795202812
4567743741
732001960979779585
3351502101
3226600800
1321420351
2458508226
4528879396
706595176492306432
4035173669
3102987011
2535285805
714929975250579456
3124692383
2979352947
4902117810
4870912228
731704836677197824
2958616522
695415717894590466
3702198253
731707107104423940
858372084
701942136384655360
713788586416582656
470839925
896354035
710233468115021824
731641714042146816
4212726395
702366384727183361
992242176
3345781739
3806628496
1656082214
2375591227
952643442
717847890819997696
3829292654
712728616828813312
725509870426808320
730511450742108160
731243819765661696
731312610520510464
3247193988
3092768956
2956621166
2438744261
729064988690755584
728671374210801664
4604487142
718161619575025664
708883825074393088
729450551407153152
719316440269090816
3272226954
3284544116
710248559019483136
726511987023314944
2954071864
725786261898801153
3377536287
2444187392
727963096598249472
1403733932
428426317
437156017
1905079394
730604583316115458
2707103013
3146529944
160345150
3421169608
726284135006801920
3740269096
4898339428
2388321014
4657952788
716077193403609088
4878841475
4862182594
3733959796
3496549465
726145728406384640
729652507710984193
633373166
718971631142596608
2720323645
730881570584723456
4370558176
1631106344
2165538277
712783233486823424
2751904581
2806380630
4730316934
706073945204772864
719667506416254980
3722463019
712768510125060096
164017143
715952022655275009
3192911825
3129280683
1373319060
726424460622962692
454366884
729840605078142976
2161953217
1602897062
1190010066
730535591843115009
4843086722
1246589107
730743985761878016
720009231190093825
730535417804693504
716777050531610624
1629187747
3100637603
723901855059861504
544510972
729524155217928192
2905694861
3662537892
4836817180
4589662647
4725153373
1561501580
928614710
3040012533
726636217912057856
729467621133811712
729473074094018562
1012454460
729442916649721856
726883582799712256
2875924452
433553060
729340685736923137
705897235247185921
728669007578959872
721752479319199744
708068115905695744
3105364282
1692161268
717785454674894850
2851709699
721959866579836928
4075070834
2971876503
2647220266
3289287791
4720609985
729057248048259072
3662731392
728989986515615746
715073485240819712
2426077267
728974808638214144
604981206
3759933132
2914651221
722869680906612736
3641940434
713252220
1355606978
712125752024690688
2960272114
713882179097505793
334320217
728352403813208066
715728872663330816
4848297592
3221838770
2488566221
2405204850
716402732010176512
2900678418
728146355042951168
3247010475
3844319476
1388280128
174414370
717118518718763010
4339117034
3771613831
2802896806
3443445498
204591129
215302255
2372156553
202393037
3229620340
3238331815
4896330820
715072848893575168
710640792738537472
712391881896775680
726911530483257348
3503950942
4009174518
714238464904929280
726877911635124224
3343454788
3316055339
724399055594364928
724397987783274496
569787280
717563388834910209
728059889453391873
4480741874
719371507630145538
721162490038644738
205957912
721190949997514753
522627541
726497309425565696
719659465147072512
1101556015
727284664151465985
3303713603
700453983572389890
4377867917
3400682615
720992526988128257
727156270021664768
3033115493
713860668034850816
727138622399459328
3053910330
998104148
2792535085
1069590913
707440198448246784
3964237752
4776413120
725107950310817794
709276165358288897
713919360822194176
3359870463
4653521408
1864759783
712687450095681537
1069204670
710968499414417408
727240202058633217
355632682
725401666300837888
712336866515628032
726059085817204736
724391636298403841
4665350112
2962556974
3167958599
2508757021
1316857992
726938601074757637
722913354080219136
778874676
1549125889
720012723216461824
709209524796792833
709900421221867520
717177753771106304
433644107
1604311932
726510731823304706
2535773886
700803545306689537
2875913331
1231244527
726596490576158721
2610325826
721776690716913664
726552796846297088
2836697105
715206849352572928
462507309
726497150385823744
726171623309611008
3303813903
708695084536037379
2973714046
3420969013
3167879678
713996570719457280
2868490911
726237619449946112
2273442234
3012765201
713879301372911617
2235418333
717966362526638080
726158090618302464
726121109733687297
4160868740
723694981861376000
4651131922
3317995827
260848521
730781227
3206613527
2351102875
2574547413
3942493085
3406148789
725876905757528064
725848599746207744
724939961947045888
709527906339459072
725344571450875904
4259064394
4785668120
725433750159380483
718930458411732992
725135849508229120
3220380622
725665826456608769
725030432224501768
3339964636
3340141588
3098115155
274090957
1161204001
2247051713
2828810432
2778893256
4896673725
724716161447817217
725114100859154434
375954992
725175958177718273
722339046811258880
4777789757
716874867816005632
712393825042481154
17671546
3094556858
4623748199
724725114122563584
2799767861
725023208643170304
3307934881
720943882444283904
1360573280
3416630577
3000540898
707334444319940608
714544088461271041
4486666582
3599038398
3152153870
939246697
2871416186
2937232323
2726868281
723519076014895104
724409314631401473
2536585628
1861993794
724326069252182019
3025517559
4788986835
706639533987799040
4615525666
4828127792
1470653978
722577960469864448
3312979596
712980930
707699573892845568
1364288550
2628933394
720290564143521792
4889914335
2657266313
3003963145
720794075872362500
4078673602
723238008007184384
609366960
714571638793089025
721950832682496000
715230678787338240
3181067383
722202291512688641
707669011014750208
4470924683
722538370656808960
2914153319
722537920175845376
2358886951
722185249015336960
721722313788366848
717603941458915328
721834218901282816
150933994
721141554044387328
3145886349
718113725211873280
703922970138386432
721589130241683456
4701195680
721549059752869888
711002597222535168
1583548854
2448040874
4605421540
2853914847
721311945710825472
714188640692383747
714690989005357057
2298730465
2178804763
721045759756496897
719587118197116930
2612576850
2944227607
3994044556
718283795460452356
720626395450200064
3714002899
4678913492
717402548198588416
4080036377
4327299253
2318642921
720382966464012288
712106401791758336
517013728
702710291163959296
3226685065
3382100379
718783215088046080
4654083029
719699547123875840
3679025412
2753427882
3232077615
3227075872
4392854233
712140416787750913
2402337546
719698155911188480
709377200055787520
719390100401102848
3242872282
3073284622
719555792488263681
719336175014690816
4371363432
4323962779
2728582857
3420782955
3847736534
2930887289
719185657495744512
4734400975
2239891165
2923895992
4833281740
4908359774
718595893964992513
713831897827115008
2275074392
3154136251
2719938916
697578406532100096
1949967558
610151895
713176965251997696
3232890330
700521603117879296
4321956256
717243975560794112
718587995998130176
704430411665903616
716969899537502208
2998667871
1147705406
1528750044
700916724204498944
717736175230971905
4847135026
2864962629
4851184967
4895225884
717841071502327809
4861603383
717685345232547840
3038655805
714227342986452992
3316453939
712991245983985665
717651360003526656
717554566967861248
717554026028503040
709787422486188032
717503952758173696
4851842257
449336752
3577350074
701598677173936129
397115688
2449967257
191554366
3028639370
3333544912
702035169
2873305936
99635500
4657845168
3236255268
65811998
714303133086793728
717136974356824068
4619487146
716758054398603265
2310787438
715399423463804928
4501904539
711702311781965824
3476662873
810076466
4459126099
2902239211
2973946383
3278707009
3058844755
2194572306
2789726680
3012466299
2575842730
3059369856
2465855235
3731753422
566486932
4003679488
3425352561
2420155502
4821185447
716721916032188416
716870059914838017
715755902213701632
716832843729481730
4889857677
3659067256
3483482243
702180774859169794
2934702027
1335149664
716817166088151046
2225634481
716796569438130176
716789045045501955
716786694670843904
716778289679851520
713897102842142720
716785403550937088
703733258941571074
3039846941
711015298074161152
2893880062
716772904382234624
2480580122
348252196
716770898578046977
716732045754404864
716357005338812416
4846301832
2955427695
716758564078030848
2952617172
716666970779860992
716737913657012224
703648105305128962
4367253081
824223373
4615713194
4260286775
4605532513
716715057871249410
4260835311
4851084125
165440552
3331231371
4404948555
4080620173
2824393609
3041202281
715253061707411456
2804736140
716298873967349761
2367573662
3581217448
712818532468310016
713975340683497472
562176998
2821410213
716434283393462276
716442325958787072
4038577096
3187303981
2934539794
4761303554
4815364409
715843765064347648
517110191
3016922251
4819807671
4786904304
3817897812
2725227674
716344742129360897
701890003669008386
3722561547
240394250
1308941112
716338946863722498
1263310218
3369433505
2424101678
2840269510
1038229549
716303738504351744
711078832309149696
527338619
4872492670
2943979797
1517475919
1602220039
716286727854264321
2165727229
708715303769755652
4894897685
1633513520
4395909760
229474938
1537938799
1061931464
4584763992
2827224025
716215539484340225
714199399107338240
4674636734
713247814050926594
4837264965
714582633326460928
716083024270467072
716081316907859968
3176980580
715687177850458112
4857845613
2806469317
3222938252
714535357375598593
706088398973435904
4896338267
712362301681233920
713577966668746752
2675180468
714938088271687680
715347013102145537
1873782577
715721725229404161
709667370
713069062096601089
3096797468
702805652008275968
2918551863
4719405682
4686152832
4772003779
4699060550
3346918726
713738591088812032
715630688163205120
1268027504
715376326044225536
4921260747
715592856283521024
389661453
2809501922
3686906176
3316608494
715415704053256192
715376646446972928
3253916154
4614680123
3875302162
465799640
4914503049
1469645784
2205144784
4921165167
714875737661128704
2762194468
714346566899728384
4650228012
2777213553
714304713332797440
151250612
713966406681759744
4278926655
715018961084157952
2549336589
3571171936
1631171983
4018886532
612009165
4397308574
713579135793123328
932974104
2832280994
3308357021
3294403253
708841780243013632
2393622967
3295846828
713046531667046401
4676833212
3006529739
3199587868
714611409414438913
714852238716452869
2904502613
714902341108035584
714824801345544192
3789960254
1263710287
2322924848
4804798338
714197150024896512
586902606
4833636254
4130593829
700714338512863232
3128714126
703815171647516673
913687748
2891423825
3243426640
2971787789
4123464016
705232790162444288
2576082617
714574165559402496
714158651204886528
3225584411
4902963309
3303805126
714476901763518465
2795623969
1161151740
714360431578484736
714353158844203008
1720573296
706536756703723520
2251128290
3778324273
952226658
4064539996
708796376818159617
619380283
713551452258435072
4334855121
714216909328236544
3630781572
2932812195
2610159132
2805977471
713897255842013188
713200684670324737
3108785342
2701552368
4228349838
3037964285
1499134862
1665566654
4584585626
3269580433
3129482591
3368532329
4911527291
803094486
4899208439
1187286966
1520541620
714163636969816064
2810369830
713877563257589760
713879261262774272
3133583428
4804578270
4441105937
713827520605515777
709492575154130944
713876270451400704
713867609821863936
2534482432
596846528
4902735124
2256049837
4634058277
4827967163
4244265915
3300945984
702979115696177152
2854132739
4352347281
3530546895
713498789055754240
704194892554117120
4926300346
2864548931
2969477385
4302383597
545572143
713488493905842177
887800094
4908939765
4616043023
708719860663132161
2937543458
1884175086
547174899
3278822376
4826975746
712021410013515776
2472939500
2722037131
3156194249
2929057543
3527077336
1697146928
2571371541
4921795865
4767105684
3883736248
2921445297
4557106100
3465053772
1900239655
4795378400
537664149
1468507098
3173979605
380478902
2916138209
4879808764
695464208222162944
461454048
4649968232
4417220834
3095692985
2873283016
4846503720
3838715415
3826695796
702027715214311424
713102546525667329
3024539170
710992410302611456
2836877765
4870963033
712402262979518464
712726895129796608
4872624345
4852167249
4093837581
712511431921573889
708492584696479744
3324209992
3066496210
1516615712
4533554358
710704343410839552
4663989926
4005262273
2994229149
2172770792
711973003144245248
1254726294
2649194821
2870978030
4300175477
2224016072
1442651527
879271374
881681070
4795486796
702972768300703744
4924751399
710803094838317056
3165680095
2995337817
711379600891219969
3369542548
3215315176
3305212654
4925701126
3178517138
3189063449
3064995753
2828524299
4845953915
4440686975
1138070100
2794556118
704323108044460032
2334619202
2288512081
4137637883
2189269836
4837142001
4486518388
700805586460483585
3139257195
708844253728739329
3376905148
709379184502636544
1898774780
2153371832
711193936966995970
4659387214
3711018502
707417887774879745
709527791860060160
4836654429
3622698675
3024547952
707563754242887680
3155767788
3251345162
4651647636
4348166173
704805112590434304
4687627081
3010805260
561600307
4148593759
3431697815
4872422675
2244273967
2765256501
1661448782
709921803330650112
269439117
4650845294
708702249925550080
1607377250
454380207
709764182468665344
2893891353
4740983142
4115000319
3416056913
3325201104
1683994249
999984955
4204125519
2820615169
3452177473
708416531181363201
421559865
1634116950
2971786073
1581978848
3119227909
766639981
708000492291563521
4909364662
766909740
3420839662
3436303372
3433251467
1312539110
1965608174
1098291458
364489382
1030849345
580607557
3720505767
3617736014
346831134
4804745233
709472188370448388
697599012472496130
1463602314
4755609253
3889608194
708886156088373248
2998713775
709155435727757316
706625191049191424
4658598674
708319456250953729
2715926839
3316066444
4893964984
4236867148
709022839903490049
3189636218
1548911066
2801323324
3708399742
868805862
3899153954
3398002272
3386266815
3777552500
4270497496
2807523690
1090785529
1086835585
503678258
3129826859
707665715914866688
299962993
4578606622
1337962717
3309985673
4625529814
4485197301
4536746295
706330814233980928
3243570009
4220964087
708729263369949184
708524029976522752
2978455078
3101879260
2706070980
3091967847
700468433658380289
3253019908
987684128
2982026585
2757602906
199024190
4314855313
3157996779
3252966033
2935203118
3302967038
2473529755
708420089972822016
1301644572
706537313833250817
3010124165
2924430052
2986288091
708016992561864705
2575731038
4097636593
509308191
3854380941
4925859262
701573360501792769
3285840836
707933748776423424
3145884477
4342668381
708055351539552256
706319388786319360
4869700043
4851739160
3904470694
1626268524
2263656611
1681568864
2377880114
768225877
1669396052
707849893411336192
4514896061
3074701088
533782675
287450432
4723268746
353236086
4234919043
707739047070973952
4828064821
3352643201
4878097251
146170406
3006785201
1289261023
3033643702
707677539129499649
1661271048
4822267078
409643554
4233995355
782118529
707299067160895490
406471302
245185112
4433775204
4827738705
707380660860690436
2560106598
4853951507
707344657710194689
2823904149
520740707
2542160046
4527193769
4622796012
3753711141
701148244689162240
3108830183
3467814673
628638527
707247237022289925
4919550502
3915891274
3491156477
844047072
707087169706287105
4848665879
1056937272
336613524
707019738405146625
3230038608
4912342142
3035093560
701987556418842624
707000547321184257
2911208794
2340933000
700518682540113920
2844232542
4833054712
4587402554
1691903232
4842575998
706559922775920640
1023727573
1681786406
3960631889
2974924799
3323568406
2306074904
2314408836
3430453673
4414940237
2242071040
2411851076
700768190226300928
3207909113
2728277449
2288269945
308114035
4013426063
2263389554
706153331308294144
1552055516
4868242545
2772240075
705824295952449536
4185056533
705887914018914304
4798920741
2262332742
3010088769
701850980174995457
705160693314490368
703383197887758336
4032846701
4631193341
4785944007
3054466123
4911415373
3004879377
3337612756
705227547638898688
3255351769
705202432347754497
4770177503
4573762761
4880109479
700444700403175424
196415460
704877591937867776
704020410438971392
1927378406
705096048918863872
704833459487789056
3295523802
1428003991
704846417370619904
3663311717
3380612981
4905352725
704794366133587968
704789813262684160
704788423052288005
704786717698555906
704785235309895680
704783269410295808
4746231926
704781343075520514
704504149963046913
470072149
538493666
3118491331
704502674620882944
2818250407
2946405759
704452951042080768
704443474091884544
704451008290811904
704447882578018305
704084785023549445
704121299317235713
704114625348907008
2898750294
177758653
4657731433
843872252
704125778448027648
3197882948
703766448712212480
2837428193
4605452483
3111711071
840682321
4705457548
703414455313412096
3048457394
1239895082
4346187196
4119498312
3495165999
4890367643
703644708782764032
3729889755
3917879121
4878662345
4652800812
4839567118
703058117731471360
4854954201
3749923333
4848013115
3364998947
701551572120117248
4747981521
703052352295723012
1006428882
703326999830515712
3352428903
701885617240670212
3261839014
114296297
2858834106
242758599
4625055496
701990152575574016
2355616132
3404883633
1301200524
456881780
2898723689
702639017679052800
2283493740
702297303445590016
487652778
4875452027
985636440
2379022339
3686612909
701809083385565185
2723818186
2572914221
3015175911
885398910
3425193047
296627250
3279981308
702671966981869568
2349711777
4808710602
701901906310901764
4717547091
702553998860140547
702542476767272960
3766165692
3421659255
4846570909
3495950477
700491780148609024
4760763284
3178705652
4912021985
3975158019
3310038531
702191062014676993
701996226737262592
701302920801726464
3355684012
3226564554
4822584603
701976015329886209
2347717220
701855181013651456
701872906385670145
1591179198
3856323220
315581839
700778818944966657
701541558512971776
4180223607
3378027903
3293295277
701807149110927361
4923709640
4861003750
700880815211704320
3674312180
4893065135
701579704336166912
2220712183
2939556309
3495197607
701566077801623552
3655263676
3223877204
3686518092
1077524538
3598912272
3515660897
4819545501
2899516389
4889830005
3015731801
4332511402
2892928804
4914969069
1145990719
2826648469
2211432098
2544208320
460388093
598929189
4853830085
2148110972
2458003059
4847919044
3719398113
348669391
4700347395
2511585601
4222833857
4010105367
1431726757
3911701287
2542494186
1279221553
4205978853
970784418
701071828442284033
4151407066
3003665698
2475954536
3494228133
2809248273
4909823050
1216269800
4535272335
557283460
700714372159569920
3865593080
4903490559
4861300101
700658427073138688
700613876090544128
700611202196623364
3497115554
700460476224950273
237817381
2980708498
3379550698
3594135437
1081535714
3904576516
4926234225
4847811143
182935794
4865886652
3286718341
700421605730729984
3303647973
4928337249
4928174783
3088957629
135661491
3838130838
3303574014
4925370189
700152053813923840
2552717114
2890205684
4116213923
1107150768
4917577329
3366690189
2975191658
2875306389
3011400838
3656256077
4041093189
4920329081
4105174227
4919860528
4788769590
4913955500
3224542136
2672629815
2677676978
4913201088
3325537407
187561885
2905505667
2182433101
4187921240
4334121503
4914705563
4903001937
4890584470
3416057200
3371086331
2977653736
3762971481
4707890186
4274712018
1382947982
1295427962
4805960805
1676242861
1663874227
3572779217
569582059
3323755923
429170334
4899928491
3171469298
3187066254
4604577801
4652217253
4909179095
4174233253
4905297651
3905690716
3792297809
2475159464
330790153
2835718421
2210771017
4573153157
785310260
4864776406
1226315749
4520040029
3429167476
1055370452
1584307994
3934235477
2953587651
2157777528
1465516934
697925983639355392
1706128356
3319395269
1360688516
429834196
4834197831
2744465680
3622514535
3433419981
4898944092
4902453616
1070990166
3170572804
1891573250
3156495738
4882960781
4881713679
2929618666
4565554935
4895615196
3377891185
2487145121
2750605021
4380754154
2525346346
4253906417
3258254802
3307299752
2875494515
2902968275
1005143466
4896787438
4201614148
2334179419
2993554028
4894186660
3168064256
697489400754786304
3314368439
4731167227
2957101481
4890408963
1682191230
3538138701
4668173114
4821301721
4894101201
173195942
2626341274
2761964665
3394350273
3344514575
2658712881
3330067875
2234747904
1096758732
3259249866
2737388459
4211473961
2957749737
2465269682
3320988993
1242055489
407927996
3697137917
4725460333
4844312140
496433991
4699248914
3138245922
3842085739
2548027863
2784832160
3386550543
3313076714
762509425
402268090
3307182011
1472904781
3206818792
4854614699
418060905
2312881729
4890236079
3379696258
3235986255
3720136514
3058080324
4886862917
3685395817
459588666
894375696
4841221700
2620848047
4702644703
181713250
4855917927
4836085653
269783291
2317212662
4872136912
4830030682
2793007560
4799364567
959017309
4483175716
225486907
3291450565
4004943794
4886415448
2163845432
2874537301
587998371
2535194210
3130789221
2968747797
2473209306
589514952
4633052063
3101962847
3785965403
2646233875
4840829158
2749920777
2285122770
3500375415
4846385178
100773619
3092117747
4883915860
1665681576
2509129682
78188905
2787040024
4811701817
3361793091
3128347074
4434773353
3045352637
4751495053
2594059032
1511010632
1957571508
4701972274
3226928053
4755933876
3369844241
2908602674
2416548085
3316276400
4883832676
695069864667381760
2465013968
4736251695
3115926222
4160423236
2380150751
336883256
4096278435
4883567373
2979445054
4647571648
4374535042
2785881178
2898449950
2211538812
3623388317
3429478438
4623611906
3385096713
3562138517
4736830642
2730789457
3754106897
4795446014
3294645916
4632201574
1316558880
2330827202
4880170295
4878772732
3090993858
4877639475
3027676043
4867422891
3940677854
2312815573
404962122
2969983209
2837770246
4719609857
4861957094
4234934099
2708436834
4852155076
865404332
3424685428
4759137326
4878404099
214236181
1128525649
472366424
4765635480
403884006
2284320398
4836429417
4871132471
4874758276
4830344638
572035504
3560034856
4837584633
2451810811
2153760637
3459619577
3664426875
1955593796
313632890
4450432005
4464214755
2834385336
3549216195
2996674601
4872350631
4852142548
4831756110
4482852561
2463760620
4609092193
3391072612
145775550
2545102920
3068983744
695016780033609730
2664696956
3360892139
2424392580
2184735127
2209491169
694904037448278017
874540866
4861984331
2758687973
3091517103
4872833511
3894917373
2844437531
3300968255
3346973230
3239631585
3274834074
4846887624
4871003763
4239650955
3513519855
2588235027
4229606304
4869560285
4870619067
4239642808
4870232235
3045095182
4869979751
3422951423
4864808962
4559724019
3402848224
3562498396
4842722797
183433864
627975176
2939630277
2937378783
3385384085
3328246804
4836257135
2298400301
3024543736
2684144589
4837988240
989747346
4833025895
3634438463
4846710777
634959668
3744346578
3055379203
3141437890
4772100914
4863409666
2905564641
4835519944
373646089
3302896778
475377277
2259123813
4665206233
276773994
4658959113
1722807114
3239434874
2533151797
3434839991
4865172029
2952253726
4113105238
3086862652
3305044931
1432919672
4526306837
2439279121
4531082357
3381129688
3135665056
423070305
606372778
2730403585
3914455583
2676634071
4634513006
3023659905
3472194862
2909653199
2263780531
3808142895
322971495
1206649538
182201432
3853970838
4847290299
2302157402
3539442435
3328191736
1442749471
2658002190
2492002975
2240014565
2957415483
3381125488
3280652036
4229149000
2890097188
4821933593
1588595983
542968053
4720389983
3154739260
2473144843
355698138
4663713109
3189454440
4641801433
3022503245
2771772022
2869944741
4833009254
2604384727
2974102119
3243862277
4331748495
3601286175
2878146707
1468466988
1361096214
4709741895
4766436269
95100931
1129216962
4836286774
2575851617
2239152821
4651075411
4826258873
1331740584
2437561314
2225730266
3320524393
4530992303
3310791689
566690896
3285789019
2365917194
3398574393
4858878875
3403452334
3267219644
2577704910
4422202935
4779296544
4852523211
2418357416
2752022766
2243673879
1278240950
265540999
4856307537
4658204834
4717709896
4809449423
3307083000
4594488442
3776530343
4858413874
2932649954
2491956493
2637255123
1477905030
4057050209
2928691509
4846517182
4857862984
4856285589
4401445936
3288701511
4855575881
4812585417
2256722919
2853139269
2796313310
3486415575
2425705860
377550858
226293002
4840832795
2896354702
4732182919
2400404815
4646905294
4785562525
4851070743
846542198
2871016647
4841642279
2960265879
3439165349
3703035433
4844438645
1608844201
3065826825
4847627115
625976248
4822395231
4210058247
4074432553
3418434369
3041498907
2540299177
2749866384
1944434329
93999689
2571905412
4845947818
4845802043
3155975597
4810830625
3413865875
355681381
4751212794
615612257
4843560652
4842961337
2245601725
1378277606
791871608
2941024937
3605822353
3501411081
447111084
3335728925
2346190530
2978492423
3928072937
1302006618
4700003355
2402359874
3171597915
4368883275
628610330
250412814
2612867310
3209314792
2956172868
845995254
2287313731
3310084053
4462273223
4626999373
3964681273
4447132213
2910251373
3776250612
2828761661
4647218536
4839335170
4591248088
3121016796
3237084538
1606524139
1475141442
1539963470
4819311725
615659472
2599633293
3688810159
2369514782
2840551625
935573696
3697701433
4170960078
3938286117
4750582819
915651085
4836156287
2829200676
4563327863
2857588529
2435775232
611038476
4834585761
3347194150
4645896143
3697546336
4333281268
2463717810
2185010464
2762781603
3084698781
4253722977
2540458050
2924559914
449440722
2153180816
4342486108
2374552183
3228782367
3056131204
4746407744
2297138929
480130299
4306803440
2237926218
4778901501
3288760750
1495448034
503647920
3364678631
4237863196
2405222202
2987706989
4430395475
3249710586
3669064161
4721146820
4786161895
1368574862
3359771236
3302392612
3614952977
2957432297
4645541307
3407092575
3695061560
2856981784
2318494177
4442760976
1733576947
1223522671
4748901312
3012736127
1054284523
4760180182
4739162679
2757322067
3413675415
258837158
3084953741
4582093347
3070647152
2923981773
4107741913
4707160950
2841561458
3312821185
4260173175
3853706606
4776869145
178524687
4268116528
3686871673
4302320117
2904313234
3091830082
4551686919
1306616293
2920953356
2785590538
2629254809
3975290954
3321573206
3405957947
4766739824
3275069701
3106108123
4253454798
3390342417
3876482295
3318093589
4790328532
4626218265
4768342947
557261383
4766166506
4704936260
618568073
4785854668
4739884607
3074507165
1043687953
41015841
4807946969
423665244
591098514
1439656430
2809636950
3706685594
3809638335
2624154521
1691996095
3295525256
3329922262
244377724
4509704369
4663725055
3074241469
2764729800
3836699308
4284564193
4664829554
3914631327
3181242515
4441014987
4735171033
3788794942
2950415218
2564413964
3311840820
3373107153
711435578
3604409235
4769602192
3127354857
3213881433
3825987809
3407286117
3300926698
4690319262
4776137727
4612780491
3904447079
3366742306
618206325
2588275650
4649628560
3021507395
3003868055
790264710
2969910353
2466670362
2358682261
3241190932
2927273888
2563905105
3062994417
4633487507
4752892937
4650715233
4401401481
4756503519
4735561999
4738651277
4734724634
4706926524
4388247509
4354153528
3488026335
4701633026
3343495289
4396833627
4505825369
609175432
4409700741
2954139375
4646618182
2402161212
3383315896
3044679022
4721384246
4346678241
1132425486
2837683924
2578392749
2471811103
4613578936
3120532547
1321032985
3199876469
4718967403
4439572035
1223478194
3033407365
2520786829
3596791753
4117165816
3875571131
4466421737
4617165254
3337609221
3259084099
4670968020
1914447134
3235105856
4628256806
3013709387
4397487508
4204015895
4322173595
3107806999
4726665435
2303395873
3103144012
93061187
2962620214
4602270916
3382647065
2180331191
911019546
4080067469
4512234552
3714262648
4633057589
4410286347
3294200039
3118515471
2788381005
4709608254
4644718791
4062995113
3177010614
3708790876
2427627251
741056894
4195792272
3537602115
2542032400
3308249383
2500058953
3025430490
4710167837
3429147549
4650551186
3970536853
4581068914
4710103273
3054029049
3481379833
3365160075
3719219416
2960551558
2820947980
4705465706
2979875573
2957569553
3000073623
3047914257
4702813982
4598993415
774775902
4159650988
3796072420
3743777537
4077162803
3606263475
1967832031
4620444254
4680429560
2996117041
3105882202
821960340
3325482959
3385927319
4033007254
4687326324
2306650281
3612421154
2859336331
3077949466
2504732474
4658737757
4377340997
1015789399
4633573108
4606888468
284250378
3004655446
705780889
4130363180
2692178723
3795000797
1767069642
3426488291
4570354282
1157771684
3318016810
2776653870
3260456911
1918224043
3355534179
3690152842
235309697
3105515971
591488698
3146797682
3261730298
2962856109
4675463828
3148030374
398469132
3359319593
4637079561
3063205420
2579344643
4490907674
4365095967
2760205705
259896414
4624668263
239374503
2187762555
4659228529
101633838
803287326
3291224509
4516914153
2839445684
2826872014
4671003896
4606328897
3667209929
4638833116
2231955824
2389520694
2916440555
382317044
4056698668
4346508134
4589444123
990082597
4614641685
4636354517
4279166175
3493737495
2306797283
4444006093
4052304794
3290695547
4432725437
4184807053
3225443212
4624065875
4180728197
4638355232
3329446880
3130716663
4198570703
4005455373
4622348055
3428346101
3741376876
2918917492
4624677754
4602377841
3689904148
2538855125
3948890232
728691918
4659848533
3602763675
737654610
236951928
3258576593
2598478248
885525002
4614120855
4343277749
470385780
2959214020
1634015965
2685677586
2448679578
3466114578
1287281251
2752806941
2728678174
3009084281
4614266848
2998904224
4442684369
2995301479
1018043425
4107878362
4517912853
4327119792
2352762995
2615794181
3504357195
2284257510
4653834055
2946694140
2223716128
2366270916
2867150445
1628879689
2867501752
2356940479
3327503756
3311691243
404063564
2305744615
4585520847
922050499
480156355
3051066892
4615958235
3131257366
2668327236
4190562622
2361767635
573104052
2869220442
3315917602
83811035
3291963287
1103928240
2588404164
3237696877
4495340507
2509658577
3319931991
3144860860
4070283981
1660416806
446494401
3125512468
1606951933
4380904401
3628352717
1696691694
3024469205
4505053281
2414756948
3488223382
3493154055
4610993501
2903202491
3045070707
3227337503
4607339367
892183537
3366044969
1836721170
4651874966
2871683559
533663485
2737511069
2648882453
3343452135
4543097778
969212022
3246767067
3786566659
3344782241
4421420235
1459839919
3071296102
2239619318
3319598149
4346458215
3019074642
4573854747
4506439103
848231845
2358373837
1852043576
403774932
2181552233
4359146774
3366131590
490625617
4432261456
4466071513
3298602366
4246462102
4635465374
4635258710
1726572458
2646499098
3679984934
4569729381
4520574022
2853908225
2586108541
4595057868
170867770
4318535840
4118072533
3242652213
3181174229
4496177775
2398132300
2738385079
3279928790
3807386533
4552151902
2654934967
917703739
3419763172
4557197182
2765892688
4515861072
2745698381
4552805897
4551995001
3837876441
2823006347
3128474791
2715138885
1030823262
3777194729
4134647680
168207335
4248580341
4331993782
2901773879
4194440892
3131444847
4251422296
4450789179
2886975015
3411785054
722753089
3494050222
4491619034
2915861986
2811432215
2883051088
4542610289
3312632908
1523353286
4254876077
2973470716
1398543571
2924202851
2568767229
4599146473
3405511637
4505563516
2826744713
3732671292
4411089802
2186677003
4031726847
3363004695
2972300903
2957473516
2279272889
2370803678
794715571
4509777557
2895217305
2996378662
4430061568
2753208666
3045329776
633961765
3690733635
4569506954
4097289262
4252795083
2740758087
4242267478
2875824250
4485915808
2355877931
2642270292
4514513837
3378750549
4517947157
1321464259
3492237622
3559050495
1482693486
709366867
3051656613
3290226726
2396394308
3150441143
3291081912
1891833780
3931815634
1608348342
891497569
4507556512
3307678013
3840633554
2648271318
488860102
544509991
4463620492
2752983203
3091773114
3331735007
1113272443
2551092716
180513158
1646679768
4418482457
4478131392
4174767204
580050932
4579141032
2267900724
242348778
2977265193
966997993
3119614263
3380975067
2278066039
2741004686
2466950052
2959479041
3298360050
2855689181
4496479941
3351510778
248082145
4484283753
4432288379
2798985256
2810678695
3131893115
3138415206
2971555269
3445678397
2538445164
1321201602
3158039433
4250837788
3308045475
2696534694
2771328412
3495753022
3674985681
2626930582
4069841896
2653318829
2909010262
1849531735
3416860408
2965337944
4463079203
4463185403
4113722493
3795341915
2561348074
3785611632
2992454583
3104785240
2359955985
4380055758
520811596
3808313777
4296659660
2750341780
955935918
2278144819
1439499186
1520296039
4421249775
3381292215
1037965568
4419637540
4498834651
2215179098
4334459656
2929677999
178061748
2302155716
1578198685
4414064957
3321838590
4396410039
3376035531
3130930709
610162746
4487796432
2802974021
3115992688
1521183103
4343440707
4477464740
3592545137
387135785
4388921537
3144292713
3188039888
1460586446
4340047332
1695068918
2837298056
4303698194
4386073529
3924017915
4384732041
3345549783
4188887961
189318994
838579320
2961570712
3178077113
964426171
3299685958
4164926049
197172532
2955977351
2789920211
766537236
2888657663
4447767132
3458478736
3834371537
3952525094
4057109723
422214376
2975418644
2225730559
353903589
2943395933
3003883677
3076614219
3833923595
4199057861
2535797748
4057121308
122542951
932923062
3430281148
3077394047
2898365105
1643587404
3308722211
876590960
2905358133
3282000548
4364371588
3142399719
2438859949
3068410057
4397310613
531474645
2949465826
3320772341
4284298692
3488071577
248948408
3913022669
4242626117
4231028855
4138199662
3238384838
4347851121
2438880305
2783297284
3527579657
4275319340
3361238290
4180018323
2903786859
4138003455
3177715678
3579502283
2485994473
1972723140
3310960697
4129080494
2829765028
1711536367
4075136840
3112265838
3649691782
4335473669
3527798775
2764443309
3234496836
4231077922
3091427041
2379602448
1491831320
4221040402
2380988029
1583357504
3419032389
4244972375
4194545319
4323463396
1691230801
2920972203
3374592262
3093913308
3626631615
3622556729
3122552711
3210721529
261904556
4314400644
4318969335
3366230373
544376057
3290556133
3711311416
3404819865
3404874617
2218394976
3439193127
3620978714
3328683301
3711182421
983765443
4042590927
3439185585
3432917109
3321522115
3239096487
3100732145
4319410696
2896341423
2480825306
3309854772
4197403199
4382274018
3493503497
1666515674
3233682228
437074854
3438240779
3328007985
3068406708
954623354
364417650
3399165417
1031250824
4391314933
3989172793
4117656915
942537259
3060525440
3022102097
295961196
599801829
3783001096
3282885206
4297919189
573886006
1520331595
4302809956
3179122593
3557490375
1860889628
4159261773
3545361737
2892351538
737658894
3317989128
1352820523
3372039377
1868426528
3549091277
1258344373
521342649
4105624048
2589961831
2984673269
2935299328
3361600355
2189334439
3926712805
3166865793
2401871749
3198487237
4287426208
2187409201
3315060009
3306145253
3112213506
2823937835
4337416032
4265204019
3861644960
4268894657
3708202215
4097546604
793359620
839982259
597584018
2561214660
4319779213
4265559244
1888124929
4276125995
2882583282
3914686697
3433156841
2653674138
3007689239
3086552726
2330407115
913663652
4273643355
4062695352
4268555483
3035168017
3323849157
2886340005
3079954895
4230958156
3103390552
3225391497
1307963917
1729007312
919793636
2582987108
2270703997
1526326735
2937252581
4245097691
3678016577
3247246844
4328000418
410813305
3616181834
4213622295
3432162423
2835425252
3873086775
2685099856
2745561362
2944531769
1957712647
2416498106
3075153814
2309460546
4097436740
1901677416
3239304176
898247275
528632573
788762989
2658471236
337897383
3988910662
2752185532
4213339942
4261308317
2173637908
4211796976
1027314222
405163211
4327225758
239754545
2439315564
3089782966
4257721727
618909651
3437740870
3394070418
3044904059
4069561648
3385976013
4202356462
4253189434
3847616901
4202673742
2748942437
3167782968
2326839652
4250455096
3646268897
3986428161
2416842368
145854853
4111863094
2984944996
3387296501
4173632729
486063174
3128249219
3109016836
4316912412
3283281365
3020795375
3456827777
2916421089
3331592626
2595477750
4244165686
3664606876
3386186069
4206544408
4259331973
1499839196
3431328521
2845342733
1254664238
3974844801
911307325
740158579
3121815658
3185670200
4308607040
700755506
4236863627
172040949
2760031391
2683716887
3195640712
4217870656
4296007093
3125593715
2882765225
1040327772
3642264493
4092311921
3160885487
4195823434
379342322
2455594676
2397965142
4289141840
4288877628
2355800923
4222105343
3051799395
2828203941
2652443390
230866955
4220621555
1715601505
4196032432
834318444
2559719548
2768362834
4219008101
3872497397
2573407265
3394091834
2750771878
3065858546
2917917264
4274666233
4274583794
2931571279
4210518135
3071547497
1240015483
250381492
3245784508
3148441070
2259441373
4212114981
418839123
3809111052
2865659113
2832939867
1905515197
4213406128
2918417871
2698453717
3044400932
2748673119
2881981276
318021999
3322896395
69769363
2842768701
1483812012
4042220427
3332656065
4210508482
3422517208
2408728156
1154870227
3130139501
764800034
2375743238
3388633433
1579101120
3007457013
3289494298
3323513628
4174316056
2452103478
3376639588
2917031395
1164796747
1270859107
3053331432
2961547798
3606912852
3134080428
3610253594
713327113
1041303726
3228836058
4198288617
2850891583
2980671995
3709774514
4260303918
4203103923
3381181486
2874010775
2437401540
1568511277
3496534697
3963825615
4196408950
4018395734
2521086252
3214582967
3362093681
1458753500
2924107641
4198159234
1526378874
1564261998
3419039295
3397214894
4197269931
526657771
939396204
3350004945
3667580598
1317383761
3048366086
3795633912
3227379021
3382505212
3871310439
572936521
4191048359
2952457829
2865291319
3027175767
3051005646
3432139726
798377660
2932535440
2809335029
2658385523
2287413306
1648532052
2409628224
3362666242
4130032156
482555200
3425299653
3385742413
3664947686
3193748005
1366136143
4181012885
3171768760
2748443925
3028942090
1000502448
2794315806
3136932005
2194255715
4014844399
3493641927
3127518651
1828784868
2782556462
3287970937
2755873944
2427699622
2907945993
2788460757
3097502092
3250123410
3294635055
2951205957
3316053791
1589748961
2265837976
4181922465
3296526356
4042968765
2687512777
3375103336
420593420
865342170
3337924073
745919756
310489216
3252921760
2347754796
353411258
3176831996
3913301789
870792601
3384598497
3377327865
1189273494
4041986493
2904475079
3181637633
520921023
4195138219
4174924037
574579721
2796553144
4144251399
4175896163
4165152975
4031003174
4193818333
3244800681
2175308909
3883198572
1585643197
3412996421
2155631643
406742401
4013722275
3169265370
2883464595
3075429423
2328907308
3876312611
3027322481
4197119953
2389891995
1917818420
3305159254
2774459269
3319544724
4148394057
2204805631
3465622517
3837859019
1705045824
1000467907
3379045858
3614888898
3647139195
3847033645
1118024581
3164871615
1945343184
303334586
4026566607
2763486193
171646293
2923770177
3322142320
857198336
3949335921
2312341406
3538042096
3092025055
2375659213
3245362804
2505016250
2501625254
3093465555
3127912761
452600839
703154737
2941528625
2474257900
2943208676
3357199853
3726651257
2382923622
2878649986
3142212195
2951799203
2954212523
2479089499
115918714
3247531339
4013160993
3700957456
2985634371
1447134726
3793392265
4131692234
3300696918
268282440
3920960053
2979714474
1401030404
3053146191
4150824072
444226490
1392236496
2883223311
3238247096
4023625192
2824071327
4123970021
4085641511
2704180287
2921751352
779096070
1676867424
1169574008
3494939775
4064036419
3368449797
2460111450
1024522369
353962859
3876874509
3824394256
3002202309
2418509722
2180067225
3303423601
4032250404
1267500420
4068003137
636637747
1341479708
4071134326
4046315955
4046417656
4046399764
4046248905
4039322739
4039304799
4039188507
4039264942
4039182887
4046445634
2542123118
1442700680
4076271761
1669128619
3376210763
2984476767
4071669436
2582872806
1531432884
397674680
3239497786
879076309
3146839171
946620758
2297447750
3298773365
2736059058
2391298076
4021168343
3304086993
3669922839
2883326595
1483459856
581419605
2985048923
2966944126
3433772237
2391661859
3323122525
3817788974
2943085253
2347877852
3078392458
282218393
3148728349
124488645
2800885387
3598811293
3788002159
173321633
2176261131
3708181635
3432164236
711367712
3981931882
849756210
3932677209
3240308094
3678175637
3743321722
3229522391
2784375704
738603781
3765081016
3067187911
394252561
2209815644
2954262087
2928692039
805718952
727399988
3232253951
132283392
1941437072
3434925627
3435158020
3434931723
3434734972
3434586106
3435062121
3435042327
1317118622
2991147112
69491812
3416775856
1042611769
3742789816
3677936000
3425115959
3240619462
3614432053
3298434911
2799193264
3409956357
2868321941
3215811061
190726518
2265390878
844067653
2817728136
844640570
3619760534
2842660149
608343622
1131545214
3318934568
2616642379
2652666872
3023941677
771762608
1380470467
443893818
389626578
256349607
814274114
1489411441
906980653
3435535804
2887158029
2915092497
436891142
252755977
1208946265
3645293956
3021682160
