4134289937
730708944302264320
3331911533
197459124
2559201936
44364619
4828576553
1520883330
747482693185724417
3285150727
225951182
343669481
4925188717
3272237022
745538115578695680
762626257553006592
748655762503778304
1345580348
4827154319
362362640
2547788822
741088905651331072
1355218452
93470026
1665984110
394489640
751127031287541760
16359233
4638529757
731330967999119360
1009592004
2792914363
708361634926956548
70209480
4322038293
20859174
371889510
2792290323
759570314879655936
3327848321
765023363068628992
3314023938
167489997
4852472996
94070759
727749427318886401
424392856
76786636
2907521684
184669213
435564722
763018613632688128
18627768
42398803
516379604
234323528
163628467
759500976755703808
61868777
728445097570795522
755808822506041344
2421067430
234668517
763186177096704000
759294647667716096
2354883653
291282549
741627978904375296
1543944841
14808307
22275767
1340123972
47336979
17012824
225189494
761011767015247872
2173646835
93984069
2389984039
21027387
18258178
246163975
251441174
2753807133
1707545593
244783412
2895904183
911068772
745970453030678529
327020020
39392046
2906630002
134917795
210684204
752884667766845440
1173765506
1687186418
4635069660
756534639431331841
27453762
1486461811
4900258221
2466899838
754332270849384448
4650207383
700919981270179840
339436446
2283571788
853565910
754258077403213824
74508260
755057200901398528
755011683416965120
909078528
2918813219
229207891
744262970960666624
1441673053
390490929
726587681212260353
731697657689690112
2325097597
3225924410
749407386176192512
80956994
242991940
4493114113
4797015493
4246181367
716079245852696577
557492113
729046923173343232
4716440172
1575275636
4760685080
4926311195
3062364406
397482302
1964256980
147435702
3429103498
709621362592235521
3275288983
24548835
15704958
4416141859
3224688068
385168306
3033123912
25304264
31095945
248919902
710066791544983553
735429853952909314
19508498
749018250751586304
72169114
1571542160
749271847796113408
17995409
735528273376083968
21918276
718138956911656961
2329289923
15538804
718221097217499138
4880850619
211961524
3281500212
4803435259
705414651551461379
38280671
702556430147018752
714768590910709760
741008056805404673
15465727
720048672801701888
4902714075
282224632
696933065281691648
723087509517946880
15726120
302991001
3179369938
186568831
747457993063731200
4847857318
928429268
745061734784765952
2263353540
4240921873
244177754
464815693
262873716
2492097511
15157971
4372314612
2448337219
54042025
2345891000
3883660108
322802128
732884421007790080
1535171269
19480969
122077593
1069231128
296610784
68722123
729304498267512832
740228502864179200
727875273585086465
3027603212
706225196374446080
4776470232
314924675
23438055
274422511
1934711096
2890188769
4254904636
2715992263
730752852319076352
705564782
2186453322
320845500
2933700645
400106179
515093543
886026313
48012011
3051461961
573741469
4216125075
47867157
56290872
2866639611
2373857028
703615920
388818065
4181570114
103106629
731197958750769152
733385000549130240
2414913756
729370090022576128
168816862
40395356
4890917692
709485316416020480
4647612001
723405268009160704
14787705
3676507156
118492640
720466281300930561
30500021
713091735140708352
134495951
742903596144984064
16126957
350753312
3273997009
891464396
744122799665487872
282236056
4264991590
379789473
708009857958486016
2343134653
74042461
494646344
4263671956
743158468073263105
3229058694
743167075712008192
425511467
740582745450110977
742888642973077504
468900571
213165537
118048366
408905990
1869575251
1661043392
2829428812
117104543
734933729328517121
4879246271
420490277
719551118020341760
538467434
3683113160
1964282917
2438867440
732051251454574592
562595617
363275073
726699782371160064
36990245
732298495432876032
702936621402861568
728060602460086272
714562596070952960
2977322890
726588051485421568
741349046720286720
4353841283
49441111
2170298048
2267700079
1079944946
2582983692
169536421
740339807415619584
4926299285
114663456
3090314615
273323162
2215964717
169686820
1108521060
825381325
26600583
272046568
527032402
2430564295
730568102446931970
600697222
234306352
712109096351113216
735103080
2998943975
15993471
3455796672
2402018958
532718844
4875413974
740162433612943360
1934787661
4692638113
251627017
3022070485
1732904028
725421153259495425
218544585
634387197
207569148
2516638448
33172759
94154691
396148023
154608036
361544166
246570766
2669717348
40250436
1012625209
739939416840495105
1262183570
729006072762122240
1228651723
1359947880
739947682890944512
84759456
2288182181
48438556
2712335673
635467994
349803020
732062088747581440
2189140448
56216752
49031157
47554499
737758598508335104
4777676852
718193927136759809
84776521
363240308
21929250
885866412
736143976210669568
966565614
79498350
16322680
1924212974
95802312
1328206963
739295846953521152
33322049
3293510066
4191415828
250882048
1692588589
65336484
469845522
2711736046
2905100962
2624554209
25564023
4309809927
1643909461
29499313
739170793679097856
4779955689
164554364
2239607286
705140392287580160
132553024
382717292
2493013459
4381815508
2336674833
713422715701608448
738960386146349056
2557905024
726202801299161089
2742312210
390325237
191463695
3241924811
24290969
735594241561403392
16600574
4702245870
234841262
2927450421
59849033
738384823799123968
2328599465
25855350
14574162
2284139588
296689970
735172264178688000
707682477100376065
520158290
591297698
48788319
728251682384191489
702779991717597185
721938439751344128
82649790
16174578
4886779211
769036662
425462839
97253667
730835553768341504
2620614029
6731502
4857537145
929098250
1963570075
17090192
171395167
3050006307
427679559
167478588
792757777
1700105492
1922263856
2389738746
49379886
2189130356
705155575135342592
484158909
26015031
900775260
48848173
81169099
32694215
2785095528
513872434
45239771
4718640645
2730558604
3345765484
883421593
717358812336750593
736150173664063488
245564291
537487691
3151895653
245431257
120108428
4416768012
555288041
22846618
1654302200
304225239
3033373621
815871284
2834297017
216385540
462132518
2813557472
2955265579
17688491
4347645373
439608838
291774022
3153312175
720734736813953024
710244184876167168
4803636809
21691269
2855299127
54661743
4861780435
291249899
620302914
2188860223
51451083
155156048
734876202834526208
17010163
702137640875745280
2342681252
726302922372313088
157879767
734138576485502977
2360448613
23692715
732633469671624704
3135549293
715341308940910596
12195532
546379592
4296447378
2147728884
1119245714
728251727250653184
3247344656
727995824576208896
15978166
568390870
354682355
28009377
97271611
482973239
733574553289400320
75101299
4448060534
788675917
79364420
2831968202
733651231579766784
3306269147
706001796674801664
15315204
46816408
39979971
25383781
32895694
705428448618156032
724333965742641153
41745189
86644028
21909984
4867246779
88725369
212725463
587758722
820182493
102871670
68672927
1167402500
48484268
16653846
1733546462
3266623945
140087707
1537590361
124898913
16474992
48599448
93969907
1329899594
244200716
1110751578
1397520169
16455917
34823020
1961361097
724672701202190336
731894069954154496
815535774
4106517612
2618830112
2849102111
34264535
25377285
27109121
733278643007459328
16177387
701870457213947904
2346158455
47096351
72063568
431932157
38225778
204534066
429914633
716017946166857728
733156652715675648
281055314
94189356
732607716103966720
591150948
1401422012
24215172
318383192
800884141
18459548
2611453946
705204465930887168
723962921663881216
2193756544
36829929
279162592
4082247987
30899109
705050495442939904
3131070327
461720060
712581930361880576
715885540676079616
2964974777
3145921127
242602560
1305818593
532617991
3888484532
251865403
2865195298
220824996
21378488
3307295642
719565404285177856
570991688
709076044343541761
726109115060097024
724677137802756096
724773643222306816
939921812
3223703654
65401126
2181423693
725409645909671936
261879201
74367156
28722984
2421047521
48607613
101568369
200697773
4887030129
2166004434
465878909
32605697
252353889
212645955
560323997
4675757580
62298650
2743095239
19894935
3021970719
15893116
296674343
2156349103
324455870
464266828
3301624108
34948079
3299924978
364514942
132979219
3291753758
717073946278039562
262705531
1242640794
46733871
751789802
378781243
2752870781
746087288
4159203832
2149910088
4753873205
730822225301901312
128429068
272175633
2926851022
730472680143630337
402112868
217974888
4564005231
278098811
706221728121249792
242507768
20834303
2414073730
206919813
709376990285942785
705119727216005120
2854438224
4902016168
4877442046
272642804
4716481825
196802928
728439317438173184
21879831
2736039738
18777513
2570615502
729115623704436737
3107542521
4024549125
15138844
1601559242
457140241
52491577
717765437849780225
1475168784
36005781
22960461
707332080171151360
2402509142
704391126346633216
16719435
729303768119054337
701552274766606338
17217502
3987161712
483885808
2660366262
720384043016200192
52775857
3427200023
709226699259400192
1351920236
4853995546
3009487417
3108106009
703479397039235072
32615739
27046093
16016450
1022293861
23255247
715928186723282945
728981660566433792
3785297354
213823817
4437493517
22821563
21573816
834425101
18380580
712410457253007360
2548243027
17569982
375869113
4597179619
775248746
3448846420
525925642
4852896717
74419021
491438815
616524229
230891509
714598479478333440
717336516440285184
740600552
2833035201
718283360540442624
4506301521
726947932646166528
41104604
1199596897
31652154
1411284846
586038433
95763291
330319115
25571493
1195684554
3260724036
387162020
723712874934312960
2277864330
620647366
4833956740
476019258
4835062336
704057381244817408
75914820
56107664
16409382
24712712
807953186
2450904662
17172863
3025850315
727690945332969472
209568114
20072947
209487286
17010913
2382321121
2849886237
22228637
2167340796
3169035458
717121215727591425
611337173
21550789
549742082
2791857014
636652493
1702731
340067849
21495530
32168059
718841765827096576
725177847594270722
725101273134075904
19431221
93583928
242658172
4657305141
45668374
3138553615
476315898
2856180336
727175817881636864
3061438208
4764077293
67602503
715366358297354240
1257559999
3604106593
3368116613
2271912324
160273215
710959152168902656
1025187769
2338340929
726604502082572292
322986132
27538881
584425848
4875126257
3031784467
716972670571716609
1072940611
2527855650
707939598182133761
18998291
48027953
2795441554
726355733370028032
270068926
716823321
2254313035
2939640341
717412471741497344
522790406
16584035
715641557194567680
923519185
3164513660
721717419778170880
344607118
720795286587707392
13846392
543452426
2732348582
703782215436513280
455537870
1346516666
76725190
721209064844238850
21331480
2601938886
741758448
32486821
312248392
4390331
362290415
319971600
48817324
39162828
160310194
17234928
113153792
725124362853072896
708735500291588096
711193551082799105
75820584
725168532644728832
3919654222
632284182
710522692189949956
3179207340
700888921001996289
390103810
722801684791955457
724335691291746310
52806577
3953695528
720818148564279296
2561473995
1480487906
4662575473
711654736114507777
26346508
1658490234
716072892832813057
327561051
2969992499
19808920
3231951184
725154675062755328
1582072040
33596934
715377808793538560
35104212
836232336
123921028
22320389
4893086944
1344022837
3783815248
207750276
912905402
116630205
723495792770686977
480083441
47296192
115133303
170813733
1014377028
4463431703
3884988134
4520336374
720047327168303104
720048569743331329
304576511
545305702
435079651
711152780975718400
724487093137764352
26184882
54744689
589448567
1873539488
794417576
19915883
3219625393
2568992936
16028985
3296418733
2663383536
232483995
900183410
17756037
177719112
520029915
21043723
722957781691559936
14746731
3190388565
337807078
923964859
3208261774
49388157
18785467
894292836
27943005
711197990094905344
31040588
4874896845
2277270561
3165245613
2557276022
2570541021
22891156
169063212
20918916
866504623
602154566
3888673153
2468536818
81041555
224793267
100949009
723116801123557376
474707471
16351985
2913236552
159471232
3107598376
74211907
211956557
153218852
4876821796
1623145514
1441829689
713051228578689028
136655165
17156932
4327674078
701878795058356225
4120116820
422974854
173908484
531760913
62879222
2826806322
53309297
24740260
17133231
2758473848
3963492493
4633962148
717548434308222977
4893770386
2988501189
720446894397333505
79050326
2829241367
343618991
19428305
722145227235008513
2975586611
20271044
3150098774
208248222
2597372640
435459729
49219889
714893943662489600
935307474
3005350828
149899057
3192216007
4861613118
16581485
3309139560
368670104
721856133166665728
390914510
140892845
3360332235
1116379020
27727001
3590632753
17237253
428478594
3092183583
479857796
2862682151
125384317
1922342803
3383848577
706706552363745280
1624046510
374934115
314205406
51522136
551361286
90776175
177331028
2750305467
3334545087
372579816
3309654696
4251095188
710908819799416833
18220818
574166517
711385356491423745
296904144
710131519570845700
23077023
177051928
2907150081
4750874478
705309332867420160
2593708296
104224297
770759270
457743272
580312540
258938878
45832693
263801240
59702598
1318840760
58915476
3431718874
341073423
720672555263225856
1870025540
4795222485
317439395
19848466
2363155993
720262073179987968
3307176917
466992330
329159493
2573993016
195510109
862131258
557830780
1173756973
701488129903951872
3485382014
718947164399935488
54861430
21481985
22804865
3739343002
3814387102
920161381
709795327830659072
704525302584774656
58964788
469732090
713271014654758913
718375439367028737
22699560
125122422
88539966
57519308
1038389708
4305471562
489951708
2156190929
555077192
4859776163
719422641522614276
3308594236
4509383847
14670431
3111515590
18543858
166878094
183399304
703329593403412480
4105447214
23098409
718961335904636928
830052548
2462213766
772363478
251341054
4754698075
1190665808
4221857565
2201951496
2258393148
159608463
2316383071
44320262
15838596
714387386290085888
1466184158
22339420
594154559
113349253
60684098
23508475
710643313267716096
219356227
808021232
2308265716
1095325934
1390186333
143660061
154066663
326957691
306155915
2505084745
20121575
14984226
2756508289
2990514564
132016606
18538833
24103596
406402277
775831849
30347724
2293940731
453321264
708477796796895232
713398271360811008
222014166
25251838
558093419
3344387495
28201999
4791777672
110907396
915762936
259500938
165185776
2521541502
81329305
2227712774
4893578755
4795576418
2955700480
81329422
204161510
3907341980
2288649920
15983306
714419097262538752
381856725
130936537
26070572
269798459
341030252
452727230
37531802
3301224819
3042640534
152672074
875022170
222727342
1138416104
20533352
4230149657
49413866
63550328
807735793
19463681
77933310
1133126635
633206346
117179079
3150777746
18586848
180897456
87785659
2276703510
1153965943
2861426208
586853452
712477493425528832
4785292626
3664920377
84685398
2869978572
887562596
4764953297
2834406335
2305378238
65272235
16552994
716776678379429888
3299331575
16076748
3150687218
116960062
1344713761
18267698
2903194852
2595934822
4495923140
63626211
1942680050
183958809
3057954700
295225623
374108016
16043254
18198566
149751818
3743652503
1330404805
2900435555
42641074
4890222477
310149506
53128486
2801229139
24880446
95934004
249964429
143853190
17397880
4650885269
3426768574
707789005887123456
289118612
1884757826
700517431249272834
2954044532
2590382024
20364178
4117030639
1531833024
714720425801084930
2196774139
1692290618
714973048185552897
441409514
73050826
16672561
2904627072
617619927
343535198
244740120
637305972
47385801
42034114
50458131
2226615308
2566124461
324545938
551522917
3920426061
1321946028
120877403
25207598
378737638
16721452
496375356
1581243024
715670163190886402
709374273346015232
19455350
23031094
319654586
14548098
1566650000
235231110
2413996628
2310662821
837561853
712936444600291328
1039121
19111563
274263703
1881718531
992081976
1477164979
714104326562705408
2730550162
17111550
403461503
701825390281695232
7019512
2244729336
711963517168062464
2981584944
361502122
275743098
17971747
18359057
81185073
18298094
3160110589
3489867138
850633633
3578803936
713714749284831233
2909305236
707486698888941568
4899610029
21025381
16034560
81406248
26564529
15035209
18848969
1584645799
3098115975
970318933
702261605703294976
703262033727365120
21970442
4578050474
3187175946
712786914273660928
2818565778
4833128677
708309848
496440884
620473700
163194830
45571759
4854822338
51693726
1729322706
4187444843
4349462235
2743270227
16215350
18585570
4921955894
4917092018
14711728
2400901568
4571450189
35526827
706990010042601473
705865207718023168
20023449
4803897417
1210022401
17072206
4813986674
705509322856468480
4915169428
840018332
22064255
4910014602
17849506
59296465
2732944034
4877208435
2368263690
616623398
70279623
931908926
4794182534
362314911
19304654
4850192153
14706877
426578718
65455370
342710587
19116607
4790585689
326430895
105856825
4871954015
64001145
17164664
87286984
154596905
589606816
228015335
123831919
2430341433
15081378
2409810968
24820142
211181482
25416225
107727858
2998655076
701466738802585600
131607057
711359422883233793
4828841986
523791976
707394717844025344
297191567
229518601
710285573403967488
4904668651
16444544
176534793
570207176
4848214065
68389203
2455252141
2745804818
3024410127
2794915302
16139049
21759987
2451869035
558293436
4706615712
708669873078009856
325121444
47498331
3375005620
164377995
75864100
2574904722
32626943
2979387550
46887082
48911858
3569714476
232330159
282311572
2756388564
64508085
709781575714471936
2934009661
296449773
3318208598
3153694555
2328900007
543331182
1890690288
16300160
22873947
2434294310
4634138772
266326338
1279248781
238648688
31403779
50863024
918833971
58638724
320821564
49159747
3349433536
3152112661
3321386251
3414756713
3233148314
561648188
331317907
712948758
550253258
1714431205
421252560
49948272
436314047
1246900826
3509458035
569487350
122190432
297239086
708845824730595328
2965284615
702674216378880000
708719437222903808
351327234
1571317760
3167058077
32703561
704519691075608576
489243839
704079379467476993
292684762
442911245
71715641
3406500304
707291191100837889
4855931619
44503584
1909087813
142930878
4160470229
4884302428
3479345307
57174187
3509421138
243338872
32294529
737292332
498167911
20110886
706658301702971392
907186650
37990581
1955280672
1626294277
29184911
1019735209
4283343199
1442476447
4817772331
43261344
536646582
117983479
17961164
37308433
49068640
459586511
3135349648
14269118
3059498179
931391137
382268135
2946704978
3000400970
54496494
2181626861
335576999
3166217539
1428245454
3266526978
480900509
4844254813
1639114092
110803365
2229273212
2698413066
4872315492
2254884070
4872555615
2209184731
39609732
3098670283
4884249002
1400654982
1571239068
15115280
702769113970573312
114439678
2747035544
705140502648193024
216669640
33713084
3330334514
822411577
2739446098
2878836313
4365927557
39606118
15872716
1421631721
1567874150
21461995
458084297
2937516482
528687422
585725732
49548023
479562736
14658125
241368198
3039929661
1518019460
701711687468994560
700850673504522240
25896141
89868760
15808765
76807968
43799031
104701452
32146714
2922173583
702725764706226176
19308529
272740807
3122485277
3150244351
3153357197
315577705
2608302020
3647060906
2794535639
322874617
961710014
785756168
716813053
170296342
1960994294
90655300
932429773
32731611
4549791867
1556620338
19831323
2865992597
634676291
4877191041
66914769
2704863679
2686640648
398959859
241674327
519945509
34486293
22294757
2448223537
2491964094
21868866
580130219
53105686
3880198877
2752677905
24909624
422181027
937367178
1895637186
2308082865
78161129
16157204
248836405
4585971972
3302636194
366229034
73307828
2813171846
702628162941771776
3505437800
498402567
4327242015
23803056
580857186
903015312
63160617
15400962
703040574862000128
4385353779
90091421
48520727
76999647
219496700
1057335926
127874010
612057704
242597627
313641424
4212259162
23860507
383350666
872332808
4311393022
1735969045
1250049600
259252751
3272050580
543780273
2326040809
2950306658
612832554
44545472
400352771
2296218770
53090314
1052893591
32189132
6013272
31601858
26877811
2485456808
207609111
4005092840
4138887555
170433329
302881437
335320739
447552068
95094652
2970618406
3679704142
251646869
344687656
1003669872
337789522
22331129
21955533
3208110615
32820396
146160591
4717659059
2280037440
19052834
2735569132
169135314
45381821
4606946533
1513958744
857482645
104459389
150891890
478359113
858646280
347915546
18082945
1381088924
296571098
206844298
2728658254
3893210375
126632379
1963571004
172326010
860040836
1551870925
311654967
195829353
3136161212
3312349380
16160943
160183289
860530914
785676811
18920838
4909991121
65779852
2840915387
30231573
33879063
22454663
2871899817
3348945021
4579781073
1184544560
4800883758
26919151
4419540143
976371649
21814305
2601873347
246220722
126223865
16351724
4264820295
2341358222
23608092
451662665
345134536
3070366039
82110213
2841747221
751976443
21750185
4893848478
606907410
42731860
44686891
133063757
2377977842
4623015672
554793513
259420367
490401229
18183306
3217694460
2477311418
1013677087
15422260
464854610
16209123
33545336
286680865
53503202
41984111
630321272
2570560126
15363308
874846453
4729801216
969161196
4112336133
4645216820
32774989
46786678
615318971
18674590
1724343385
1479153409
276842152
60297891
4615928596
2399025927
4441401507
4493579545
2814662413
26758509
2224644214
60718655
3153217190
2344343667
3882169698
164772346
1703554242
116024827
4028048473
3939379694
3885613873
2875960369
400188508
229396910
18293600
350545629
321774180
2251082035
3593640435
221969181
3476634620
168759825
3266991296
3279939434
168524035
246160575
3293258062
1940264328
843290209
2254659106
1253363912
294991606
342687441
456031911
424529834
138409823
3037190201
2196201139
3041482086
3141142702
3130236760
2851093929
851711263
3077934752
739787018
355699735
2983890130
343327974
2305908915
1909202335
2591662076
18382184
2904799784
2796006510
231094495
2387935844
2899736611
26350255
2899696532
2376577856
2442236230
1106447767
602150728
115750973
2284831533
2765264025
266154807
93111391
766547376
990627116
257593541
1186992314
1376714754
2597500387
2658734537
2317857486
2608085555
2590524499
279358548
1334518663
302751848
1741439630
49021031
350336411
19038210
250247983
56990525
77329593
329443994
283660297
86044152
212808638
389841834
128763579
16711026
47855979
95086408
759854754
76058560
1439967966
1923263588
1400920561
549888826
2606846097
23633871
2298877380
1347330956
235475262
708361704
1725346819
824519432
139972615
15457777
2571117021
16146535
2474983515
462555287
161806687
238862918
2184712304
384162248
1950378002
115563859
398239057
20269225
309467038
14747054
19077091
482133423
117533779
1357514167
271030180
375405313
2513293514
33031327
17686959
91896436
415708364
2344310815
138916095
178849469
2332453076
518560859
1618350332
60969943
28837388
80218102
34736991
1581759588
868856461
600626733
53019309
27124758
78599720
959596692
487642650
17426310
34341362
849169945
888650520
19088288
50746928
315495725
20414217
1659156038
237248191
16074930
28654816
2570230093
49800332
32283017
14993272
146644080
2330771641
228313809
21705181
248270337
2470057616
21717987
2613099615
1604640828
204830272
2570120112
1112020050
183876837
17258301
2570143142
1529980075
32522055
198599957
1881355532
1046710458
168818394
714122422
2181498842
49342507
2343505974
523439793
45617221
1073947542
414488432
607622157
21955113
32327154
20480549
142659034
404394444
334984455
166624682
44644109
23685118
346169795
250713094
18029781
2296702352
229075545
1251754285
402552143
41207820
836562037
342484581
2229582764
2242152439
862525724
2229453955
2287418533
2286656275
2218433886
2276605196
22295962
1921825632
2231048022
2285913601
2285871974
2276536974
2276617038
1087611332
2286576445
2208106963
2206031268
2287428542
2289501151
26914870
835788228
91713348
80415454
2187552628
113180383
210399196
94410277
926536159
1145454884
25781141
1169292122
244746802
1734728419
242444091
2254857197
1879548708
1914640993
58369929
99369025
2163869886
345154025
228554424
32671625
71695172
179732982
1698130099
2232005612
264192601
20728008
176315353
1377719425
234024969
258873196
26822709
139500494
558251172
21964694
23854223
22465989
361437624
49412379
164072355
27754737
193146881
80895456
882273144
345556628
1258470998
