3315548394
271915137
15668818
201436130
3633011173
258025056
105737934
2832271336
760434117414715393
715633447876710401
2756240359
342894187
3335579867
762017543842172929
25457726
15210670
2304128850
821904398
744494308267524096
762706408047513603
159478788
762524254445240320
3239956944
89324900
412638235
720680250796044288
715191428620677121
762031428645232640
709577049049075712
337679240
761531760844734465
3004294540
760440444325076992
3065208302
4670461956
3312740186
518647317
3069156723
112071902
708888523
2785301571
832250276
83784348
835962932
466477111
945049771
744511753669713920
23452480
3404827529
68566139
3995400639
708664432734244865
751035625218961408
3274965788
12975572
824424446
3002052410
3316135159
742048209057374209
4652822978
758675478517514241
820935110
3411313300
250307413
269199676
1664893868
757274038225997825
3637266499
3920495652
188199005
735972503122804737
757813753572229120
750903881052327936
756230687175348224
738013479605555200
4889520335
715758878940594177
707209121855086593
705086052680077312
346924655
3252948133
2744985801
2546562188
248477899
3394042804
401816389
3042487705
2942262236
2331731360
1566365311
1705989870
3946785917
344462298
2787240097
2855915617
755801667447259136
755512701632155648
755659056451317765
3635851762
755193998491484160
755145769737392128
2485827151
1542407132
283335371
4662797732
755288604809633792
411904930
94534209
755018456123121664
2979361895
4235177247
3115058151
63704489
753440913574158336
710573212455837697
745035062266179588
135330436
752624039764504576
733085478451314689
2912176528
170574758
2924210568
101298194
183411039
726845847581773824
707869011191595008
750097767943380992
720830250343501824
711490565817425920
34996703
3118788281
726379710016544768
112912697
750476440274018304
3375764901
216660189
716012352563449857
705309440740876289
245118781
739281158760976384
2934945155
1892901222
3536963279
700896273642160128
911929224
4443849076
710299845349609472
891018254
4045321313
2948841479
2724563700
1271741196
106792160
4888830449
2790105439
21588316
1388671387
3919819127
3814346358
21899437
4711717556
2970298493
424771615
35231502
625033491
3311338469
2150603735
57142355
4265541347
746003491940876288
2216005855
3304793757
228156854
605566767
4224729994
347279137
3249356629
3009553687
2921656824
18204002
440730182
730591283337535488
2892870632
3430626101
2420459282
707678685290074112
727754401935462400
713207568609488896
2737390334
744900381243645953
460524420
730092819918946304
776367025
726584717907251200
1615462267
702572187811606528
2983883508
363451853
15704958
37245962
3248209519
2996448807
2311572032
2845624539
2166301583
743366336953212928
3321756674
2839365077
3152731162
737100526043553792
1136322174
2438202722
4564665231
706510850023153664
3277015086
177584156
862809366
742123855779532801
3341940237
3493293917
1594655413
1413149532
1524971156
742294000397385728
424087650
721648093817475072
727563002074009600
3213739797
65455370
707129008849231875
1649433794
4445571214
3308563219
2344053038
312273442
257674038
36018001
4729009726
1456080708
4006405319
14654908
3406280445
3395942836
2463867379
540570933
736392166973415424
716800551380357120
739811584680153090
2304347564
711307420752941056
4537651278
739211067415535618
700985622568173569
2468817616
250627100
736705187729924096
465239270
736853486076350469
549031928
4051249332
4819947663
1829249059
699864604042797056
526537146
10207502
2353078378
519798770
2804489707
17327882
2442557315
732455378844143618
4317051556
3351297111
737357950797422592
698850299784663040
2577407858
3138338070
1499053189
735071097868128256
732959479629807617
1338765866
1212998628
238247745
628529267
3594161836
4005918077
4866533278
2683249604
3243817131
129513571
735432568364007424
276737707
248446275
708145130805415936
3300583213
489913032
1686493274
1230098658
422821487
735180056582967297
49151228
731355604304953346
4478609352
4336126229
733456427402989568
1613601134
712019543414214656
27667643
730888051849854976
734962133335605251
3284430175
2928863172
4099253680
733526268730204160
3356920227
732320147264831488
701257664513200128
729009759307890688
236999820
730991094805237760
3474463513
136843162
376533118
2784298200
969121308
33476855
731911500076482560
1455800286
3808803497
171027546
1379916524
374138602
732618484346191873
2897165928
1348188163
14307648
2865545199
4118598195
4349319977
707449687222132736
4195870333
702570208393871360
133557880
727261830712688640
2420502979
4921475702
454999181
4779122356
92103672
713797934974943234
2251639206
727424982553231361
3115862648
122465006
64721998
3127562531
2269620244
48762429
4926561905
135896784
127504434
2871234696
1289654204
727942992527544320
67522165
3843606622
402346116
730476374520037377
730294185811546114
1399977186
2419779698
718237864958562304
2906623770
729877744914325504
16088638
14462781
729355950713393152
3044723757
3086789309
2884736493
2923118128
724237259621437440
242618658
197872494
3081494615
4886191420
481556087
493713103
727347578833129472
720889879706603520
799369968
702780246026752000
3364589120
727901657585979393
412581659
2790744888
727566296615923712
2485819183
509303924
725898676460093441
724069744614211584
2355447596
2798730931
1480727611
335107874
507825665
724644483883765761
719293977732579328
3149041414
4869749543
721990317906337792
455983859
4701474434
78486402
725422762794180609
25129372
725448088299704323
4693330032
1011370621
366551883
3109361506
1676980292
96655484
2303866117
780073794
725832766558871553
365260524
725762857808330756
135199515
16796698
361935329
85193319
14356945
4903798823
711623702853656576
4783990943
3266521957
1082171360
3041587708
1214588815
724958100231446528
721589695583391744
19325034
1252271881
724735107890733056
4446565934
4329476897
211557752
3766360095
724731348317954048
759530934
117277446
22166232
724488481221840898
132787016
4153371153
3022435081
1253146867
321211079
2391554744
14299885
854853583
712976013613862914
948714337
3196794271
718528365796265985
2307329666
2595851454
296196279
334013443
716241595415339008
723189647170408448
722589904786448384
2299291615
722971222598807553
6972232
722733983948218369
1466432382
703635889671507969
718246557905240064
720248733170925568
5558642
718306172936331265
162572003
3190770996
704140539210424321
722460913756938240
4102001608
721854358292279296
722071263926206464
4322017709
3391214085
197265911
252988553
2363220258
2874364083
211712156
301356460
219204598
2238552835
720676411623809025
713648615726522369
721177216302735361
438013425
714262935665786880
720960063213580288
4900129989
3303551745
2855770918
170476379
158659099
3665953214
3229013454
3092585147
4361628809
717160724787646465
719710000470482944
1345580348
4918128144
2719993806
3778654403
18435068
2876378805
3092205760
2786535485
719224001571196928
719204144884670473
2940323720
715575668394692608
4822037872
718191084552200192
537230085
718508894536867841
714932001241960449
27450176
4896205823
991417058
4418456776
711372472025784320
715260931169718272
712630229660012545
2353629902
715264003858108416
717104462884651008
49234326
490952257
2442782432
1674137406
2854571964
586839783
3302937423
56826641
599777096
4125737236
4858811129
4735875069
715528218313404416
4875185817
713925255828353024
2766496962
707171718738137088
3030666096
2346134168
914306744
29234279
707719000898273280
3256460165
2846822415
2198431938
2893264993
2532648118
3292128976
4617331235
14905123
704237150
715627754524434436
2171650685
302357550
704162692416733184
3951000313
709690251422404608
3383769699
4465175173
715076270204305409
715214524949901312
714829427507609601
3082097360
3004736955
3189247759
1399721636
3305845775
711784627686387712
4107027087
713714749284831233
2801918718
3040307398
2422176643
4877092881
3068909498
3074477858
3268622221
324787872
1592502890
66298463
1720388095
2801389049
3142059664
713399808963117057
702554524599324672
1688798610
114860533
21449974
711558521670787073
2895082813
2222623994
711947775563468800
704777665472020480
3262591861
1121769416
4504649705
364049917
1730296904
2937462579
4467099861
24610050
17644108
2181045176
3497315354
2250788924
4198141815
2952709850
4386946815
3312374651
2413817191
303583281
3307657678
4448054233
836242932
710104744564547584
3262792561
3339364467
2227975866
2542296535
2707153254
499923131
709135822138826752
709069193610571777
359530857
65949437
1242047425
4867834025
511043145
708419262180941824
151348322
1674206756
4893322221
110835004
4909401
939734738
14875642
2658524574
3815647707
705461816546107392
457905920
2793168558
707711465403191296
2690628133
4776853157
705219034996940800
2942237229
2606976709
4886958691
107448374
177644001
1135685822
2888132107
706103330808930308
267509125
705224185199460352
176874550
4850524666
4487734092
2586377694
97333364
1310004012
2954999301
380400202
2695258633
3214214153
4849168558
2952909383
305433319
2799282698
111167436
2332314889
147300717
700502620968845312
512696611
101576455
2836199836
30500021
70295497
4751521717
703022164652511232
86599737
746201946
2347209014
2811006548
2307800074
73134729
702655782475702274
4300967669
702648960033271808
702498458205347840
4844934143
4713819376
127777766
32258091
1054698314
2272138994
541563078
3219944390
1129704510
4758530849
2845372259
19219879
3094232415
232409995
4857252389
701139428253696000
331299665
540593106
2869618861
4902194639
117260851
701192449041928192
785788711
700977217174540288
108462428
3223130809
351898773
4760306185
47539455
2896827218
3374253063
86766927
189224029
4909628961
2309432922
2339350379
4888739719
2546334849
3230033035
3033685802
4765867515
4880735108
4862611007
3748845255
4731645692
4888925615
3255296314
2593706066
16601898
4654590562
33159595
3390665254
18225578
695370267850199042
4870042565
314787286
4831438453
3452894301
4870502265
3635964686
390439446
3295882593
769675897
4865212071
4866110764
3327686651
2890226891
4305666437
618422965
4846774042
3440462663
598519289
4848403533
4828112175
2863088809
4248303556
28609576
226523183
4830742629
4743010572
6058942
845649349
4831259062
46581397
3313872042
4150619176
318002226
4201840905
3656848402
17324583
31512965
87750148
3998221213
2588663610
4706509700
4749608450
3312814580
266152718
2933100477
263358545
346107669
4343179876
2830537024
4748176995
4259433257
3438519779
4766163801
780426085
3124506583
4707876383
4378167197
4747910603
35860455
3145865081
2307192068
1130604300
2802052958
614945178
18783476
3301681299
4733232676
2768392892
4731400576
2827287788
4535277077
2937574099
38772269
4715507181
265336261
2336144052
457442648
2574132529
463423541
27563579
2706423577
3352612113
4707149474
2792749508
4481593752
269131395
2995039949
4592948895
3231069186
904022611
2872027562
44008449
4431450563
83765450
1714377738
741522595
3328098419
2846136124
201179196
774910376
4089531322
2815001012
600374981
3221906499
2992643773
111571153
235739862
18027864
67022836
1584197114
4668806968
2823844460
3237609136
2726710459
284565044
60040299
2881159244
175472962
1244204911
1686501780
1635084757
31999768
855835741
3009871927
4276880021
611222788
2788757714
2386059667
4606291997
737400630
3010052075
575719021
1014449672
2773248261
283043739
59976617
4429531393
4548193396
2693988803
3309462540
2376604165
2265561817
2795057922
285099808
1591760472
3187852517
16335102
4516329617
4555048735
4487579416
158815850
3426899451
2590854524
808224894
4494422025
328152617
2808801171
4449537796
2911828067
2183839225
308427537
4485674776
130733783
4407150983
2841870589
1926275846
2600762910
3288249255
4164429193
1947543302
4346579903
3253153189
104364150
805300141
344209049
166746150
4246901907
2791766878
1909643707
231914365
4235917216
3088811014
4320130035
196413768
4065519429
2938370841
2815935331
4407814457
4487015718
393756935
3434410263
205399718
4207386559
3495651375
61872915
3345694203
32774989
368610224
4359513076
1168238479
4342854076
143388925
4273347329
2829175327
4325469807
5042921
3049893462
2837175356
4249621334
102600230
380984642
474291181
1055786635
747478663
456905460
109149597
3218835648
3044949722
4254929475
3351910919
589607287
2873166600
36364935
1950799526
4330480452
2179190077
4250917235
3288780839
2835837491
4200530602
2157747912
521495786
34283550
3111095561
2765738045
3901303587
19822322
4218329235
1564477238
1315198632
4192232355
2850255627
746689340
3078430999
66041908
4184209461
4120217739
21383367
1250340806
2890937321
2258572422
2838668197
3096590820
2877168354
4175845456
16710197
1581572598
2826800366
84547873
2735133079
374227012
2834440515
3295869291
595604269
3168050349
243439119
14371442
4039152734
4102659793
132789518
4087004352
2846392300
3433917412
2469355435
3742798042
17141121
2609222161
4020010932
3165901472
4007735719
1671029934
3905554797
3304577522
956619295
493726972
37398598
2541223472
3121508429
45861294
3478386553
329820358
1623960872
102826102
3963855317
315787368
1721196991
3969493157
1093445436
2796463003
210218245
147640537
863525576
1659016651
3316546573
3939729861
2609281482
524788308
2907418647
316603503
3254259327
771837102
3184698933
3477806842
316320937
317733452
209525308
1046482356
3753843013
2181929256
3906092903
116512570
70353153
3814660097
3633049816
161163433
3813204373
2842097139
2796417967
3880195589
3246336299
3730697416
3718426822
3630716173
3730280775
3648090739
25060654
3578950576
262015311
2873783183
3323347916
151512160
379273120
41707415
415349092
325186909
3819311595
3325830250
3293595225
445733222
3846243375
1387190622
147851744
3433864355
21245956
2841652475
35519472
3233920943
119019820
193976920
2771235643
124003200
3608057363
967016827
218537803
18966038
2796656390
3686929819
3330481755
36066624
3775803448
3107789626
340970752
1550522623
2586776670
3766503197
16495008
3741126736
2291521562
1722795805
333688436
2298736428
2898674954
3234588657
1043436650
973080822
3368222885
2914937290
2916604288
3695567295
3356447763
3692058316
172848250
2834878073
118808496
58323501
362619238
3662223256
3567507733
2746420754
3091302413
3607667175
2519617652
3341679220
3161535259
96383546
3531038954
116375449
2992944479
2786395269
539920436
278761594
2787720983
753709436
2951510073
3221963612
3199479004
2455878782
2908330684
3558809729
3288256120
2305353847
226828325
1315550370
3330734465
866626268
2750667659
3200204937
795561996
931732278
32402608
1006435687
2856460387
2920051736
3107957024
1525377674
2160448903
3303035752
3242262747
116347255
975555247
2780658598
3234859936
1072526839
3033538063
78686573
3442807336
2729513808
3439056376
3329642953
2906364906
322748311
2631570888
3324515173
3382121055
2833585044
58080349
1730530016
20194326
3301599434
3234809542
3428904225
3241980733
3370434286
37267257
808886173
627771230
1949322637
3187178471
3335555577
3423937714
552810773
3008561324
3314484548
1318848637
378965393
888889368
3312795938
2810395514
239971286
2380093922
3250962678
14976478
432748599
370827550
469189091
310741413
3148754940
59684261
2348544139
3177016069
1591038127
2941097404
3403532050
2756330977
2937680624
3104057478
1876100544
3232881455
2927172885
3154466544
2886067779
3361967074
248478594
446280587
337791155
472532945
3298083042
3006726667
310350581
3055145179
3059473475
23260256
1155952808
2834741012
3115364990
2561553032
952112047
2494398422
264672540
3018960919
1853243076
3113045140
2864314343
837954758
610385634
2401110481
3280151839
3090622928
3228079731
2705002822
2818333431
3347578743
234107154
3273713006
2352055609
2360161147
2362142834
3243741217
2378086094
19015287
2838377262
3364719346
2544518762
282904277
2936987344
376778339
3364334938
3128832537
296595412
2823410928
2918965793
965069406
388922087
465893032
2491747634
1041271304
3152550434
3355642109
3111890933
37435171
266027541
23979995
22580475
2377898010
416820516
2862495071
745483680
3262657105
3187713901
2905590149
93949976
248430810
2900013880
3161760900
3351523401
429523010
1947572312
3009642183
2932566770
2784263971
3221761058
3346242509
901047296
470100265
994136382
3063615107
313615734
2844359734
3323788757
2882829690
2541491857
2955216848
2946694850
3260823906
389848242
2786216155
2448345704
1555236642
2842122843
190826183
153125449
2880280417
3185061097
3011487746
3229787855
404813617
3244429003
186996039
2238399876
1663845524
47482681
189782120
120186182
1730320867
2358246756
2867978738
3256171963
2661249611
50074999
2757793657
63913014
573681593
1377951030
10917962
616914139
557910585
2782040341
3233654790
760600202
2770083118
3308282189
231124010
3013508928
1695839551
877770079
64131711
34749996
3018742509
1343501892
1347065635
1666201591
2957464534
175891461
556444193
3243656034
1852732298
2809757672
2893366956
2831436002
2763978313
1494313123
3310591527
2806671613
3254493169
2208474051
2407317296
3256792909
554400244
3033091670
18783993
187387276
18302933
145832580
719052835
2525538594
114584062
2875135938
908483689
3250855950
3010312991
2544598020
3334047935
3102141546
3231433532
2842420057
3101580216
376479998
2885603504
2448318350
3242993780
293531540
558908598
3175914791
90054988
2866027259
266631033
2492324996
2858110355
1318542156
751850274
3306874247
524159710
3302925592
3307846553
3307880134
2352296700
3111526397
19351599
165452796
1632150450
615155758
3303259935
2826870480
3208048924
2868500768
3052060086
2393066191
3226417916
2167170504
1489414362
2875392347
2797884852
3017453544
23287094
3091596568
2786568912
288964050
325295651
133257116
1444719588
310336213
2850838871
3151230991
602814822
3234912153
111142901
2851427471
3290889183
2832326409
310278552
74162083
310277761
946818200
3115270649
20709117
3098890162
431292326
19217369
2598447919
2744002243
3213460957
15566199
3230075860
238093393
3146445098
3196925353
45684760
258922134
3249995009
2848603513
3245164131
2883674623
355825599
882051548
2976667433
2710813772
17886742
254331584
2816482591
3189886086
1568651371
3106787658
3187798135
2834535063
2676076263
2444549665
3187605662
2789451130
3240212488
2996797754
27100900
36103167
2814926215
89286461
18597075
2914116544
3235183858
2804854327
2849633862
47387185
3027562528
3089238207
838858525
48820814
619401870
345497264
21740553
2603610276
3098110989
3229512844
3229265849
450450963
2793104246
15268664
14272347
2571342366
3207865216
2280090253
489949379
1712939281
2856940490
2838866247
2782990274
2852702765
1858786956
42074662
2801289353
20589568
2822560650
2772591943
2809588068
18200596
2934733359
17665210
303635804
26319990
2977968005
66953593
2851120390
94959801
2987613632
21675205
2586452870
2794683217
56230246
3044945416
2430165854
171798606
2799229797
446719105
596672741
405013894
2902074476
106558293
3177705871
2848576095
294236607
719124282
528071762
2611804032
3205516107
2193894922
3093211627
2964038584
2613744325
105970593
422055996
15477254
2834647215
536950156
2769345414
237884601
410122007
3101118143
1226427252
49904614
476369074
210308712
165835071
2720712147
84613819
44135496
2424974508
264544779
2849555279
25445796
2389229665
365059084
214539875
375514685
2891286716
2935118771
3165965225
2785033092
3007423080
2858267029
24464724
255325854
2851688899
1349927587
36203413
224797393
42594892
41687358
175428809
2872117927
2951298475
3160348056
1544380099
2593752038
997735476
3160104601
237372121
3158215080
3167030909
2822712590
521549472
2937962502
10720422
2833345254
3050175748
2847657333
2565834254
371572675
553504113
1389463578
1206446370
3141225003
2457517003
3060235391
65925308
2613183703
2386648014
3075079049
474556898
155635152
25791824
2801246358
3148409393
1221486553
342849123
588742677
2891705420
237844654
519610043
2814008060
2227097804
2903156389
49724410
2882509938
2430476576
2790398736
2790691692
2484275342
99943864
114864431
3017043311
2804329145
2872543355
385836840
2174652042
2794782427
2798609018
2410129064
2522512664
3088610712
3140638171
3127489945
3092727075
2271182760
2847059601
3137904031
2752990603
2229667098
3131148869
3033186133
585273426
2666936809
2798458089
1284994188
2541758438
3102619883
2804088314
2352814064
349418922
3107110095
2351889769
2831147669
3127879018
2793171236
1531368576
265489252
704538116
93363347
2913992235
2797610641
174730252
904587308
2815394001
3106108068
1438502760
3105603524
3082050394
3109132607
82140032
2801614976
275653130
701166529
2397059971
2165598685
361295079
27626694
478018597
2879163272
2871699636
1944230208
16906660
20047262
1090817749
248985033
2977416696
117653428
222545634
2806977060
1393347853
2868558311
2849221607
521624522
2867285907
3093347847
2887457169
2879632362
3092710120
704254174
2794805484
2898092005
1170004723
2791529257
450116016
2837561049
2978014531
3088298542
1486744616
3075683053
2796149750
20420845
2477197932
2985911415
3073543933
65016988
16268674
323458096
2929718880
2815300434
328501680
2883142313
2829532397
2855449623
2902614947
259808059
146254107
3029298045
529773323
205785260
203466008
117292850
2790862904
369869543
2973991432
159146766
155002143
704260007
443501877
1066172514
884252689
2798476748
626590055
129056508
2829039293
2916926348
792978680
742764410
454447223
1084963573
1301496570
2454270684
3063555805
338095372
2746909284
2958167482
15995809
620380090
130564833
3066206409
3065755409
875530044
17956471
3061792352
2904676247
38012607
2825260071
438574508
2895845982
18006452
2837366796
53999561
2844220461
1686315325
2966321176
2526280512
1924430262
66827240
2936057751
19313066
2547125580
2796746353
14987233
1273065462
2757067388
2388947027
838304354
2493072235
2362960556
2753751943
723879061
22493135
849029940
285925478
3043259952
2834550725
20383
201553765
2910260463
2905985579
3016655849
2752897908
2885821756
3061376175
3048601193
3040375225
16665596
23307970
590629399
160423551
2847412757
2772977344
1695275784
535688170
2897907727
2955484947
942274369
329297201
72810542
77118357
2446079094
3033313180
2857905234
2889301018
3036216366
2993500138
2818100251
2213451823
2833979859
3030037762
3032061313
3004310281
1571231719
389830064
2879666753
2651162580
2990815466
2822493293
188022249
2905205741
1544372160
24206059
1883273443
2957305522
2618545285
2787185599
41134351
90322657
2888140440
10856422
2877151045
2749546339
30511150
2876029102
2840824778
3042848110
3022915735
2965424799
3022405933
116375949
3035656054
2761553580
124596859
497929894
3030687982
3032296671
2866323588
2531176532
2867410569
35565544
2748049892
725983519
2841951473
326477382
2837875481
339566435
2865668345
2756873076
1020257318
525553519
2846609613
112614146
2935668381
224489481
2840159529
2235210511
156285331
3009666576
2936377989
222950383
2834695774
2870140102
2891807243
1236465925
3012656026
21381909
2810611336
2998496994
2393620658
2811268788
190823411
2810752919
3007720178
3010534517
1537181251
18146977
2812362302
2798765632
238919817
2310429786
2797681808
599150480
2811434719
782472337
2802662834
2857609488
252724130
2883864873
947029754
2772694988
243739078
2269035084
2869596159
30188972
2859577171
2276637241
2814337862
1952528058
2588321996
226568807
752036702
2484571358
319025793
75301528
2734896581
499428540
76234636
2815224697
2889015638
2818207203
2897016000
2424010902
197421420
2801890131
2832342387
2814040284
2992742074
886160659
2802223555
2962144677
242226729
2512973712
2825755019
138944368
2850872776
2932755040
2838273310
2195483984
2986685867
167225705
2315119063
14727238
1075047698
2952989314
2957163088
1853228562
1012388048
2806495690
202660634
2889158024
1157488406
2954244501
161027554
2937441030
2824581613
2598430662
2839619264
325246257
2829077171
2772384200
2557810610
2837642577
223304261
2892046687
2344267592
1656516662
1409965554
2230411363
2423373294
2873599186
2802295410
2861937149
1717944883
2411433529
846339439
2401688148
2924143212
566492902
2364112560
2891729627
346703493
242561525
2638730887
2699887286
2867317885
2962310427
392078103
2968727439
2242547935
2966380783
1553680850
2775294374
2960949718
2878535450
2232448621
11353012
884701196
242339333
284044012
2541766878
2817205998
485293634
2639022817
601425440
508237790
637241000
2909919507
2758222104
2781099703
2243116344
2848724831
2782756512
120492520
2786875513
2888649009
105733248
42037969
1362550088
2815279566
505775222
2900583291
113137765
2854323813
2802548694
2813228318
1959421836
2746624915
147030458
2951963678
2735285385
751492326
2791121294
1889098668
1110312306
2950103931
252391572
2775492818
2889984516
1460549084
2912892913
784167103
2534342832
123666193
1556456528
2255877222
2936345517
469021752
1540486075
2480177340
2861872175
40082439
2933721622
2751267097
2918733781
571978932
15898434
2883003327
2814885768
854203626
139292752
140060120
2940471694
34083622
2772025208
93702505
2893517239
2855949487
2852642741
2844707753
65974890
18173436
2315874928
2514446251
492394182
2900702883
2863787846
36332789
67240902
2866991099
226293658
2863320144
621393400
2835673725
2406143498
2177390274
2806258613
164825067
2815513658
1694222593
19684933
251045973
2877481450
2887758677
15035654
74519682
121112852
455444298
2811157786
23050300
35039044
21371939
277179712
1873526910
584180446
2802554391
67351264
319603324
1711397101
2893030518
25102369
2851818728
2651464544
2770281900
2856033592
486254563
773455129
2516075665
2871006265
2898774523
77738846
2840808203
774389106
2827346120
2578138580
2895896323
274109576
438536188
229251600
2865611657
2775504008
77824819
1516445281
129636453
95740043
224310598
169067158
725649733
2827004453
2819697918
387334888
2881471102
2854720148
277475162
47405998
2842837262
2776958707
2871165186
2924338386
2796851485
2901808997
2870315974
1700658962
1640271822
634338292
2830488368
190249654
2837015837
1246293296
2908678041
1371796633
25927878
253016463
746578496
2680377794
2846645793
2836724813
1542293558
2914434283
2773896588
2761983946
1641108439
2837971168
2812908133
389247003
184310053
21514744
254359538
17952975
2871404379
473504628
2810864653
2807212717
764586908
2815827402
1581848742
2433549924
2884915968
54556379
2274826146
2901670105
2846551735
2544931616
2474194081
2819247256
2912095424
2832127183
2778889014
89765059
1007810736
2840297054
2706312042
234482705
2813904001
159001970
334243978
494257164
1242190802
2895816735
109380627
2311435027
2825514355
11735342
2872647555
234541181
258455685
912911366
289291613
2876182731
153699626
2890519873
2733723912
2842848160
2908624255
220842543
2873309182
2772445665
2238318361
1939471255
2793807454
332922673
350546448
1105998918
2796471254
2782110974
2874827789
15917800
108155579
1666142936
2866944789
2508309475
18926788
41463556
1475118602
2279505289
2829215669
2848272946
2833599255
763449
2785255490
2874675532
22164508
2831315632
557265175
2784707673
17396756
2789890544
362100909
2839438477
2855989883
2711855560
848196925
2786936528
29419129
2851598727
2561555594
2774051122
202019047
2885859740
2880846933
21739381
1895992122
2831032707
366434973
710464321
93663419
866679116
8910722
2411867900
2771872525
2844534651
32508431
2792681689
2896596373
2770286409
180548361
2862330660
992477000
2852414443
2896835628
2901002988
2895550656
2866813191
1248264667
2889082980
2899827380
2791835904
70082375
2489588714
2883102823
2781285660
472516307
2774031603
2826731892
1237548739
70466918
218493884
2836248333
35688522
34977967
2785180279
2808096306
75867515
2397873572
2788788842
2855585004
117133589
253412999
2835124323
2831311565
124251944
115601411
602687997
2760482854
2821531091
2839314753
2205623655
163796311
172947906
2843870795
2833590889
1093638936
2400953280
1028049817
36546167
2863021326
2775396834
73660909
2437486722
551200721
358863151
1265769998
837965185
128949647
2897317219
202364438
95067738
2836814655
41367821
183993932
2485670676
2709936560
90816051
1383468769
2867001425
2575314530
2644656877
14381559
2865880754
460697784
2350878248
2508576896
2753483646
2856271814
2355012407
51288412
23380438
118112029
73914728
49732747
2834518025
2783744479
562938526
2801506834
21534321
2798674870
2802164402
950142270
2866729096
18877827
2836353328
2831804001
2827027708
609649719
2747746256
414141288
44494953
2786361273
2466340032
204447420
1153209061
2729647024
131273661
140542416
37710868
2745496827
2853946413
2790090018
2826525018
2343922427
550691160
2835111105
2887833895
108700210
1491094638
162932753
14536491
2541968556
2889283488
1947709525
265220205
2800681614
544001732
2850707357
2879444486
2833408754
253036168
2803927925
783615168
2589671154
20031359
834777175
930287736
1628666935
2826306403
2834707943
2772264097
2243372742
2814199862
2790493073
161469460
2821438355
2585165988
2822518072
1064343344
2797879571
530964531
2683063328
2831977303
156382488
132630400
1096235196
2822300431
245229488
378204367
260590025
328826335
571675327
85496886
2527019356
195431144
601348037
1137901866
805930872
468696048
504975289
2312386578
