4771137884
229385617
574023889
757350397258280964
589023691
31257471
130707313
3433028235
274870881
74419021
714782991541788677
2373904633
57029492
4601007017
774613118454554624
564218050
3698008517
477342040
2541549020
190931694
4759997712
1466009443
32394673
706556731745247232
107955237
723611548166410240
2472759528
1035537295
722449787719655424
2411064696
750470830774190080
731508261237760000
16441325
740965468127830016
745827534244352000
519168082
2247346146
215122682
19607639
4407954917
705491312288538624
214428368
24845003
228905948
281055314
4864502998
16062633
774617759808360448
319298787
3131666757
733246533156655104
4644991
4864569491
167984763
4830679770
196720812
19068720
1343562362
763974536039497728
3484679115
3136133931
4854332050
716371621380890624
767874975093055488
53090314
2352361346
740987228080340992
2431248024
241580028
248111082
374138602
765191508572110848
14993272
800751882
123497720
37814845
1566694741
711308544264544256
751976105247072256
730312684219043840
711309501119520768
745730285069795332
4925188717
503148350
556236569
29320241
774802803319410688
2578457970
772596930115436544
1266357942
760987311366701056
560323997
3235608661
284255856
2520368563
21090396
734348794611916800
766745689837670402
634387197
198926177
324440331
4578080239
756327678316347392
4741763907
765290656382148608
753641878952611840
3578803936
16819937
707408787519488000
840018332
2840618626
1446853159
18380580
488713596
431071870
1589153515
3434305366
1670244762
413682965
180669628
3290226051
730452294945345536
275376860
48902521
171588704
1084817426
66686131
22857194
20520465
276998439
1464047641
18711469
200607519
1265131316
772426265194299392
180159966
32719517
16561729
54042025
739091223110127616
243287687
3163055353
1640929196
107342248
17174922
44947688
3183427777
771717031754334208
169115069
181638022
176619668
771176778911981573
97539688
1557956617
427532803
771822852551114752
38340552
2367331278
73717605
589887988
747733759261294593
344747525
166246775
17012824
2696379674
741390888866189313
741490694578044928
13361922
304337832
3926052804
732767937170284544
24973611
747592418325835776
760498073026134021
4833128677
766732293272510464
222134762
3298778232
25571493
757104237931364352
119382700
3221003629
2871899817
721209064844238850
14574162
41669035
1606799396
587875070
378204367
67095221
378206995
2835672253
707760360271511552
284241195
32294529
756607142925303812
726637548236197888
38332059
755594016402632704
731148918873001984
2273872578
768545432892911617
703329593403412480
263786496
1597496460
758688143293898752
123464143
404197538
2392197152
626391901
2331498373
486359270
746916275780214784
728953905426616322
2253029317
55572534
32505073
707099108121530368
3825307939
482385007
832290697
4069820847
18279169
764128023838920708
767598419775029248
2802034685
724381837
747463872219492352
2546446292
734777532222865408
2317513413
700800626653933568
727652922780049408
3272381252
4827154319
759901100300505088
742451758321012739
170852492
729544241995759616
754752692732452864
739050003168165888
755416914546069504
20619120
216385540
345399113
763938565818462209
139910170
63284897
42946422
126320142
758172247173558273
759714473556840448
740566253010456577
231169484
21064165
748713477854797824
334937812
197459124
1423707932
766520772068188160
369352648
757684264733282304
705833449098190848
435564722
2277864330
2490956462
797482897
1692917934
496440884
95632468
745331347317653504
768605425
2832475948
24400071
529151971
21691269
768605646
759201072397357056
62439819
186100463
3272237022
733247737521541120
705376256439627776
749334516087480320
769208504
2817657692
168914216
78161129
755535709868466176
746552072925904896
13018052
3018089794
759599916255698948
743935015730327553
280926942
739050905413111808
732515283902943232
18787733
759500976755703808
3238156598
759839872169287681
19895040
760558492642148352
76370519
2341044722
233291124
763004612865556480
721531119146033152
1670196434
73377501
1525500385
2736359780
1149134282
244783412
757421908111466496
731159200743612417
293776559
3789299356
2444685460
17033039
704469311339962369
739379348
374331888
2731242646
2933677069
489009076
869867546
701804482129215489
4132221315
201412626
727155739681280000
90570778
145659451
4375581807
3371930115
2962595974
760179714615042049
747091204672651264
97689765
1620010466
714618312940892160
753062276924600327
761386480782630917
24385554
260474304
754135908
2189140448
414631978
1543944841
520460203
20565828
500391228
762590119316422657
49247796
768683809
383253001
24777380
731549038646984704
757328958467760128
891978900
727279881294221312
242299305
319777415
20834303
40519218
313099625
1276230601
3773264613
18347439
18721583
743143256578396160
2987347424
751271375269031937
3763536976
68342564
2279295157
755808822506041344
2753807133
23255247
743190122238115840
758765283192430592
757994297404731392
15597820
2379673358
92321168
1707545593
4847187136
47096351
735169133327884290
1710536215
50888768
33684165
755446444375539714
153969233
24503642
33421794
615318971
479562736
146644080
747362776268447744
342304805
4627031054
183745583
889782756
721180770765783040
182057170
846221376
134179360
738577868700033025
582868865
921862536
2207256698
759294647667716096
457039206
248836405
246220722
24214420
3162963194
745970453030678529
20251379
32558095
3419534985
9109252
1173765506
7807162
2699827792
248210422
43027298
4257518894
347834379
1265879876
333141226
335576999
4638529757
545695783
707209121855086593
745013906595282945
705736531907092486
732799238468468736
757675467449126912
329918977
187699401
299929232
3987161712
752875743798067200
70499835
1604224146
701685615562248192
15250836
509320933
508006873
753376434299613184
1077414290
741341172484833280
3038541493
35986720
48293556
132513054
258636866
27453762
850633633
2738974778
706666581741318144
725295042013872128
732825498410221568
15605418
281861235
130938557
589606816
2414073730
2955555394
2735211549
736221584742961153
1583351179
86121008
23104128
2567365058
3407054114
730148430681493504
32206125
180436869
415381836
254083841
723175496
48438556
3004271327
4898071876
34486293
807735793
1645844790
478151814
2482652528
360360498
142461232
411906220
14098909
2361357000
1962117602
4885148617
457140241
16690859
2822640558
3473549662
743601656097443840
1422241538
729069568136773633
755057200901398528
80956994
4708521556
2865195298
149286479
1548756944
4762892180
17995409
328016061
1931811601
726475738015236100
755247107867602944
1721163391
2462161765
730023229620813824
2661849196
741058867937841156
753756483049951232
136655165
316791579
23978832
2331397413
3302754342
718138956911656961
722909296367968256
272642804
750491087085723648
61279303
1714431205
3288958030
545792207
14522241
1604464490
36311109
331281805
754446148975333377
2498397335
2442031368
322802128
1608321360
743946917449588737
837561853
53544165
3161154819
708768395987165184
524024759
543452426
730900323204628481
144402222
1539389347
33537161
1924213596
2160785830
1957947373
417139531
2667470454
2411694794
1547266621
620302914
27211964
27926877
4483991439
3125905836
15915809
4852175399
3124370961
737090258328752128
542947234
220237010
742382687550328836
23326668
2719961
34023470
728370479665315840
437911286
1860137958
242991940
697730997228535808
2838218637
17721912
292560045
22837004
16744260
1034052636
237593267
739836328083230721
702661458329411584
1873606280
344361497
106318721
729046923173343232
748946826972332034
2218369292
4650885269
2492097511
150042790
370938830
764051809
315557307
4491531140
429914633
976371649
750505052226220033
20265203
161594344
17217502
50936590
1276323386
2781283915
338825282
120108428
32779196
2188860223
741637026823442433
18589806
2338340929
51735659
36024393
23262079
391415885
16653846
516379604
1173410624
734541515385655297
47213480
15538804
1636216261
4702245870
748463711472459776
708009857958486016
361544166
3427200023
1441673053
741718943534972930
3844271727
53019309
2788398650
251426914
748731461113483264
745684869116624897
726202801299161089
156752362
726872852968931328
282224632
4926235839
720048672801701888
2907871287
3234962824
14746731
4339608079
471333409
19822909
1290361687
7019512
312684302
190870444
133793696
2301675037
2587680230
2861342687
168524035
745061734784765952
4329459552
702725764706226176
28911707
743082671157448704
2796611292
2802672601
747457993063731200
747464342178791424
21025381
4870766967
862131258
390914510
1956254749
1648639159
728999281173012482
746867716154343424
115563859
713109024292483072
741450067769462784
46476526
25416225
4878114987
3021237551
1859509698
734596122472222721
118492640
61149653
67298753
746648071488974848
35591912
4875126257
22312331
295225623
253340432
123921028
2563820078
82454243
384013424
729401711622770688
707682477100376065
4743638910
28938202
4694417744
314924675
253656666
283959279
45413198
103029219
34472215
178230381
741335680379297795
717509967583059968
4857438269
43544498
38311676
22339199
3150244351
4289925109
731652201064636416
737262062
244210130
725881474252038144
385741477
742232248343236608
2279225400
285434613
738801929082568704
741093712432746496
2438867440
733388252355297281
888097675
213165537
2553558810
458101977
3040356707
53105686
735465066150170624
738384823799123968
424831241
32578044
3225728517
3165491177
3182038285
3098963375
742903596144984064
2216510516
4879246271
233749323
17329654
3249216014
313346981
26346508
945484250
3908374465
595779274
729370090022576128
1519723458
711945006
4077013648
384012722
2730345168
1133094565
23259606
457743272
1660488488
2608652665
727875273585086465
243031077
2343134653
738668414269575168
17258301
132918446
143853190
1607176868
3231334472
1648909074
374199331
29431831
408905990
137760664
602899729
713984912
728981660566433792
15946054
3746902644
338298739
714562596070952960
3087775833
1232734633
22970364
739819163774910464
52775857
2739237855
873918925
22583583
4376401653
48284677
741112500356276225
4714651758
739170793679097856
743167075712008192
1936115412
296107345
1571239068
712410457253007360
4856706634
18382184
739796650332299264
976734595
363692152
724250208666812416
33531486
634676291
1284956808
129009523
39979971
2670772172
3176932746
81705720
637305972
1732904028
42561102
1157143663
19428305
326021185
611952043
18332701
127740077
67899097
99794792
738090161976659968
33558181
301019006
1046114347
2964974777
4785864193
739652976323657730
17313252
48520727
324586504
721499641473298432
717885843558379520
2532920632
883421593
3706994834
818552652
213436654
728060602460086272
851695430
15726120
3238938530
725330619320930304
1061682494
4416768012
716333258804334592
24247106
15851250
2944956284
2196774139
525783599
2560843344
732062088747581440
4721254699
69522974
3266345178
420053134
2421067430
34354747
22051586
2363804264
15984495
239022058
2990513860
1442476447
294408622
33623630
735143771982188544
19402593
1330157610
49800332
45258863
3167183369
22275767
737758598508335104
416570987
2316383071
19038210
726699782371160064
32649134
3168245695
31830249
35370013
13337292
567345950
17010913
405561109
266378369
1532950542
333675022
3195249648
739947682890944512
287371352
117137247
537472373
931233900
93637779
739913472234950660
2921769018
1859515387
22040341
2188196646
4492998372
39477726
3439639744
179732982
198202008
350753312
606823151
728097555968446464
25822421
362391615
737817968810164227
4448099594
27320992
19040963
181731262
24733117
149543566
29509675
4770303330
16870891
1546035500
244628791
718879191320539136
3880198877
45190267
3220577634
703642519498825728
113243806
396148023
712691718353649664
329159493
171395167
167478588
391544447
2774065329
361485395
17961164
7771842
18874834
362290415
2849886237
354682355
1265658624
2353974979
869902586
4687323792
27550555
713405042
733079314846130176
264931947
461251686
4877136526
735509982075060224
32605697
3090689214
4825405439
247844554
732713060
2742312210
1593006649
19480969
2929717149
2272300260
710959152168902656
703479701675708416
736905000593575936
2267700079
458377940
708970747025367040
2409084032
711487408
2838283974
520158290
724672701202190336
2927450421
820356638
123411969
31760506
19360844
705360530966499328
3036903794
735594241561403392
53158947
97253667
930160098
250882048
2457845918
299236836
15039436
424370015
733408529424343041
1256397787
358990285
60903033
152672074
2317484126
726616624527212546
3247318839
26015031
23279144
706289747732406272
628417129
16892534
3107542521
23872109
3266526978
737697930954543105
246103
4150425803
522426890
291780567
15784302
250819035
23692715
331247872
2573993016
93777935
4886779211
4296576674
737289594190897152
24155973
32729066
736509904484077569
4752046375
32739250
803826720
255300549
302991001
1263212856
585725732
2243030312
175842585
4697374993
2792290323
776408594
41023496
378172310
2359310914
155439000
297191567
760017242
977578987
170813733
160273215
866504623
53519198
4769701782
730505264554598400
1216852339
712843
363275073
16548466
360320296
733651231579766784
117140457
575815317
20853339
251341054
1429139120
488799600
732633469671624704
3398770055
3270358028
3392089679
725264693879697409
735670246003113984
409687742
423106023
724773643222306816
399178595
32487224
69699846
324132906
155033274
1573827930
21717987
741913790
51203205
1852712251
30626499
735172264178688000
71563277
4877442046
4256842251
484158909
725741173801779200
296571098
302690890
24241278
489984078
1441829689
40074518
32694215
117945616
1423118240
1952905440
801193910
3145732270
34491026
242507768
46887082
277845186
26075756
261035490
266536604
3505437800
16256826
1096787952
21495530
2961552656
1003130904
733278643007459328
148564101
735651091258454016
3304195534
3223914997
4606946533
2533783604
3571801335
1598574949
727307313120313348
1016588101
539925148
48124614
717548434308222977
1735969045
81424749
25080097
707374707801071616
735295383535005696
372579816
1228651723
907186650
483885808
23803056
3349937001
728380341518503937
732725828404936705
172826050
104224297
1316799278
102229584
4012153161
145862955
723944377530249216
193428714
1679185794
3463241362
494646344
19848466
65664359
860530914
527984642
703637991168737282
297447292
305680299
41745189
3119305737
731197958750769152
3025850315
705119727216005120
740600552
160310194
50833422
558293436
706496600399450114
1493819347
16146535
412346470
1305818593
28674574
475768360
22804865
708682067232628736
705414651551461379
22645697
520565785
329196439
371347463
993358020
2889924959
15258809
705256554463760384
124666453
3222812347
159608463
725041241294032896
734876202834526208
564074974
117104543
22821563
720054910184787968
851963809
734770235065159681
715013762814722049
712694431997173761
800721812
2595431574
994453866
63770391
2258226686
2311063720
3573336134
538467434
894292836
4495923140
282741821
713422715701608448
1019735209
23860507
724677137802756096
4024549125
2872248242
4910014602
45142252
720281941908463616
14794905
146552379
636652493
2731947660
25688206
32486821
84759456
708830884300873730
26657285
3131070327
1220222821
157879767
705428298541637632
2743270227
729006072762122240
153218852
2849102111
67401229
4240921873
343618991
726973034779828224
1345940180
2827479370
220824996
718375439367028737
4320806723
256295544
2730558604
3914425845
93583928
72072185
1263148512
735103080
4851312853
727690945332969472
117983479
2735569132
4806610733
35253573
4250846955
253840687
281696691
308501672
78717548
719565404285177856
23910844
2646690067
3142244469
3735481396
2934009661
74175586
2784784744
168838692
790380120
731714991653408771
24599291
101786607
1578677388
331230978
863480906
1082086088
2976324137
148045938
197004139
47498331
2904465844
451662665
288981065
391785748
360771315
716972670571716609
17159787
210818207
298997025
732951893958402048
65401126
2514045312
709987857885208577
22723900
23246458
196738752
4592206578
701967006438797314
720734736813953024
732702397
4180434507
357674108
2736039738
2429612832
4840725562
2927222132
26107914
26369152
263437634
372497412
27953967
3425574196
4902714075
4320371295
207609111
2173646835
705574114682138624
19802846
1965905755
710131519570845700
918833971
1634552636
392047970
368560714
26022662
792119786
2528590273
731605821424058369
365891102
730568102446931970
725280728611733504
709946735104303104
991634754
4675757580
728425654358704129
2493013459
1702731
4854822338
2743095239
3244370974
3327420822
3000400970
947359142
293104735
166350245
3406500304
465878909
1038728899
3103213542
37209193
4281574153
3074470992
171868146
101906729
4844991914
52659564
296610784
13604612
269771160
18775094
176418075
184213254
2372843052
730140646283960320
724335691291746310
1639395961
28632164
2601873347
1539564943
58963750
1924395420
51259550
705204465930887168
728328294765109253
227010728
476019258
1921792430
4259652328
3056421471
173606855
727749427318886401
707385966109925376
2430341433
3386733713
3222432010
65110774
48911858
3312622061
714419097262538752
2593708296
714720425801084930
339433442
1877425500
4895009092
2781863338
601065065
131745190
1123137259
2392933562
2341378367
2349010292
3265732057
252353889
3072239888
92798598
246668092
721899229598208004
24547879
3309139560
260593970
785756168
128429068
57755615
27046093
245564291
242621653
19431221
311188381
43496074
726947932646166528
367863163
2801229139
3136827614
2479253517
67169191
705428448618156032
4311393022
734913956
1282197158
236487888
20364178
4756211659
164554364
709226699259400192
1276312562
857205728
2981584944
2186453322
31637577
495454106
4602752063
722037457106153472
2373857028
1601559242
227064026
28201999
3256712243
2156190929
40297020
2863773900
723180156756447232
462132518
720446894397333505
171282532
3385951406
2505084745
4251095188
342460234
727402646148157440
2446411267
717121215727591425
1003669872
116630205
713353624118824960
1210022401
922047036
1448433242
111166826
184126208
22424013
18363392
717336516440285184
61868777
16315428
516039939
3164513660
1640764152
17172863
1190665808
15966771
244661419
2540221709
455537870
453494333
562595617
3358550986
23721166
4140183553
1677169333
223012763
1072940611
1663566744
2826806322
1254298932
21998010
126145029
341030252
1062074533
775831849
611337173
711836724331155456
4840722268
32703561
796907311
1328206963
887302440
242658172
1429224510
182442583
1389824197
376744269
17756037
568695619
727147150770098176
2971767905
2856180336
2296218770
18803957
1066855388
1339890852
16359233
24906749
2560148358
718947164399935488
1401422012
364514942
4921955894
2486063618
4606144822
17204460
16381764
726604502082572292
50889813
4274701055
726510266486280192
725740171099004929
313199716
1535171269
4597179619
275743098
4857537145
2476562707
726355733370028032
726135971788378112
433030576
24535999
1288973858
770759270
603469461
18353495
724373946561232896
2570541021
113153792
1634262702
3308850354
114043423
708719437222903808
2971477709
275312822
2813557472
45571759
4917092018
709406894905958400
712759841794760705
2227025612
87480406
724935432522321921
720805498270814210
2582983692
720818148564279296
725154675062755328
190709405
65272235
705865207718023168
2766324113
2402709036
725460838178500612
2284066573
210658819
2485902607
261273433
718283360540442624
129402255
3307138111
3087391632
363240308
715377808793538560
993275714
3372601708
1375865798
3309654696
34383891
3907341980
1581243024
1895924466
1466184158
4904668651
217974888
72435387
1169473657
483272505
507808516
2209184731
49205207
3165245613
759017954
704114852042661888
1075939369
825950588
519728191
2491964094
490401229
705680814265102336
209621926
3150434708
18470701
3138553615
20852175
713091735140708352
573173793
521017945
70482818
2911039074
20190533
618481944
719853152921653248
179703126
342710587
1340115644
3308535203
2641993872
219070080
16034560
4899610029
2485387022
109237155
4463431703
3232524201
3749083217
3107598376
724487093137764352
235694697
235840781
19729568
328954153
720048569743331329
4621916174
392257203
3166668422
720796341308362752
2694206066
708773460860751872
118048366
631241317
26215019
53563332
170296342
469845522
819181700
4707007395
718232120968290305
18746811
4449824052
28654816
16795628
724052775429091328
3743652503
18998291
99859136
1127002070
2495637565
36126343
70279623
4745509194
274422511
27943005
718527061871046656
236185004
3009190277
178689036
948843770
480083441
709632640849203200
723006656846516224
987521630
1653380491
720798731302539264
16351010
2485776871
1486461811
67028674
717044648464613376
275865206
723106447135924224
94665896
3179562350
718940929583763456
141303134
3024088539
27124758
228554424
4129629580
4656972496
717312364312330241
19276719
3131230395
122077593
722886915003777025
1934770050
34341362
1025187769
3683113160
719123763451666432
16300160
1280645132
81041555
417544907
29184911
60121599
17899712
4127493852
722957781691559936
722960683256545280
2956507309
32403877
18082945
2948622017
74612814
751976443
18499975
444940567
717515894692380672
2329611929
138409823
254345576
142294756
1604640828
2193127285
3179493427
378365911
2339913902
42362189
574807981
17133231
49897512
241368198
3886330334
3306452321
764644214
39606118
4909098766
38457045
717406615419400196
1624046510
28926547
19214412
2999947017
2836064466
4711362133
21913518
695401974854918144
3689146036
3060075937
2927356021
1022293861
298817970
277355403
219947655
722126886999089152
3260940092
223688082
4777129712
711193551082799105
235231110
209049324
182722893
715610812241424384
21715369
366498596
244740120
247102269
3149003078
29366485
184316405
753318572
2861407204
700463165176295432
134594804
21027387
68389203
207141071
2890765673
3249900127
1299077840
34370438
2563817899
4356455112
4871740661
4224827362
721377004092657664
80041932
509641330
63627909
382213082
3318076129
518744362
2792085010
3160954344
238648688
52196197
710643313267716096
4812200646
720424925681438722
4149690013
217880709
573956260
3332833138
845893680
721760683080036353
120877403
262726695
721856133166665728
4541726055
140892845
234668517
21672258
427744506
485423388
18586848
229518601
2794535639
20964739
1310368699
105839980
556340189
1199596897
43429485
720521712081756160
315683240
379327634
2433194094
100949009
32318775
697541390646054912
3229506722
30231573
17164121
24130345
96426017
3063679218
340364935
3396143585
718714810406285312
517306995
3814387102
121549267
27727001
33713084
3092183583
37549249
3024706342
217286126
716107599041572864
532642459
372406326
2984749967
30000927
1190035418
52623529
488911358
94103414
3307295642
31489260
247119832
1246900826
389044806
100333954
1628887070
3103441236
533469077
4120116820
53128486
720672555263225856
465630017
32503885
847923606
1173756973
34632392
466992330
25125553
714311588
16339845
3237109164
1979650400
2400901568
717195240428449792
16640037
3010492622
32615739
962978443
340324046
3764815220
16444544
715053039871266816
3230660058
1928290020
4729801216
2165674242
704967105402114048
266326338
3305678206
709795327830659072
71529455
708341628705103872
2934397134
14253264
1344022837
1599764353
123386371
337807078
778916437
487248321
23098409
3565599022
705299120
4835114506
195510109
2608302020
3241140220
930411199
4794182534
718193927136759809
87957969
1433427858
705032208554266624
30627024
3617049434
711597962388971521
591297698
379789473
712734180275265536
322874617
3265909706
2497824154
3247344656
194840541
838627057
2980078527
276139486
1700544348
1297409071
23033270
110803365
3198924868
4821515421
47993321
22858466
1934787661
38607586
1012329853
716012219616526336
93774074
1858043575
382268135
17686959
133587169
3317268426
48537764
589448567
38465698
270528803
240790026
319939901
1241408113
2620359358
50458131
4853364990
24713327
189892853
1720636778
768704748
710522692189949956
2481088441
32199461
2214775170
2375825646
312248392
1421458982
715961142024212480
703291385861033984
2823017921
900183410
452921304
18866588
3298010181
359617816
2903194852
35238047
365035254
2277270561
16462209
30899109
2897106316
80684362
382836767
493041694
2896169924
219202333
2360448613
1964766121
709947217717506048
381856725
21752775
519231329
347417203
21573816
4327242015
4860675752
712852680000073728
3455796672
718670521882124288
390594704
4874896845
2298191996
2287887180
2907521684
717765437849780225
504018069
71436596
3893210375
33427412
127537805
2873261266
15694498
717946148896440320
3009487417
3357823389
22454663
302275922
3349433536
3293510066
25091906
31403779
48599652
3016055695
3169035458
585892489
2200221
86942017
453321264
763671726
716313786660077568
1957948550
143234883
711158759494721537
788158068
614521871
1045340065
15115280
100880543
181309290
2227712774
49379886
53371954
716138642960420864
1713417312
4860252815
33416297
18844286
434528601
3024410127
715481837997412352
4870478255
243298684
349516324
2226615308
224726988
41104604
30988436
710375905873494016
728857110
38225778
51813493
343535198
24715996
2329498706
1873539488
25377285
33596934
1653316502
393833809
874405711
1138416104
714558978131255296
483360857
2181423693
4790585689
16215350
1038490880
105161389
314205406
3953695528
1110751578
49159747
1578514052
106331667
820182493
22493007
4363141096
24221565
39374924
4541891
123926189
4899473566
1281738726
716570246761603072
4475574072
3231042212
712786914273660928
277861134
4841683180
3301624108
701870457213947904
44320262
942513829
32820396
705509322856468480
384155025
74257101
23608092
1584367615
48607613
374108016
712364895174430721
441317106
715788612164534277
3493560012
128956459
3312840571
2566124461
4902016168
4876296974
4813986674
702328529959194625
3098115975
2876079846
1108521060
537487691
45079860
2834406335
3033123912
875022170
14820792
98425584
2581070247
3299331575
715704555565088768
1373069701
22807017
2654988740
354448187
2377977842
703262033727365120
53503202
163194830
23633871
47466910
116960062
700723240793088001
1005186638
367618046
14670431
1289801750
4884602753
714921317338914821
723098401
90978424
289513288
3321386251
33253412
125122422
1278144450
1209639745
149022094
230891509
2368263690
260977202
714973048185552897
45239771
3499581921
18006752
709079047154884610
1331312142
4884639118
18298094
251318959
175743717
396188102
3129910662
992081976
16672561
4862071938
27576748
87654499
41163204
75993292
851711263
772026852
279668945
1147702358
911520972
24436600
4877208435
2177183856
2865477429
259252751
3146729294
181278090
2570560126
265600371
710908819799416833
634015776
19050314
2861426208
711906753793798144
712829227591012356
81406248
705547844497727488
550253258
482312984
33965926
56050543
400352771
4270724112
711266810092367873
1432123506
27934012
422181027
15035209
4404155417
75472136
2389879718
551522917
4757182666
180897456
630321272
4926130509
713773679549620224
372793762
3309873086
116048117
4839358308
3269336551
313772276
61672704
4105447214
203650771
352526493
4828013916
4884249002
512788567
714972354
131472597
316555577
3150051501
874846453
31532999
389841834
621423371
580312540
2885956384
704289848673357824
3742728793
921824922
713596190781100032
218887691
1119951889
712109096351113216
707213565
24880446
2366240385
2311992044
20570420
22339420
775248746
1584645799
3000037252
273159953
707706265665843200
793975748
551239859
16925354
4715529200
2967613762
2937832496
2916623952
525925642
540472551
2275042470
59956410
18794180
712607517029883904
45871580
103000520
4883428893
3509421138
2872063623
3122485277
1100327552
32894180
34085245
2906964189
200697773
3219036295
2211975397
21431535
21909984
1517716502
711439062519910400
33545336
1344713761
21852065
2273589410
3187175946
148756464
426578718
4131170825
701121977340264449
1514039444
520029915
462540367
543331182
868130508
286680865
164695128
16721452
369627599
63160617
4534189278
1861162118
126632379
2770791980
23745304
259500938
3150098774
931391137
61104689
156656964
710285573403967488
2585497086
29679790
4884052944
704095868
708477796796895232
32671625
830052548
344233703
3146243356
517946537
16464953
237565446
14645160
74211907
1582072040
2868196715
27279989
706990010042601473
3930583874
19058949
177291959
4865738085
136102085
19923464
707309195842813952
19463681
4448060534
221187948
709776957110489088
3305406949
3427451002
3161971398
30726383
14297098
561648188
707291191100837889
26082255
931908926
2847346291
700494845421326336
469732090
14682928
374934115
14541364
715701319
3385065623
872332808
33361231
113349253
49571012
55310956
703781605098147840
3892714043
1477241472
2367537494
4719054049
479651841
306832456
4804661611
2975114384
31601858
2988853101
21970442
3097396228
714298338
3112335706
50901340
1558597172
705309332867420160
1223023370
137354145
1307011
2975154217
23331132
2913922626
2671639040
2877438988
117179079
421257522
370882820
137231652
3150687218
625690861
4077635597
4835400782
21460496
18898038
224591625
14379514
22760178
25360852
178062281
109301353
387162020
3010794575
4899337626
22873947
396124389
312317440
466060293
4756919452
525005120
1951862624
3364526991
981674707
141717755
165111456
543780273
221969181
1956563539
15989022
4187444843
22041160
181426642
4110252680
3092369817
32626943
2216532829
4911435553
2434294310
89221375
18305815
2908200590
125752774
939981487
14354381
14776606
123921991
92487249
36752089
19788748
4835295612
51522136
98219099
704955009218252800
2834486477
480900509
3091728423
586853452
2732944034
243291372
60684098
110574474
503640860
119539314
3509458035
306155915
17410689
498402698
1871839519
4870859956
4831215383
241839490
2946103394
235395935
4149251472
19915883
185723734
2471494160
21043723
274782243
457618544
456255863
3239994802
4758188185
70005434
4808485291
185203900
4897523311
18359057
222568923
517854688
705950873998880768
232330159
3390254459
860687102
292898176
594100783
3752314828
2401047056
1220285708
4674221203
549602180
2184797541
612057704
2965284615
2361774781
3145178862
4840920699
16028985
18267698
86970244
119707185
537443470
1098833384
705437167342845952
3254372836
3733870404
1909087813
1571631331
231023430
77285641
2942274709
2290340035
3344387495
4177257136
243338872
442911245
4877733375
308997977
295163619
2900062066
2394711223
22539217
902766884
4785292626
277334813
268406927
122047904
111029393
228996011
20185243
2778608971
123429890
2559891481
2912822609
2307652494
4871954015
24556105
2790694010
1262776610
111023365
142930878
2389588698
28994693
704519691075608576
1244408377
4895124597
2358609623
95094652
704570746165714944
588597181
24337912
45847989
340067849
32168059
700850673504522240
2574547706
1421631721
4902478426
3494372979
245689692
2345662664
436314047
321774180
135815761
15288889
19052834
1663264182
2603853223
2840915387
4867501012
3565838061
18660521
2347716589
21660781
243841079
701751021702402048
461798830
147398785
2785095528
19308529
18907301
325681991
49948272
59702598
79888533
16954430
14927729
270212550
93111391
2447866478
4175367873
53264656
4561918963
177277209
177257171
280255353
698845831340781569
16351724
319045583
373024636
22064255
1284097459
4909991121
4516513829
19427164
77329593
4877191041
3196222185
4867252774
702261605703294976
24035547
292684762
702230557426642944
700734327298981889
146160591
493636177
4795576418
3679704142
3108106009
466205000
858646280
164386441
852121698
141237418
997682274
3588277825
164377995
104459389
1442432402
796470619
4855874126
2231444756
21862005
476315898
24404437
37599351
320821564
2728757167
2614376594
4893750558
4826228104
3062962055
3318208598
1513958744
17891717
36713347
2440921177
607622157
1367708064
14325249
415773425
302881437
2990135697
2193756544
4851180621
78492094
19613119
219427536
1869575251
4920961617
385328840
4891260592
4773946786
4350758002
265501518
2782805711
3405915935
26919151
294991606
16711026
414257018
14124631
21705181
748761679
3907414165
4849298159
38209344
349803020
3105799750
4786714697
841910365
766967125
39724278
1188033770
580130219
4826366470
4701557536
4687002758
4261467299
4032003003
32029132
2982026263
104290832
147657826
15066876
761671586
20186647
1941136946
2991380194
3039997226
460607223
4775504042
1483059631
713327323
1548714900
378737638
3368082297
60972923
1471159992
4864925167
4624692389
569487350
91852521
21868866
131643073
21907675
3150777746
4164011021
4890221482
124949619
4739088137
16584035
350397662
3139146200
632284182
3074077823
3688706717
316578266
400188508
37519398
16168401
357223929
4782801868
44189291
1406716802
2274431538
4005092840
46564642
25207598
206844298
2841747221
1885129123
2280037440
66914769
2945646503
24357823
4653073094
4164119355
1122871166
63845009
1434433308
2341266996
4701694856
201828562
832203212
3002724582
245839275
2585608280
357668606
4734927830
2930953239
1222421239
4732215740
178111849
1546914720
4489789102
1428643494
4726437553
50681407
364290689
16472939
2232322254
2564818098
33737326
13846392
28246428
50111153
166609708
2179542061
563147998
9021372
4257869538
53210455
87285226
223509017
259945524
1258997838
2993907413
69157886
3910358414
4137869019
4116384472
3143171200
89445012
568587227
281427932
111225697
1099909921
3313719260
3969578483
3592072934
460081865
497989389
2530776049
2913194317
3287031774
3164139711
32444295
266042191
2893076068
305915320
515776961
227412582
760890313
2849466434
140427824
896084904
275043456
2986338775
182383703
1427600029
191663909
3304390129
741916483
1240678843
3313978723
3047065610
2918450410
2871474306
33996438
374088298
3522143659
2787634402
66081026
3437393896
2897623268
1145892900
1837339614
84942166
22710192
711522174
374553556
25461473
179597137
3386214550
3391256877
1601619937
3427616591
15466386
3004905346
269702954
145004230
379373059
3278698104
2662302773
618382128
1478339131
297550946
2202901999
3372127119
294700211
2571872695
165078712
2331262113
3267321084
29009782
1671878694
437120238
1080739351
3017318726
2709701876
3252425737
1678900302
185978515
7999392
3318140968
24041787
289118612
3333252579
3247225836
277588039
364001509
27391292
3153545470
516680417
611468515
1346302406
826384938
2908198188
62685491
29695221
1407686677
518952197
507877806
286992566
2219976980
316568558
3281418701
3077641708
17825243
133057085
260580315
272667411
1345097474
496194128
23481427
28206382
1956052561
143659019
297325130
2912393312
556086404
414497728
246339086
611867011
83045092
3147682706
1932394476
64091912
113765334
299643521
458780412
327497267
2954106944
2314501422
23274910
120619596
44632582
1089778784
287631288
2323542386
1961171708
3012831042
481973601
3041372886
335574837
2796971897
79073255
30419027
2817298058
3084136367
1972069357
2626167658
2839158480
26643906
455452747
907123482
1327844154
2305832052
2395848666
3001984740
1468123044
3080711433
2995077892
431105989
2947543014
3073737911
14439606
2724686608
34956296
3031693156
3068956835
1210761788
2707470374
76166923
2367431493
566991939
1027409298
2536233210
1548316926
2833416452
1255290415
2927460548
1403491364
348714609
48165428
2343692243
184230872
258018621
344551169
2604627097
21914960
19741448
2595508981
327080217
2920072686
2459012275
2344436286
2848503083
66188941
323386492
2913058993
2309267702
191971680
2317163149
1184075936
2991488615
2820766463
2887995893
65295792
1452579901
3008667874
1235663514
95534413
1577210166
110747941
11738672
1355218452
1254907154
1966921812
2680836838
72582016
369914465
1430290178
54062614
86766771
252966637
716625122
17959077
2751332140
1119576175
2451090812
47922606
925461674
101829799
114682015
1327321944
943422576
262385954
2884047194
27943696
161272503
38214128
620611483
2985609612
184846579
911788459
2240928932
106267254
19088288
423000190
2879993683
2191724384
1408407331
2902431774
53886682
465781550
194543581
2244997608
738050208
39095788
1250251675
2891153148
2879685414
1292046026
44177991
2517835422
194269232
2573510814
1609564021
348908209
1241788250
2206256317
2658952024
144432692
1381088924
2343107800
2825019854
3210141
2608370019
2584563433
1290314365
336936114
2590388845
587203017
145939491
14540659
54454385
2475304500
15176826
1966617942
179967711
633336954
963650898
1376779256
1524083894
1584979364
1101698558
1613029585
2284129982
91058217
2443468603
2284296074
2246126731
2424616446
212323439
2199721238
619101692
321729291
371974444
461701169
2320260987
464950569
17205630
2379142516
106766412
560917486
288035691
2309547984
425670715
1938483313
357547927
1390679216
2387598363
84290629
475996758
2365398240
318378415
231091450
2198726456
2311999676
878186664
2305188013
2322635028
1689895477
358506847
2333447368
2268335353
265616808
308698101
189042188
817455571
819990756
887026338
20900689
587559694
111984348
1579169268
1134771061
2250881951
25971803
2284489404
136992788
1551459037
476181276
2225208445
941709548
1474863223
1869775525
739666866
15451245
94958793
47714847
79100380
244850310
366063185
179487856
1909401486
1884427304
52272469
2171882693
2239722913
1268603233
1626799460
1645835654
15308156
31580906
215017615
282280755
761758340
1935712058
457144070
140130453
338930631
537591246
15966719
8921662
567443036
1703203579
1226054196
1486816602
1450825992
310076782
234338584
1886298356
994920836
1481225430
230145029
49227912
350231187
1732322792
50297119
40449059
846300308
293783529
1695045296
1584012234
367617460
381120594
432578840
861312452
1626551959
1562221644
556168181
372524944
557333306
1050721302
261307082
80568746
189516046
1209558535
469640707
96200422
701414952
71933746
1613717102
1511290370
1543663351
899209034
329415374
253386524
15880390
533423158
25549948
961509350
16872401
1413044557
1444418317
625180932
1144474542
1098787968
1340353340
1339290494
187872108
27754737
1399626906
378302041
231881134
124638522
1524476256
76242992
28021382
790579706
172084853
383416010
898533348
1541177809
75962961
254629671
1410324254
160771387
1269997813
278657216
468693668
136004710
153260704
1210245848
24613155
191578026
102893822
29510842
48136660
418122391
1058615658
1184668934
190143224
918242275
33049781
1095437886
1071722768
1360417506
16874068
731843953
183443051
1325316469
68825587
426617928
78381518
337921116
313601061
487043189
1230635809
142078572
325430540
330319115
36364135
356023004
135381312
180951029
22777174
19455603
284493778
1169521682
47497984
32242327
335978747
39860743
328260787
261247620
1231957987
321398947
143269623
317122386
1179162770
288375059
1205706588
1328421649
96070428
856410038
15603299
47223240
186299824
1240257421
167230665
188550805
326448522
43905563
938657858
338005354
829766256
295477006
19386262
272520908
633237811
315850308
300112611
378401999
545589618
123739105
803232264
561479439
15656503
33998869
455798721
294376673
50006671
135688623
224894946
24336263
247077264
33548125
312069382
586166262
628753972
90379747
172064111
263466144
236493099
1007632062
67131988
242673168
164650525
23982778
531291518
28937679
110198818
317378810
311876503
16900850
384954118
587891613
513745642
316770960
480443627
222189121
38286072
294863090
612971054
1036489208
232689746
406595268
30734168
84885461
857113574
60852468
16571124
558728153
202085994
328491579
806937114
20338048
255169313
285267807
18825344
26482093
396667711
29130296
831064304
722844974
85102759
567394986
12587862
23307602
989892912
346059174
217162039
20303017
455188769
281695815
914051640
816466862
983620226
297256962
16505174
421582340
26934464
135550810
515491953
539995806
448589182
21710345
180974321
38324277
264439410
223693654
590325583
346153355
97486299
26714282
539206290
88057649
525840653
482523081
110794236
22852455
882340111
20695280
596152020
314613453
72705995
623908849
22204106
211154075
452237189
179151735
154647635
557210071
52967239
76107213
278914984
95638994
121641673
387014084
946353775
575740819
284869173
188622807
73830660
383073875
872817186
184006519
298618228
582285337
226249905
594132618
45930775
452237033
98967736
489787675
528732754
42799135
34824802
434986061
15195679
272933351
179105035
606761178
66186602
66951419
307398695
16383523
583020805
312626049
334529496
480877857
290292365
618157257
404423942
65686302
121336111
450425480
319240698
627091289
26547751
22182206
97266551
865109742
47102743
748258500
16614663
913008679
381840107
905987364
245187810
97963881
265161774
30400682
609733842
227874062
57490805
557165372
806816898
782568697
301543143
394453013
792790628
16440284
619503519
238865666
295139647
803295883
16439113
142063658
16151138
793893907
48438566
338008306
384759937
425513372
14424207
40173562
628614438
122405168
581436283
594787785
44618911
264359201
16791931
116957262
33588180
715180392
143663054
90946636
346276108
203765012
769698816
803489118
410096709
390257537
94284353
112511126
480836062
790748540
76110399
779300808
461687404
437206563
226642072
18436199
571367023
376247678
330702363
474495160
161473366
587926686
206071543
97708196
145802134
20985625
386102578
365284641
69681766
352539661
403600558
25010822
230829031
274990777
561486948
534623678
131371669
713834850
713025266
276764548
24053369
112196292
625472688
127678880
547863663
338630601
355954218
156634684
410806971
175198947
16371644
47225845
553049069
553175010
25903824
176534793
17050618
82144471
475953366
239549016
26889030
385625684
173217466
284251270
122737652
277810122
16163855
632347193
634223122
16847525
125621689
620149323
633408936
402019119
632888214
325618929
577049021
587059226
584911656
348853434
26998873
588298919
14427913
620931350
394319237
26654027
122165841
577413163
281074200
322368683
260607319
345206189
575988249
385157459
613751920
522339216
328495137
22625441
166123830
289325124
134866056
472236991
26030778
328674896
403172214
215590705
97750537
87944534
188414808
398838111
355448517
533680945
133005378
359079779
25940811
73440764
268648764
305614280
211497147
53861909
148203617
499147322
265016805
45367906
247378337
218277895
390490929
607588637
103521190
85665693
333727578
375106650
18686148
115255220
231094495
536524693
165620211
47484934
556482765
608284539
237355917
16132719
577505565
184594243
197404857
165186364
79820400
20489035
262471868
141243524
243254881
365535703
190988640
38139173
307283099
18543858
260891849
61345911
252726249
507860503
183958809
63202029
198193231
222247788
64818227
242954148
573445374
206299865
17580892
272326583
32710643
575798861
543648205
549442550
373098062
225251574
75447399
409315068
253865917
27470551
411911850
497370402
276842152
230080260
573261922
22250215
145192600
137797144
15274836
516676471
27021380
532642843
405674682
434703121
44108403
207202912
326001920
25872911
544990830
374484280
13396002
264512760
45333014
328173159
390986526
18521687
35606154
520005662
544651032
269121456
372062031
176864114
233803902
598029094
244746802
350984901
597855975
109289215
89621202
35602818
275947607
21874827
567172199
243237206
346680833
128763579
434163424
579618714
234557311
481495354
58038488
235080649
318398450
38605446
557561335
33829414
558616636
21790284
134103072
274660001
159874906
421497687
171654119
237959966
38359096
464018299
453758482
481628801
23257144
441737120
35759152
75619064
375253987
310369636
390427593
520363785
486677528
527801121
443303004
16196528
267874197
337409391
222007079
16788524
284885422
316435549
44940177
367346841
68897919
218756197
391843560
125144536
49975241
355935638
261258519
580744872
520394695
423979360
50617934
275305046
365119416
65558306
16493145
95303482
260095377
268460337
496555168
64310491
401694819
114014983
21978575
41912656
517084469
230541075
46308574
407502850
302081333
156734147
218599300
370793439
292891732
60261691
407565994
360018897
15628274
344267754
91329341
37877645
324336689
20897273
21585943
249448240
383072031
548941392
478966242
279870995
281868422
482676110
431121153
263458623
36990331
370324175
473116826
500217624
65687628
84184954
329032464
122488114
356326221
240010853
20570004
54946336
49508538
329930757
22869124
18220818
253223808
540676770
326662832
278968566
220906744
270129902
271846360
468947228
509853022
45860560
298315586
188481930
16616476
462305473
225563529
220367436
578563187
36934126
371950796
449128263
536927524
369318439
28823170
26861405
490845971
192575162
128370270
286372678
334955493
39671707
393430484
182430907
466098316
555529672
14513049
106203602
88093392
262043144
161228456
324761150
337927480
183161413
278475170
42041375
315860360
449227038
387802913
122618654
438864478
529186327
26304690
180433202
405046113
18397843
43707998
356308899
283089190
332275689
440621224
330577722
14426341
151967576
543642066
32366249
434647187
16546592
309900349
279358548
325090897
336157215
256718115
19808920
323367286
179778795
551027525
132085375
23983382
14282169
448122995
244367887
302108136
275335412
260515553
293616057
173442298
36137793
21531471
23976083
29560806
61269661
406400666
343373559
265852089
416803323
256056604
39303662
102217191
82773570
355479144
67161872
325052369
386489097
353714913
251256025
25855797
405289216
220462960
185854688
8877332
464245106
493916117
497983044
68881139
326437676
464245033
141322306
500740012
275848648
204622185
55936417
16513589
512686976
340916415
493407808
93924345
243310487
136650158
464277803
213058260
245683817
66947932
180542104
121204514
275579447
38683649
117579844
378562538
479644384
342552374
364349672
95186905
431079844
164446177
171685261
414979614
414981989
16371413
431302262
414477205
26138931
318294707
441056090
255670639
348976603
361473191
289848649
427534012
57331864
234743881
157910729
413283063
403041408
328268191
220130391
364807951
341662073
341873757
335875491
331014961
189782035
35108568
312684971
286479483
23988717
230829446
324042503
169189835
23983532
312732114
37016111
141059880
324022410
14741697
278258519
268264102
259667683
16501047
93479964
45426632
117311905
304771096
31119889
