296786449
760121432856600576
757160747591933952
757934166302420992
17696983
753154664644898816
1063375495
731119599450750976
3667475792
755887027992694784
751686195176873985
740563850743930880
305554737
2268320515
753531420384133120
159161284
750237662812905472
2840918861
752150717620682752
750918770961645568
4837330671
2280184856
749280594870333440
748846636491735040
2990080952
721717727287586816
746534778703224832
3277732676
747761634014175232
744410262690664448
747004265705660416
746575044248121344
713576695995838465
745945502152175617
3014576760
744688999080431616
727438732320751616
713726033954938880
742969038243024896
2282864630
742225014984867840
738638478708244480
741888005628153856
409840348
3991652293
741495807178870784
85382786
740052116853555200
2858666098
291991607
739683215401725952
739336170216263680
739119220651331584
1905556916
726271193792180225
52933801
738960534867873792
736992312471883777
1386582414
100240939
737578436701523970
102101583
129827894
736747111388188672
736443149103468544
1921128703
3704070733
724198348538793984
3271161588
1043776105
943721509
712019543414214656
733115918755192832
2843098064
839955498
368610224
732060615406190592
391898701
731958311390613508
723771128099930112
731685563233767424
711436638564429824
1413184656
723255412426821634
730102690815070208
729127610043617280
1553529852
173064812
728517737287327744
941569910
4257469574
727762938854035458
3379215430
249489952
706455802408624128
3647256132
727033673170579457
46347202
242365689
604505878
4642690375
302435285
373976425
3190039694
725930159602180100
139566308
725727985626566657
63164224
4881958823
2901826351
710764445450932224
719379641916604416
716122533691392000
3318425418
485415712
724238653178814467
713847900984446976
4055364132
2815037766
720875571375316992
3188894484
703526421843595264
709242063154319360
723500711749758976
3329125568
140690195
1610182980
715320219640721409
84307439
721376204088086528
714467979900153856
3244831358
722425346692222976
161177557
324826658
4866322029
721669201270870016
721409159002886144
721381477666017280
721332785084936192
4897726138
721204902022647809
712246619807162368
79905458
4473082334
720658588671156224
1114527031
720171672800600064
720060493868699648
719858954281594880
719850118309093376
458142700
21755558
4463485812
40637908
1544623544
714411387410259968
716174996767244288
718091835982417921
716446771350646784
2676152486
4772921112
2483312112
144588063
633603357
272794119
2892820302
715048314778071040
703587250009812992
1451820792
4872294596
704525095004278786
489550912
4302136035
706488077414301696
714547862114185216
714437477516189697
714298835304976384
714277346337886209
706395918757527552
714074138382622720
119570877
713349981533396993
713690391917301760
4844014340
2819173980
713427490601984000
713350405258878976
712920860210933760
712919362789883905
4851193101
711781816210862081
2904220226
61577278
119012533
4286673453
4336142539
4787013172
703938001731190784
891629018
267692188
4910098693
709637536499380224
708938035283382273
2258412768
727670108
707829191727833088
4474214779
197499997
2248486170
381572998
618796106
700904595715964928
477771951
3145130036
4754019236
1418885305
149424781
4160299214
778626950
1724866580
2931917960
3236177102
1225645123
704483409096101888
1642035296
142569123
962915258
631137335
4186537820
195250031
702505359198400513
4842796341
701722430788620291
4900129974
111802159
700938999670579200
1484227916
275443532
4924445358
2911640761
4845592611
2570704106
4893115268
4837317372
3194039222
120391980
275445009
4908754353
105751383
4428097633
4628939184
3160958401
4210160345
4806350239
1070953291
4872512870
1396814916
4881351923
4859225472
109512246
4866283425
3222069769
124385123
4583921593
1945030776
2999010198
109012676
4709846593
161662088
91521147
397382646
2436133407
4786972412
4258322427
55582019
165390325
4715473775
122645808
3238597503
4813471859
3004920218
118800696
4629946815
1030449162
4742543538
4303689554
2839575336
140692501
4644960648
2797446408
436581068
3081266446
4649397661
4702117939
2809243345
4652413159
4687199772
4647937812
3158959580
4589001023
4580695517
4336111512
4632130273
4113702314
228622445
3272021780
4208145912
4485121104
3142305660
3229896614
315732526
4544793440
51492319
100236725
47894399
241455175
3196368565
3066780180
2795585000
185717558
4481093293
4213148479
241315663
2601249043
3811866918
2341139364
3837456560
43150265
4262631033
4340299531
2433649778
730392780
4219635261
125620439
4102353019
154502692
4233369192
2742214350
3261877338
578930248
3375821877
451375141
1675125758
4220682133
4176563920
2709885218
4188237613
4174285274
2921403794
2857651022
4143907932
3918162328
3292259940
155567922
4098995173
3918661115
106493556
16068198
4081695554
2953316923
3284229890
4003933992
44825692
103515559
4020010932
1935716222
3469045993
2333868139
2932119427
533072323
3744449772
3906403512
3195037020
3258826650
433980897
3559523412
3581519833
2939797976
3845553852
2928222764
3836134034
3832483214
438477468
228726577
3405601383
3659601916
2886993098
3640518793
3624794778
3650902272
3150795277
3670106664
3668184254
1386690792
97206668
2965893126
3627616212
3620471474
1348833373
184669087
3550644260
3048050353
3573370633
273952078
3545320033
3231717624
3547314493
96972900
3546204318
3533888419
3321179089
3459617534
3254989964
3489436752
3226891788
3468467892
3461469919
3429644352
3304300057
2504307294
3423091032
1597796234
3185956988
3411621134
3303053084
160234098
104509410
166884342
404620838
3361079714
3326820200
220245257
3324180780
3323847541
141492452
3321043543
3318551827
1729462411
2785397899
3314468192
3313634898
3296823187
3312685117
3312349166
3102932024
1354949126
2594774983
3306114206
3304732146
3304229328
3300873542
578897872
2968068841
145152864
293084019
3294902306
3286583221
3280305720
3268086090
2936616810
2748414632
487434994
93811589
2979912169
3283231627
290872307
76334638
2876924082
3277187089
119340795
3274675970
3272044152
3271340792
3271163654
626258843
3270800826
77010227
3268275698
3267295880
3265829720
3258705278
3259777716
3259996106
892369238
3227007618
3350327145
3167372521
3196005528
722272398
2781809460
3254834299
3254910956
3251827476
3080028464
3237565627
3244860114
3191621204
3247342526
3334789883
2507813972
1165869661
3246329556
1402710696
2957024462
3243680101
2950595269
310262762
3315260350
2792220260
3237541674
3237253472
3144698149
3011557194
3237144458
3236303498
3196957890
3235320097
2869099369
2270648197
2912462767
1412154728
3232534129
3019133162
3190866001
2897006625
836312077
3230607571
73618743
3179395999
3227849203
1653615151
2823678174
2848722564
2353566488
267801486
3220251530
1456014746
608815976
121329020
3193410655
3220010659
274879176
3196995337
100696648
2994222230
3156955982
3220083452
162067214
3219921187
3219624883
3083295366
738114846
3189052345
313814524
549656500
2731412347
151892720
2844758984
2914911564
1193628180
2916201505
2298035556
1919079654
3151252218
2890151851
3020572290
3086076258
204630823
117302418
3185747023
3068128230
3254709315
264081859
3075060252
3246104986
161990566
89002012
1917355626
3191062147
3148824337
839423262
2733447038
3142349846
2923591860
2615926512
136252528
2373676722
68476373
908931674
3181534826
2922249895
3183942428
3011159251
3179837364
3177780804
3181267352
3062811720
58714171
2854649773
3138770131
14447300
3165839522
2364221719
109622831
230772170
3176299308
3170218292
56903836
280851039
2888898793
3164286294
1929276104
544382465
232578999
2914942286
172451986
3156615169
3016584344
2940767245
3150676782
3084184765
3112524116
356380773
3045548322
3023973282
2817058610
1114896282
113877213
2971725199
1030090340
815205990
1562069281
2793588158
520074427
2761753603
52311684
2720536474
39883560
2410790131
2673327426
3086174227
2231580997
2605801820
3075506497
1089541620
2997147948
3071362808
3069858367
3066876901
1103852941
1601141138
2212247780
2798248975
3021963877
3045725215
3045956138
2317336250
2856582215
3027804766
213179335
2997576954
3039148430
2495923027
73064871
3046464532
2984709289
3030979872
3008183713
2348819034
310401632
3023599903
3022405933
3024787007
3020427996
2663365465
2965943046
2219937331
3014203915
91029045
430968327
17907265
100938828
2424259597
510575018
3003126970
74760511
3006102998
512815648
2999979408
529328489
2996250457
2998412869
2499739573
2333015964
2996912743
2593478378
289084486
42032553
178631319
2989426797
176732318
14251801
2903647488
2987465886
2981655682
2983982700
103577487
1699910634
2926567086
2920243710
45096083
1524450990
2967056370
2959214214
2679807182
2698428882
2447492848
2928517382
2570900983
135921993
2952219949
2952070832
2949777583
758770279
2942698044
2940385810
619877593
2940304536
2914658095
2937735007
2931305909
2885634696
601578564
41535315
98339993
2901292428
44150842
1866160063
2894478043
2823911863
100915104
2921545130
2607745075
2922751429
2763053766
2928819835
2877103241
2904064998
2928139190
171793493
2228726731
1870115683
2912995205
1344240805
2607940471
2922012314
234830789
2922272546
2586974874
16645703
112773911
2919912146
100967637
2856687277
433346123
2920821866
137290878
126957734
18530035
2917879664
2919532956
727765231
2881826828
2895327589
117323058
2905938614
1070688091
1420952814
2916509233
2916238140
2916028104
2552022662
2304923515
118086120
2913868728
2347817882
295675414
2257260788
2873490987
2627564102
1396380787
47893477
417305786
137695454
2678929554
248317806
126550320
486291779
2649997417
2906079698
2905917080
1645862282
2899644518
100781113
2526764864
62356591
1425897158
2302563985
2789094218
2375224634
2856664548
2893268358
2564944500
1117702471
169383860
335790871
296421387
2317956223
102549058
2392528418
2763042542
130133805
2842134776
2842470799
2842371240
2773065235
2589530082
2838480474
95791759
2838291762
2396541150
2621980820
2795446105
2819388110
2593172094
237727411
571037318
127515557
2420113098
164804567
574640827
115852160
2275939117
253017963
1668477690
2824072771
373197576
204060281
229622526
167025549
180159966
2211819698
2338617074
2381994139
1105939712
834466861
1435615622
2336069654
2706067135
578202060
2662153364
316354606
2211313687
2604088764
2610013410
2708360605
2809048226
380984642
1422880717
2378466230
2774543369
590737547
1088121710
2399829282
2246722783
2673186416
2559520448
2507593802
2352052872
35005216
2577015649
2604316068
101424968
144397587
1112056370
2433380455
535172264
2682793663
2808813408
2546620650
2662334803
2662290168
2662282032
2662309909
2523338418
2329448456
1073061985
2429765256
2661427735
1538419284
206059812
516471471
1613590393
1552480740
2605594333
2457762198
2664746906
2330268912
2234352900
2160447936
1252987716
1196747857
399972090
1417620722
2271179438
42871117
277579105
1278131738
1673653867
2348560387
522872786
2686737110
2662010888
1043692135
1116926101
2802717667
1382339863
1401650874
1511762184
452870846
317163879
356253094
1667630060
2690153952
2456294012
52638336
2371972382
1097213642
2616870668
242712171
2654186959
2661311922
2593579898
2611121070
1384985226
2756101566
1328258304
2759446134
2662105045
2758561578
1113049489
110993912
2607395990
2605826641
135524774
2150312191
2566747117
84120426
568781834
2377075488
2428900664
528335923
52648146
462455195
2346427128
2349011632
1136907434
1193007020
1637129882
2302910431
2335189069
216414820
2387734260
1627630992
2387337853
120207222
1672343744
83579270
2296319328
1731293696
2377338372
2330105239
68360453
1690904910
1034665916
1627546478
64355384
