457687022
323744560
251318959
2706009970
208466385
732802893347164160
734845412604006400
18500852
769837321
726428328207372289
371126789
110570520
2718853993
704158177642676224
3451144525
703597832184467457
4654877243
4464037337
705355858423767040
329385390
2654313338
3427272974
4744986853
4615762036
4833404459
4512790883
582099760
4765484899
4458730937
3289292918
3044801260
4458491294
247842266
1220689255
3246304917
3246340043
3246347027
16471361
4382015601
4378219935
4129680725
572581560
3351497974
177046398
2263943978
4235185661
63712889
4276399168
