4657609037
4850433015
35595347
2921517225
702285535889518594
729747786942517248
569915255
9285512
725147428073136128
1663637683
3019717827
763842679218302977
319111222
755065595217997825
762273229977321472
762305206768005120
757978670619394048
938557734
2318654546
726886205913223168
3426916697
499528233
152250491
2741950028
2414195365
3400133931
760129637422948353
487247856
4537659460
4576968862
79585722
35413612
1428434406
198236393
418921737
749569772015198208
385396355
721394991554277380
741075393281564672
89325775
23483816
1207783507
4836131261
2426563388
705156586038300673
219902235
2782008775
14962212
568437023
38143450
1626294277
718351697031098368
712277810447032321
719790333652033536
2644902171
3094292199
2486970475
2213258946
1962730376
3064435726
19980134
112500591
732232980970737664
20178039
2580636774
2869380898
531540979
747110106593103873
724286939776573442
1213341955
107975788
223281772
76671106
750269781761200128
919944787
144299276
35751003
20675681
225245149
346194566
746626334592405505
38691332
2341266996
599904751
748250868722573312
748245873423966208
747948594255241216
747075656429735936
4150739123
121891243
738588147253026817
732620895831777281
746334477874495488
569872967
262345867
2660542681
378062929
43323512
431012446
466443447
744151300410007553
316033600
20504043
120521974
717829109750095872
4882743003
1354570123
16596200
2879760845
22607674
291294103
21927677
39266464
212052023
38474832
726510678073311233
381106127
1347250338
1242631568
547600919
709369405
354442367
454779231
735228732596707333
2476708074
725970362412883968
734394223550697472
337722326
2785305083
2627811030
268771584
727825988206395392
2519189106
350507190
700683024149643265
723251262398054400
44617484
1959677492
2800528118
436058425
565509706
2364669548
294241401
69733004
2634638447
15134277
701199289834479617
2168415412
701840293864280064
21184213
3152042415
269483404
2826561438
1098272216
3726783257
111966379
2814580343
1026645548
2904886691
4568772141
4853486651
2550074857
2860847451
19430780
2560256271
2787667831
622707172
953189870
284454737
199292289
3105163589
21505401
2894669134
1435608684
2833998694
4042351703
3988121745
3618536777
2151784741
24254884
3022219565
3323207092
132905572
3002056342
2301641438
3430401915
3806278823
890613535
230256689
3296799995
47631579
1010063815
47593061
3089064911
132748637
2174606192
2998241152
3360699613
3438126016
2873496363
1667436512
3329435056
2236229424
3364906905
2422735554
3377803227
26979081
18138592
3250705197
764213786
276896647
456485190
1851435146
884639222
405022806
3379848088
82343582
18906599
20447743
745937246
3309178360
1378596505
337725867
196991386
266273071
1075324656
3251782913
15066876
251709114
109288334
3233469166
3111495304
1642612782
529293208
213823817
39972057
2541964130
3233790622
1708306650
1294850592
2223592112
176540776
41814702
2803836762
2911289897
87032917
426168339
950072724
140404561
3207564821
3207240287
15116230
3191407049
488981714
2345198082
727073472
294799083
2829895029
582921553
305131063
3097010379
869349355
25356462
3151707788
2875305646
88012316
107132989
3012191938
3001499573
3044853952
1561047422
496468236
23515857
2555181392
1412611220
335573972
459409738
2938104165
2937392144
27426996
18200604
3094092827
102205850
320903052
1182556212
2584659632
2903702141
140489134
818231382
1114917500
1951819237
112099070
2338584960
2153791381
516672726
3021795454
2485108506
72572646
722312533
2987494054
3024281398
2849523220
3014527876
3003366683
2829688452
224695229
569402257
501683012
2993233775
732924265
467885779
89472609
2501924501
274295451
24781358
2674242415
175439376
55527489
48653473
509718823
2953362203
318645127
297790821
282555587
2436133592
460100711
48743186
351547030
275212985
813002346
1627406942
1360898695
2437548163
2824696634
713529601
2242820197
2887330767
2923655902
277120302
225902793
2351512766
424935276
2917586103
2457899432
2528099156
2420941269
456107604
406868695
2788602837
239538502
978814298
349031217
270579158
2893390959
234712502
2466735356
2458042640
315846713
1028477252
471151645
2501649330
76589806
2822479079
455834810
326514316
19768990
2868690011
430550449
418902974
350957687
2866404117
2839404657
1375528230
158643732
21183885
2817226495
817923
583956117
583879937
2458782775
2828627455
19158571
2858255548
320823204
392099981
2855852819
1974017821
118080576
1563024769
2285521946
2514146743
32049493
2783879880
2333914695
2351420861
97486299
15115549
2180135409
17260074
492991594
375886998
2818773580
2532061172
319852393
2596599356
538078599
2326623197
2814843072
480420325
39591536
406532392
39523927
66167252
20517269
492422173
120513326
1950674282
703324622
453815351
18617082
769850520
46156948
1907435192
2569045848
75649456
960872473
1012157300
351634651
2714365008
2740217649
559840256
2481877525
2472702312
2283607932
2384178474
88664173
351960206
557801745
192340339
2690009936
534206852
86034295
2214416654
310917929
553074507
1186447268
2402423772
565669979
358718770
2482482170
347465017
477668336
2158850443
496800843
2474242253
831500821
1137946508
27301618
32373193
2356140852
1110230108
22643590
20867257
718076284
1907725934
391320739
2163183834
1382527184
592118626
1104391674
870544610
562802479
110140954
1100547770
309548951
2203722724
111065488
21225188
571790242
174357608
358687243
68843876
1570516812
222817180
562904641
30500340
42714891
248917352
291646971
906852535
1872683107
20938985
413019210
83865890
1216472298
15249946
17447210
15155752
1596089281
297060976
393868799
220262034
19086674
1611241286
568376130
202765082
952591710
260189556
1088642653
163997570
29503208
299608609
1412347968
146017931
222479693
970801938
230916724
1262057802
923608766
317758106
391906015
1307128814
113180383
123398501
434266991
233884120
442159032
19396648
1187569074
19247378
751893662
889338264
322629076
580591810
368759572
73980804
387807318
974700907
15465153
359035936
29272012
137316607
261442780
72304093
382094689
165840783
355486247
32343404
555851927
580920374
37889793
213698911
37927334
301059533
268285133
806897335
287163355
9650222
