737293592062889984
84860555
1669166142
28125120
2959471038
2959531273
1586170357
3264003207
752801681809739777
1010281908
1337576478
754850680448376832
113585840
755328634886422528
14975085
811942160
23965358
305579476
2271325815
3284579773
287710011
1543849650
22433313
4726967181
2855864495
714560376101167105
91274231
231786281
798260832
2514382747
1262277042
380431559
43918058
4772382747
759707273702891520
708656498675752960
4099703772
4637526315
3062356426
2884156127
754801649231732736
729331338076160002
933143924
749453573281320960
710470456344760321
728218014424936449
509446741
715813331219714050
704647459881000960
395035926
743298681835642881
753547001732685824
707598988766216192
404780488
2471639953
2706643627
121158213
744037814162030593
748241136691585024
406278786
3032294919
2500964858
713155608145432576
3223210521
472477437
111061400
428742965
96701610
736590400413143040
4605130640
61682149
734011377954721792
744819685804244992
152371113
2983356909
2865729339
108698830
2163630615
200172561
3163075033
367600990
1183260170
284552779
2809434797
4170950663
1201919749
1117911961
740574351217434625
739635134299660288
18955912
725083765022834694
33184509
740879890350759937
718393824272334849
733675138328199168
229659804
355571374
73986605
721701682506244096
3849066554
410322459
52268679
716497209978707968
39166602
360136335
108570063
4724397505
3095355973
736013170473598976
181620591
4485845661
706106227663708161
719620365706731520
734097993104797697
611297744
334807329
2202809053
2939706370
29689299
3303307353
733314945585053696
2902999098
33208231
4615762036
65836867
736908174331109377
2432522383
36977068
253351311
361182858
726061292
42609957
17907265
37846270
507568633
728926301562781696
1617703520
932422278
721756531323244546
135577188
174413414
2898806113
19312265
132890694
880373102
3313166832
727844659393925120
58432824
2430843984
3311309578
273596565
69800408
4815908782
334984455
1490683939
726971791193726976
2481431462
2894453878
4717936273
3053402550
4137451541
2559527796
27867738
3161637466
3002207350
3090379654
4179377159
5940642
1371803480
715878548528107525
709324551750967296
720228234588098560
3329768757
266173213
708187058875969536
1657619845
711368342280523776
724768430138642432
2569521432
725901369656238080
4908683097
4587671483
947688295
725982172339904512
980699918
2214201008
719096904663982080
28357975
4635342847
4054176724
725331788587999236
2168415412
723251262398054400
724566560334090241
725585574103535616
402070746
706088474764517380
723575554373509120
3240120058
220266778
703561088
717064460301680640
721650099747688448
196111284
159906522
123593520
327184784
86177206
4905540401
903758844
707105264424488960
300114657
3130731453
2421057199
526844844
2917805117
42873384
309228963
3433236178
277125802
618633729
3065726389
328484372
1130798108
2155759051
889816898
411763307
158305164
523085134
351009963
17427729
1387846178
2464920451
777687276
24733117
217158737
51052182
3854038335
2227403496
3092129199
715459845172793348
2173904446
740589414
2546286852
4792128977
718089016969728001
833005237
715376625953611776
3006826902
220398900
12874852
3504577109
21389750
21115666
3887625554
4033639799
4873348575
47323652
118701586
4891684942
81329752
81329639
714464492155969536
3024820394
2978064662
714470144601235457
3252484386
715099819002490880
3342549640
193546947
710110254080638976
288841963
3004152063
85562805
3970861143
526817958
51980459
1307781919
708837527386513408
3283614398
159216244
253185908
4549390936
4548368494
4547318957
4505502855
316132991
2465869551
3948637601
4175805537
3193095612
3065371887
