778528167380168704
785010214810640384
740353837119201281
784563953993146368
784405902648631296
767989825509199872
783716103520477184
783713284298006528
783709231090372608
783707043773485056
783705362474102785
783701694207107072
783695754443489280
783693456099147776
783662503016497152
783660317096181761
783657807568592896
783647890753204225
783645869216116737
783643747758149634
783642929323581441
783641731661127680
783640962795003904
783639993575243777
783638946421112832
783627903896424448
783627445089947648
783626976514801664
783626753189089281
783626296957947904
783625715426086916
783625663580221440
783624978654633984
783624487027683328
783623923405459457
783623586086924289
783623421234077696
783622943939043328
783621492273651712
783620825316405249
783620317738520576
783619865902915584
783619371239256064
783619226170892288
783618891192803328
783618468226543616
783618002835025920
2797194306
783515430245793793
783514688982253569
783513494872330242
783511967608737795
783510975194370048
783508583455391744
783507006569054208
783506290366492672
783504212730667009
783501990785449985
783397186453155841
783395069952794624
783393552369803264
783391950309167104
783390469988372480
783389334284009472
783358309671677952
783357247363485696
783356273290948608
783355504533737472
783354642600046593
783353820575244289
783352995551465473
783351593794019328
783350345887952896
783310129093496835
783299852813807616
783296344417067009
783292640292929536
783292090482626560
783290857365598208
783289676392177664
783287802834325504
783286390964584448
783285671507132416
783285082081624064
783284354076270592
783283496781438976
783282836237197312
783282087176511493
783281476859076608
783280891703365632
783280116415668226
783279427006238722
783278539873263616
783277674500206593
783272536041623553
783271433795272704
783270533840285697
783269464053649409
782957526652452864
782921986985062400
782916434754142208
782894671039258624
782892026069082113
782874162629140480
782871272598503424
782782402657710080
782459318817939456
782283657704636416
782282106948898816
782280772551966721
782279897741791232
782278616071544833
782277857288462336
782277078892679168
782275760002256896
782274922953322496
782274262606295040
782273350546567168
782272233238441986
782268245822758913
782267565041037312
782262858046246912
782261994577461248
782260801180606464
782258152397877248
782257411088265216
782255089306046464
782254235383570432
782253513610891264
782252623768326144
782250846956326912
782249474810781696
782248756263608320
782246702950387712
782246129723289600
782245470382886912
782243662541361152
782242881499123712
782242056626315264
782241366491344897
782240391407906819
782239467159433216
782146532002762752
782144773448605696
782143572170514432
782142676057468928
782141926485000193
782141160059867137
782139768515592193
782138667364081664
782137713201811456
782136836978204672
782037538416553988
781865528100950017
781863927428714498
711461532878548993
722356672291872768
781768829336711168
781751251012911104
781741646849380352
781519746495905792
781513824201535488
781511577098940416
781509054711603200
781507548616728577
781506015976095744
781505758823407618
781504106624147456
781502797456048130
781501373078728704
781499969329045504
781492532517695488
781489271907770368
781487192178823168
781485228317609985
781484687848050688
781483616572506112
781481746147729408
781478189403086848
781472789031219200
781458139300425728
781453603844329472
781452318600552448
781450176640802816
781445345980973056
781389251967528960
781373139104129024
781363381244534784
781121432789127169
781107087027896321
781088248508641280
781065154909892608
781057751787114496
781051851764600832
780769000796008448
780663501249404929
780661814493184000
778251326031626240
777841016816619520
776980168577523713
701763509072166912
776384481645125632
776221601482305536
720977436125564931
4257085818
772027693848199168
2864665591
770655151933620225
710854444120866817
769151264953360384
768307613759115264
712482953670950913
4202835445
765528888453701632
765387386259968000
765261494175068160
4909997561
764461060048850944
3359974173
763664105844641792
763659164845563904
763645448208932864
763347898411184128
763346752820895744
763345720694992896
763301845532049408
762532429554970624
762488953278607360
762480956942856192
762221154899783680
762216390170378240
762172675338956800
762167554664169473
762164470743502848
762163973798162432
762161864184913920
762160703990095872
762159669594972160
762157646103314433
762156444191977473
762154095943749632
762153171510788096
762128214135304192
761890848128761858
761570256578048000
761564787444686848
761558911312887810
761500747087355904
761499001954992128
761494613219766272
761492283451645952
761393489707954176
761389893683650560
761204315813998592
761186399752192000
761172890058358784
760854921142996993
760853628282372096
760849785544929280
760812424178130944
760791252640104448
760721508553592832
760435233841963008
3328130136
713391731060944897
752528638264901632
759401927230783488
759401339826868224
759400697708306432
759400228910948352
759399693424160768
759399132192702464
759398485280063488
759397953165557760
759397381091758081
759396856229142528
759396163711803392
759389598393008129
759388695199879168
759387535613255684
759385943354859521
759315903926394881
759315249543647232
759314355125100544
759313544454270976
759312842692685824
759311944306266112
759311198722678784
759310251149627392
759303075777708032
759302122592735232
759301370788868096
759300728540266496
759299822092451840
759299133228408832
759298494238720000
759297643835162624
758986869552009216
758985593858629632
758983998278283264
758647581668962304
758273753629327361
2488707870
1018902872
757499083439370240
757128963198218240
757123303140106240
757122721612529664
757104511634767873
757084405538095104
736894876889972736
756437319037648896
2856167174
756828800718082048
756827136388890624
756820235760627712
756805471282073600
756802620623323136
756801426089705472
756778972638240768
756776064555384832
756774145870921728
756769233204310016
756767063377600512
756766124608552960
756765480933814272
756764512536125440
756762650214801408
756702677980028930
756472414993809408
756471129020268546
756464441265364992
756462985057538048
756460095567982593
756457276676907008
756452467299258368
756451108478910465
756444563364085760
756443205663596544
756440481584807936
756434226883489792
756431001572737025
756396122260865026
756111244805963777
756102974271782912
756089122171813888
756086742856376320
756082617670332416
756076928910622722
756049529502363648
756029726951632897
755986209562734592
754554254094921728
754546346993016832
754544781339000833
753873777944096769
751732915369902080
3319934906
753065585752375301
753059169473859585
753056332387934208
753054421832040448
753052741812031488
753028007623847936
4486153754
752802413875081216
752189486147207168
751291800141324288
751223403437318144
751092108711301120
751079105869783041
751077874690560000
751007278237618176
751005250262294528
750703008204423168
750667321346187264
748770493126184960
750300794704965632
227273138
750203122417446912
750189667228741632
744400859572871169
4713278959
450245101
748390266789371904
1014503232
745251986346508288
748001098754105344
711481860447010817
746707598691307520
2196282823
746230417364127747
745861375247933440
745888281011884032
3246633750
4833102018
4900079710
1046936076
145189839
4245222374
4898036298
2853005030
3291568430
4641427374
705573122100039681
2866197668
720900756434333697
2829348847
2937777979
727797341563043840
4883925998
4892761484
727484960450334720
4848664580
3278627606
714430304203575296
704906839511670787
715186961238007809
726109379930394624
719275401265156097
2894794310
720314533772795904
723968475295821830
3313288710
3422352012
2515226820
2853374238
2413711200
2829330556
2873644388
4224307690
4701313724
3913896096
4894821232
4224475936
704640682338574337
720639648943443968
4739303725
4147673778
718631842447024128
701406011702153217
4224253809
4223944306
334770866
2892289578
2960280535
4224478953
4224177741
2994408390
4274030968
3000798786
718627994999193600
3016135463
2883316219
2857493701
4840759871
717948736178143233
2927986416
712590016682176512
3186755420
709054408516968449
4757729414
3238983972
2947535497
2414521194
710779484698324992
4873033170
3561951134
711930128054489089
2928422654
3327598220
711825494136659968
707152180134842368
716160062478135296
4816241122
711573211230703617
714456645577809920
706792356243238913
4080951554
3325817886
3280740715
3285210145
4892010820
4873518892
714456071385972737
3305967302
4914427666
706267041934778368
2917842988
3974788583
4902385280
3781244966
582679358
3151346742
219690862
709703982373953536
3322221264
710550291192479744
712839407707926528
4630021812
4553439616
711885852952006656
167330057
266173213
2572712341
3145558831
3320260519
2772972043
852881749
2858138496
3321106501
3957025573
707069196207697920
2894003364
4220834239
3253853816
711215503813906432
709619560446500864
715122137527230464
2915574121
714408441746337792
709725948342460416
2937785816
713215560864112640
712554536074760192
2982863059
3311243300
4921560762
4594764332
3508814240
3581863153
2876121097
4508225174
3004747116
4212692053
4257952278
3300305876
3858601342
2908974518
4853668405
3403790103
2855221478
700987955289071616
2894478296
3005962754
2880860347
3278365830
3219165787
700601897934151680
4839554960
4892670013
2880799490
2925705386
3347805533
4419596782
4160951573
4927679290
4888309785
3107116952
1062970196
2862284436
2907118200
4089194292
2922720686
4774497786
4638200420
4696791972
4671033974
4667121072
3306012420
316272920
206209165
4356699750
4377765553
4367683878
4364733614
4250250514
4091302333
4089222443
3966936434
3403596390
3303969758
2853211867
3247853665
3288129919
3410098744
3029494865
2839946745
3166558130
2866941998
2998332948
3382455260
2725798778
3308725898
3705058033
3633997463
3310239330
183210205
3698904133
3436809579
3430528102
2855672066
3371331865
418008215
3611692694
3219798612
3424143459
2827612367
2899000766
3317873304
2854671325
3637904902
3637851508
3637717335
3318370610
3266643901
3470720113
2889606036
3187491465
2996003395
2990671178
3436647614
599519598
2870761038
3456677186
119376363
3328877352
3016207699
3316508629
3266071160
3321229304
3320400421
2993380802
2859803119
3308465586
3152827952
3314393611
3271151900
520059046
3284965285
358889230
3448494317
3311383135
259060724
3317338022
3338618240
3117292221
3010140084
2853157436
3437634196
1443064580
3325922604
3323799312
2459349014
3253170686
3018488790
3198410100
3293769614
2933024898
579652646
2872826827
3320417838
