756369970762768384
749222224406732800
740532183480160256
2934790182
728097551442796546
1423884284
704273620768583680
3853349592
3300143760
701005229328769024
2904585870
700972494585352194
2894478296
4390142833
4901124577
2937777979
3385348665
4842550596
4862568859
4825613174
694807794889797632
3470367858
2891092758
3197830604
4703404922
3556147032
2853211867
2882567453
4756484533
3549159733
4728347149
4713760878
4714462434
4672990279
4468732899
3119073223
4592280132
3974788583
4091840724
3670612579
4102815864
2945034163
4499349808
4494905553
4504752929
4468248447
3957025573
4557790273
3252924516
3339318733
2905279106
3266871199
2853157436
3929588140
4513653564
3306661290
2860183682
2894003364
2995940767
2857704198
363359320
3228661614
3159315732
3378214873
2873644388
2931922554
291540170
206209165
4110338238
4418175792
3882748280
3221253980
2855338514
4350145340
2860692162
3308391450
2843612989
4265299032
3294977839
2866381842
2858193176
1402889797
4306532965
4310146392
4091086153
334770866
2855519712
4190187860
3149799012
3996741498
2564717359
3304861940
2982221222
3119669869
2986043888
4043256854
2880111408
2888177090
28961177
3302345458
3459271153
2839946745
3316673983
2783705982
3991867340
3297182911
3138845479
2853857893
1870033752
3879205754
3879127574
3226238880
3526854499
3241473852
3909813372
2921611978
2902410872
3020972287
2975022739
3182438713
