2844155920
186197243
743261890613129217
918736454
2216244204
1667303785
19937076
4871212732
105056014
710664392023547904
4211902763
1662223507
1382753540
716059929241460737
736626107475189762
226900083
2977616861
606900870
579166377
3306663838
731112326485540865
745640050243829760
16440035
732826987128098823
758247924576944128
33529092
759005274837442562
3359347257
70180872
733889339386650624
780346206
591451860
751105351244738560
385337150
712801472598163456
755294105299783680
4210076721
744961807014592516
2811558498
460309471
2545576855
712321196
522634225
2905997799
750318154316976128
604545802
1668952814
1962730376
714846519254458369
3425510261
4584057016
295558154
1242229584
3815935215
23363000
432693120
79525575
22930064
362472865
746423444074541056
2641993872
272388054
2288284652
456353755
4756211659
751316767293792256
46465179
748875151576559616
3189675289
27206165
161686725
206999288
2434263720
704864080201297920
373717003
498221887
4884430107
722678705068339204
712156468548661248
575496519
733993958167175168
3241059893
2252308742
63505387
1566304730
3225448114
396095407
2761969588
20313167
4067703221
2978060121
2827604185
4871564302
4611993687
968992866
3294389542
2892489441
4405598560
126989417
131543835
3247155566
1964285881
741240053201010688
189453121
719202079345143808
3450607575
108838948
726931397840101376
1690163011
86834989
16126957
725755206978383873
2802934505
1327011168
99934979
4005375497
747139794757627904
123414384
2753119347
373794969
920143598
746954359355875328
2363052556
743036332801462272
303306701
415766227
2891953294
2433924289
301945647
65046175
95987075
3042243094
13492552
822066151
541086155
1545587720
703932212144689152
746649583934124032
294622957
1666838509
195899685
956807916
720732159221309440
741025902545506304
3149556063
438423449
300988123
273569399
165475169
735130804083392512
1613485962
2914297096
737109698827198464
744800729005580292
1123703796
739559741303721984
4892717272
2215369954
182987193
746452923396268032
746292139005460480
2485657622
1845034194
994293373
23970626
3189573444
1421508900
3184043512
739403072410124288
721230762033475585
3556425795
706592584714625025
1730525226
2610352166
1125769999
737395361589956608
2804776732
616934878
390365505
721468180363878400
3158274637
325044418
1267686097
122714443
30833016
3358472805
1451589193
123049375
2488772514
3301591319
17919534
3092447482
39375118
2901245151
745155447204679680
745144746620780544
745151476213813248
745142227278585857
2562268036
18981319
548590706
725534038275067904
1405715947
91807650
3131561907
2485507782
3098963375
241260517
475388884
3111909523
172430944
3239405105
737225323415261184
364723008
3448003937
3004439539
2488628101
721338992965382144
58796073
176314157
2600182099
702490829340938240
224183827
2394624246
2813141481
743245737975152640
405022806
64002024
717609056039514112
251020244
16667912
379767285
742108790158438400
4829991645
2832725915
726560914535673856
18507505
3311911386
708315480545746944
2486476099
2842749711
104626211
430816717
72888869
1482947839
227245275
724394664938344448
1230865136
29551945
2196100295
2369506560
1951728966
548526105
16134235
2976796559
385390424
3069858111
741888812427714560
210556794
738396783315963904
38976017
731593382926127106
732123573217853440
740678859381690368
4871685341
2317573334
466788795
1649454290
718117017153306625
2495880005
2306882005
2469141968
4830282013
713838112544268290
486935714
3020455940
4869210287
332828099
444268559
71312051
34937300
733063509177700352
870687230
723903587915538432
53134628
1552974121
30014233
31251011
774706328
4519689507
1220442518
739478573543739392
2209316343
50944290
733207233736155136
22067083
391692889
1234846814
1875760310
735678918674370562
1632486703
734394223550697472
723552770704445440
26467736
2304507503
41702018
360360498
964663460
738575396845682688
630636354
15835786
736747620639510528
633873667
22905872
553802643
1356992605
197974228
734664298727911425
19381675
713719869708050432
305848096
172422642
2984969968
2425493840
1975182726
345892002
2533881802
2451607285
721732665976733697
4082627055
14883354
1908348464
3179061531
572181813
109997374
735368508104642561
4880682041
390263070
712845768630149120
733635804539539456
132890694
2404751063
94195346
2879667890
2474045003
2520178490
21421245
15215455
363297964
733699200232398848
2962508877
821785831
76357246
61608747
2325236798
15190357
3359431816
726306565221797888
2728248647
18857913
705649854723203072
4819660233
3632715016
43415501
2364669548
459542686
290469264
2778710934
46920013
3233063908
60882049
3021898492
367273527
3138521631
732319948366872576
1246520911
2414168274
259654395
2796071046
333074358
714934318305517568
731792706796670976
2250849103
909033973
728912197854842882
1583035398
2796334270
4916036723
697113689871273986
376084551
22523182
36027911
394274636
27733419
3205582234
548659264
703652278394331144
2238059208
382679468
1446853159
4890072615
555069599
4786884027
4809273860
21360280
338328362
2412580496
4852194585
140119443
450062327
2938454213
300198075
4731685562
98583506
3003863477
703929315935854592
3005713017
728936652299718657
2739348212
445664103
2822117268
225245149
2485413398
2784280027
268607705
4552054219
2905488164
3590632753
1854120540
37731212
208775961
122667692
3040737729
501282341
30541572
3633739813
717073946278039562
721535872328269824
725469917844262914
479665431
1442292626
379962842
2925107639
1104863606
492432499
4664930267
38495037
4829174506
115326822
724078666301485056
726130581487104001
3377406406
4744484008
575690565
2455210460
1247090515
4340273833
3197392486
2488997646
506901064
1421960875
2424016218
3052587083
846078295
706977742932348928
3271389043
406041989
711146010521767937
4366359923
4728759886
103015611
2669507574
528975480
3161637466
4188671596
724207818220417024
3011256515
4827199234
28779194
717840815876399108
253724206
2581758266
2805827856
98633993
723251650174017536
18919838
2853792412
3161659217
115681686
2168857388
198236393
3780286457
718191992568737792
719939067136385024
1450459256
723251262398054400
2380114454
722853389298757632
720349388959322112
721081786332233730
718550672732499968
940503344
4801437601
706651419772895232
780754069
3278716658
717728258092040192
3177406031
1638727260
720098948736790528
1423699747
44959884
4670902697
3138602578
325653895
2311326116
704280275040206848
714575249128423424
4745245323
100449380
721046621467906048
252961165
2892308178
712279876124987392
4735284493
401585258
701155154
573895433
179560864
1091693605
368866013
399587106
43739838
4795112187
3367957301
2201786156
234490479
919327542
242833592
866624970
2730038821
261598699
154350597
45538440
270418274
2257821434
1696185068
3438834909
4724488587
719201186646212608
3130930611
3292725757
4149443495
719202842322550784
240192814
705853649008734208
3030056267
210067523
719833569447845890
4405711588
720232498668650497
44620154
710990834972233728
4226557876
81148474
855053131
719619150944067584
2385560574
2572442850
718855997914279937
2345875034
2148974662
4287786019
1961218116
262749118
38882534
1580209118
961327692
3228178671
284403303
3131333459
3126162236
75736238
3360665687
706210879440883712
15134277
556218135
53874609
4395738293
4916471507
2869325571
3004265873
609583161
4897346411
62043694
3683668155
705803305780436993
575912231
488582518
110803936
470508203
2265315159
4074067235
473285651
331825712
717011194868011008
3413764360
717808208321110016
4513528287
25464634
536360107
4882743003
1425000152
4804334847
1690769983
2991818337
4744800701
3214069319
3172509675
1489703012
1588845806
94607866
3464860760
1283220877
2693731320
118457123
499661191
2996864446
1545688314
21473120
3066027189
2255146519
716674479552925697
3297336528
708030956439998464
296648994
718116958030467077
355144150
4489457782
3374502599
2874109600
1696166857
2739785938
270016438
2699496506
2541103584
213971941
21230017
2401514358
864702738
4364784082
101756062
110735727
83161315
2494331432
332160349
713877778681171969
139461658
714906690941022214
712254184637255681
4890338373
701682077314355200
3292628242
67139827
2692125771
2976997091
3899337568
3081905860
717388743775281153
4833699718
701536083331391488
2969705050
713771111490658304
23222640
4853820677
275547016
292256606
3018791432
164794909
3035922106
854003948
80539751
296596810
713274107677122560
700697706683957250
4104189345
2989776491
39067136
2473789096
403179950
121005924
3298312288
4378209137
112709628
390085328
713094782483042304
4862031445
704976168525668352
3404713047
1683651078
3270571682
4272870988
65163895
712717656089034752
138882037
709394331728277504
713853634715385856
712011005144883201
14465607
2952871659
18160357
617832072
274744519
4864750780
4717936273
713429506221064192
596879511
26271469
28213620
2905669108
4850336937
4869444615
4387076783
437695069
3256699331
287639526
3244826380
42166310
2979523761
1284877082
2255547348
50613562
4113724119
702982781866000384
103121875
105011437
990792691
570240686
3345333154
135577188
1077771648
2898320171
2666016692
334131548
1271003173
701101238499278848
3391985055
183718664
4152949041
218264459
2822441304
707294918251827200
2792589217
140979716
704652985683542016
3759407121
2942867199
297457814
3100086245
4917435856
2501522820
1250037176
4850561243
3233838837
310797873
14989313
3697177872
2287887180
91460306
344187737
37912530
4761064634
2742875619
2476744728
53940708
113144389
124003637
2451867288
18958655
21223161
701397829995143171
20617541
707199464814059520
4864547697
2413910084
4920359405
430630501
1120000410
3201888929
81646967
4896094012
257531308
701885769988841472
4791431357
3104028792
4680714752
2332474639
369341304
2501559841
2500964167
708335421823049728
2790026400
700776474068930560
2157705814
585604003
4889352004
299132804
355633084
4894789000
131262336
21216447
149315713
2890897703
4598876352
3349925638
353125270
705069078042566656
2541352994
2859269159
706405535743152128
2149437525
4084116501
3042923567
83420146
21696802
316576959
975887828
122166624
2740125295
1359040722
2851539231
19873046
43554444
1401589574
3416488763
2724557755
4873988662
3001025751
704334455259992064
1357289328
3370476945
2918928661
4148025981
4439214441
821187889
4715345421
4717892303
400161309
4559611528
1242458280
3374366727
396386386
2883200760
3405377524
1381417621
563443401
709963237
2174573084
82464591
128014394
3372490497
2530535551
19355955
4885803346
42630130
36645898
702629203884302337
2663116351
1175414119
704451260792045568
303166615
612721794
2247004094
704132872764952576
33253174
2594626578
3134767216
4912226817
89286004
2595176995
2411694794
328440716
3640665857
4718719516
415519370
702559732184301568
189116097
3655550867
577055614
703197725219647488
1215781428
3031229014
3424622265
206071884
701866563268378626
3405505149
2552727344
49624197
387768429
3040245804
105761199
52457666
21436506
702806896747610112
2650797529
4768762815
3427200023
607557900
4140381321
2288723564
393271504
4205389155
1346530920
2391736202
3003222046
861193664
293650134
362923792
3750919830
702200373172428800
2423923734
2825924324
85053370
4849239880
4829289532
234687606
2684862253
700512166949089282
3185153116
1477107084
3309519556
3265684248
2843872435
79411903
77540948
2259111877
282091188
2682311691
1387141939
50130965
4892437295
2170986966
43416740
573629823
2855270728
2316709313
4516337201
259382116
621029899
33946024
72372374
4852746178
701717287
15670787
186947829
26493482
43112176
334603161
2709250490
29409434
1286975888
494105909
21691814
38026693
2945853544
3015769804
2535818742
801657973
1442579023
1588896114
1328708946
1421670974
23926495
2823746510
555908919
3001839765
3025858443
25099158
372086400
565716079
26576990
3311390827
1963114699
4236116903
2978635539
260632904
1611503462
4243190795
2265109888
3134652024
298722510
703561088
2990529982
84601057
579827183
2945359946
46698493
37599351
4871376285
2885705823
714513049
3009755495
133247890
130870420
4871579693
2773461740
4143395536
4197860298
4063463235
4739601815
357692406
574711180
3087093887
2203768105
66173189
2447275438
51131135
21905564
2203756387
2714874608
4894460729
3417871636
478383774
74236071
23018032
4817032017
4553885356
330624184
757487155
2303884693
35054369
3687632843
4063285643
3633611729
1924964269
47482229
2895094386
555151757
528022723
2805989637
4228739968
1074916754
823450616
3208482538
1208260291
2924199337
4220373573
4883631935
293056140
3305252199
4841809137
3165121248
966681366
486786840
2148639705
1222918988
2464662349
1289679805
207697553
607871889
270679712
4867270053
4834553991
19527625
903377622
163582516
1425348680
2541679898
4836438855
187579804
2802201819
265223786
3290781859
38902695
2287246902
3275296080
553224712
4869441669
3883987944
168238759
2569399453
777687276
2598392163
3957056895
4746261231
4224729994
4863881043
4747895848
3422259011
3928624695
1084729243
3197018322
4547869279
4519349375
3185488506
3984271999
4355797094
3428565077
21651982
18469492
3265899319
2461452080
3314758074
16789028
4479812413
4103087435
4332740714
148223322
2534195028
16004747
108554712
449110269
4795556396
3344564308
3931150157
233835830
3360817660
44346358
935491188
176521643
17109615
1127049992
525656191
3362688082
10704782
3365988797
3309041036
61940938
3329888266
236836382
2760050529
880237465
3167409593
1915364948
543685732
17171142
4222596978
2292748574
4529650337
4342635861
841611254
379231969
2214463387
2966103184
3317421956
482291845
21387734
965280547
416195194
417180926
2346683056
1167684505
302815351
1179877998
1352278459
1174812709
83702735
2757567310
421034067
419480555
4182327579
199770246
612563165
4628288894
3260189928
19102612
440129269
4210818687
3041438073
291513513
3534124813
249978698
2991767828
809904438
18161620
49217766
3434421484
551875679
3111482895
4584315737
108740430
4715438292
2449650492
2464773584
2855861355
4460684428
20316349
65455370
2401718935
228417172
3577644793
4729904237
884304968
234024459
2197397851
101785932
2734405245
4698763412
65046968
444061175
3308560736
533712421
460678140
3580248555
83312898
377094020
2739186832
2412051059
19442237
3332044263
463332152
258025056
593871970
3131272391
2227403496
1180508838
3402833292
365601245
3825327556
17372211
175344840
321467768
2390179262
2685199019
4690093086
281489352
2457306370
2207780696
2984727962
3635573596
30117361
3346735799
25635374
3890345237
4656927401
4633530137
4102376488
1849337911
2346790179
776398981
3630788235
523477481
262747687
1398194666
842217397
571212190
4561156337
3304835283
4363198276
3528057558
468916175
2480230799
3407752798
3207769199
2460515510
136644917
54153498
2348563026
1075460258
2295343929
236631220
3234108048
2823007229
23742414
4229042058
375170597
611350965
2541458987
1960513914
184780576
3448846420
37078976
2488123544
2887958602
3303507079
490805688
2397132581
2742987461
74219748
424927514
799930057
2386014535
3899481526
2874459100
3511023913
361662654
4477125256
56216595
3879233537
3313488428
378054350
3534282977
2148328322
4034054667
1597398924
3537637941
501196426
1958035766
1361701068
174618314
171337448
1012073593
3320712379
2499409474
362616512
259882139
2461907034
4002680656
2866119880
2903166449
4296369395
352963725
61194489
2247377672
107796984
1063229390
361936954
915331472
455590467
626424341
2900781590
44422814
51966394
2670390968
2989323842
3989295372
48554454
2278175328
1931562048
542550562
212302405
56459846
264268489
3405633039
18315727
23205346
2984322113
14134180
3600354862
1447375976
585460615
477755718
1104952902
3040798215
2571872893
523737102
3894065594
4184419215
2161491157
3386446072
2798656723
2716009550
232348466
3950481494
4310523732
773798108
2158963149
108157719
68137754
4014557117
495212554
133294380
4130970501
331892473
29191089
2776646422
2169095395
2979773758
16710420
3994773082
1704772676
234061294
20897273
15199103
485373368
1075681177
1394008394
246416378
35905106
4032255927
1155520627
198483889
1065869268
2404828293
16753998
247981000
1564676498
1957743416
989446776
100235408
19737879
4206357495
4184437114
18305815
1134728358
606301577
526162113
2148299336
3142472141
3041272960
28830480
3033431981
3237940072
3462708383
812542670
1959741181
3294099130
4158855862
851641591
19324287
860729324
828120944
1411723591
3664766116
2517108419
496762984
3367987133
44654697
872834545
23483816
2828238915
1893117342
71054986
2723131287
965175332
4152648803
48935222
3192249580
2223064093
181302278
15968897
1692269437
3156501853
3753356896
3662881817
3195020604
3818989217
351198392
636393451
2650147916
1622493138
85107516
3990577513
3154558293
2319339266
2233524090
3487575260
1258161890
371184537
839319103
3787809673
3017752532
3135565264
369018737
1227902569
2865078826
1370971824
3295640503
107265071
3318028920
890094763
2356073252
3349034871
348130743
373703200
2984268267
3656559557
578981779
3527157742
860252845
2308954104
2155759051
159693106
111832673
90888044
52268679
2320806729
1008670964
2433828712
326639353
1379288282
570854575
27799202
2588109960
1497000517
580037966
170493185
3353082825
1405752114
272175633
48455249
131158251
3207437691
611797263
3560599820
2501631114
2931029238
3320682953
3667173137
3399419885
3546630376
3067008811
47714847
2464327297
541723718
105295143
2483746536
3292319125
3393455085
3910414572
404025610
3123972368
483678051
2283399726
2330336837
70664947
3293235761
3904637783
255515244
3434518743
283301194
284290445
3146945673
866836458
2822619188
3407442165
2157521846
3097270977
32125437
422031186
1096368456
2894317233
2312494016
3494094976
2293954746
2991758393
2575793299
388786564
2789875482
173167923
65555085
61703582
2331013565
367619803
2762592056
381108914
140517388
3061683608
117207434
299506384
3431816423
3026398912
3742280956
2997789394
779093905
18054977
164208335
2203720009
606996012
1885863307
33786290
264219519
359281731
2168445653
1367996996
22782020
583456963
28343777
247684341
181984719
379130237
342206150
83628515
338427256
3184118117
1454249192
2735206138
2284338600
2851539255
33941624
1030495537
3003173050
938739163
48567923
1283021400
1202259331
3316897130
1650972564
404712984
2614172701
2199764267
1279624999
87013470
2474770612
28465478
3188108063
750703231
95298042
557444210
797557909
3248003890
632985793
407130574
108042242
339832905
561802635
189186078
603708824
458909659
291506429
708522042
288629888
559977174
290097255
284542517
620451650
551644827
460848476
506864606
3445833257
450919703
398919818
2505217933
38274009
3000277799
3386423379
1618046966
26865769
61741794
3439178147
2565041257
3014675517
3407667437
19291485
625035796
1108552802
714656801
2209318801
1539201949
1128075277
233933230
1719567510
2320446993
3012159396
592244584
393778041
2327706199
3415552415
2950927615
1427285550
3187232212
3393942447
212943509
3051264405
2638866387
316511071
527890618
2462621143
3294842959
3304299880
392285832
2207189677
2872704589
2232536197
346625702
1542335869
2728587815
256689628
590102209
213389974
3379321217
1424105654
3269792245
360892397
463342844
397959414
768961094
2561976406
3375976427
90463579
459525448
366819502
1362834966
442546789
316350545
1869036517
501674766
3242085621
2185485662
2975906151
316084728
90485515
1035407102
556118417
2599057032
792660210
2772695072
3248141375
569945127
3193600729
632466068
1316679793
3327802318
588142165
2577144030
14110483
952195939
886335474
2332415888
1497123636
2781890903
67291155
289426956
2787863113
124749585
21515465
278659398
3051725225
1717464030
78339809
2254907078
478157435
2905369938
3016981019
940595196
2771678740
3223670971
71832286
3065829424
3233039097
531273763
534903573
3342464176
1657761703
14828860
263258860
2742164125
3155591943
3332834609
2715189193
1858395193
540332284
3336600675
245429683
2583066531
2529296168
442587728
2734087205
2431915068
3080511838
198128780
2304742584
223169360
2504143856
836410892
3288341109
1945521499
2830599333
267283669
48388395
346779713
1042121708
19439876
28478793
480509369
3228521973
2547056127
383832181
1068256782
303709614
465290310
1371929900
238313968
876775812
35707637
1393114026
3288642759
370057201
3167566834
2291379664
390996799
3233887201
3305934113
3076797293
1060176518
19527910
3296806421
3302604353
3035624063
3157936122
331942800
366595405
2784059235
244013767
3299062091
305739940
128303214
2787090005
2717863851
2366204592
2560611382
66447614
406532392
3294320061
620893984
3291628457
36480903
3061697146
84074998
120513326
2798125167
3214399476
2458403336
2913010355
221086956
2542094786
3028236521
1222432770
2469648354
79415990
3236391527
932177088
291278853
331882905
70512809
1638395616
344915074
56973944
72494438
2814843072
179594366
407629751
56643102
522132942
33894799
2734350850
2599811347
3243259186
3071440342
275636162
2988813007
371896265
1717122931
288317444
1949831407
2827068349
2365875094
3028809214
91764753
23300602
2913769696
135226441
2779511585
245501350
840451784
3226719455
577096192
2415050583
131278700
1497926318
20987538
20465549
146625376
37965207
2558539716
1971554364
3129710855
2783122907
1260349334
20042037
3155092593
2249330958
1143668437
893433162
3182484933
3019917297
1057645927
2517154169
1540938870
1546642236
3207240287
3201799450
1017288727
3190644363
2173601608
3131630289
3174036887
2675986912
2539438362
245368716
555308977
44126986
2731701207
2765039866
346104924
826537184
1355266946
22206427
2736673414
3072168695
3184404705
624721967
427734418
20714578
325585553
163940677
1322204228
2891770589
1734681512
2742670689
338355858
22366050
2832807801
24868023
3174176338
228820403
128281800
19763778
20171442
3137889429
415808169
2780582290
471984809
1722322981
635702541
2913726159
3109906829
2513495519
2425562734
3001494054
60277241
586895239
3156794327
562372370
521479172
437700455
1858633446
367700600
2873994934
236928181
2196203149
2229676606
34628317
25986060
2578839379
585887290
1541143429
932558718
18671865
2878768800
216768266
309900258
26788050
2812712081
1391192431
2950928613
935808188
2161898399
3152573056
3147585045
2434142396
740476177
444712356
74966852
3127744283
3030114575
2771420915
1190347310
3007452653
2396717566
2243867540
454282080
18617082
2827787582
3145419921
2731637805
40445970
128652402
61755850
2424422474
34620349
283499290
139398305
2435827760
414361963
45103363
1914354536
394753594
580385180
213007504
291041644
2597621624
1568492526
19515059
410806776
464078954
305655577
557833946
454251763
16389971
460476899
438449199
2371262969
485729203
2330899713
448591262
3108163353
2902257983
2920201115
3067416305
262208063
2524948128
2810997818
2430730327
2679899798
844240724
343550561
3132924254
257938955
2901362967
18725209
611915772
1438717039
3118737635
1320506124
1089318522
2799699613
3088384415
2354367164
3088506052
3122972722
1533143322
2824606058
701172848
2269082300
2951248157
3027724039
828151412
2552919888
277818877
27839828
630125909
1527461221
2922867425
2856404785
815481134
1265233933
2313099380
2759874959
165795049
731633598
2761482629
86146943
14771857
420580817
3087917843
313681431
2810447313
2546562188
213223080
107545109
1697215020
296727616
297006242
116228328
2376185485
2476026211
348782476
23804708
2511050854
569471159
39286260
169205257
2939292561
2511584504
2801695127
2462333066
2914519846
16638571
925694131
45638072
3037108702
2165598685
2912927158
2980290131
2777951447
57360176
443899044
3054043309
972909709
2320507177
753664585
33186312
555442819
103715601
1886607632
2327519864
2353249170
2738231751
2991710892
610028948
1136684586
55989285
2525222185
1506905551
864819445
1147086920
16155881
2341268312
2422664844
2496761904
24222640
184383206
1872268352
552551787
301928433
118472977
14390182
2149465998
1020857448
3049238981
1548576871
2804447746
2969618651
438972019
3026599165
2485027445
434768278
96307231
2734685258
1151750516
2857194245
2255784112
1073900856
2694334656
2807864198
192220143
1065897642
3035272504
545480694
2660071426
2972990029
2749478391
2958209008
2775888219
75164817
2778770807
1122705594
237888723
2504987495
2917805117
302851152
796060484
2361520964
423589194
182265955
24935003
2616367057
2427252054
94607882
732980827
2659696782
554335063
2823109342
77220402
20850076
50836292
304913315
3001909845
2874925778
22199366
3003366683
2661724803
2591529945
1268333359
141372072
1601601938
2998739285
582072838
28566291
1265679950
963192668
2292074120
33797767
18772468
2985155923
201467739
462306517
1955132936
1914083736
2507557358
48871593
560914742
2950580254
1206227095
1618641848
993575480
112562263
181620591
20215316
2845681325
443385462
2972875817
2293585534
17757005
283129344
223855725
2847876525
421689363
2900834807
2558334847
344462082
71865295
2352497927
2754749892
592292849
971872202
605635673
825875748
914980836
458214340
292590965
862374578
1064362644
2837244053
20035139
51734793
2909428240
83234491
87500545
349582502
19768990
2444809245
1493267851
2737398002
2638042382
2906867717
2519134542
25320639
2858648025
515154835
2899706715
857001662
785830202
2859733468
1909283155
16671007
28096105
1525629690
1688761314
2729783909
2882706225
406784853
425933852
270327100
2586046706
2891922856
21527658
316175268
876469448
941156160
122014550
583818505
189628044
2228659594
148424437
1269302990
2738155487
421602184
750623802
364256223
228448495
43972179
433233815
2733816872
15610459
2378411216
1969376665
2353071330
1617155396
2198298228
2785187253
347405401
279715845
374138602
1331777659
2862164543
583956117
2843186387
1525560440
2869808532
1853114688
2845578484
21091983
397770228
129979478
626268824
148933349
1370016014
1668523076
2702206144
2838333676
718962284
196111284
2682450060
342931335
1335002192
510409753
1178498652
2825298484
131241003
197728942
823112684
2753977339
45167431
128389200
449851907
2709229968
293338829
19451560
574220290
2350637833
430952981
204917711
477410739
2685281370
344793316
2715216471
122033106
226249629
83207614
52209102
49324978
1278814970
2718205451
2731478779
263895642
147479994
316107511
600061917
472122945
583879937
316045504
1642668019
763145480
623880299
94060600
22339165
274665686
101395252
246087962
161224598
54019702
904394432
422735940
240305676
342894187
2336197665
2820413773
1300507856
15455893
794921233
486813730
73071260
1108273921
2760338521
633137174
619227494
366268076
2277835949
305066736
32362775
237587916
2228504462
1974934074
1013790499
1087198122
35441122
368505084
118529844
263788420
2272360686
2287720385
492953908
2238306774
851050326
550437376
2448099102
613665194
468542789
306802578
2780344878
99904505
19529794
1490863441
17714851
373364206
1502900810
278096906
626344295
2731489684
100313511
1870056282
2771699135
48659996
371760024
1605772734
2245023250
1416676050
417992966
7349062
615284546
1318026691
316136295
112847907
356774898
164627612
381310813
68182726
870949183
1452322664
453815351
2712002083
285179644
144566237
417505730
17946250
316087752
330944007
425294193
608137849
218068559
50980914
450033262
601336689
1374916692
1539233137
18612050
30052255
2765684392
2292488509
2589004001
539794997
2723938291
289856464
2472480749
41373175
26315374
370321205
39302253
316278645
154234658
2782463484
2572772035
24958970
179687731
2740789923
420897126
2492967780
253006325
2578292704
627818858
2722468532
316729100
339922603
2757906507
40440183
348147554
1198260842
65744391
1037912198
1040958458
1467332090
2392719264
356434482
490756805
965114592
2460107916
160122131
1870200116
42389081
132111956
1327797996
51734146
228764858
950072724
2394317406
2607149401
794645850
2746780459
2540722420
615368010
1870232670
2539416506
2216457691
2365928549
1626811662
2721754412
603108817
1349844704
337290288
2383805512
195758687
236487209
2203110159
87032917
350362817
405963037
2695616874
1251732044
2436985333
2737588251
252890019
36982750
263861869
409283000
1098072728
1879355582
107440670
2734490937
418931583
709731021
557849464
2180135409
2645588238
2340995828
94336816
1517618293
1001798851
2266557613
828791870
1871935164
1076190428
93637779
1235421986
2353548552
182320498
2393063119
1214919109
2479283110
65561821
299354235
22967322
2350605667
336716679
1870178185
543744570
2351159950
550296941
254732884
2670116450
15170286
2615242613
2687314372
352187455
1870042014
2326623197
2451409496
70156027
133687963
2535446095
2179744438
2499094898
46925833
1066780141
176252577
361342730
2612102464
1395839550
35525213
216743357
196224074
193240944
15699770
2375559542
211699665
328484372
2591798060
2558392141
184234142
37283140
856522332
60286033
16992416
1341405523
219262885
69329169
2337584714
20222557
351172079
274025057
474797856
2232256762
354983556
560294760
62815642
2334443035
105588068
2393345282
1327711254
499187808
2530350504
532580062
97519569
280546176
21644910
1876245290
48688650
178605792
126674030
957118674
1020665076
2168995328
15014747
1206431155
277924273
2544437545
2600334711
2523654416
128839829
908930785
1623145514
1281024998
448516309
2213405891
2302152024
323714102
2435065019
225937721
2575098573
1870684170
2587239089
22168568
2299596967
2496218545
1444025108
2502608441
193595672
559816836
247211143
754185648
1489910095
44856596
437261550
2380460321
635335663
2453263154
408754883
2388128689
2461838461
2436041014
409418907
2429172977
330717019
703324622
2533827025
759634009
616610342
23923501
2208798888
2442747731
322101213
2525256416
436215581
564544577
1707820806
23446496
46232880
1048215031
36666554
258943720
462202120
317308242
2519838836
2521107792
819839924
196142199
1868678738
1948021315
361516033
8224812
366498127
1312821432
81078990
2509628942
344376224
253428481
745882117
1070242490
210978450
51052182
2489973943
1928492846
620309509
631980841
354961568
2418739164
34270572
1618637196
2493373213
251787998
42609957
1045692632
512597348
2377481036
13361922
778887558
21769588
17586038
21779975
521643953
626426076
299583339
358270358
569194033
1905292321
342293297
202760190
2151159529
556629230
352918456
26652733
1696865275
774045350
212551214
2367525743
931837213
136632975
19780714
1470826249
2277142757
579304753
896927635
110268940
240868250
1493832542
395208141
212229592
846203972
18641988
2462239341
2380897365
21882349
947139642
1556140357
2488156311
2418357880
2464920044
580264431
1265773411
158060289
1549149666
2456549977
1399646755
102451753
31079533
733669754
57969654
2433792036
26868545
26591324
1612966092
1511863236
2384178474
2501702253
970822374
1682009238
1345554990
2392063330
2303597038
356193382
539365457
1700581722
989689286
2436143423
2174732415
1057905968
208083510
2353178278
802403125
2188767095
2316246829
2154834407
505832308
2389093746
2346939283
1543941798
1260592830
54647745
351474565
1109862306
1056289050
1565970666
1862373380
223719518
491530957
2230673360
126704226
1975814814
348014127
2445962630
31528705
224704470
2246201081
1779778332
1396376630
22195441
366672743
1430112397
1590988068
2296578230
309958085
1138463623
99522642
336111648
574477414
2322513505
544177621
223782598
289862323
402253671
2412866366
1523084330
1100688433
191795129
1541810790
2452664025
43514076
2424867398
244116266
132881607
226694331
2421057199
2388422992
190558607
236099300
236339055
1249675392
106197499
264723833
535645405
15455253
2423942726
2157436699
2453304431
50385898
231595561
316991969
57215100
69286547
176911508
2258785824
1111162218
46479775
1550913889
562949320
48037296
2422587631
1491435854
2339836743
2251015406
560242800
2376851238
121656624
585314465
942868836
46880873
2394350036
120050968
148306358
631270850
576539583
719189105
2448052330
1452510318
966737545
129178047
624603464
145312680
248141154
379030823
1141939458
1002428413
33289415
995649685
2417436716
2377436628
73408582
95754677
15784302
2275660620
1054324195
729979098
991390057
365512064
287877901
706729200
562288022
1500048955
2407010082
947843994
312938622
539116569
2187383395
111225697
964720946
1461449719
347627434
2405072143
1623088038
1858431402
1710412188
213283823
57982155
2356754006
2274875398
2391011674
1251371953
22813326
1681862498
1141025396
543566680
47193387
558164020
88183096
595346543
2250662099
353539116
1905057830
375539222
2310320650
1632623060
14199525
307753962
929903647
2389658752
383322686
87226884
329620283
156106952
416696556
987794376
337409393
18924985
396096788
2355832802
1096499420
379369053
613560763
911021694
79467582
493928105
271562997
406370130
842495204
976664252
1635276925
1187960544
1893220020
236045706
1151915312
811015098
2222334395
527372536
1106397583
2331803130
2246432465
338969558
588989607
2283219571
286294555
2371920265
51609807
24378836
493143970
616033457
625437545
330990433
2222873396
17838269
307290396
563067557
2192417166
2218263182
2365636811
1014181298
2362653434
2367719783
508987646
185340055
2203958213
164365161
1165060862
294799083
2351707632
1080207836
2358583555
2325720099
1583938879
290001739
132274854
1152572244
1142280072
185220185
2359339607
1712008232
2321570292
2203843286
2357659527
1540759158
841455517
714161303
311612708
2336618659
469785709
229214792
1548761827
2217327603
1530472884
536223279
85873818
380466193
1305807127
2290002319
771312259
2266540758
27234309
2178814483
2345480395
28918971
2343759230
700033827
299522134
1272824876
951813487
179074865
460342171
378134551
96955619
291265941
968172798
2296291196
519713644
347057474
569260809
25770408
479127285
436645176
1148834238
2221171663
1612400514
2309603843
95229304
611033375
1086166231
2313910873
364348384
159897380
1685980694
761965519
2156602596
2254043012
2180142180
2221384834
248563081
552848796
19618046
606305321
17038086
1653808938
1104111116
1976587843
336013226
302788303
1251926676
162671848
589015431
195951912
598520127
1633219142
1241246306
123694443
529440082
831148974
19479214
2169565511
1605854598
160302566
492991594
2254715759
518695948
2221953555
503922805
848357065
1046271144
503131405
320704424
454984510
104808489
1082962274
1371803480
444800767
431687186
205888155
1377434496
2238053531
2254379702
559758102
295798808
803227202
2228703083
895644630
261204789
1419148886
216344987
86602719
464245176
19558103
1835125303
383906888
42091611
37016742
716604017
339555578
231892833
249052337
743001426
822078666
1831789034
1148683249
483002865
1089835398
2225640752
2187688823
2180248827
272558204
1488261355
193210285
555984991
198803862
488274556
1718480984
373960175
2157203979
2192981401
335462691
360999263
768982796
2212323967
103948985
22455296
1103731093
16816972
168644899
542922913
73952305
1979568403
1623228728
241308386
207929178
61869192
242618658
332888190
1114205983
49325887
18360675
615300125
2184376353
33079769
2181265510
501216000
2166441701
1046246286
163671640
375622325
714180057
626095261
1646150838
14104027
2186289560
589612584
236906543
548551500
538924774
630486541
2167299661
1274682673
375574739
16814727
492833134
1028389297
583490818
120511180
609428425
45641358
492612729
1006534039
460245485
1324728116
418797665
852622165
77052255
216486571
433424011
1119913765
484239682
470282995
1488102558
20432747
600379099
885733974
125471278
57592690
44186262
1697036612
482268702
1708384322
2147828095
287246957
1269499213
198803335
458594412
442156009
485459058
1422792216
377005568
2153743627
378141890
217522653
393832734
221634221
845718145
190589983
314548237
244589274
244973877
118190428
978983136
20611868
393521344
633899914
1230108222
1611644940
202153436
516788778
322008513
430173496
506635177
1513724538
51692655
714241017
404839668
464001595
14851290
1573763941
1157656987
1950674282
709007019
341251022
705585057
83434261
219289136
15628274
433416397
11102352
544075222
315188354
795149810
61291033
40443752
474399377
307154654
270378744
785821477
175850071
38916826
1655057160
322238767
1168407812
1849311756
1933022360
568595801
506546370
322154617
1881907638
1710526800
759217453
1063696615
496913969
215352821
20810697
1086976519
829694792
237877772
438599348
860395748
15406238
1048669088
400360743
408811116
79175176
1325015251
1570245109
293128704
1660533529
1426400280
231785272
19536880
1238933964
1735390164
1651314685
54613670
1200149713
54769979
1589341194
324801723
1626020366
27699053
298190486
463726726
470744587
415414079
397503724
193285353
23685368
29683450
441103671
445360132
949983906
1320968108
49162880
1281126667
1880824836
244015944
1635739693
1355273886
831877147
766043616
289961872
32401391
621002779
844298942
294145954
26571580
280254672
27817189
429123612
617981827
1854230352
187184141
854906120
111701216
1863109892
43662736
112569402
349821536
21702932
88656651
1374227076
928325096
1401510528
139176614
950354640
583348785
390208861
579171916
337241482
1698252096
413646006
30467603
60630907
470487223
466090255
123134034
835608547
551285556
114924915
1554391712
545956819
359286559
63538699
209695616
304093602
500551344
1338436207
48695612
39524149
42834939
81435926
418611492
1167690108
768282008
584911013
111547732
1663135632
338128716
724623284
563108976
771465259
1366670222
353990174
937424654
962358458
214860840
454566980
1425036402
1590818892
239121585
1038100496
1691609245
21080187
557666965
622244859
555865638
208716083
20282863
420299555
237274490
455210932
19477552
1131198338
23185674
379054115
1057621736
141027713
1300373676
1648627051
1144866836
112266869
383439733
260592800
777907376
1623267781
392687457
701744911
573953385
1151024869
730150309
58491317
791783702
1511273436
595159484
1653917468
1643108947
41218186
100305808
106098830
154559468
311619290
49372625
75381804
1593557497
218980359
938227789
970929103
1359525187
1069191475
1616017568
1323803930
317784243
25332100
448950233
40697207
231458924
16432092
829446506
519881489
1052397409
1597560102
1356380462
103144836
467723007
256545172
1270659926
86173941
1591138309
396202498
453959947
1227852967
24256074
410967625
304154160
1381675201
1568971819
1557344358
40672384
248003945
954177542
21184213
1013431892
1074162278
39523927
63553115
302851945
393192981
528254170
190785370
353657708
381033115
268445890
30956544
44110054
1561161978
501852458
20134451
206962580
273707563
24645354
542825471
824831718
498131441
953559224
1560606300
392992934
45513867
88168692
1117901695
1153669196
18653708
1104124604
1253134303
487577386
615065594
51444503
1503391405
350935120
884172800
992193380
1425390900
1069137992
97461990
1374346362
1436850716
274782243
47553531
1201244270
20859189
333017699
17375852
465816083
982957250
288145037
416116661
575742879
582255807
1479705536
73657657
28637882
1529086903
353872365
1520440633
207935987
870442471
463749076
300444557
125767134
1391849580
360080281
50992307
197170486
1475234898
1087353870
1404318356
1380375908
335464348
1343196193
575294143
1406191285
1416270872
966235916
265556439
161430851
1325239104
1425679045
1460164914
26245741
1453818192
21789755
1262032866
569915255
1153528710
1272491100
157051884
1029560786
10324632
203087282
493583518
1477181803
17971747
614551398
252629056
21343653
1009740584
57600508
1295283162
270928594
601161788
67015360
1114509985
503629481
1454254345
1406079264
878122914
258387535
372801522
1451484558
737295018
25713562
389368599
139142932
1228308637
597222090
598303964
598188074
921001693
585537138
432917406
1143335214
884225322
897064742
293478622
412515609
236027274
716844175
474489753
242721526
1463219293
27867738
1084057328
119199702
1034535458
44877071
1387846178
146410957
25870710
263395165
1267881271
277176279
61847207
139659661
225290553
371410497
126628908
1239668353
1387458319
1440940082
504518175
1060467072
197742984
1371240680
543373179
58869220
422970660
43203630
722553554
566512060
29225827
513223372
87698165
1441000788
383295106
1222214144
1434108014
877190815
1386642474
934275276
624085898
80699016
524734623
378863684
525631358
20425468
1423236872
267880117
71280219
1421432281
584006357
272076747
482791170
1154958079
1361884656
1246974157
541793404
142349194
997796498
624221817
1069149037
428081159
1234807188
1205659374
1262976811
1264873524
518399661
540100041
1397576970
1358278297
558815921
614276491
22759743
428147416
142057163
296174087
238319856
118234850
148855696
36690283
533556771
1251812930
779904223
254958561
879883962
109606516
191369788
1378823028
840440827
21993522
371368421
520197647
20317593
1384310005
1382862187
226723035
24099461
888527598
1362836792
145737935
352999575
203853909
1362921445
359121322
608939278
71190894
1367977237
825917605
703525820
1235823606
992039900
333112020
424389743
291097330
1353158263
529258650
1148772656
1257139242
412459739
120524697
837484903
301847117
527949804
614370162
278673208
1334658186
18602201
20540813
21867857
816001650
392036264
832427653
1145837502
423417591
80601437
829216771
719813970
141383006
556291245
930784507
208119516
547963293
1297903784
564834647
470991124
96081482
1320263822
96197109
557251738
445652353
236967002
32031593
172310212
165088671
624770262
604395805
274095591
1028676374
245507232
435133777
20501170
53013955
1114783412
36684945
457482389
236496077
416514791
942917340
1296863168
611095695
1037395146
303788937
916672477
144783143
247506271
266106387
81509689
1045984290
295911940
104874562
417329225
248430634
270918507
452912391
1280564088
391633874
338473643
174202438
416881690
281637703
1228209200
287836778
131121173
310643025
402877703
179773166
21643140
102362690
377608997
591785944
138809768
603796148
1057671194
582656644
108753916
900272592
519914823
552664466
1023291138
1024050198
903619562
464787919
1257833316
749554310
995637996
610041433
351572227
1042854602
27848161
126986990
332814579
440109993
801273002
1229755182
490468954
1077375420
606641703
23610891
866789059
1190846324
822925159
14540228
1056451183
1154767795
151164418
807651110
539305932
313542861
177921874
18906599
780691290
295591327
887692789
377275131
568154323
125458972
1010036456
208583693
528740040
976208172
556653482
413311264
121171051
534685142
21178239
1111839840
1125937411
763540028
21484891
1160259043
1145184181
1119742214
297318268
193381705
629715793
452457016
25330682
252071259
87821817
430111576
466859619
348070646
536407859
118467616
1151687670
146581261
611233331
811731818
812965152
1055537184
960378607
293640113
1120417219
1089075080
487525857
945572304
441036257
964948760
877478868
1083710910
99320249
1086723181
1016943578
1061124859
615671995
126333585
89433348
801204030
398104997
456036568
91017062
477284907
435135893
451003465
1100537143
939644491
1019417743
467407605
41696303
433669560
128585167
43340121
33550622
365560021
79758791
1081059116
18901431
1037469775
868690560
1092536862
536247463
1056267566
1067999394
455908059
1080044256
151405084
108912618
1007952012
460433165
636415876
948140868
85159991
857420456
759797900
406252497
356178651
872525604
60923866
976528424
932962357
876184470
577974758
54200757
493395735
632952234
452931928
429505747
363749226
557217412
18486066
947688295
477026759
870348630
17941483
500603217
392654725
942261175
87871539
591200125
181531541
592009425
291959340
621969422
629235232
366010128
719658584
978500264
25908420
948670369
906762324
538206913
491617688
281192170
604512139
346503831
40889969
296338970
607607505
547969112
464816726
236117236
346623977
794125466
90394785
895483086
42873384
393307183
710563776
919144442
359777124
492497405
177904568
211635848
905780412
447332680
1013940163
471409564
609237006
326207911
365720756
809025685
27951894
381797599
210994601
444196777
564923264
595602479
351797903
557368221
328531850
1001415144
947992086
553552352
557294567
197394101
234482474
407239108
906935136
974911572
233667091
61758709
40040582
579307162
44114908
282699423
47159222
22843647
320668119
557219590
782023118
313437543
186111405
825434118
978374251
116025076
974261562
41149199
904576993
32544869
475064082
133107161
36730584
907703484
59449775
135842332
980688888
886720573
954441337
20481084
319984540
51419947
833211890
965032321
960867992
974556326
624050955
615491359
300826041
93593558
102497059
714569906
623116849
943397760
55702351
886731583
483258398
578307033
82148560
322825265
764034145
414304285
842055450
553027432
583104232
32226013
158315486
316497004
23099487
29886317
448033959
35563546
347926832
919232527
293680114
953694252
148450430
313451965
537056969
394134197
887187253
542475266
412582761
87026494
322549775
914941879
77587606
952322653
774735180
542434245
619989946
224616058
334263236
38286072
438048452
7789342
402306770
728542435
472018837
75663755
295080977
838585111
242116969
437562870
540386523
355101867
841596660
477743748
631468220
498916717
462454065
619327006
426963669
440429657
507306336
28539874
872443652
56144936
320784472
66291655
896083916
886692846
87456649
834911611
262328321
842236890
491874152
484153316
499205340
20314473
602061711
521626642
869640254
137690167
298563045
827713243
68361260
202929211
210429730
229906736
863492785
735554892
932617046
482123102
930481290
160336748
219975873
365996310
235508398
819586957
462954765
391601139
40741251
151566182
232543680
254656253
74743478
776390688
536524126
50036107
408067826
368385845
419107814
338931151
421364318
347136137
43999427
492196264
558636043
598613349
588956428
378222973
415857422
254481694
857936528
339782299
288776787
555428067
162785755
44877209
199805985
432870201
848366150
41440753
434219318
172503286
781088054
554682447
114435478
564053322
169629177
810986190
385463617
310152256
30888214
187224184
426626712
294514844
550914553
460912059
86821683
60303301
302665492
172688398
576209736
43673147
578136026
62071197
447165470
811726350
899818962
229446071
862620750
900854756
620057988
124887670
23499163
72375243
232216125
20579105
20299279
298456299
16223192
332891584
73899524
185959122
581803244
475293404
195080171
267917631
894828422
598132064
578449991
403575115
176950935
623827991
201702925
39559421
84923143
31185575
221767732
891285163
469360211
57652284
305248807
862014781
492370817
135920727
20011735
289129547
231097677
156256931
36367069
523085134
815783227
61783235
522638671
779891124
326368793
21758070
42199002
873006554
519907603
239296773
214228892
604844926
273004449
776352224
202259583
446636423
137808311
796588760
83398900
95004618
324274298
407864561
525692013
130904300
440415259
804768722
825594625
621826291
538065479
496446105
291989130
867571518
633007028
581865998
789816337
549083090
367965249
293028067
69266063
392945683
485787217
20671688
821390743
243299079
454197045
630739147
336994671
416515918
1607711
401061640
845652169
856930418
291993194
374134035
847586912
109782727
622794360
414049265
162071345
235156208
462317501
374141509
486648385
612571406
274738302
819243056
429865535
166654963
218242455
140819558
323693578
70146076
851644166
775596361
389146131
262049207
808331617
410051916
242288569
24305174
221089321
605484877
823107156
257534557
536669592
482037317
526976908
245822125
837860880
837401575
599311805
236770833
491540469
337626858
95175307
26467411
450697476
116785364
260377693
296119252
50107325
551967492
788141912
757287098
752112410
541049125
582260928
50040777
105954048
231917819
191166548
499115067
415535067
583337626
516869279
516413339
37787129
40262767
461240136
800359244
774382315
199808054
755809008
720678908
443016003
499647262
350996149
776421660
370089643
77606168
5839062
437674671
128360486
772365434
180106872
491623162
764156178
524707571
489963030
724246945
303511420
32505133
537009513
22295841
168786277
347511105
585239850
17296202
312000198
421977792
546073763
168146693
582145566
12927812
414815122
357358123
490892166
15377478
68203907
65741338
322024752
519769674
622993589
247280025
16703058
494455837
22300305
370705837
715593794
606785697
217158737
104109501
282618919
90147171
556945944
361846053
703181412
425391022
711193148
607694733
144648549
603923041
26122639
277125802
438606508
566269414
85386747
252062789
24417681
114583210
482408814
604697308
186570204
19850687
383896720
24110466
244288622
708953546
72961116
374258720
313982131
309780596
542544624
555370896
703640582
325259500
633284742
473290928
525230783
268285133
369178373
490544297
318136173
542095016
419368360
299623917
235920486
272412397
36039769
203253763
620812213
170391080
319578348
20917862
440186662
442037167
225046866
174316096
89496720
503602688
353659328
24893654
86981754
101094231
361399525
625763940
273659472
309645121
24970803
307207993
450501824
563202480
83432136
484233135
219117381
288189775
297344771
66850817
541248441
491662736
361403823
404164818
328207983
629152874
343416323
188848758
325863570
498340947
207629276
618633729
18701258
599222864
92839529
556197837
570718404
348812942
395446240
602209290
592118626
440824308
538078599
346199390
504370624
214049826
616121240
293681718
215380006
70477838
495185802
242915763
464939253
305098504
539430060
465739045
466010130
10196452
108960698
613114717
543930306
25416926
498168715
97963881
305501917
148876989
544502726
470344834
500162947
322038356
124193195
573353653
247902673
615270783
398769238
241707963
423037815
20012228
398755503
498179022
49074629
606048733
384578824
461106905
288002996
368957674
406133824
58183852
298381268
238701711
535163297
431879788
332590845
483006593
291388596
516510066
614001579
327397432
613755067
86656121
367866229
396124818
125342093
425353985
253285079
325488891
197401285
58431070
211539124
324086946
223964776
20615665
32392972
282549102
387585295
390931265
407205177
548757187
396165729
284431712
529782709
475038768
39028532
350160379
586813508
450552404
486975582
42096996
374681769
438725958
360185295
178790269
244496698
591784257
362410433
346215593
304005267
367706140
596874342
74411407
261222216
92497986
545441926
56085690
575606137
423710678
604536035
457044290
25340840
387618466
354836121
212946543
166664590
565366451
216713575
113861209
368966810
603994304
51515591
82724741
30205949
457515438
549153270
589507870
494321700
23191093
451012494
224657541
101541188
540504471
571533105
421462526
488701565
17019081
157397426
442852992
68646018
221163035
362500682
394323614
212881995
588339645
460427440
482457947
571150241
152406561
179138867
167169941
431552350
243828887
589255689
19115828
554561058
370861142
150047608
359493173
377515009
19182730
585693776
482226078
529139288
596775164
223908368
151192049
111378994
363771901
87492636
295760047
354278977
239367807
341372450
235622772
571150448
30851917
299161943
301106496
223212856
381179708
110234840
167760471
449875915
171145213
470528226
221886618
243985729
398081246
51166000
245797015
405684271
465414321
397298618
456502100
51549095
455341841
56126386
545755759
171547067
73980804
552365689
86259960
421229385
182157222
120163618
534268924
85819963
211633578
107692966
388889738
174186133
312251310
290506085
238947404
397455997
89740531
291621998
137860782
351009963
380503255
509061558
546772680
580647306
464805154
582507199
583212854
251316746
41877615
246942139
255571175
289511094
341747816
89005882
380917273
479567810
64496348
424340882
402323829
224259688
239040462
353297618
336474887
196549516
97430063
580254837
315766202
39982209
578272331
118651513
20082991
84659669
282189245
466269425
238678313
41400882
237477612
85168622
341402975
253706517
471402703
575709493
20431664
180788408
528667136
468800868
422508446
130568721
454228346
91006242
535698009
307933139
370655589
563863798
43874073
327376703
497637366
571693792
147316959
427521328
239442478
421461902
105785638
177584156
458739705
436849940
210985448
251335622
387159236
25319470
253578976
507865195
547264929
485064491
552629573
27867098
234304266
566688879
570890321
479909215
19853002
336725729
236029792
37639404
491620894
384061715
306452676
326450140
479581416
497854087
255291593
342108881
24613220
20378642
352323843
21044127
96555150
509194310
559635997
470946410
225521764
196530171
106665356
402752116
436929285
125154209
266717750
463879453
24881658
290848182
278527326
566456600
394556536
146125721
473267944
340460886
517891148
29213622
334676341
293118394
544515509
458357566
522532475
81566603
357038329
478930393
130941475
49297566
20995779
90030526
22677454
442083310
219103785
158021529
477102383
365565681
401470899
316548971
309228963
17691987
251142881
23682667
216717577
52016080
116305625
358332711
269744627
46207406
237676256
140182943
251843199
510169788
309630823
219787277
51477438
196379819
553526142
390067865
392157120
391566638
314469572
423437598
23466737
469799488
148469454
338337460
271878743
19454563
317891945
96407473
476178328
282923788
155712003
227084304
220626338
253982809
527049216
180706923
524915381
286888215
42379492
239428195
63847172
492114101
121799075
534144746
421949821
369039403
463793959
45351673
376281365
453157763
457665977
481216111
72339086
25294150
26260135
32374425
237499721
469237744
474385681
353766206
121855199
445004710
144350248
19845183
27858923
166692760
295196674
34993354
32916898
246797801
197232446
514450204
404057483
67322084
389607164
355030999
83653792
468838882
192028387
517726047
361318272
177695163
245100608
19616903
495892804
290574098
206821303
398334397
485296454
112582208
511698421
375169757
277539443
421319631
104821014
224295092
14370613
220103845
498347776
495293358
42625872
495877194
186454582
479472637
396067894
374167281
221414229
47844189
373280246
416318065
302732011
481396112
424714505
98897109
291394687
490289817
473646524
167907505
60513986
140978096
308705895
31412674
26556275
348645867
227205321
283926118
68378058
409273407
224997955
105547302
116752920
359557395
462155389
120871150
300447394
84110014
270384077
20750553
480341009
346146073
478116975
245332692
461475126
341597006
252192750
292827874
209319823
222871329
383245690
61069190
291331354
401446464
20275889
92284371
191602985
402826190
42169665
66951419
326527080
80687823
135189435
157745623
343308901
364172798
236002491
17161373
91208372
51302988
293750682
269230240
239828262
339633998
215949711
381971697
231236014
124874077
208978723
457396696
315220111
105272947
18831810
434518222
30337390
136198923
242544097
216667875
257598416
398195822
116878791
306942452
455972612
318903334
211675358
267984304
459371864
441993854
138731271
155704077
197395154
323307268
29987506
385977229
115566731
90869407
343157242
386073107
189870199
376066187
352506657
113235392
309759145
382059199
358040429
156755429
248389598
62527273
311451832
374101193
25431559
164347461
275368307
97499389
210865905
327146287
25330659
294314101
28075694
300018789
231496926
368274033
70577215
18215165
81618873
252081921
24533117
346515639
24692064
321275258
19387828
1322691
293598457
143060751
363631121
217365795
140160027
294656236
169253520
142326651
40159637
37635895
109237155
41715854
152777823
344995123
268930838
274001693
21322408
357375432
305519400
64190809
188275746
24751227
101598139
47586577
350948778
37815038
344491470
332128327
306523466
112188931
34434801
36977068
343401700
148485591
294502226
83444662
20584591
256471627
85831348
85447351
344101889
20867147
151752797
135993251
107179377
330085071
94811454
264353667
14961903
89280944
47444595
14897151
44941453
115969061
26854642
21125645
282982944
159870717
20329271
71891912
302821492
328889762
17427729
92823251
269777726
34652806
304333769
290219685
20347670
298196821
63237745
126924752
213423951
22479371
72529640
227380816
180171266
290769740
162767251
15689264
294749416
16308471
105858730
309150267
307383912
262089808
18474984
20781527
318987990
309232510
280900359
145429532
14382779
277919956
260689448
39629410
265627806
265340726
141019528
130190749
215991297
30193517
272488133
143405202
21852630
274382364
