772535353722953728
723617037998804992
3384433271
28938202
746049276803846144
3004445890
1886745644
21970617
30647780
264879105
3091291221
432067405
3510436034
2260847553
113349253
108288348
21680144
555288041
23998516
55572534
1039121
2271873376
767677244173086720
21490622
4346736432
240642606
67326990
3362854738
22504438
3020143361
1216852339
2157114555
4863159871
326267767
2836064466
731549038646984704
767893927466639361
4246072213
50069799
239510568
28680952
4892056035
24556105
3711161955
772255158256472064
768545432892911617
36519979
1489282818
4310781736
22942462
2291618543
37220746
458377940
760797919054364673
234559111
23746411
827548122
772169843336286209
297191567
225588249
729678904588406786
4497805522
22094553
709076044343541761
256372407
96648433
198626880
725129993274155008
903935958
769980319290228736
396148023
756638811728257024
741270822933782528
771741422034817024
4069820847
259506637
734348794611916800
35129324
735060228106915841
730823249358028800
16616476
15240851
565780235
2235214832
361498497
2376381426
4847520567
3162963194
771701183346008064
17798031
2302295040
21802000
962960300
569485011
181638022
713731054906044417
190757511
771717031754334208
270664041
3503222361
37144893
769270590125596677
728966181676322816
4095348132
75742264
746727668603838464
1543944841
747599352558821376
771563914148450304
246435074
28029336
2429259546
715577505554571264
775248746
2505084745
266761135
21907675
4496549793
523871901
22449786
718202465036996608
15067424
896549648
28931314
313543825
768752496344862720
14731096
770293355842592768
760776782559580160
3234757458
23752159
747592418325835776
601218464
40154007
3821227853
771195806112100352
2282911196
745733128694599681
1374876098
196802928
729854053933424640
728815969510957056
757252076938203136
740014056057147392
771142324235665408
37549249
339433442
1551892063
757259178763100161
3729622096
66656478
210658819
165938084
26348896
33048649
18148639
27538881
731994204675526656
3288066408
727282258701225984
1942475407
387321930
293558246
494763113
376472551
624124659
770418018887331840
709401446324805634
2597091649
2568983149
759567208263680000
286348171
1970209064
753905131582783488
3293538159
1168572306
29735126
283974554
49318764
3347582463
739740380246253568
2941835070
33674889
23505535
2393083572
710658446014685184
756212017711685632
173233917
757727943602954240
715723959916867584
1604358115
380919448
754179412120080384
1930302066
765253800915562498
2628800365
3913575682
18311141
395661486
401090263
20825059
800721812
356063633
2313051879
414634534
434207317
288818576
19019787
3267764497
969204524
1193959213
2321701250
763686911034662913
4201517774
40664527
1355962134
748245325186400261
759714473556840448
4802316218
1687908570
461793455
767988196126830592
769345559094173696
754775250
2740546270
3314642570
108322534
94006544
738733388253827073
24570249
100288169
1579181286
87726640
2844693572
23531883
793577262
4324111343
759035063023521793
764851295316566016
757964301286141953
767874975093055488
737983800810999808
14749907
3225549849
2986243504
4857443134
477897399
23876026
107661656
704124670602256384
4064521156
762559105118580740
1473443426
2878671064
764202624375721984
285998401
760896827596140544
53179643
538693062
4884756575
4878114987
2321132942
760063644789080065
4850124523
60748257
769236059582525440
732681446444433408
35030686
25845808
768486347300626432
3111906865
17313776
3256207677
756607142925303812
734425814
714475233420382209
368005852
618649555
769327839032127488
23398898
721176266414489601
768060247948787712
741579614
447588057
1650652338
250405779
511388120
374021162
769284020375003136
64179507
755778344
47801895
2584468099
259420367
762975339110866944
769126268491014144
616573748
766294750769057792
3148710248
405420029
1481409751
2707106097
762725754543013889
267836128
179732982
255665581
47096351
2761592377
735632256186896389
271983868
755416055799885825
187397703
3278938615
4070456954
413380668
33536132
16160943
38338883
703227450
123464143
77562748
2577862315
931287019
2493269757
1163786779
768712814433271808
759365605245857792
2267576256
4835583599
18874834
2258931420
61609932
717032687643529216
2947973327
16499152
376934427
739836328083230721
15915809
2225657954
98160936
180919011
768527844179865601
2432221788
2421067430
3121769263
18787733
732914821373431809
458766559
107553354
13786542
1345682257
4720175957
525595860
14541364
97132136
700723240793088001
4169033472
338528705
3232524201
3441024682
3603858975
2344309998
756873856099323905
768199506621980672
552335115
385115425
742451758321012739
345741212
1923348800
114918344
768146210129489920
2829241367
997682274
2437028190
2656091178
758455040256253952
1589153515
18213546
765812165903126528
767899299006943233
29532485
767586714470711296
1171084592
133376819
767598419775029248
4213807762
1958681684
493636177
732504236626345984
748515756900556801
703692143580323840
435170332
540792719
4901300127
3915411014
435564722
767780114750967808
21099472
381927630
17132231
1491304592
711598740457562112
28624361
364510729
16208442
76123016
187970752
16166034
4899422643
253442984
3789299356
757117204198490112
716823321
14300123
3429052264
167165524
414480406
2729521216
2607827390
23914898
733247737521541120
748713477854797824
3057656343
767549684541825024
2311011072
1363254072
27382510
758013389293576192
3098215250
735182705432928256
246423260
36429119
50500733
755721872260628480
758477871262294016
1187069058
753641878952611840
16384628
186830196
275837260
745699859169165312
2981606304
126320142
540472551
453582895
161511153
259766162
967829658
39925149
2197032806
2419177464
4236502065
21874364
705616640
26332114
24621776
750881078693531649
489431318
267329852
741784392377470976
2575858133
105968783
62048968
766732293272510464
766964096126320640
759792387732361217
30691918
1640929196
18725925
1380317508
2270934368
978335670
757993720423723008
197459124
244204448
875022170
722492353835962368
701190038546227202
371848943
50401649
755594016402632704
426578718
2870166037
527345953
30461476
756991029778092032
1385080278
238251866
767006722502242305
84227740
32671625
1659872192
381445340
19038210
792890995
3298877526
764128023838920708
311784483
723547012478672898
370157198
594797003
16600626
725469756061564928
4006794153
743194758101688322
17113333
760238171934322691
1710489998
751283435382067202
130967472
366653234
467060468
2491220589
432800621
751508079800352768
2955943696
738935939808927744
336157306
371962371
297758851
16744496
295932014
50026826
1500034776
3551846592
1266357942
766763848397234177
24076853
220712406
40509141
94192240
1828562480
3229289016
4057356801
760278588415315968
94916662
2837527839
3247206079
160273215
1441907282
3409222822
1040189004
49031157
167745228
1122480236
759179340307243009
4310651913
57189031
1965473508
765251169379692544
4436228359
759901100300505088
2743952252
761621226401828864
68767919
734396177777590273
765895244852391936
74876168
3090095678
4873103476
4754698075
757612416398000128
256080923
753783047540072448
1369341750
75982537
16082787
739050905413111808
766066259335192576
129111057
738913624811409409
766385079534907392
115563859
20647511
176619668
538334228
3368660009
744930586448404481
348038940
766281220137320448
766286148243185664
464393445
267701559
4348165032
721547483436883968
2747024085
259378286
762744467371663360
790690070
176884892
266919303
714921249231749120
745020324098482176
23080680
751892246874746880
738940971451219968
1212274664
167489997
755098916606050304
765977239662030848
21902192
765929228714074116
759582105076633601
490910776
4851966645
875390904
78201720
2474091577
739274223026216960
744905865191268352
3047343780
16264803
726250849773621248
3997431972
763938565818462209
242473304
2245963518
148880953
764914325698056195
761575074834952192
21638203
3365151111
14993272
765202529433051136
245431257
85872622
4257240981
759511561648140288
281874811
68798147
223903065
344938512
2693663317
3190936777
765076734441984000
16700601
3298421676
760340540231553024
4922461213
540499794
3227278405
2923132752
763806161590026241
239381986
2252384100
577311713
740945594856787968
22873947
228905948
762367864581959680
2352316969
3239854262
2227369292
763116410436456448
760152344319389696
751433802552078336
3330875980
2158345946
257748121
142022728
2670772172
4831553568
1083112993
756217263443746819
732013130046439424
762458206715072512
763357313130373120
15574123
3145422852
1324892143
229258484
411877154
42946422
755416914546069504
764193219491999744
739091223110127616
705812380073103360
388911205
762300278045540352
757209463921053696
3230831582
739986159951040512
1620010466
631816995
393447282
174098184
726487793958936576
759201072397357056
763540757928181760
20576571
741064132905082881
555120449
763954325081042944
3234815901
2191568058
105641321
260462391
24214420
492149003
155292667
334217092
32587634
68071014
740338330320003072
3195801541
1389563954
4489674856
754292468401569792
761821114775461889
758904203058130944
2646837152
763901513055936512
20619401
28847899
747463872219492352
40695950
20520465
247077085
734123781292167172
750356105285349376
760906639427837952
303601247
2335856376
1436991990
3592477283
757980130354626560
761778859930824704
26859094
756656325195509760
2825429299
726637548236197888
52106755
328709174
861927176
756997448157900800
38704097
763461067171389440
41098781
762704179261480961
58146704
48612783
756318374368468992
2292626818
247129904
760837396233527297
337227492
191151760
131149162
2471802715
3266623945
46226913
220691527
808370402
730835779786813440
711988653963214848
762649533352468489
2851328195
98957425
705050495442939904
378313572
759570314879655936
742197639182221312
1480487906
597697965
2191436312
762836746996297732
752147638103998464
757634763461005312
3822178574
178228905
2736359780
462952300
47127389
4794182534
320943258
757474734208462848
26200681
2061121
760179714615042049
762593856005218304
3853631294
27453762
762188380553687040
2648943034
520460203
734428666256465920
103222382
193441812
87300371
758765283192430592
335710713
434731394
38378895
52942909
22926791
733867768122986498
272177427
189184696
48293556
759599916255698948
3637005019
761843308293304320
228232046
754713786100178944
760416562981376000
759798898533675008
258445244
701641801061380096
758132704470638592
4718913931
1267428096
701804482129215489
2243081065
17141349
790070264
754138046761541632
1575275636
217281194
24777380
131745190
1340123972
735053761287192576
756213422774185985
734860521627914240
158974779
749580085204807680
2400779059
271099715
715885540676079616
757994789346349056
2537166411
761241472892932096
310337901
32294529
807953186
1144070413
21194979
738158222100439041
760990065514328066
760457983226548224
2246055529
708310823584833538
752166712548724736
756980717930680321
732788048790982658
2449645386
260106155
755075284035112960
1686617634
33421794
758864073874210817
760780061544964096
2386085834
742484898896740352
48316825
2656595034
754667195238580224
742334835667140612
43788273
759569890495705088
21387877
244783412
407495780
757797862516203521
1017348026
942141732
521812936
3576200834
321774180
3253952646
49365768
241629241
749631319110549504
68485865
2876009153
1280645132
18785467
759706583660191744
4899313530
24277523
20655334
2699827792
736643932512264192
748347423362166784
37528466
2734011729
727949474044235776
519602542
4193108712
752924128445861889
375283836
180669628
759441963552677888
757497788003483648
868130508
1904402444
314033132
16834364
895599066
199880600
752134731307814912
2863773900
2898766768
759043674701344769
1515154254
32298794
16337213
766547376
2823312696
20887818
280710985
2226140491
712958933183279104
707298116366692353
755808822506041344
748841351551254528
715009133171318784
718751113864810496
2768557979
452807333
73124948
759045029633650688
18851348
2223694334
25720057
15935745
398702223
719215344968183808
1684533536
520029915
2875944760
525925642
457209302
1300823768
737092369795973121
484158129
759377099543056384
44405573
295225623
759294647667716096
861825032
423083383
3290780296
759245036202627074
759263935547707392
701847649721442304
16529453
758290263005466625
2435517199
757523241825017857
26402068
338794637
26613096
21874827
756918593875431424
2579393029
4837388615
1328206963
3939755052
4886031841
744702092967739392
24795477
1592712650
755442744789655552
1278587388
18287064
1697312623
1270756538
24562963
752882758175686656
748471485149380608
3152527105
753602998148952064
758891588026114048
3976979308
4687467391
280234387
34313135
467872203
342843449
1216789842
602305636
260291526
2902212272
37696377
748543886583177216
381666934
705522154285064194
446088777
328470548
1607176868
133513883
754007653295198208
742399932875853824
755474199230242821
65452707
156074610
2839452899
16672155
2591662076
20698136
739481360721674240
23869493
2535637739
721899229598208004
387251920
127624661
544439527
3235608661
450101575
23976626
1385701747
48124614
22400200
36029053
101167207
1597928606
3887770873
107463174
3065747355
280367615
16174578
753972572707024896
237144049
281998968
901802455
457743272
3886330334
357880873
532399061
757856971550633984
737760101193256961
755860117254307840
1061475000
757324788780175365
1265898421
34491026
104388908
756894393441869824
779483702
19031384
1686369542
123227057
747907356541992960
475105238
728921216610754561
294991606
16258430
755562634074738689
1077414290
606713765
488856480
3344387495
756931971670880256
975656262
758036206244524032
34824802
4708521556
548629276
27133982
2975705470
1523232302
757619636946939904
711575351856508930
105893686
757675467449126912
16810046
237918540
3087796935
755091505849655296
2873756848
24992290
16472781
737842588732919809
2174654856
27812706
2457845918
720476469277913092
1944865430
750103355708493825
242825659
4697374993
183690444
17042017
34694882
69960371
2366171934
183745583
39397659
1606799396
2217907334
2681991511
473426059
63284897
2747483227
30798546
2325696978
117490097
403838500
1152631753
40589647
25096798
489009076
475300404
715445893810368512
2334633194
71244775
25358487
756252871725809664
1219826995
985378404
602927033
1395203850
750809293574725632
189042188
751507030628704256
713091735140708352
9322332
67104258
65779852
22264801
65937980
1586804930
209568114
754258077403213824
2317982898
103684273
1255979120
23692715
377445731
430158102
756925109990858753
21606118
1449561
732825498410221568
385982380
747971494676926464
35404871
2293034569
311677386
33530321
60674771
34093672
3012462963
244353662
16260072
3009410798
2742312210
35244263
3166023404
3407054114
2854190241
513527463
3269840792
2604900904
95632468
331247872
728968110695452673
4083302535
720958535606079488
27288877
1425972247
478151814
272642804
193920577
4852175399
756399476667973632
16469505
739907238156996609
709477319543431170
30803899
749018250751586304
1942196228
2427870828
1657631460
754455561417089024
23737528
727279881294221312
612180466
109656095
1176846456
242602560
18723708
3623575695
131374670
756534639431331841
4758975042
746413388
115395293
56445458
861253304
702733797708595200
246321353
574807981
178974933
40391067
2444685460
4926299285
16533820
16613606
241580028
22253082
4885148617
740965468127830016
165071554
421616276
2832021548
391415885
565596546
4874132302
246091420
281281365
15705019
3242733916
745970453030678529
716392912569892865
925461674
3186934534
2987775333
118352647
730097447700185089
751613586779283456
734120027780190208
2187061903
1415207130
4920218651
2704027533
623805899
1942745894
608696188
1135791817
2663383536
723490755411472385
1862092777
49966935
141237418
3182315429
2217090614
1072402412
2257181417
743087502475546625
163422589
744124883878084609
49223496
704734240672452613
469983902
2933057674
37268679
13539242
593940360
756570520179597312
1322693342
16860343
38714547
516039939
739939836174295042
2844286727
2686010923
33236524
1429224510
39246787
132092169
3405928587
981515215
750811385831960576
333774309
2482652528
754515211768373248
60753764
343141985
2420554416
722957781691559936
743293978968088576
827104364
270821966
58744497
4407245721
1366108442
4252553543
751069076026486788
1969699820
756221126892597248
3750139636
35135642
703737187205062656
25896141
492487436
32505073
41483434
482410789
755817808156565504
754923042564964352
2715535644
745640036176060416
745826502240047104
734526310593232898
3344005587
1102869362
1604224146
2753807133
284534380
742441549833736192
47743627
457766977
18521108
220568531
745984855322791936
21715369
4769701782
4573093401
16421106
749718142134329344
737829857426448386
52758108
264931836
38835666
90280824
76716297
479175750
3346081517
755832796787142656
30626499
451662665
3180990450
723468710032322561
628069869
3865602732
4351263087
725441277660041217
4699767800
41050127
44714333
745452665321074689
411906220
2861342687
745023021287510016
323242383
326951201
14574162
4011771015
1101751868
1069394587
29236528
3349130025
731276649245872130
3801669733
749406777729437697
728201489479503873
341649907
747457067938545665
705736531907092486
16226005
44941364
104944845
67437701
324440331
1104634663
180230506
40297020
75531907
725848367671074817
128163680
66051937
893535847
2567365058
76114720
2418808274
3603903382
1012376300
732736354715586560
702936621402861568
794745336
751533978310631424
600228394
2892908501
26550379
2837985561
715792228808073216
2845343474
3082370998
227070425
3963492493
32522055
2191874478
1378409329
40760894
49525759
2578277534
345151879
4697159892
2186422104
726475738015236100
2866865434
746626589430063104
21315649
1000631108
140801488
79103090
356491663
712813103239462913
21833728
725233577277820928
35902117
710299849233604609
425505438
1229007625
2358292834
3076704309
717519479173955584
713984912
31652154
759704004
4872315492
17576077
2331397413
755057200901398528
745850287756288001
64682564
194615561
406137850
60213427
320821564
45079860
3253401972
1667613596
745827534244352000
754090097448935424
703976689068544001
131056491
3070270996
746820726628491264
745180518275133440
754698636496347136
15861135
620500144
1123303027
2615012029
303457569
417139531
752168052008087552
1289627154
4502696598
732726880986628096
743865655208738816
714103458006106112
93725379
26879434
2196241000
1496319918
13337292
45908279
704225049138630656
177048852
22806059
2865242560
754121627332321281
754509595570089985
733742913885102080
754491030947246081
702134584276815872
21517033
345459653
3033373621
3406619409
754083343801679872
520858506
176843187
3288958030
451730904
700723050
2411064696
3066993595
421475309
23326668
28934830
46786678
74574654
2560255249
276998439
144332836
44983352
2433914972
876598638
33596934
25080097
21704335
832170110
739432644648284160
1610738402
128549847
289665211
20347408
701685615562248192
753666955475836928
730320649080737792
751453779082567680
3267182646
17995409
44969263
245153611
751232559514722304
37990581
1160280211
738273098676473856
117104543
176534793
887010265
743775837816758273
67022077
2200221
24402513
2169330504
470268558
33684165
753395224655884292
2147601782
741131879412305920
752301418657165312
358809330
2914965395
24234505
745168002593652737
370938830
1117091864
710133909300887556
1245111643
729401711622770688
750551406864662529
487449405
2520598592
2841747221
312684302
3195330108
3074664140
750140177587331076
3237055402
242991940
747817852862763010
720048672801701888
30043610
177548482
16368708
2933677069
3299331575
1498037761
2217021996
1281738726
752158289568215040
2233525334
20251379
3365430215
4214880880
29366485
3216839925
747891181338525696
747146798477737984
2191130738
413533828
20594278
4894147529
3160218523
14855919
736026823
717642388508774400
34264535
620302914
291527303
725881474252038144
288981065
4732288278
3221003629
536889215
14794905
86617755
2873236889
2324486774
34023470
801437209
348744190
748463711472459776
1180397048
741312740472524801
2792672981
14686390
133759265
2646668365
716079245852696577
415381836
488101851
2178913048
80956994
126145029
14402594
241934683
276104863
2288182181
49897512
468676372
3111889034
557492113
305017129
626612323
52119780
3926052804
62500701
2577016764
1419186452
3371561954
293711508
238962219
472186878
515795538
14427083
729046923173343232
3653083512
393847720
2328900007
709899256455299073
453430751
59269191
727155739681280000
730910320911212544
728930346109181952
76684185
2937158490
29509060
921824922
712734180275265536
739975807431495680
14166154
61565052
246163975
4859565389
724504383803682816
362094371
751126139016515584
18657123
54216650
2645582078
898165160
367271007
2566124461
734175866083782656
1151441124
706676598032998402
473637671
719001300
740789676542439425
743087572474290178
4700579492
726872852968931328
453178437
3207019157
170296342
232235686
16187817
743010925167316992
127668178
809515854
184424927
4833071600
4759803413
278559967
1621345440
44620822
3698727339
736340141384466433
1590982405
233291124
15784302
704095868
704407724088541185
1596526134
706666581741318144
3087612291
3262942441
4877136526
16593831
24035920
82722757
735495107802214400
213106437
4009828512
46114067
2389984039
312078502
40276846
53738685
4535283420
877308955
2268820652
2907521684
142619498
598718727
22312331
3427200023
27926877
4260969134
4120116820
1055911357
737992992192094208
734596122472222721
711058058932170753
740293645316677637
701107124189978625
982995216
501750780
20695280
723870003087433728
705414651551461379
22796565
3302596910
4711632680
722126886999089152
2665614127
360296630
746918671453302784
354523574
415223537
21705181
254059750
2396444449
1364197376
635567415
576004334
225702191
2342681252
15973356
4706615712
109402817
14495000
961678674
22970364
701121977340264449
4281574153
314924675
22831555
2327871058
748353619502596097
728370479665315840
127740077
4892121400
707789005887123456
87114140
58392270
633656263
718138956911656961
2771704583
269550440
19822909
239194665
16330353
88725369
391785748
3145672909
708734835
4434806534
3731436135
4851345497
22698681
793199797
3620366536
3774497295
21631041
169536421
156336757
745061734784765952
2588699732
875800922
528913076
22837004
1477307750
57504702
4812778686
4381031534
717879068826419201
740672166849478657
44376292
322802128
3002922157
743574360309514241
2615618113
731738914394935296
740016651790323712
747457993063731200
860435934
745368494565367808
30545182
2485572043
742350446761627648
735281631208968192
134495951
2865545199
3087775833
741718943534972930
3165491177
747089950936469505
180217543
4871492478
52806577
378365911
745810402169208833
2788892331
747104283062042624
339436446
746985492969816064
53502841
548352639
148425615
171964252
545695783
717101020833120257
2205709675
420053134
2349010292
108813540
723087509517946880
1138348476
746729826321522690
722628808189161472
3307295642
879113798
724017864965902337
464815693
3329551755
4852047459
532635271
736585645347491840
3224688068
145341828
25951981
3578803936
1334576522
575403832
3088245412
701601375487004674
183591014
1159133815
323386492
1389358464
891464396
740782409210339328
2918906594
746355391353655296
2328154940
17582486
3222748856
746275499970695169
529899633
722601957420994560
2307289518
231169484
18775094
695365245376696320
737319208590151680
2325097597
746000036748746752
101568369
4136931886
721530567745929216
2920070605
745887230888128512
1416511
18129366
322998766
17282539
2952571752
63616916
277796372
89552321
3126551526
189317731
1449796752
223968697
21661028
745684869116624897
51511207
50936590
3233148314
2972105392
14209883
370160064
26373664
614404463
1164451567
16468815
207141071
620647366
2752256482
580906564
325258622
251318959
16588957
1069714362
3030311169
4745509194
710024107098767360
17871959
742888642973077504
24247106
4397990308
23983382
719327665879130112
157879767
727167120
131885614
317439395
23527854
188556237
330934495
3383081003
87844600
2707258543
20023449
712843
551038877
1152344581
2372488122
332398080
2960676179
425310081
4198376296
1030802154
2195466588
560026387
708768395987165184
718941003843969025
20462137
251000898
724672701202190336
3025052073
4427383819
741450067769462784
738260350924128256
3880198877
1574797873
740582745450110977
713843816562880513
738343427880914944
3587744832
960895489
4854957470
728981660566433792
2368712874
1525411730
738557707532140544
11395432
3386851396
79849989
59926987
3125905836
3249216014
79364420
1256397787
4410969507
4825957170
744670767145713664
110014280
4644759373
78549914
539165410
705646362
3025850315
717533272461303810
3124669283
716333258804334592
104224297
861802386
2524071054
137476484
66856915
232402717
2571872893
2323458678
744062780089769984
4264991590
183748479
705950873998880768
2616108789
2803100937
526437858
744250479006334977
27022110
80904433
2929583036
2149742083
737755367392698368
834845071
741050639409635328
744277057958404096
1267381280
933757748
66521273
13325132
2801229139
197017935
3283545204
1017619134
217071524
237994816
3762441743
1608321360
1069992097
3051461961
68594231
18293720
15209874
50735431
138919194
1627096298
263455809
3261846070
725421153259495425
16564503
243396983
3660147134
70001591
1263364458
2813211061
29499313
88539966
743731706780221440
726151048151191552
33322132
321416352
127537805
20773702
2849102111
20719498
3901363755
731934623060611072
138853940
741453218652160000
717421087907258369
2671109332
170280910
1359947880
114841504
708830884300873730
319298787
131164361
910455056
4002607632
4922069950
330771231
3448984879
3161154819
50775178
241583780
15963827
739050003168165888
2697975339
4857438269
29828863
1558880048
743158468073263105
1655052980
82906790
1265896561
4182659903
737358300
740950055323066368
22240649
828692678
249909741
739170793679097856
743167075712008192
142979922
1536257628
4261692132
740573510821634048
4106517612
38465698
3059935546
17234928
737185009539252224
45679880
2274942961
11294522
285588444
491964661
223896187
976371649
15785897
65536887
3208261774
1321946028
252966637
2429612832
1075939369
46816408
265737573
4343435134
221445245
1651181504
737717173754290176
608424758
4687323792
2931977180
529151971
3067558991
371347463
2699514037
262726695
4833405491
4914121040
3327758641
24221565
65373265
3806587582
1406129269
1551461065
705360530966499328
734933729328517121
741100260148293633
17394192
4826735173
2992537320
1441673053
81086509
889239841
717160859349307392
729385700869611520
17403395
715568563113713664
737282635
741455812225179648
742135724888186880
4780397604
2470792357
19153663
27450176
1026702655
740994262213365760
742022959854981120
1050307782
480061983
740189107033387008
741307522401718276
4445796040
1278723385
3730378454
277845186
240790026
741724856098623488
4839064522
738568408942280704
3195987775
741349046720286720
482973239
1494609860
18332701
741651283904483329
733850053249359872
738774357657391104
63955816
2414638880
470457817
1252785356
15538804
722484998582874115
1046114347
723046942754902016
741022216029114368
726259958539390976
2192100910
161145547
717358812336750593
345715168
4819292505
106174697
720273657004593152
727282855521349632
4251095188
424207107
730117401774161920
31516646
2514045312
14522241
2369439054
789283356
741033093721509888
130938557
703216957022031872
740969118527066112
2616015824
2196774139
25608603
343913791
714562596070952960
47425988
2902368195
361544166
2377309789
296610784
736221584742961153
2456874601
33137927
2188196646
166340657
4495923140
1149785479
82713981
4869112948
2601165256
349344890
2188860223
4149949840
706633138072457216
21257603
246152082
730900323204628481
740548471829237760
700470686444224513
727514707129565184
2681526697
1401422012
160043584
706095197969485825
468759217
25655534
18459548
42557473
731268878454525952
859001708
42282305
50757804
22181755
291789016
169781662
182722893
16256826
331230978
55129827
3419534985
22738185
250882048
725790424527331328
2385951962
3750452117
144624137
2988853101
758354929
16613618
715314322143096832
17594900
370979803
475711677
2926844462
882315709
4319716333
565710314
99580679
197604840
55657488
3159693105
594116718
66357168
1510759435
53519198
702628162941771776
251627017
1359450462
329159493
1741856767
494341902
739605936067739648
2511386887
737189479232897024
329231890
407357774
549165696
15315204
296553191
85912943
92492429
3242296689
737663078385455104
26914870
216385540
297756297
513797575
3743652503
720438483865767936
4842717633
2827026859
382370203
257242796
258879216
38311676
2485274377
600697222
3318281953
15914583
281283042
1929333307
1539389347
3785297354
718092444642840576
33958290
239013368
3221376864
74419021
852002082
4714651758
560323997
204587633
4429049128
46170476
4803636809
27073636
810145062
46522067
338825282
245564291
738461673623814144
4745330592
428612791
613887988
2730558604
234668517
2431431797
23354154
4854822338
2414073730
2907150081
3152112661
725811034334879745
1406934018
57211570
3194704603
709887672848916481
736266954986553344
32895694
738751364277391360
290885049
68672927
38280671
3225691340
717695440641069056
246570766
1957948550
21727593
2865195298
1011060997
2413709419
1215175394
407807940
3230930205
733073499787567108
3078749470
287535389
895965739
736433043481579520
59849033
4498636876
25855350
15726120
738339941185409024
34497220
1318840760
3821343682
26015031
1045340065
76682779
16584035
427146405
726699782371160064
4416768012
737758598508335104
538149299
736249556111884288
2517145448
2615504772
100897750
2783402593
4833372619
3346488075
489951708
3229058694
714403996870397952
732298495432876032
122452289
705079147358527488
706317600024702978
489777555
34823020
278071669
2417951993
1115845826
1453177374
129402255
987521630
1416256009
737860919603036160
2480828258
15808113
3321712610
23631443
471399553
3193858183
2526014333
635467994
76370519
3539315953
18464266
24568674
494646344
120627815
1743843008
512111564
2533447226
243088243
1226659244
258026081
395529626
31532999
528147171
42354307
8921662
2267700079
60403862
2897028973
704391126346633216
732633469671624704
3055485607
4756437972
363275073
3742907961
714846995219755008
242890984
37998796
21619958
2893314594
1119431922
2834297017
48582984
44844722
19698191
19040963
82254216
20834303
33558181
2553558810
93111391
730815088697827330
4165651033
2161616220
138168339
417546632
15466386
22339420
860576268
87957969
42924745
1369853814
4743638910
53861909
164393571
3068816630
4824472946
4470226154
734414476523409408
4729801216
3127159134
122825865
771973622
337999961
882434072
26158651
2785095528
715356806072152065
128752929
139956991
1443155304
3309441619
3398770055
977578987
242507768
31651377
628590982
97271611
22857194
735594241561403392
43638127
587253172
2817657692
735172264178688000
231481550
362290415
714598479478333440
705428298541637632
734960125287501824
408905990
172534842
1423118240
171282532
2651183576
66905904
62298650
2183577439
239150866
869902586
814313414
237819415
2548243027
707770358309515264
16157204
1079944946
4889389528
815871284
736150173664063488
3826487842
4606946533
17184008
47993321
451827946
2288265477
2211693776
559155117
820596079
718059370953719808
63160617
374108016
711425779360505856
4386771975
22084332
15993471
30031335
718069750321049600
2332749517
3009175853
4814732601
486359270
716012219616526336
26369152
15696972
710859376349687809
297938809
731197958750769152
39979971
469107911
58491594
1732855896
49219889
32782882
1963570075
48817324
461720060
729473280466407425
255526682
3306269147
728857110
701872493313835008
33788890
21238575
733651231579766784
3222812347
3224685271
15266000
3230920029
1209010219
18701718
3145921127
7829912
2915571722
3060588907
570207176
2541510076
551361286
778916437
16905404
703488288154193920
728724570568433664
2316383071
734876202834526208
702669020085002240
172326010
1167402500
17275190
733358122849472512
728251727250653184
723405268009160704
34344021
729067577796923392
725818365512568833
3599475675
3783815248
4754201535
3249374986
734374944495173633
734138576485502977
855836893
727995824576208896
42657110
722048196696891395
733156652715675648
731685989379375104
117548742
1711539175
3309350852
179703126
59161844
1641936583
3024410127
733574553289400320
253840687
24599291
538467434
31257853
4924437246
42141449
2279325223
4097985741
729566652304478209
3882457513
23633871
707682477100376065
516379604
3901561215
1472982498
807557995
710131519570845700
1187879372
1549026396
95802312
149543566
21798936
1351920236
705226107507884032
25893575
6529922
1268420155
3433969677
191728014
705140392287580160
405229960
79877260
242235297
117179079
703363516099485696
1050818946
16209123
2389354100
429521868
1051271148
38330635
733734867066847232
724333965742641153
3024658569
2955265579
2991813337
1619202488
116097393
2226757925
118492640
24103596
706639440467402752
16315428
334893364
254345576
41745189
701878795058356225
382710684
3150051501
15551869
733396874166571008
25435411
2597372640
6682272
78216564
733278643007459328
3672945811
16189405
33009404
716718250164232192
33366780
21891212
836462089
1345940180
30498550
50673200
526583592
26657285
19144984
48438556
18147891
439608838
719478867287764992
204534066
1068882049
14662677
751246483
4254904636
22960461
19306602
1611832232
2986056376
717836722508210176
532718844
482203404
44686891
733003796700377088
54655771
2177662555
732989812039286785
1041950718
35131713
93494491
187657428
54766649
552792473
718193927136759809
258063369
732535447193260032
2990328805
244661419
227871813
437169409
20570420
481338975
707766407061069824
181278090
8151532
4054227197
3219680120
25571493
95723812
4898690614
2814442534
4149690013
730950276996337664
4877442046
713894929559228416
2748916928
717121215727591425
75864100
223755685
866504623
1855470865
22744221
212725463
20853339
390261114
4675757580
325164172
732702397
3307417512
718642506477412352
707911472123351040
3069216826
54042025
3145732270
2599710204
4272716775
63550328
24287541
6013272
3198924868
3273997009
796941355
2363023410
931233900
27109121
1364913109
853645722
15200651
19314351
299300986
269798459
3666615982
296571098
480083441
27576748
87785363
314274188
275714700
61560116
840422318
22007452
96655157
193922536
724677137802756096
225959127
18543858
900775260
620473700
49029360
217974888
3074470992
16601272
702298410611662848
262705531
203650771
730453829687377920
731121642600960000
3179207340
728596984685207552
730140646283960320
3091521770
726202801299161089
724773643222306816
1334518663
2353974979
2421212666
1735969045
17159787
25951348
75650266
76549234
3066169827
850226995
106555236
729006072762122240
95763291
22054672
741913790
812953368
1416898591
939921812
179487856
730472680143630337
272046568
160310194
35976790
2854438224
278315777
717614332322967552
97253667
300642262
342460234
210818055
707760360271511552
1337933156
16474992
337807078
4925828339
2921905132
274134586
22919310
234024969
3416665072
715928186723282945
1220222821
3107542521
4692638113
4879246271
773145516
814331324
466992330
2788084083
32897186
20271044
4656972496
32921077
29118871
40601473
26184882
1118743530
400352771
899659586
18533605
2334282788
820182493
2817933980
2493446790
378155624
942422990
168479728
124666453
727690945332969472
284790252
705843242244255744
877572775
1941136946
3254897568
726186121
1019284608
729370090022576128
374763782
1594659090
376876772
4875928210
3343363457
792654649
26346508
728714930430451712
448142012
109854452
54019750
710950803402416128
598292943
78121746
163655954
3220580046
729115623704436737
3854647334
727939379499438081
3908374465
4911429490
729046619656704000
284255856
23986644
22803538
101786607
285339905
48607613
17569982
629414388
2533880726
2523313824
49948272
717336516440285184
38775823
119955567
1692290618
158520264
75093949
16819937
3085880106
188372587
726973034779828224
2813557472
25740552
314564132
171395167
192019277
703945034240909312
70482818
790586858
2508706183
14691000
116510462
2975154217
104648940
4509061516
726947932646166528
4390331
117207598
866631523
888627793
176860312
3464706497
196738752
395660002
4902478426
3137473514
4775504042
21438041
581770018
28908164
362060850
423177946
1016679355
175637737
18090153
583903356
2861407204
796683295
419187881
177051928
697196430629298176
440754998
24480241
60463712
723944377530249216
1020626144
4702245870
52524278
4857537145
1611528720
278134963
3067049390
459259315
187732793
16711026
875560238
3309888764
528687422
1223023370
288576967
718963192743854080
16532762
16075444
114249577
708491295212183553
318469740
30306594
1856743838
717885843558379520
116504222
23844148
3307176917
2237669671
1087619611
701170297701969920
30699989
3308850354
128429068
287922171
4917802760
15549747
16076748
2462750999
717406615419400196
2897715325
196464715
1138416104
2937105513
2382321121
183958809
94154691
67169191
753318572
2167340796
56216752
2964974777
459792001
715366358297354240
720805498270814210
382268135
4921955894
704060092065423361
720466281300930561
2971477709
25251838
213165537
703329593403412480
522790406
3706994834
2508827207
725101273134075904
710566593491640320
1532154240
717765437849780225
711654736114507777
2435540122
707318242394542081
2781283915
725177847594270722
883421593
700517431249272834
3077615801
16235283
2492089178
617251330
3330295799
329066686
13846392
700545067270823936
746087288
22583583
4830473093
23882946
1226278844
554793750
2765533360
32486821
726604502082572292
4867349355
770759270
26397834
631636098
723175496
123411969
4790135182
334874382
3303227203
724942204486189057
1271512166
2782805711
708282547487318016
975293521
710522692189949956
24905003
2752261211
725740171099004929
948843770
47630337
765282698
4754328382
725124362853072896
555077192
423985664
2998943975
726355733370028032
4860675752
211956557
2763532700
35956040
19333379
421191359
973495711
25022491
28053298
531500673
851695430
344477380
2488436060
242658172
3698603481
18817574
715341308940910596
3940871
2421047521
706289747732406272
429914633
725568201300566016
698515993837092864
546019031
2719961
14990794
66686131
3368116613
41984111
4868290211
3086883662
636652493
1535171269
1955955908
22645697
3103213542
1624046510
287275623
725460838178500612
3150777746
2166004434
561648188
22090204
711193551082799105
36297832
3138738243
716972670571716609
3070366039
129318947
725168532644728832
3955904553
2438867440
3249251566
632284182
177705169
100949009
4924873087
724774382199934976
3151846548
31830249
52623529
625844032
4463431703
433752577
3071978539
397775059
23508475
4872783959
164695128
725417745957851136
4785836575
725406257532694528
85681705
1025187769
53158947
15872716
709547963467436035
340887585
467406485
4879212814
147350977
4833339688
725154675062755328
99794792
1732904028
4895009092
705119727216005120
113458292
717548434308222977
2758473848
390699243
19717952
340067849
549742082
159993740
4782801868
275376860
1290361687
33527531
2284187568
52491577
21573816
42063149
2293340208
589448567
16635063
487197564
24322106
2582983692
172880019
3131070327
3314247170
420730517
331377273
1163016205
710244184876167168
805312064
635771645
716753114854998016
636358642
724373946561232896
1561659871
1890690288
38225778
128264453
405561109
840163230
1540038932
703588002354765825
724242306820386816
2792290323
724487093137764352
250713094
719472023915732992
93583928
3150434708
360771315
926319505
1466184158
695734670378541057
1506097992
1663566744
537487691
724335691291746310
2305663290
2869978572
4871218083
1910754715
724307897497219072
476019258
1411284846
4870478255
308500560
716426082380066816
1030153106
447159504
14188122
281861235
65401126
213164880
1344022837
1122926606
113368891
58896487
830052548
181238693
469845522
1241408113
4735055657
562538061
776408594
4637593502
589606816
23910844
110803365
75101299
260977202
1537590361
720798731302539264
724052775429091328
331244248
709776957110489088
245543992
252353889
253340432
2355289684
200677369
523791976
716017946166857728
28864404
17012039
719163047848341504
61528657
136422425
232330159
713813570824376320
21356559
602001679
1340998028
40478088
609444863
554793513
263696859
1170862669
33531486
58748336
3987161712
1873539488
2512569996
2918160452
634387197
1009569158
42256749
27943005
937179848
721771226998251520
266100674
718925792
458395342
918833971
584425848
1145001696
155007941
462540367
468188253
91240356
33392809
1305818593
707310053921914880
204161510
37308433
562595617
720048569743331329
710959152168902656
1265377520
707416150301396992
455537870
323054500
616623398
184213254
4540076776
465878909
2191697564
3337386263
29184911
289736592
4127493852
18772094
2892944791
4898071876
52775857
4268524888
762869965
262900807
4276254803
1934787661
587758722
21982828
84685398
1260594385
551372332
298817970
16704578
411392144
913033651
2827479370
702586597808730114
125122422
84927523
15172502
21273356
527424042
961710014
2913236552
326957691
324586504
67602503
173908484
711254234633793537
744194214
3302142042
2814972830
21295767
1254538735
18363392
21690687
17365683
3107598376
719123763451666432
721209064844238850
585892489
792803593
84759456
143663678
1394869098
2809750176
2669717348
407574944
256421214
53309297
18998291
4017653352
28201999
17133231
81765653
2347716589
326430895
6794172
167478588
2988501189
419320475
3041355094
11715042
102871670
166717078
3005350828
327561051
992081976
2948622017
718947164399935488
3072239888
913641626
3092183583
3248464428
19788748
4508639294
247102269
2163248447
61349124
193780212
480900509
22218537
154066663
1496853848
21004302
26337806
384880126
1255294398
712639087660826625
138901825
1325423478
21429608
122782183
717122653472047104
1493962580
848518471
718283360540442624
1278144450
721760683080036353
721797264516190209
721856133166665728
2834406335
441317106
546570672
1016588101
701552274766606338
31601858
58259777
250819035
713023512013774850
1339890852
1022356213
717195240428449792
313772276
58225294
4800796580
222727342
2659410656
22250215
177719112
38096946
2189130356
487248321
32318775
471648820
3293510066
28722984
64001145
711385356491423745
631241317
1311476424
1220741574
721326792095739905
30899109
23262079
2881785430
4902714075
3573336134
1516335350
2826806322
4871954015
17397880
20729032
716324380746334208
4750874478
2736039738
19370765
720424925681438722
25276607
714419097262538752
3166217539
719699968362168320
1631693648
3277943083
704067221920677888
23098409
56107664
1934798646
17346357
1897600992
3291196083
602154566
59702598
705309332867420160
554327696
720672555263225856
235395935
1524096781
325329131
222521143
3832745674
17985482
427679559
228015335
2168415412
707741712492310528
343535198
48181733
2654988740
4311393022
251341054
3056421471
701870457213947904
1920262370
52295551
422270949
480670201
2363155993
2738974778
714617914532503552
703262033727365120
122077593
18992938
422974854
716723106702696449
22804865
1941290466
715641557194567680
4636869615
2903272862
4785292626
3237255511
227010728
23692955
4283343199
717946148896440320
282311572
2493013459
14746731
3814387102
40074518
714870226693857281
53371954
18267698
295787572
20726126
33280192
4917092018
21281289
832121708
1009506132
473544232
34341362
1141130401
2468536818
51813493
117579844
23077023
16300160
3142839960
800884141
15983306
1199596897
422181027
19922357
28277980
15605418
1421458982
316788501
43381611
427041068
387239322
775474824
3372601708
207609111
718601689729601536
5744772
112476696
710643313267716096
3308594236
2560843344
2856967748
483885808
3167058077
824450408
3604106593
33172759
4024549125
1169473657
719310570025984000
1500428564
4870859956
1530781304
21495530
4504992136
49159747
2308265716
3138553615
3165245613
195510109
234306352
3179111985
160755106
3087933761
4240921873
2690984581
1634832302
1924395420
3074077823
2999480211
24029986
252220513
614872490
27046093
1720345368
93251080
57942834
2826520046
705865207718023168
292684762
1342105741
116416014
44320262
556372441
3852444614
18586848
3036903794
19915883
17172863
48599652
2781863338
4578050474
23629235
265600371
574166517
711720714148167681
138177877
714973048185552897
508538426
3509421138
453321264
3156235015
14670431
296904144
318568656
17344350
1082086088
1449732775
298298531
351733935
385412944
1630796316
116630205
1746387986
16721452
565886416
18825344
64391558
560833871
4476084275
59676625
200697773
314205406
248836405
4893086944
2929717149
325102575
381856725
424657192
2600866843
95934004
490401229
211181482
4140138012
3330193385
2568992936
705155575135342592
2405206632
1692427820
41104604
3953695528
3150244351
126223865
2584613113
63527064
1013677087
2319672114
2573993016
1153965943
25688206
888097675
247119832
2226615308
709484084347555840
707617166200143873
3987719114
28654816
710908819799416833
15035209
717128264326713344
18865911
154872146
23281049
712410457253007360
1652502032
2595934822
923964859
716107599041572864
1276230601
462132518
138520201
4884249002
1133126635
4900319712
116048117
1963214702
2904627072
703974408461881344
53563332
2276703510
712786914273660928
416635481
4874896845
2756388564
161594344
715786377988816896
4896399850
53128486
86846477
3040338655
236175465
117983479
817822574
178735714
714720425801084930
164650525
3179493427
3664920377
2912822609
78492094
516659392
2229124866
2275550440
32605697
701996271054274562
552527556
1634262702
45832693
34250911
799467853
715641882382979072
459678873
153218852
3301624108
450801950
455336719
19480969
612057704
2289059127
113243806
1189112119
2981584944
715961142024212480
706990010042601473
398696201
21217814
20364178
703983715
235231110
7019512
32820396
17684104
18298094
709740254853398528
18277208
701488129903951872
73050826
27934012
3009487417
1173756973
520565785
15984495
707292879455019008
500897485
3617049434
714558978131255296
26564529
708009857958486016
3343850290
3907341980
2861426208
442911245
17088410
22064255
2810238013
1096787952
3060075937
123921991
25125553
3403594131
4790585689
17756037
148535894
549646369
560782335
166878094
80075840
39609732
117450444
107530007
16539853
1921792430
4899610029
2430341433
257086746
3383848577
311699962
1932816230
311188381
261035490
16653846
368560714
3164513660
166022780
850633633
30122242
2934009661
36126343
834425101
15930027
713712051441434624
82162221
241368198
708309848
131013099
731816005
21757702
17489079
713475763035439104
275743098
2156190929
861508788
2218730778
631704732
709630596591587328
159608463
2818565778
18848969
241839490
2485456808
707965004771942400
1213603050
1363580378
124898913
4305471562
4835062336
1864755553
212056045
794495419
2507276972
1378400306
3342897953
38597673
4876296974
1869575251
3676507156
709513948467503104
4065475151
709406894905958400
4597952302
701466738802585600
4883488983
551522917
704388331417821184
3679704142
2739446098
1717194584
32489614
2317469693
259500938
704369295128551425
700520051300917249
60327737
107727858
711158759494721537
4274433855
2784552558
2283920237
2339913902
147398785
955989631
3920426061
19935054
50458131
2822640558
2590382024
2323065013
194840541
900091915
466205000
21970442
4925584401
1092894110
34662470
2785853141
20408955
41837557
705680814265102336
16844715
709248442564882434
2414913756
704469311339962369
710123314568667136
401624214
1648909459
385741477
524336469
398959859
2327459484
1022293861
740600552
49161541
50888768
164402684
550253258
2317484126
69756680
16069119
611690464
278928389
3098115975
387707281
3020137681
19463681
390914510
14482396
262312552
4152334092
4813986674
23608092
283613996
872332808
704525302584774656
97792916
709545797189308418
4650885269
2914213012
705509322856468480
171597425
1421631721
2683126404
1263148512
3247344656
707608113562554368
3131156139
19618562
2698413066
285161385
1571542160
2373857028
138317773
793975748
16028985
22858466
164377995
780269431
28058517
1479840834
2163252930
706706552363745280
4902016168
708477796796895232
4770303330
312248392
96399170
112003104
49408159
258938878
32047533
1884337686
33713084
37980141
707291191100837889
1885129123
705996715699126272
113153792
707986158093881344
3429352367
51259550
700469543836094464
707385966109925376
39606118
19848466
4910014602
45446985
266326338
4817772331
1246900826
3321386251
4881156076
2232082086
2389729930
43799031
249881164
4877208435
1003669872
2831821272
473182923
1344713761
26070572
706218335910756352
2965284615
410794657
448469153
931908926
4844254813
24740260
19864150
74211907
4005092840
147657826
700850673504522240
907186650
120877403
48911858
1602173694
322986132
822411577
25207598
73998366
21163227
704883019450945541
887562596
2209184731
704439430866735104
4904668651
3021469710
1909087813
3266526978
2377977842
1958874840
705209400089153536
14658125
704345951448768512
138409823
697992894557392896
103074609
4738087979
2396738862
22846618
704529877609787392
448203900
32703561
28674574
3318208598
1346140112
19088288
543452426
606907410
16215350
2823017921
4019528908
15496626
703986918925664256
1228651723
322874617
3406500304
18359057
3914226136
700432420156395520
2922173583
274263703
16719435
3108106009
246156265
514019757
16640037
702261605703294976
737292332
16552994
3509458035
3309654696
2334144626
247081311
21955533
74603479
3150098774
862131258
2845302412
25769843
32487224
25920303
713405042
1373254225
16444544
4893750558
54496494
309422920
4795576418
3167850544
4909991121
1534946197
751976443
42731860
1422241538
47467614
3169035458
95094652
4182358696
1125911192
27071422
25416225
18533533
4893706959
348750869
77492135
21862005
17217502
20681628
21909984
2341358222
3882169698
1639114092
36713347
194301585
4721679323
238648688
47498331
387162020
32626943
23971957
705564782
23860507
23803056
543780273
229518601
517946537
4221857565
580130219
27279989
15115280
264931947
113717430
35386492
18660521
4875126257
4861353758
3207206361
4885054395
3349433536
17090192
931039604
2975586611
3385670165
3873467952
32168059
2446411267
1003130904
4159203832
3188024820
1045136112
4893031932
2667470454
2560148358
25605631
319654586
143853190
843863647
931391137
116960062
50889813
21025381
21027387
4789873223
2202454502
91654658
142740168
3436249294
144402222
1544592642
4878702028
2158087356
81406248
21868866
60972923
70279623
3249900127
36143907
3644280373
2202622894
4865001923
1442476447
15877452
16168401
3352551561
2937516482
2840915387
1108521060
910233571
3784601953
1328046631
1513958744
4793066578
4770854905
66914769
146160591
591297698
2280037440
978597932
28926547
3395542467
25377285
31403779
26919151
4327242015
47361334
4764077293
2149910088
16034560
133063757
4831215383
134594804
65272235
748761679
1598574949
4836162798
16146535
36126435
607622157
2455252141
2173646835
18220818
53503202
400188508
61104689
4579781073
49379886
107290835
2732944034
96426017
4664919994
874846453
16351724
4509383847
21043723
2744430555
3498989172
16351985
436314047
4053296653
2360448613
2400901568
3217694460
104459389
382508590
1428245454
141328285
18382184
456478533
133364243
2723433687
19571486
3255901850
2977498528
28151430
29020350
1444016354
261284802
