478096262
2755447058
965126299
729941209125257218
3659821094
4420649006
706724239395565568
2922830540
2509786458
3435897873
2752752176
4502900796
4201847114
3578587045
4417279873
4314261016
3960368176
3640271240
4033567712
4156957460
4243793174
2925114390
4108872210
1464582337
3321174625
3160409948
3732239778
125801750
3687018674
3910256360
3134551419
316168519
4253462892
3268478048
4263274752
4052097679
3909870613
3709912213
3738513624
1623145514
4064994318
3838265004
419314261
3591059478
3758270892
3997877353
3754762826
75526581
3450038354
4049111410
4037763673
2877746598
251893939
3770856380
114993149
4162560252
3724682294
3664928600
3900861193
300188518
2279840412
314512920
3633461667
3425144713
3280260470
3184447477
4003568832
4043018712
544135866
3675598212
3959571492
3401138952
3317274170
3261158960
1216639525
2263885026
3379616352
3562139053
349103163
316473532
2874830833
3094015501
1353674485
737861268
3768315916
2506537094
1538125579
3799930874
3821650940
3791604974
3613920494
3583965372
3655271358
3366965420
3679655294
3719696366
3280609915
2210144268
3236829385
3147554125
3431987773
3659780296
501769635
1659581994
1141888850
3733304475
3146907500
1166248249
1228615292
118620115
3617089753
3660176714
3311150258
3611971578
3389459060
3257733169
2939665066
3434131393
3401373212
3535231820
3559488732
364120356
349592043
341569260
1461373069
3525770957
2942024217
2769414674
3412768463
3229117851
