707357002188492800
4489908922
3916602493
4190801840
1722217699
4831057377
4661350165
2793107660
3836462114
1655376452
2949175532
3811802594
4020781400
3624155953
3956634419
3227268037
4220105385
4178593512
3956045352
3770856380
3644501359
3345031099
3702900074
3875308092
2370548814
3240415728
4124765361
3746773934
4148697614
3866190266
2382109578
3723798212
562539116
4014236300
3986734760
3401487374
3688313773
3310246926
3814844546
3798931452
3997674072
3628760684
3769588049
1005151555
3315836118
3567067992
2781771684
3773600127
3966285798
3999370097
