33778038
9465612
2987387798
770863366558535681
4832698638
71583669
2648373674
2794860968
92419679
2780556462
1718000594
293093988
770731075358171136
195586066
1684347073
2962606528
761892326579011584
735796981977600000
3999676576
2917173737
769736376304570368
2562243727
767261661245956096
769420913850843136
769399498145542144
769227360017133568
1612916401
165547615
739340462314528769
4235378722
350889014
768244849606815748
751727255966003201
2515076245
765489834353762308
2613782922
3003807303
2253383874
767338414190555136
767153708089999360
767087037342179328
765239142988992512
4742741750
744136520316129280
4315213835
749136672567095297
765111692950925312
754913017268170752
748338668738273280
752979453677019136
766182258457866241
249833322
243403984
586941998
709318887418908673
2718041366
753105067629223937
847398505
2500669631
764758041010900992
718420786923450368
2809249041
1000372856
764445794556604416
763846621838794752
763638739847512064
21783867
754095579970449409
2882013788
761101889450618880
47065543
756280218965282816
719468247427330048
761145991525339136
718739774903689216
3833232316
1917382772
183442577
3249738830
755611110837919744
760960037934206978
747078730430955521
2278080022
3167382342
726388858187816960
1479581245
759951082780921856
2779025599
4338636912
756435702292713472
758899144421285888
2282811896
758406905135890433
2545246692
3751282992
759765317354524674
759747766629183488
715925309414117376
743701705431252992
3286453687
454013652
759201557477023744
1025863098
706156278574350338
1676896656
759054915549270021
731273327025618949
4535592192
758796595018108928
757300441482862592
758755114144428032
751424623347003392
2889773408
204561460
739819902
756110558370357248
2909467922
755953581606313984
743607793895124992
736750548
316377211
1433951305
4220228615
755505255262068736
755239447189389312
259530003
755397466103644160
4823181909
755006536225726464
734002018939854848
4335270252
731684714713473026
129713178
754406477335371777
752485069713838080
2507945234
754958895647293440
745206508976111616
752490188715110401
18548627
752620312525692928
2821413921
44039127
731800297614544896
740975996120256512
315802097
3312063307
316157014
108795220
561316534
4149391818
3453951554
489106540
749987413003476992
715688453850140676
732561073857921024
752649581179973632
2241843907
741011998276751362
316064507
751404076529643520
726614688679649281
2826760571
4820526425
752261757175930881
125845334
4822100457
731163442065723392
2942379591
3875924606
751968469306925057
713048817306873856
751872956888784896
2691296190
734079479786680320
751297351763894272
313950755
3535221022
19268540
744993986079752192
4134526612
745948871486898177
750528594666029056
732558156186812416
732231259968020480
732621604656533504
4107469219
3389915945
2514532843
99044062
2739207644
731209908712935424
1871483124
4820275889
4820658424
739652581883023360
749699233083592704
740794283595300864
2670741106
3401563869
717812843840741380
749122482779484160
748546783207260161
748943440273149953
122235900
748435679944708097
728928269031100416
3437075954
723931695334957056
718683725219917824
3129779854
747479573294686208
748225099401138176
747503226606469120
1261642824
732636876700405761
3657473233
2802601988
4794678162
745119609703927808
747123348010844160
263520509
746003402967023616
746130110101630976
2659928251
17487771
4134023114
745455413705904128
179131585
745337838749650944
745411975820152833
2895092179
3775968569
4910708753
743840609555742720
4069700054
743656612372615169
741709782101286912
956816448
739475759119663104
742494776411357185
3315356580
2909125547
711913669265920000
741515447380508675
735031745184157696
716518315678638080
741454663619379209
733470539038248960
741328163628716032
741311800084307968
741301748648710144
739107406030897153
16672662
3143245297
733830066115883008
738267403
729500468171268096
4766740714
2915916074
3986112434
2286665352
3180482635
732877513597329409
734173961840406528
716316139853258752
738040018606817284
739418796704829440
739117450503979008
736835270713221120
4839906178
739016360970227713
3303892476
551323521
738157597832798209
189862077
725374654215417856
730791988774219776
1074705168
737642102268432385
737565751960166400
736996571926138880
99859136
732645308186791936
713276237855072256
4725051017
708680906429440000
1343061116
731512424717811712
735151447956918277
735894863653306368
2161259748
731952772136869888
702855420151472128
723159626640814082
731098290335387650
2245385335
567378220
2710967942
209006989
470801706
575805652
237224956
705776956374196224
2923980124
1351313353
731753154497241088
183032040
727016216921935872
723136062378266626
2705664981
719916501483040768
4725039378
733364320935940097
732915735765393408
730787486377508864
3337717042
729740582470320128
1007135700
330740370
731361147560075264
730450964755451904
2412949458
731885444057554944
4692873319
729531503177175040
4870922092
711564476026392576
730994191069745152
3128337662
4085786176
3320049159
729857766463053824
307875812
730314380726788097
455683691
39234134
720353794614145024
727549514161242112
725661251490172929
2848180783
729675621941530624
729346591014961153
1342379762
727554732168974340
728058165443465219
707294149024882688
4830428650
709005616203825152
2717327600
3279808033
3570290594
2934428424
727286859995340801
146388351
4926034382
4498591212
4787340074
726227629980946432
726951063018868736
2914437214
720718251425013760
726314959932526592
2806741949
1532436738
724563532268883968
723669699926568960
4662949033
724717934317199361
2516270186
723982658154405888
2927821795
2270367207
720822827763556353
540817147
718843672129880064
4847585952
211557752
722850514690441219
722598511028645890
16945329
2979121979
721787297385943040
709583319109935105
719544506077552640
2993492934
4688133517
720447744243052544
2893158750
720316988711510016
53309297
1248222986
717054746411012096
4833130799
716334529565175809
709566166562443264
718492203379765250
4647174674
1091618191
716595189888974848
939853778
4403924662
4587319596
716183720844132352
186500329
3317985090
2285834730
3266485770
3870349353
715244293498277888
4891689015
740123562
712076223904620544
723663817
707649630541094912
4236847521
3120892999
3837619756
4919495298
703511540423593984
701825998535299072
709056775413223426
704309335527071744
1508468672
363284652
4899302519
705254463452352512
4727263664
3065184505
704630826080686080
4810974014
120538744
700464907553259520
698861667342364672
3235015216
3815667687
2326577120
4848642261
4894238834
292770645
4894653923
4656826514
4877025443
3298164674
3101748424
1354540735
4853064484
3124521500
4843214649
4799039540
20620278
4365901874
3388185555
4572338152
4807041441
267286665
1953914576
4636098075
4160338019
3698827578
4652461634
3438138520
4581797536
4571027206
4325525783
4627719500
4192223956
4481475202
4492014501
4489110675
4493542343
4481930476
4490059582
4493249296
4491591023
4481796557
4492051641
4489744289
2936007865
4498030647
2148902916
4543011072
907312680
4518201318
4325770217
4145061394
4480301114
1950590696
3704617257
4426551019
4414623793
4318945635
4285805417
4249405726
4214313143
3654297915
4352274974
4105942155
3748110674
3856013121
4269071174
3246495936
1034290646
4198844656
208173371
4133803371
4179724876
2682374804
1160256098
3450964873
1222988161
3970532237
4115691136
572624968
4071042868
3583392679
3800664078
4063344132
1071394656
2516060719
3146319321
4021284357
4025582099
4000067435
2999013376
3393012073
155305890
3866427679
3779631258
3788327413
3070568628
3499348888
2814662413
734550432
2800841327
3586895713
3432035505
160633420
3387641320
3635936295
2600025712
3621680962
3727760362
3723979455
1373974988
3350899006
3557986394
1317441102
1030495537
2906377990
1413491923
3424810625
2561943408
3324229635
71475380
3524925194
39883560
3542052192
3539736852
3577286955
2478922669
235380880
289352727
3618161477
3368517261
2932931281
3330508193
45447152
3310850755
67802994
3476583492
112975665
3483185534
1877789420
3475652652
3568228397
3443547373
3103720010
1489036476
3455503879
3454043173
3304214731
3440366299
2712883146
3240130238
111182695
42581993
588203990
47387879
102394725
582756729
3410550689
3480585377
18548136
3277986612
3327318232
724973022
3172853478
1924374734
3045091604
3323072558
2457654385
3332864533
3349007852
3448819522
3355253866
3218306477
3257855132
3310854894
2860281343
3326877252
3323055238
120426631
89192116
199239959
3268417100
2458465025
3313939471
2185289952
2937701728
856792562
2986517772
3312398401
58691327
3145826363
29736216
3311287864
3267608666
399065781
490716037
3179520302
2316018968
3222899995
406086103
3307137386
99240286
3368212547
3281839238
3288568692
3294569994
3402112414
3185598127
3085950952
1406415991
3002922939
3302765412
2244748225
3302301606
458279448
266094700
3298839721
2152964489
274969473
317316763
3297111416
3244768338
581754515
3223580916
1676972539
296197324
2340141888
3383185667
405022806
2974131417
1482690638
3323350059
2921033622
3375713087
3118415346
2894398816
2592254140
3006605846
178750673
3280964383
3228800209
3197832277
3230909995
3278305453
341618390
22772804
3310379782
2337629028
75920095
3298477001
3359793364
416108337
3355574289
3358576295
3120408373
2257670258
3262886035
3265559538
95125536
3353158029
756771302
29817842
361056146
2298827443
1177754935
362296775
239311415
2282814673
236976355
435499714
3148437566
28865213
3334187499
313752737
3236399037
2461196336
27159083
1558901894
2709124346
2894409913
2451512936
3340931554
3130838028
3251517121
621779243
3333726058
2861299073
3017630764
3238360291
2338460591
3249526585
3246446691
3239610182
3216824509
3331273991
284608246
3196494998
3226152684
2493166050
2991668791
2962082167
3244352130
1513229072
1402659198
2925345925
3242926506
2954408741
3309387701
3317181531
436653957
3310247392
2873309569
3025952532
3219677976
3312327369
3304667332
3295878711
3311167630
2935241994
3036776883
3235786411
3236168336
3234584029
3232427558
3115260943
2163721297
3187227356
3225235345
3240681544
3147821760
3304485311
3237992523
2518687201
3219633919
3305203540
3304536688
3102242888
3011971367
3227841734
3249041649
3302506233
3144616490
3229643077
3059040451
3220209565
3213991051
2986687509
3225851167
2357179910
3292844861
1675564080
360771835
245615867
633525067
2254948619
3291398721
27972628
970685118
136330983
3242017762
3142965926
2973450994
1197440209
3213558564
121444936
3200210701
3247741305
3196872889
3197585520
3196571352
3193759142
3038310956
3194799632
3181651518
1978998205
3107554722
3104366902
3076140807
3252797909
2250384447
2343801654
3250998251
3246096735
3247460255
1355298626
3128919873
3204998343
3184884271
3245284155
2992373897
3126237724
631884228
2166121673
3219231322
140932046
3241824904
3188508745
2903488243
2773535367
2346260250
2677636506
3226950484
2880227726
3227887011
3182093756
3181210010
1395438146
3193049890
3133247744
2895162020
3157631593
2345650803
3174282860
3170222536
3141640453
3130723642
3200845990
2425664431
3013960705
314096941
2991072304
105070121
2878318650
3131233272
3182690129
3162383528
15598096
3005382678
1671023754
383054428
251967200
202476975
2541961200
1487025703
129843178
3146547412
3148121418
3001570186
399791192
2828449433
2373032804
3147696814
145149230
2993406047
2849941787
2970780579
3011254021
1291528650
2919887429
3116730398
611106427
3032945018
3112241496
2663811504
3120307090
213101081
2851505070
507798950
2598863574
2898433688
3115444763
2985931924
311496971
22291069
189688024
3102488943
3079216086
3099822216
3004533491
3089080033
3082350223
63595404
630738792
3018953678
3092967705
2933479241
3071479793
3091808603
2645403829
3087421090
40107120
3075993830
3076758230
2973877937
3074946109
260266028
252793413
2373832776
3046344132
2477365092
3068474702
3079390162
2674589541
3056924414
2802123848
3060022357
2332416071
3056385492
2324816594
619753834
3003845884
3039184003
1086503725
3030016071
845839724
2752305599
2856836922
138835591
3063211577
3035344416
3046700783
912633884
911173646
3059219158
2840834263
3022022461
3057396196
3037193539
1211215244
3029539771
2814019141
2261778684
2630369735
2996667389
1260431444
2453891377
2824660760
444023903
3027885822
3044604003
3025686566
207923288
2921347814
2992677224
2998197670
1433515934
1873272060
2992565742
3029323175
3019193572
3007594058
1184137736
1414962523
3023827864
2992531017
7432682
2708171460
2750974415
2847844375
3013917123
3003740351
2993940325
2949633994
532480807
3004851085
2861354860
197813943
3000717416
197716997
2800287175
2930460095
2988973703
2236521570
46513561
3001910645
2859475788
2976937383
2446467409
2611075331
2935319814
2887363032
2608689332
1248855493
2991341230
2832135962
2978658754
2323771194
2905018260
2987816608
2458367438
310283565
2928133799
2984746244
2774228538
1923627074
2933888079
2980129401
2914424008
2766791706
2759196588
2766763898
2766781657
2759196889
2766820903
2759217475
2759213106
2759260058
2755340100
2755381243
2755382288
2755339766
2755244090
2755075706
2755356613
2746318116
2746199828
2755203769
2746103798
2746151424
2970814547
2978244623
2533437584
276059863
397791810
2182283184
2893020614
1912884482
2279953459
2970491139
2746029674
2745969866
2746033333
2746084453
2745868328
1103207719
2616178054
2965514728
2161228198
2960481536
2963191312
2417994647
2958974271
2446440502
2833969375
2957772457
2959127025
2957281443
2957254485
2949205740
482651606
326366152
2954051535
2952827601
2922557298
2949277142
2180473200
2169026659
2930541715
1595798784
458785922
244944569
2949707939
33799476
130380248
2438512303
2874464105
2943949917
2941313217
2941966325
2934234433
2908909093
2939256580
2935703652
2938678233
313296797
2631024100
2935908573
1539650384
2935640760
1238061721
2764760066
2935858886
2934807403
34658505
2716889416
818328546
2909754975
2892117042
1393199916
2728833810
2927245784
2915424935
22966253
86309975
2921057551
23411841
2905831809
1909106604
2904187619
122782535
2900517820
2915451330
2743845136
2899190326
2851977598
2265702595
2747150437
2896736979
514435763
2881793967
79350646
2870076390
15873448
2806026452
215851860
2906162190
237587916
581639163
2523149473
1016616396
905974730
910551962
60933759
293129222
2867657271
2857844768
1573306693
2863114589
1265593664
2866873604
2841661084
2859007872
2853959748
2836413718
2830892631
253006628
1358228815
2823260787
2302615094
2776675278
2711349135
1935438516
2819876959
2752625247
2833257008
79881741
316244228
2573765761
2714540629
244508252
1038742291
316132603
504260183
2768362612
2418110577
315558520
123089479
2423029877
2766398974
2766816081
2707876008
316157895
316255929
2212545686
2419583112
2790981006
2290639557
315515433
1442920290
1002402672
316406217
2755328721
353464430
2738875515
252274437
230950857
478471394
2744816602
1429448311
2596204003
2743025561
533326735
2474165747
2171870691
576467637
2171607590
2416431083
2692012836
1661007842
203153918
2651011790
14550573
2717495795
468165608
2695849245
2633992213
563895212
2245996789
2461023540
618481944
786455658
377778242
2453750018
72650262
2506292450
2573576550
2571107508
2561919134
2563109024
2557107348
2554154402
1116894932
63818960
21424877
581669437
1848962658
162181523
50878797
225707574
2390457648
2423505468
2391408420
2517805477
2485631105
454785316
2226239063
2314681537
2546837512
47017660
2477316876
956539843
1568702113
849786595
2311729260
203625987
2348245760
791721823
2415272887
2409361988
258123554
2493452417
1687802072
574400516
347658681
2268997992
2446586898
989000594
876703236
2480908521
2386938757
1194166478
449632242
2322668954
2192803682
2391856373
1267886516
2455767899
2457092211
1723545811
2412089454
1539328826
1687147338
24033221
2414235979
2360212098
2321450654
2303735924
20480549
2380733202
889921147
21936822
2423461713
15443085
17478928
2418652979
37002399
2393338836
1162345884
2312071548
177367779
69254395
92370760
2370536174
546856252
1583581362
531279612
492343282
423296495
456495340
589247365
19921215
1444180147
860844343
444959257
371644828
234258663
247840269
491854512
710726106
407842536
704065820
526819699
306398403
85399171
252917410
238968051
197790598
239644154
117818727
197002820
111434950
200703796
124029582
197740471
141745940
132220803
58932187
15458833
55366790
55087355
185666933
182796052
170755121
14270329
82219663
80084730
40741302
