1164065268
2434516190
3974577737
775162414278914048
56520771
775207918094340096
2196932528
3105299726
1239872394
188684410
61104605
737863672555540480
2537589410
761910978413858819
747098583183175681
758313769512697856
3460580532
757091051022655488
754457307262529536
749582837267869696
747465411168346112
744355110147366912
141741566
4667074994
29097048
746546886182526977
745418704427458560
857344644
3667085129
735563547858587648
4870362765
742684242052710401
738215197291077632
741508841800503296
741344477160308736
719378219175022592
3228811242
736185640027455489
604772054
2938793574
53818263
4743515546
624637711
736220855328329730
723368155922329600
23813710
736160303637893120
4888998333
705187791559200769
46143688
1119638202
727413192096256000
719875685217505280
729522145915600897
703541722815442944
178329065
703805521774575618
1512192614
717059354407661568
726364379747246080
3892272314
726695734121107457
704524379359563776
725543090837053440
238629280
712414607751585794
309514160
2440356817
722888908812468224
722121653346394117
722664546167558144
3229205802
3798120972
2531790020
4753002554
703897423815376896
3238956218
3175965272
3659420178
2684545483
129383582
4915351339
4848392136
706258048914952192
125669885
4307703681
4178550146
1518734353
202510181
3794885832
4059882493
715502246193184768
3955333812
3688796839
714308213777297408
713494256803909632
714720399888621568
3303736243
3702826094
4009351513
1038609409
707545776621129729
3068233370
2919330451
712225324172324865
712098382177632256
710279384465154048
704782395384287233
3442715352
709682318349197314
3881166978
704669936426192896
705817906957914112
4156774703
709288345306697728
701754101541941250
4857023790
4288339393
3259468836
3593240234
155189079
702990853053288448
3305094308
707731793781202944
707129878198378496
4221420014
4885673822
702698985656492032
1597559924
701593536903262209
3982291099
3277919760
4893830743
4105128681
4911329982
4187691706
4031518895
340199191
701683781955026944
704806583054635010
705932436656394240
4920286334
3525522613
3633914238
3708197713
3825768133
1246112814
3658775240
4544991558
3317401489
4900718467
4155346994
701239574849265664
705361142479134720
702242925179043840
4892841199
3255376338
703945621271502848
4787240058
702104677849018368
4880271313
4315970842
4858937322
3181210351
4220163073
702288120109084672
4861446996
2696833136
4767183432
3852158114
3768244454
956735275
4637089764
3837879094
4208686693
622721022
3458152274
2911935396
3835902854
3055139709
3023778588
3326917488
3571355900
4191042133
200438129
3251204221
292088329
4851559197
2791414661
3782040372
3245628949
3098690707
2913728762
4807726645
3934058898
4239374953
79527980
1592711600
2594573772
4058589913
3830766492
1136110255
407518607
4213587253
3684608599
700975204474818560
3481532772
3488433317
4811883907
4922632552
3307749223
1363745635
505370516
3710523252
876859862
4857397376
3241886958
44881200
3311512338
4831614462
4009729813
2995287553
514839061
4291326506
3146223792
3713056051
1666455174
4780875420
4064334626
4757189593
2776617492
3279582084
3820652174
2685672078
3302337482
4707060295
4679202019
4558596744
4418723654
2278468477
4316083213
631008793
4213624400
3948625394
4185361100
3283058222
4160505134
4145773219
4133060600
91988668
4033888152
4023283398
3955901833
2916153444
2941870559
3172242036
3926900130
3913421900
3878160913
2897756427
3401775674
2801311123
2283058694
3922359382
3922329137
3842316434
3697999874
3675596963
1417226454
2476255998
3725043193
3229447976
3748746204
3769991533
2841241417
3715598719
3723721754
3637032014
3712848978
3708495312
3670763246
3041233664
3657707054
3646132512
3527898332
3649586712
3590425933
3231566750
3315058087
3613466671
3428517220
134112840
241550483
594753839
3328738927
2368861712
3595181718
2588655704
3287272423
1454116141
2490963644
3146861251
3332785878
3421673067
3241707380
2343415308
2842950649
3499814594
1069991160
3295716194
2868342627
3355522323
3244009944
3490233014
3579176358
3312301262
3505416084
3344169923
3543891552
3254621154
3009561980
2834086580
3401167033
3502533372
3434131393
2931878332
3487327819
1953201913
3177255510
3308866332
3558286467
190986096
3421589473
3194582065
54823321
2999179261
336639209
3311649224
1279276116
3229599019
2922379590
3022241233
3402470473
3360410479
3395072834
3314868372
3407144879
2432745722
2428371510
3317758411
3427133825
405375788
3361943352
2162478020
3321126992
3319803468
3319800764
3022387645
171323654
2681685414
3194265402
3328427467
2481732534
3235682467
2257459927
34487110
1368673176
1258377655
3311298698
3324367566
3242494940
3317553702
3317619860
3139041019
3326608638
3319603105
2675725386
3304044097
3318672030
2934937230
3292295658
3314984569
2872962360
3291709003
1654606068
2769479268
3303486048
1383931614
2501347336
3316905132
2534943512
2999656308
3289859725
3313309934
3315545246
1151004043
3186029437
1318140726
3222419215
3265630908
2812574870
1093979665
3311082092
445829118
447783075
2831078348
3309270241
3310429225
3285185228
2415520933
2880404694
2731402030
3274728283
3165514092
3279343538
3304194060
3275001354
3179056939
3232244880
2833642531
3314938111
3275206872
610344478
605332533
3310950859
3312971924
909243270
609847762
3279316242
3421293177
3311626123
3312558656
2994853718
3310056337
3314424692
3314367823
2249589625
3229202173
3269412834
2530143192
2770687458
719480966
3313417106
1690381524
3301439020
3228706261
3311171059
3303984176
3035877414
535999661
2490442459
2991233078
2530176038
1708998943
3171957194
3280725086
3178243812
2475082807
3223832594
332723100
3384017998
3183588079
2900421037
1491703309
3270949453
3232298586
3259857234
3058804026
3225864786
2485171488
50522979
1458586591
2251872307
3219374000
3237937650
3247709670
3051413025
3190517238
3228497208
3223997906
3229422360
2985746269
3307779237
3150612384
582771612
3232231651
2275558112
3034428644
