278770142
36746023
281055314
746431706706522113
37131103
516039939
763940445588066304
758904203058130944
589448567
304136445
248093041
1545125012
3908374465
756987329978462209
10796522
2637943344
729544241995759616
765372949754896384
275714700
775477071736819712
539863097
494850177
737282635
322874617
625327037
66656478
752924128445861889
752673183485001728
211188965
517164852
19607639
214862486
4902714075
599441701
728966181676322816
251153944
1381088924
1543944841
4883976963
763974536039497728
168857423
1209933139
20244903
483412848
22065720
54228009
1138416104
751243763192885248
48867817
730296450136018945
56238450
260462391
89476066
270068926
736558567981993984
773243498778722304
3313792782
749196948876324865
758668271587426304
2208142532
19788748
474808108
3431538334
1571656033
47010384
752437293789708288
772940870895087617
308786965
773347382666878976
730785513804693504
3076704309
904859090
3326101507
3270864192
774235274532585472
503148350
1788942480
4855228351
574023889
2559925034
393447282
37225397
863374884
216558300
399178595
52407037
55572534
489984078
188199005
2740546270
3063807852
766318102577577985
1900649491
340067849
4831553568
3138553615
990627116
3396686525
91654658
4866438183
2520557940
760906639427837952
755842481556561920
3594608053
850095096
544439527
1109825893
387321930
716107599041572864
533968111
702919804303360000
729401711622770688
2167340796
772077158785224704
277840652
563814344
52119056
123464143
341190477
4212124174
759035063023521793
1949719051
250882048
745850287756288001
1332161480
1159047036
22516523
172559532
37990581
18234973
16711026
2940707102
186100463
728380341518503937
352269816
1343562362
4890984519
2756388564
22796565
246570766
773600375253467136
609350642
2320910580
32921077
358340087
575815317
704067221920677888
78931027
3106563587
622591509
3431959041
271983868
701601375487004674
279358548
3246501518
735103080
228437789
3929703555
2802034685
757727943602954240
985092973
783869731
333750982
1862092777
67169191
64781513
754775250
121895573
837561853
747531480436400128
417071508
569485011
768838754287091712
755474199230242821
238507280
608737680
2567319721
2267538912
763018613632688128
756327678316347392
869808943
709855618480381954
70150704
1175808242
34409004
1604224146
769375220599623681
3087713648
739908310665682944
418938254
1920262370
704607961
3434305366
18585570
772118572080455680
760837396233527297
181526576
4448060534
2177020681
762360899768201216
18112970
1284956808
862131258
767899299006943233
1667303785
16810046
18147891
1474274960
286348171
439608838
853565910
718138956911656961
2959905196
712158400566525952
942899624
24568674
3354870765
34823020
898165160
276842152
741064132905082881
755845797204418560
416584415
747592418325835776
759201072397357056
19822909
107190848
336157306
4680614712
21577728
3216839925
126320142
758658565980717057
869867546
23326668
563244796
765923496610463744
3174756456
65684251
727279881294221312
770432108871479296
732515283902943232
2865693345
335576999
716298571541295106
1666411705
741751070578204672
709076044343541761
769842597154004992
2988785197
743141051502858241
2602143482
18087450
2416763191
294991606
16721452
527424042
170852492
1559047244
703637991168737282
98772843
25428549
93108995
755535709868466176
3303748735
4759057768
719017228465668096
426824152
1620010466
731549038646984704
1640929196
2153549784
745023021287510016
902544727
2239841492
3267764497
758521248062189569
290980590
769126268491014144
717032687643529216
3997431972
595665351
396706815
4870766967
44570152
245183629
22781012
68485865
764837809022795777
157920406
247844554
334217092
768527844179865601
724635986681028608
238251866
3656608581
21048844
1707545593
254560727
734526310593232898
244353662
765290656382148608
171282532
4780145115
766456939643625472
235395935
3077515383
716823321
2374373018
42326304
747463872219492352
2884800802
2952603735
766719206247108608
801131857
767239865909981184
22707692
748713477854797824
131012559
290824795
152159647
4599425478
365035254
4664069117
2946745916
1449990151
760500323861626880
123087976
346339018
755057200901398528
15872716
197459124
47867157
2955700480
279332844
130967472
1226659244
861927176
4852896717
1173410624
3150777746
755442744789655552
2414913756
26332114
376472551
1859515387
2721239289
32615739
731925359965392896
3254897568
323864904
24400071
760238171934322691
701685615562248192
2679944780
17194090
2231942370
723199778939490304
305054566
4925188717
2928451870
763461067171389440
538334228
88311544
65272235
302275922
3371561954
2276678323
166624682
482973239
47385801
714475233420382209
54999242
1571405365
2202454502
755860117254307840
3278938615
3246956725
243899518
244783412
756252871725809664
764128023838920708
3365151111
4129886668
22926791
2671109332
59785531
20520465
30697593
127537805
134296707
2283571788
3699623235
768802412
4885969131
707093709486034944
41670593
1604464490
750140177587331076
581065084
857205728
212025426
3354440327
40173562
764193219491999744
38616611
555120449
2511532872
4843324530
764224404016336897
733544530033549313
762143470978945024
546748817
759500976755703808
308501672
20473964
731901579587129345
757810508489633794
728445097570795522
705119727216005120
755808822506041344
4700579492
18380580
97049714
1744621
3247318839
1083112993
4904520038
717658638643408896
377454987
709819860717477889
97689765
703361709482749952
4741763907
64485555
1549917763
353919244
2476658245
73717605
3272237022
737037848163950592
699451032913358848
236928181
714562596070952960
168759825
484158129
704907401464516609
3407054114
2732386728
48215218
18082945
762299155716931584
759570314879655936
768666216
50533042
39294154
220807999
752882758175686656
761843308293304320
2480998605
343141985
891978900
740408801308905473
2323057026
713520893469835264
3427200023
346257872
28718888
757994297404731392
1460276738
183753455
395465991
153969233
349941493
15715649
254059750
1684533536
14541364
409629768
730097447700185089
162452290
4875126257
743167075712008192
1858043575
726252057154453504
731203060064653312
417139531
321774180
478151814
703329593403412480
736221584742961153
1928655258
586853452
704407724088541185
717885843558379520
309798841
4726721653
759721705371684864
948411300
908658590
19876355
705140392287580160
724077790492913664
482274576
13337292
387902201
716371621380890624
21027387
4765817690
254828810
751596230908665856
734139849922465792
725295042013872128
743601656097443840
17258301
2960196001
20798128
23746411
71625544
757647993638182916
1917542490
37220746
84958161
277261996
1442476447
807531732
3344005587
47716888
361544166
620073580
3103583472
752342271522115585
860687102
4874887923
47630337
20594278
117104543
49966935
447406418
4126237583
48293556
65401126
21572898
1646298979
743293978968088576
2233525334
45871580
744194214
4874896845
4694417744
25822421
3356526207
4642671982
51813493
757032370373484544
2775892105
81705720
403667375
713875632053051392
2991854545
19691135
726151048151191552
4177347678
574536155
740965468127830016
21474305
743158468073263105
53503202
755861538628591616
2528590273
728930346109181952
754751390300319744
303940308
3087796935
469107911
2299663596
27355545
774497162
2332055875
726587147034058752
732767937170284544
3676507156
1173765506
2899783733
50936590
733870868032430080
1422241538
2753807133
4852337032
308206380
267335272
3436790726
4825957170
542947234
755227110654873601
249997262
767862828
57755615
277354109
322802128
4573093401
2822640558
923964859
725330619320930304
41745189
1923742562
3052884712
793199797
719375446748504072
4812778686
34023470
291774022
486359270
1656686900
32206125
737717173754290176
296674343
17787826
3164266630
4905757104
15054012
1582072040
337807078
750491087085723648
4857438269
118048366
407807940
737842588732919809
1441673053
39246787
726616624527212546
745827534244352000
116264391
86617755
994053811
14746731
1423118240
4650885269
2432221788
712734180275265536
4097985741
124868958
2792672981
740955539354603520
381666934
22084332
47467614
4870478255
1961510335
415381836
3070270996
3237109164
3012462963
106331667
372497412
53105686
2379615913
56625292
753395224655884292
1934787661
1888217911
72627052
25195591
313495039
22165261
16452136
22312331
734040021053898753
1659156038
3473549662
115563859
30726383
866504623
710299845349609472
131745190
33721957
2892944791
1195684554
3150687218
40943685
4065475151
28938202
19038210
742367000526196738
33951948
23132135
16801243
20964739
705509322856468480
242991940
3383175081
15538804
4476084275
31417953
142081532
720048672801701888
2389984039
33879063
84685398
2633778800
27926877
84759456
40874240
4440203236
2892976359
751630722297892864
2646690067
4092379467
48128080
2772258532
444054117
745281528146497536
45270329
2414073730
748946826972332034
295225623
25571493
4256842251
353672532
3420813371
391785748
792790628
2788972943
1157143663
200666467
703615920
4647876373
723251262398054400
16744260
17688491
17217502
710959152168902656
524024759
45079860
18907301
733156652715675648
714419097262538752
302991001
125752774
2686562168
2823929267
120108428
88186757
2226140491
724047241862766592
749018250751586304
744506616062476289
17756037
703738045984591873
18876259
22837004
2736039738
35841335
862716120
7808372
3697637595
710375905873494016
312228522
728370479665315840
2904428957
21822121
1112961794
72169114
17995409
393855734
324813426
3025052073
16163955
167760471
4726656552
982995216
4899610029
299929232
706865960372854786
620302914
726872852968931328
714482749122347008
4835463215
22970364
481762079
713091735140708352
1951862624
907376150
4281574153
204538077
2871899817
3160110589
4885148617
711836609876856832
380919448
1246900826
176860312
3074470992
63237178
4822119385
706568541353283585
494837281
1471159992
747457993063731200
62439819
728425654358704129
727749427318886401
16028985
526827494
983215267
737457147009630208
59725929
727875273585086465
3266623945
2876711739
1646813808
22873947
69610369
4258336000
62437744
169631598
28654816
4702245870
316788501
2373857028
543452426
2990513860
2566165214
1016316932
4834064098
2195478619
708282547487318016
15545122
6794172
15138844
195019820
260718880
3019385613
729370090022576128
4077013648
583190908
479562736
744196729239535617
3396143585
3385951406
738668414269575168
734933729328517121
715341308940910596
133879298
2267700079
26215019
2498397335
130851044
732595019417194497
737262062
26350255
216314600
397052586
703216957022031872
338298739
854724680
275714825
721882843668815877
2575523881
4437233895
33558181
737090258328752128
170404126
389841834
4803435259
700470686444224513
735172264178688000
2905749286
737853579524853760
724677137802756096
554758945
325164172
2514045312
363275073
2746525580
275743098
128429068
720281941908463616
892848180
17012824
143663678
102183152
1703229200
324586504
2190334998
2970873111
17721912
717358812336750593
220824996
2948622017
721709616
36311109
57141572
735281631208968192
297191567
833420533
228554424
720473346
153218852
93583928
705299120
32121172
22821563
580857186
2226615308
382268135
266326338
825381325
2829241367
25027494
549742082
729006072762122240
267601748
7019512
14063769
149543566
73149477
2363804264
213165537
27538881
4854822338
357674108
3309654696
313116482
596844152
721327574786392065
735594241561403392
2156190929
328702453
30657398
2485274377
1695197929
707766407061069824
287453721
92298330
627995915
719441191045955585
712691718353649664
18874834
4424491932
338007458
710137761207087104
1923870720
22694007
1548756944
25855350
3660147134
458377940
35253573
3455796672
764622636
561959489
246103
703536063881584640
4886779211
2389738746
2430341433
35599836
100321921
15066876
316573327
734541515385655297
11667542
118065620
189892853
31285446
2802139994
483429828
560323997
716972670571716609
3190388565
705241168586661890
3050006307
32318775
31257471
32649134
4764133452
34662470
469965751
26015031
2533447226
245564291
2290340035
4902016168
185723734
600697222
119816962
636652493
8566052
734881029404557312
4009828512
177331028
160310194
2902674233
4877442046
2764339538
319938963
3349433536
17442710
67602503
7829912
704350953068109824
733790252972814336
358277172
392047970
636698120
30899109
21970442
376744269
713422715701608448
2826806322
18791138
720048569743331329
251627017
2354597778
4416768012
97383592
1398194666
2841326331
2861342687
96399170
2338340929
907186650
1330404805
14774634
55310956
106174697
4716481825
628417129
142740168
874405711
30498550
57174187
4729801216
732511535008997376
212988926
14820792
2186453322
327561051
159993740
18204833
125122422
2533783604
465878909
260593970
551522917
32605697
723887778249867264
110161115
2897028973
1941136946
194651747
3307417512
726609547159183361
2349010292
3110353779
20719498
6013272
414488432
11715042
3987161712
4706615712
1969699820
488799600
171868146
117983479
362290415
728981660566433792
161594344
116630205
3804963562
1123137259
167964184
262312552
700850673504522240
56050543
316555577
1651181504
3071663408
2421067430
756899642
2254313035
24733117
725818365512568833
182047549
2373146017
260859196
4917092018
15989022
15157971
28608767
2382321121
3309139560
20634939
720446894397333505
1924395420
726604502082572292
3278075011
700590733170847744
87480406
33596934
242658172
726947932646166528
1338765866
181238693
1119245714
482385007
2442363014
21495530
4697374993
824460816
457140241
153966123
1458109609
509303924
167478588
28201999
589606816
241368198
726355733370028032
632284182
1967329470
725154675062755328
725294412151009280
796261392
2704863679
16640037
2831988279
246163975
709406894905958400
720365907818590208
1022356213
324042503
26184882
3119305737
44320262
724487093137764352
243444413
1282197158
18353495
4839340449
720805498270814210
222727342
2478015324
20663138
466679767
316594616
29184911
4831721343
724335691291746310
20852175
710131519570845700
574166517
480083441
22064255
2747035544
3312840571
700723240793088001
378712861
297447292
15389813
116960062
714720425801084930
389768752
1147702358
37781634
30626499
2615294426
195510109
2734953286
22001536
21169078
2528891308
39576271
3218191185
705428448618156032
2224644214
704462873280454656
707946321043431424
719024867820089344
1259557615
3247344656
22858466
704774715987070976
4819292505
141237418
1934798646
483360857
1604640828
721856133166665728
179732982
716665842037956609
18267698
4785292626
3406500304
3302041212
24719342
4860675752
716545648
2878701780
392425423
701488129903951872
2711736046
3814387102
717210354938413056
2468536818
710908819799416833
4750874478
498167911
4910014602
3398770055
4925828339
16300160
469845522
453321264
4917802760
488911358
259252751
21461995
717044648464613376
822508514
4828013916
180897456
872332808
95802312
206844298
75472136
1928290020
313772276
1232955438
483272505
866504532
71529455
123386371
110803365
4541726055
703319185288462337
3327420822
19515059
845893680
50458131
1025187769
390914510
710643313267716096
3131161846
704967105402114048
704525302584774656
948843770
718283360540442624
177070701
49205207
466319594
183958809
4794182534
775474824
65455370
343535198
469732090
181693933
61149653
1584645799
711720714148167681
292684762
851963809
977179363
709383098476175360
583117972
551239859
344233703
247119832
62879222
16653846
301019006
227010728
23860507
54496494
3091936475
462132518
61868777
1328206963
706990010042601473
4432280356
580312540
714870226693857281
2283920237
2165395147
181309290
4749014003
260613788
2209184731
3679704142
800884141
329196439
712759841794760705
461798830
1885129123
343618991
3489919214
1244408377
3098115975
44363702
702261605703294976
1344713761
705402570597134336
921824922
74175586
16672561
812953368
18298094
2217250051
1608321360
1477241472
432294867
53306833
711439062519910400
4893086944
712881852831412224
2317484126
4005375497
3230930205
520029915
532642459
713712051441434624
163194830
1952905440
713475763035439104
500391228
754135908
599857189
316551217
822576654
14578954
868130508
525925642
426578718
540472551
21025381
1854620118
235231110
4790585689
39606118
2834406335
509641330
710928458633891840
2434294310
1003591208
38804457
17172863
107727858
711454551505707008
1969346438
705865207718023168
4520336374
3920426061
23255247
702779991717597185
878055726
4174527256
21705181
2726275639
546019031
1598574949
2990250613
556340189
597529238
709772349281710080
868672483
137354145
263437634
710244184876167168
931391137
707291191100837889
737292332
525040319
706706552363745280
31601858
709545797189308418
384439929
709098614132494336
925630458
159608463
4005092840
1904253714
708337996475580417
708465701493678080
4926310961
2519185931
451662665
22208652
3305406949
292898176
706211476692967425
28190522
21043723
200697773
708477796796895232
18220818
384940104
14469246
931908926
384013424
279668945
28926547
4084761651
411967865
4785836575
704955009218252800
740600552
3167183369
2965284615
703262033727365120
19463681
33952326
27124758
4905788618
4187444843
1922342803
17133231
4817772331
32671625
377565477
16215350
3179493427
192698391
178595022
4813986674
1519723458
3150244351
21440866
770759270
181278090
567345950
3298431304
32489614
2329498706
133063757
4838049200
2471494160
1523891821
19373532
543780273
822411577
3266526978
703945034240909312
705053565874741249
3343850290
887562596
49379886
2861426208
129891935
4754201535
26070572
2353974979
2565489511
390103810
57100823
15909226
2732944034
2840915387
2570560126
1442432402
4311393022
251000898
24556105
2856875981
4159203832
2848847405
16892534
4044055152
32487224
3122485277
4488233199
3570410415
14993272
1884757826
53090314
2613143381
976371649
528687422
49021031
607622157
3509458035
775831849
4732288278
246156265
24247106
858646280
3431718874
3918296714
701170297701969920
48551015
466205000
15115280
138409823
3882169698
229518601
178063571
95094652
3169035458
482479863
992081976
4354153941
2396738862
63160617
353109964
3150098774
898822854
4789873223
117798486
15379585
874846453
3761572816
16672662
500307660
1421631721
512417432
701178027380637698
2177074008
2822274342
15315204
3448466178
4764953297
104459389
2922173583
2726589234
2973590788
2241546788
4182358696
1963570075
748761679
4893031932
18586848
3151702404
32168059
2477401033
4871954015
612057704
760017242
2802308323
1571239068
2275042470
3166046356
630321272
33416297
3429352367
113349253
51259550
233291124
177238918
19848466
3873467952
81406248
2780650478
182630349
274422511
4895927904
286680865
3164513660
1003669872
214246330
105856825
3893210375
1127187127
1355218452
2841747221
18141610
49012635
2735569132
349803020
114474262
19077091
2934009661
43264119
1922271644
2785095528
16074930
1869575251
3320933284
18898038
259500938
2792733877
704095868
18209668
1639114092
4017653352
3070366039
70279623
16351724
3223914997
315577705
1075939369
3308308806
3010492622
19915883
3006487744
50398239
1072478329
396148023
3074077823
60923323
2216532829
15983306
288981065
1721163391
1909087813
34341362
1870274804
2341358222
20681628
32626943
4877191041
3307295642
4851327989
2495637565
3505437800
738794040
305415046
39992789
43069742
1626066301
103600744
145862955
251318959
384974702
60903033
2254884070
1228651723
4865744752
486731892
2560148358
2975586611
255909904
4579781073
31403779
2377977842
793999634
4860631505
100838706
4504922795
4811439194
4339234994
48417802
4602469394
270528803
1541355906
264931947
302881437
16146535
19088288
21868866
2254482542
3289482160
238648688
3344387495
3891108395
1351541984
400188508
4024549125
4811560996
22454663
3670466537
2827479370
1289801750
26919151
100880543
60644777
351148925
3320557224
476315898
2360448613
3390254459
387162020
51522136
3103213542
16377431
383892294
2326576213
845687880
455537870
4594685598
85881268
4704750500
23986292
4631548822
4614651
91673645
2258393148
284251529
634676291
16000856
3215226003
1513958744
1965905755
520565785
978597932
307930619
1038389708
2394711223
2153626892
2400901568
37308433
2769713315
25416225
370135213
3588277825
203765012
87957969
492507438
301055281
118746248
294213625
132617902
850633633
115530926
2244729336
1562825972
3217694460
4606946533
997682274
2657544186
3229506722
117179079
48088063
2785663088
146160591
131018989
804097207
2250969985
991634754
4520240174
4147751584
4452015921
79218153
18382184
27279989
2200221
507877806
2173646835
558293436
4521330855
1479840834
1957346588
1548714900
37599351
591297698
436314047
4327242015
223634084
347917266
4385653835
33014441
135767303
32774989
817603842
60718655
168838692
478359113
1562072268
19290107
45413198
3167664274
3246323595
3722784672
221969181
30599491
73031295
3256373953
1012402238
369284564
197192859
2833231147
2664628069
574202775
19671185
108694774
716516792
1955104237
149285149
2293944366
1380677004
1104724639
16125084
231169484
48854106
1972487383
400265171
286217515
851711263
386284351
868856461
484158909
2154899852
456722136
1526148606
360285166
14987514
4560601
4170491
1454749736
329443994
1697094576
434394646
20875393
435564722
