4222349713
3231330660
2729521216
29223684
756053865959723009
177728608
756212017711685632
27683583
4146214853
18147891
321774180
716371621380890624
559835779
763917585649926144
732681446444433408
1526148606
3406568194
435564722
24443770
760746862097731584
721813027536904193
33421794
846221376
324440331
2792672981
426578718
24033160
705155575135342592
3407734924
1164598754
2828809100
709019474716966912
830156539
18082945
728239970574544897
481762079
4902285813
62928920
4894095909
23259606
341190477
70499835
193441812
15066876
4855874126
727749427318886401
1385511295
69715706
743167075712008192
1011445082
738081965526523904
1671654667
125105262
3237109164
1244408377
752882758175686656
37131103
732736354715586560
737090258328752128
23746411
118492640
392372010
3390254459
612832554
3164509826
1966921812
16672561
726151048151191552
703692143580323840
7808372
2148693998
747592418325835776
16122121
701059746741297152
779318178
2623858099
316539582
760032852649975809
759907525953105920
4855383726
1494698064
708447318475812864
378206995
18087450
4574404887
755683065263894528
22582935
3130887615
1035895740
18209668
3156149991
701162747896016896
167985567
735126875115261952
3307417512
1431227348
3047343780
750024293992529921
22454663
220824996
18876259
427744506
14986598
74508260
4033642342
753395224655884292
361544166
1964256980
32671625
337807078
726227894263930880
1964213526
749603848097034240
1934787661
1381088924
520029915
721404517942763521
733691519861919744
53503202
313157669
14755885
727147150770098176
2308841288
4329459552
922745910
450482148
3406619409
3003863477
2645824949
3161906866
48027265
2808542293
2362858045
31285446
4165258818
252536750
581429678
745316189790932994
1713784454
740073908947308544
312621291
712545550810406912
4126005489
707846655501082624
742912517937201152
57871352
1261705513
739255329519734784
570991688
3301624108
3407664946
907186650
25058512
3179493427
167478588
741829637727129602
19915883
868130508
350254876
33558181
1483440432
1535171269
741050639409635328
28632164
705204465930887168
823574168
246152082
3247344656
2485103738
1976583307
309133814
739050003168165888
3299998634
348783600
3683113160
2288723564
48438556
4886779211
73590537
426824152
248200633
4877208435
737697930954543105
23860507
2834406335
37134712
728251727250653184
12021482
2815968593
717368565498773504
2905100962
127537805
724677137802756096
887562596
1910105990
3293510066
2488574286
2338340929
705309332867420160
376667090
8071902
26015031
296958764
2841747221
4442743701
2533447226
395660002
203070834
251341054
715133339678584832
36468280
730669632772706305
93583928
4711362133
14823364
1046006412
16482279
727327748994138112
723870003087433728
2937516482
4512909496
712021198670934016
15726120
217974888
118048366
4437493517
585209347
730732317480751105
4320806723
2377977842
3806383455
281696691
2360448613
717331743485902849
76053603
729621610915733504
340067849
4800796580
31487894
329408729
729303768119054337
3653083512
204587633
2337810560
2215697592
344747525
16335358
2253544608
4899610029
4892651607
363275073
1296601735
1626066301
160310194
580130219
2969992499
313015282
44108403
770759270
21043723
4024549125
1119245714
442911245
21970442
18382184
710522692189949956
473269025
928880852
724477610655272960
4311393022
488702565
2570541021
17074970
229518601
105242809
27934012
262726695
2209184731
725083868982816768
41104604
34383891
2581070247
17569982
1012376300
465686937
2565489511
195510109
710908819799416833
702898682329473026
1190665808
21495530
18298094
390103810
722957781691559936
3108106009
480083441
711654736114507777
2948622017
4621916174
292684762
138409823
84759456
1936187252
2563773024
3814387102
21868866
29184911
2654988740
298817970
400352771
183958809
343535198
1640929196
22376434
27727001
1639114092
961710014
19848466
591297698
3359467378
708009857958486016
1639395961
2912997766
2725385155
283765382
32634614
1909087813
4656972496
4414911928
22804865
2832072426
22873947
1442476447
21715369
237480521
453321264
612057704
705865207718023168
1421631721
717480210938068993
2861426208
715796500102717440
16351724
2226615308
309878845
1281738726
33040121
544411686
16215350
4790585689
4353841283
709406894905958400
704080809884585984
4506424994
2732944034
3679704142
715377808793538560
931391137
850633633
1955126208
3489919214
707194840459681792
4877191041
712936444600291328
4798328729
95544222
874846453
4893086944
1584645799
26919151
59269191
47096351
275714700
32168059
3318208598
19052834
708309848
1869575251
15115280
79877260
4857406739
4327242015
21705181
1673851987
4199667323
104459389
706093305302417408
3810791594
3046482175
706658301702971392
1956835232
703040574862000128
703716473445982209
3136683663
335325479
3296872724
436314047
8145252
3339320505
4827990144
858646280
2278052438
2853370361
4729801216
3416316729
3247156175
4156911377
4775254460
3908587812
3086387504
4615556172
2975960846
4495131795
554985858
312926427
2200684778
16520708
3395097977
275220320
4243684797
4303717938
4149230555
22637813
3546483562
3874587914
30160168
2362269962
504702475
3227329484
305818709
310352640
188996039
240190823
258612762
2798597559
2177411382
2985165024
3297629652
2927400037
352377614
85767023
3295228027
2161768616
3382570109
3280206854
3257696141
3350384987
3079136775
3246834499
3249493980
2847058757
250378874
2974815040
3053573715
310272853
282724645
41201266
1353390289
3186963758
3243390861
1942578042
63488455
2974089143
21556912
1466426390
2942323270
422327034
3086546051
2406542961
251637330
1615344894
2820659023
3094193284
1081982948
3076791219
39090508
2877850070
885459234
3041621911
2997509780
2722709368
1701768487
2877387437
2587657376
2174577040
2957845242
2969196807
555241183
260590025
172834226
2821581989
2398636309
1323404239
17580892
305598988
2815025077
2869168347
522367783
121849694
179732982
147804614
2243329956
2773239068
884798887
459738537
1058797357
2792886731
405022806
1151844145
2833568450
70100773
29151815
632157129
2436588164
368535624
2717930572
734313128
2189114126
33113303
2772824539
110782268
2394858655
346915510
1397710172
365661337
860211505
1638501170
478359113
431006826
1870133209
253005713
1398654900
1283651539
298462281
2696159573
2400326083
17525171
520978968
488666397
36715350
1511546532
1432114224
18562582
366326857
30500021
2410719014
400708535
2526341078
462198318
206074747
39553539
2492099976
2357091659
1117222267
218938552
773578472
2411359933
1244122700
378873479
1248959648
599625725
2305165014
461818086
224653835
2433099630
139463483
438101278
1497949304
32126283
414488432
1838506538
45135625
1363364558
2401899720
41409813
1218515786
222514338
734139229
1964403806
1564219544
174364396
520997702
2289667465
251753800
339736990
594474964
1729747058
582384262
2322308773
2245867512
705946092
822710659
32835701
2282833363
268566257
62598339
2251383763
2233086984
1421097122
2166598414
1431390637
41075454
549189364
297741831
2207466348
1365936504
111129439
16015517
88213049
1979212903
717696990
609791831
26069309
23233081
1621264393
65577676
366330233
2196130700
910635218
14339845
1731168426
1633280599
2202970837
529358843
366471407
112540990
316589230
19608297
278834304
2150662868
20479321
368397875
23827692
201301372
474018251
2157709485
618468632
2151707341
716110601
1929902222
16305330
379480419
709941885
212066025
1896920828
991634754
1102431079
764374921
154727114
1062605094
527171314
1924736522
81652572
1477448882
172817107
72445489
44972359
1586555256
347081689
30030404
244746802
574920740
116984313
1487917969
213566907
1575088950
602980090
1681236008
21475850
1376884580
773174364
18467667
4494471
192094428
246344553
200088043
148418872
480356251
124558745
1051656505
97759956
980904206
1585605870
1628223086
1495388556
1662789938
44561722
950350836
1586907150
898815373
18949610
20073137
79352314
366625965
15936868
1530732877
288303533
462108771
49818607
795475314
233966512
319349245
21761456
1358159642
17831376
604200494
1623348384
898710888
15466386
56239729
1514507815
16711026
18590131
483998850
1536255949
632046802
50944503
276527624
20008689
1592286403
187822025
635481378
1593386226
131041833
1308385578
67295557
537881110
607622157
260330379
311072227
889072267
366329677
898784341
912597391
66142762
1486602870
20711390
23932737
23685398
80038825
1096143577
19087496
15789563
1611455521
1296573084
541285302
855294462
1039115742
907934761
1005551952
121845853
1373397122
762201217
111085636
1537369278
802103736
385222549
1482797131
1597925846
14217378
965885714
1132132801
966031615
55121922
1447016240
606428260
49344223
1282165092
131308230
117374459
1577973781
1560665587
1586440124
845822936
1580989742
1372093190
366329165
36973702
224287924
172860644
29370476
589164746
375110824
857125238
14579415
183022206
205399718
865712084
1555483842
592667834
1243545259
1106972880
80602426
109379175
307812735
213282389
1335399806
1557618757
15188780
1112021064
1553207594
21184213
100139365
336568036
1512058248
155470242
