760598100335472640
4274676255
2850788446
717074953389154304
753127450553581568
730295345779892224
753713525885992965
2784913935
755819696679682048
712598083947917312
796535796
1347698792
3470992874
2745924189
3957502569
2930578412
751639274878070784
3041635923
2534551378
293940881
753816422569037826
748612002885550082
741879855676018688
2263834123
751104784845967360
708306457322721280
506222828
4725103877
733069830681591809
395984095
4837853722
3278775552
717580114611949568
698002490181185536
417499409
731567808107163649
746208225821745152
27328299
2196783830
730508449587601408
2850741287
728785562279219200
1306607804
2911526373
745310335448449024
714129612226342913
822299353
718361646352232448
3893147835
4914781749
744041002420346885
735160394155712512
702825527464353792
3010083736
742543460780085249
423393170
4701850449
705677191753900033
2762930057
382426084
719857959854018561
739938086210134016
728200846102630400
729810337059491840
2705094641
2730371253
4875069841
2332305718
712720283161985024
2767004280
569591813
701589692341313536
216430686
717306470564569088
2535311316
1320243271
725519614764003328
733542103360245765
588388132
718106770196078592
3746862976
4699288148
727242581487325185
2381934259
2439903128
3004095670
2397740112
496875740
728457045628702720
724882549789593601
2720638219
3364364236
3761437407
4441685241
3229432811
4712405188
298818936
726197356836712448
713950852680056833
471162106
575799405
2585394567
718209129559498752
708691786055741441
3438959007
715530946435530753
3907561649
1140905390
233873123
144130779
3176469154
2763753896
3206680493
711851875902087168
710568833380171778
971712050
1045819722
4151439800
3194346412
2202556866
709807826495868928
4583776156
577450235
712034776975351815
2243474383
3133753477
4189897936
847674924
872510832
710475593943486464
709053795586564097
3110366351
4268117597
709126597022879745
3087465519
2464995872
4862318479
3678954984
706136426996330496
704717048153305088
2982660087
705870067481845760
3153049028
703956708696002561
4872213988
4016498969
3480682512
705049589095669760
3577248796
3161672636
4904001790
2985231136
3349646955
2542035852
4871801314
274799511
1427344944
2769043499
3382079118
4837600590
4635079715
4764762704
518110796
4870601075
703242735
4378866372
482514106
3293237930
4661159533
1189832946
2810825300
2646012890
3109102265
2595350472
698516644323319808
579724640
3326249180
3207650626
3393465154
72984338
4836590535
799815295
3103108237
4444862902
1624959122
3019687240
475563449
4318848687
1191791858
4397459135
1624926828
4624889969
1624927470
1624977091
1624957100
1624977775
4639422761
4784761578
4785139818
4053763775
2477786889
4821100583
4821044795
4820987319
4248651519
4852338321
3310628153
538830229
4744614500
3709388779
3326565895
2250956954
587957628
4717794078
4531531397
4799119206
4646735293
4793342733
4793334274
4793123260
4792984217
4607235854
4648158979
4519036520
2865109965
147986707
2940087470
564062467
2233822648
390287091
1644973260
936864985
3928110135
2784296333
4326703757
4801518808
2893028109
4579522347
3193100660
714056597
4607955917
4632395293
4746516494
2532235228
3291540217
2475310104
3271381464
4475568627
66365759
1629445118
3072292550
4698434546
1597043286
2915702028
314956982
2929070239
1708215265
1692433470
4593923723
3246414635
3997006647
2330876047
2214727563
3090113651
4733063236
4733008216
4732880543
4732888348
4732680621
4732713916
4723603516
4723528156
4723396571
4723401376
4614916181
4545249743
2177794727
4545232349
4368081676
3987958573
4703276960
2801543886
3645917412
4593900155
4593857775
314044203
4704353297
4704280355
2667824429
4676092814
105012629
3165153806
3384655100
3273345438
714878456
3683038760
428213800
3167882816
4557757273
4521946173
4171998693
4468193614
4277547993
3270422618
2533848985
2780138459
2466760969
4516245734
4519068853
4518989534
1667769775
4516019654
4184194780
1455181836
4577043435
347882824
4359654495
2916929269
444905780
4469546362
4627960634
2914385456
3012616413
4553393177
4520619987
4563309757
4563235795
4563178934
4563166460
4563153859
4563143653
4563132685
4563092065
4563079297
4520713156
4563057973
4520553675
4562901516
4520666115
4520741357
4141307715
3086400436
633142382
342083752
2562172288
2941160197
2911310901
910514989
4574443273
3425709492
4533181094
304859254
3855861314
3098398092
2164546513
181315338
3006696312
4183578252
300005809
3562742715
3439399168
3067735073
3095514508
4385160492
4529260454
951441607
4393744731
2554032630
861715374
2530471417
2552009708
330233402
2752052559
1323312758
461741471
2162404485
3014478698
3266032952
461780874
2353932391
3358937553
4423155373
3502175236
118754508
4346028081
4345684888
3143965215
3006361039
3255982481
3867933193
4401531380
2901462061
268467401
2995650131
145149945
208328023
2786253334
4034489235
3804425712
2504269346
3379221969
4187707407
2732314819
3731192075
2873492088
3306804379
1945408430
3210074661
2308907371
3410510811
1624180232
760398289
3253615716
1717307198
59798943
4255577294
2736165173
2617837680
3265577834
2832211964
2590430244
2344233906
2960070925
1699075170
4008944614
4210481180
4073355742
3982309455
719883139
2717950318
1453091408
1510590656
516740083
3414989404
3322719789
70175143
334506700
1860189926
3352063857
3017334857
3674752463
3436907715
2464178844
356462492
2902812449
2493491108
3981589468
194998272
3245131038
2737108135
3834749974
2704394305
2404994522
2806866437
3229600213
1061437555
3497903602
198904539
1599955904
2764844331
2943980051
3770000417
3428943479
1298162149
265673806
1649167296
2538454118
3438909857
3436376933
1644742644
2911128044
1198311542
3300327806
3082570000
3496434143
236547920
2883233433
18548136
3543746008
3631878316
1343661356
1672443950
2335695258
3475998863
1259503638
3222672449
3508610953
3069098567
3330691768
78833445
32320441
3388919949
334187121
3506958197
3436797281
3109813867
3401955905
2539823418
3396975988
3293417518
2936684256
2276533806
22487528
3123190252
3338635882
3242931813
782575507
17349724
3171295267
2450297329
768167330
2973627052
584703751
1890880189
3271449457
2779220264
3312619075
3412111534
3404169971
2584331505
1339522034
1299722138
3191599380
3382901848
285986040
2968625526
1842067621
2774069794
3296954814
3293932171
1209368378
78917098
146294574
2610452889
2933727391
702125799
2588332097
2901210397
1546526690
2723363596
1323013075
3247511455
3380931148
3094001878
74100162
3082684270
3230819140
23069814
2421140936
3374837375
3334859199
1209219883
3369994047
3349527327
3274221702
1510299986
1609094191
3074320172
2829876948
3242525626
3259622756
2367775493
3323774601
3231007589
2780280983
327410486
27924622
1489373497
3237071425
2575378489
3334143244
1466873521
3224068709
2448068719
3077374707
554051542
3317712483
3318054719
3228458224
3082527984
3240119110
1440286016
598204107
2313749004
3307158466
2960659711
597006836
2737590433
2466746845
3192083226
3163312266
3305143564
2297101014
607062712
1403606700
772160406
3188979108
2899877009
516245662
2617552231
3199684176
2259980629
3293220519
1341415068
3159585319
3109496401
2935710342
1142653566
3189222715
3220358071
2733519785
3151876548
2712606754
942143137
2982630309
3258348503
2796522166
133751785
2865637874
3190432466
442330986
1556688914
109032038
1928443196
3225991119
1457779218
3228423718
2970725187
858928429
2693608602
2502757584
2637684028
3182060294
2939383077
