1304590658
762428270839144448
4680683916
3369204623
764223268211523584
1006177826
3041689540
19824049
763997795371974657
2875778136
2223599205
3146063539
732846412464017410
316033600
26320600
4791431357
2187520706
703048459092303874
1666557452
42217478
2460216512
2906956047
413355878
4002168250
3002208583
713711500557488128
477545769
761889630237097988
2238059208
296078446
968299640
762597134894034944
396601079
376837444
3337027210
1964741665
1964679870
709685617
760144386411859969
20853678
746899915566100480
15252156
762050226345639936
755883810563186688
729429477340659712
2742947221
1964746633
2279611712
1028998158
4833148215
746090148056674307
800711749
821785831
49597555
1396549321
4126285823
702068555093774336
701091215740157952
25450901
2461110900
2208580462
133385126
2831889120
90379747
477044117
376827172
712156468548661248
1165705004
1715176734
1462317296
740581613591875585
745643427379945472
741502226670092292
746352311547609088
2991719589
4858546121
713566606811508736
53134628
746421810376343553
705750487681900544
36337953
102986575
2532705130
724580986332295170
758870518774702080
461921385
23576337
136256523
448002010
259934142
3029029455
4229268864
416704910
625085885
736997911544926209
2270659994
701118438933184517
390921161
733921743648219136
2323928257
74224269
589963568
2775981424
741718028681945088
756602851
3072315890
3153636276
2852040209
2367101929
269968781
3429052523
4731685562
395035926
45565196
23109598
726970320431763456
3433319963
348141536
432073632
2867227330
722000537651134464
2494446416
3435192275
26763798
33671898
1266620569
4385824942
261339277
111657275
3390336371
1175288654
744085478111059968
2714617246
247689417
3373917808
122905225
218285566
235920486
18564889
3319463222
755126233600495616
1358512088
3565599022
4905750549
333651672
2726059382
755079845193801728
2806163983
14734993
488981714
753175662261862401
2647590756
711587756766584833
375709809
595873092
4418604433
754436035866681344
748846260619186176
748387884969902080
308382654
113413353
3151903901
295507408
350312290
100456043
843550003
2974180438
748864401852145665
26213291
3845923697
700691836273209344
747139794757627904
239830649
2593593024
733828926498185216
1964256980
715822607338184704
1035649026
1478180820
753237431755890688
818991752
719641793185320961
2813029992
629651548
2248816567
4383630760
3032577337
2426802917
1018561237
752579711750971397
2849788275
4898254719
4621707257
27686229
436061539
730462716926775301
709910086974476289
2787487453
881954262
35538459
621029899
194084833
3305378973
707642150100541440
3019627397
480625618
569900167
751533842775801856
56382058
715783561849266177
3424788731
2774684728
410077556
2205102126
2893191377
708951216617869313
1394105118
177123553
60426952
1033678147
270847287
4874887923
3153551149
84432492
604479524
746638892074405888
39251145
2765720859
2458696080
284667903
2148490077
55863606
748472938828005376
3073108855
2494016874
78080013
2748485975
24921910
747055372490391552
739680760655794176
749607708756762624
26829563
348173579
158814914
35751003
728359077559058432
2487354984
1114091396
414491323
404263348
742469620989366272
746391368562520065
2794486305
483082459
804663505
84129155
2937247030
746100633531461633
461576749
55881918
271916022
2857046853
709477319543431170
432931070
114263484
67987842
748610685567963136
702095831890063361
230156527
842298572
2835617238
4745204123
3289980027
3019981967
64680236
1687765730
594526130
708101644819496961
20132655
748158527957512192
15367442
910889222
3753538933
2930400593
20466058
703694587605307392
4307687893
540794228
74550690
2489021844
2779646013
3166426636
1355124890
20672040
2832473344
121386212
160961533
198231751
725159957537128448
743835667327655936
540079730
927401935
233939592
725697537861148672
245718876
401469367
2767055561
710442892146429955
3404791144
2598643134
4107892019
118571021
1221865602
3341764648
1345580348
75042586
361376325
741627774314635264
706861737585319937
1926684781
862914102
2862838560
24568370
2392137148
891037644
443906454
2543286250
183334937
962900402
3081753132
2291816660
23315942
3053379708
1153995726
2469911323
1336625982
584793684
42381687
1289795336
746334477874495488
274612823
617356422
746627940771823620
252767227
4353901287
209289568
28215472
22250521
715832886096736256
746381104505044992
832959277
2872223062
43112176
38888045
45262193
334868306
734693295528546304
343472440
2480878592
714906690941022214
4596442163
246476793
4140513028
483839430
4919505742
2235191251
2769356765
2485343808
3313188669
745639071112798211
300058704
2326226912
2350624098
2986190026
3403467160
2378713202
2438661839
706171767295967233
252108983
2464351479
3350878336
21778886
238091231
3037079585
303819157
86081131
34919012
3114333293
744286388439420928
460250124
734741709440028673
3653322028
37781634
744600552764473345
712384734609936384
744594212608442369
71208937
142424032
235668641
3130806405
995034445
2487520056
743960388627116033
416150238
4917590114
2293490420
104130247
448994831
2487862154
619500007
84704680
636261915
208195012
717169170
739407116197208064
24027426
189447651
1659663794
743298899348066304
741967964509966336
345401648
704850628720209920
2611976784
4743423140
24889998
2824792399
722178844850057218
4322194889
182338237
24909650
2365377655
714806447272538112
132821127
3386139346
1585162410
251097612
413283263
359628098
2473016258
808600267
131325228
3243923549
726049273796775938
741894173066829825
739667581682913280
998237540
2966852513
4273864813
105800463
600240400
739023862348664832
2788538883
706418076137431040
3352467898
21928978
419877994
1120186334
18779995
36057830
2602457059
740925553822175232
2489509976
2916304989
40351142
740645557740408832
726066797074632704
411387120
329239536
23181999
3296793045
2411694794
2733859300
3379848088
373452675
4499098169
552221386
2493223404
466814088
135945569
14312952
84407455
511223459
739429730571669504
3069575272
722101380400418817
739387040991748096
32840458
2772839969
707496176514301952
458426062
2858583813
479516347
738763216675844096
3246008151
2815045517
708032251943133189
434943367
99720747
3013297146
2775846440
471560358
2588380285
710879928
34575073
46382929
3316101558
1652865734
96842708
182812885
2817690427
3762458177
737249940993380352
72003257
56635422
164322849
25169797
117436527
701629893407326213
66088385
2306584807
1862439649
3321841577
735386005348491264
300242761
2909581431
1939195669
736227121912262656
262809980
720873147088506881
734394223550697472
2889946457
2198470475
3314229948
735429280675598336
14116661
84601195
117726260
2150946480
412969778
209594633
148757993
2972824174
263515257
14179395
2856223286
582953166
2953005265
32371394
2488505906
356223457
738288895
4885803346
28189109
4904975769
2709212977
3683042412
347851952
1101335816
739831825
33778988
4097958191
46128561
117825229
1612556184
1514707927
3147886277
3091985447
18953266
153992500
300889811
303106949
3153489334
384271721
40089348
250571915
4862267026
4553399053
3725817795
1169441424
612721794
317721568
2790018485
273083790
475295773
1589472476
728144850671960066
4265555188
3063160804
733266752872812544
333430122
721289556629319680
2228623249
732994003508006914
721284248368476160
22995191
1614447704
856017890
24159789
371627251
34963344
3556901717
2956679007
63441857
705700348460142592
732538556846120964
4917639870
63254953
697112938134503424
213987351
2578323463
46572133
42741029
481531765
18355857
2525061230
727307313120313348
45697522
2381155657
3750468313
180335310
245191224
27460042
2154119340
256169363
2192302405
2282056777
720259318914744325
528245302
4004504697
953358234
156043455
1211786593
2922015099
548590706
510722928
701142079481761793
69064520
466712385
422998494
4890976666
360192064
729028394889957376
487825282
19539314
729969868108353536
713033680902557696
2735950440
2151390708
728503997628297216
15389813
26467736
411369938
729893188974960640
909033973
3391180269
723943075068829696
377032968
501158779
531162864
2159911206
725577123356921856
729140785279578112
1371471992
46926921
3818289088
1685383778
728906399279923201
121713135
629585432
48690887
1090568401
432988203
2916227068
3017176156
1259235738
236845996
62613914
2345260730
106500482
2812081205
238767753
4398950781
4871564302
568011741
113673652
2917593051
71529145
574403401
727721873497325568
710182634350120961
66998204
4427369009
1252574040
14390182
714514147086622720
975770144
29886563
4625078668
31415758
1957827637
697039901498462210
2891891595
1312904162
2971468241
121250769
2912493591
135842182
2473397169
4165729161
715679206189965313
3247118677
2799652760
2826778172
725368316978679808
3130903421
2669014081
314261922
2245418471
1466116436
30092393
711939397411807232
32135630
721311855965315072
2349446674
457661733
4759795094
224591625
91457190
700642121510842369
2977723324
66171573
700449711015268356
706438359770488832
715874839618326528
4757020708
31156738
550727163
250847395
707932502120341504
555156048
272442200
702837997180477440
2783093213
2800196246
1338833798
3236010914
4748596875
2848199189
3346488075
1947677004
1004075138
1537076924
3003770116
70692354
194551031
3352446129
3199202013
3027023927
2427168303
399539602
2582966965
3323497048
1554486830
714104954231853059
492863557
1324813652
2436283325
473285651
1489703012
3130923436
381517620
711134944
199221008
37391190
2903282897
1362458330
412914400
2313099380
1921480596
261826836
141322231
2808905085
2405485499
340476912
8071902
3608363357
146181560
3169873961
466700662
718780228491993088
716188932853989376
113639296
47336979
2792737828
3177997074
489567744
720044492980621312
489541049
3341484483
316593308
3234231254
711134986334826496
2288876385
1446622483
2214160368
4860784571
55887504
3311587751
2499951206
193290168
1202129546
24594136
241168549
1435471400
35476723
2494270542
997834628
1943546210
718158999217119232
336046568
4460504608
2811286050
4927438552
4227564304
2683422559
2686802411
4482299472
4518510983
2499109873
364425061
4876269395
306909253
771530118
2513614447
3433028235
2835203217
713811955023097856
1305831925
94820258
1490133535
4853381597
2732913053
36984909
19391281
2157750934
75742264
547286076
939348013
15134277
106697834
3242984084
2531447091
150573390
295788163
16015101
561413434
707449909147004928
1242631568
112172949
713589547
707932555958427648
4923337865
2779517404
403727458
716165406214324224
4100020967
707941198707744768
3349925638
254467486
2297690713
1913410831
383350666
3252484386
277181496
707930149237481473
216997731
265882937
35354684
701093389647929346
2226952178
4551748753
4488167838
715133611285090304
19181549
3121379206
2675567166
704664265375027200
371429873
1558861508
91021356
706702752395751425
434839997
2893219468
702580211884273665
83124525
62332485
2246032237
706555570178924544
360681452
3030111953
82972291
56038149
3141821123
629993330
2761723447
3154946543
2911319903
707620738463866881
2399279757
526848746
910889114
4147136416
3149448315
2464662349
377301301
560062431
2637960316
223461921
3213975593
1963280456
11861192
366406586
349704256
413528493
3315299542
706698574197858306
2742401966
738816230
1427729485
352969380
4177809552
2975195590
42726011
706675675403587584
511740616
326665662
70385763
198483889
3226995203
412413638
112847907
712646922914373633
3419432291
4856844917
17024832
709869325411287040
3116872131
211550756
246885577
2905912118
2357238675
3385144409
3187169447
2195994710
706748888577929216
3291042243
2725295332
925455668
561274544
707562709819269120
710753683823267840
82855734
20775724
13115502
3003036869
700962707261026304
4842176987
708181412587831296
813028986
347508759
3243959753
1119508550
182566489
2751623997
1523433300
291633811
4821121377
2411910255
45473991
2892257519
19653010
3317852883
2813843115
719090687
707704227041308672
2248253046
1097909426
10442032
4794762690
244330669
424711422
167396341
289047518
1490031198
4733179701
3135402527
3097682555
181209741
2841137531
463666196
223162337
4825658247
1314592022
137330151
952075129
2876198751
3021491085
2913908180
2479000686
3709999582
2209592418
3805380574
2996127891
2828430902
2915365060
3097966768
2731589470
706283817053638656
56995922
52300164
1262776610
19109382
4155677614
3849551541
126125835
1084584326
709477793776713728
20395086
4719825054
2585874253
2706997875
42969689
151192277
14359406
2510093269
35516127
93977715
604553531
2485719013
705901696027901952
706106625866727425
294756423
57299181
275047905
945484250
563841216
20050574
51208733
2770406159
2736527411
11486712
544976546
582066087
373282667
224407276
1956438132
966771775
2616114144
2525262385
2328480018
863002146
703218759541133312
588356169
442979452
627593296
39021245
4917435856
4534481375
43310808
3046976163
2657646703
707670452429332480
4483944137
706852006728749056
46016095
24189588
328916657
2412343057
4829548030
2217513355
3040613567
2612311915
2750242789
2808941
2315064096
1323289458
4788083532
60611559
2744482826
493157574
2280678343
4179202113
15427571
2353783332
19768990
66504808
843947820
510051777
704387101685653504
540718120
2909409227
1581654068
2166769721
509136683
4882743003
14713497
1884558206
440129269
122166624
2659412437
122028508
4764666073
703275341133971456
2998408264
2198310902
226567233
237382925
2327095260
197567344
224611975
86740951
3930583874
3797946329
3346445891
497729285
243329479
18783656
37912530
19873046
1969302535
704705793283792900
351901122
4892095677
79411903
54622676
460691965
454085613
4563977117
4230627203
3598667835
19774747
1303261530
39233071
2962332694
3433238446
32348951
2506003461
453789669
2741985022
606753696
115157511
3880147763
4218049054
318101691
603500986
3189001238
67915892
242772056
272550772
2663777922
701669444
316590739
316573716
317758409
234711017
4915111032
128714185
1236628206
627467881
2770458808
893868709
3301514380
846502616
240719290
1219699530
281940721
853737360
124554198
3699018082
4836131261
1286699408
26995127
60027911
14348419
28765171
23417612
37736162
2778676798
40346974
403125888
1191972042
550805728
2967879735
4866500063
149971022
550477821
20811374
258311695
4181724269
2420794640
21812090
2574057130
94421751
3133380645
1160485244
2389777788
620915097
19037388
2952132159
172422642
2923585311
89335938
529544281
898108688
48935222
3131398967
2532528332
376492182
228310566
535141394
438828609
1208754163
309705905
287126405
1650538020
241466609
2394018055
957276757
2322375792
3109028386
4927847475
706682223
484935028
4229417248
3001258485
2382548090
878580319
24898317
3086513953
115406065
35203319
3533955989
3830965935
131786636
4916053155
38553644
2236585512
19700502
307577717
219496700
120089130
3299872123
144922746
2805469580
4139910617
228168032
213310224
3683751561
2835056727
2472517873
2817472566
140175306
875352859
1352215784
1481806909
15088481
182493733
698107228092547072
2801867041
3295613439
990134929
3804963562
2693708886
467826020
3891538401
233959318
75772802
259977957
4027091295
190750394
1006081536
1858592328
4765075938
4843285157
71280219
1498388114
2529591632
3067131032
4129979594
1288372526
4833469156
1202520228
2438247642
2588256555
2191156458
66202912
357007282
4704641003
2910310359
2431915068
53499829
1947203696
527781078
3882895966
1555376269
261210514
2523554311
3003142055
388775328
326795510
81305054
4881263272
707471730
1183947482
62552575
2347762888
3456690496
2531456889
369656168
264317514
1426454995
4549732167
1664869244
4812292162
551471220
1281923125
216345914
3666738738
1359093421
868299991
14297863
26539442
2821371489
334317136
4820965096
4846248035
2815449586
2915662397
419882192
1964256902
146543890
2457391906
3056159189
3291549891
14605871
40226225
474234344
3873614303
2225605045
21790272
541446890
22024458
3679559425
2848238315
67889884
149797759
224815593
2267832870
19114568
4860744439
561041547
1931041394
1405008229
199888531
1483324686
1890772064
1600960698
203103763
235005275
2617281109
1662225506
351915377
1430271655
4843324530
2778327357
2781429287
1932794983
20057777
23636073
4865184309
543547731
200254524
2729272911
3379156816
286366925
2821732178
330851227
69702460
124840628
425434669
468807083
1577421805
3806175796
3055982897
1582533673
2482626277
3221306752
1355212982
35504062
3043626838
994703311
82194784
2998497028
2498902771
31013821
59596805
2383569577
490928558
1248271249
1439618460
299089074
19819733
1552831
1124574914
246417549
3001613745
559005789
123698725
615143916
62119378
3131281955
968710723
1143112783
292534957
943290937
1164111126
35438311
467004769
107046144
2453682600
609378128
233933230
234823595
2242424326
2280554790
20441505
2811894463
2182778702
3205460824
1150235504
2479803849
4429985834
548778050
518384109
4848285877
301967005
2448004304
917772990
2807166811
269222327
2762867768
2214423218
4860477215
4706776456
2830600891
611541335
2912051177
4288322237
1470815983
88672145
2485007432
89202487
2461122606
258127708
351602751
4039078899
1881007358
61208610
3089971592
4854763450
924002460
2177913176
2397959007
224596428
4845641559
2707721202
587018683
2402307408
374689006
236111353
469415254
765522254
465943954
46228622
4801337534
4756313789
340418617
516293038
314681801
3141423604
1712046728
3213136127
2894777337
2720319194
1680150038
390880218
293981380
37472439
223282214
3812970016
1713417312
14847675
499187808
15533175
2154761701
3402637000
3319350172
3420745193
3028117921
131000881
1386477835
29966210
3056607067
2245573925
342822563
4837068178
4745965280
1043405323
3016336295
41787041
81653191
2978472946
43531759
2962964716
4152060801
2282706721
3245629049
3068106785
326812883
52719225
253043017
3362515574
287314952
3046958577
129928070
2754431840
3542639665
3689058561
2428459055
3300171828
3277850094
3314180737
3314242339
545154598
3644112554
4502206934
1388379596
2870548539
2624554209
199034467
2486955765
2751680976
2336823097
1464698346
3111738315
3036677055
3066308911
19419775
2269538321
478116975
3202478949
4727128235
2264188760
64082987
180766026
92415827
114020954
188525525
4416362542
2583655339
472132412
246489988
300427144
82704383
2766751276
1709516838
626381369
4268319863
407323123
4120698160
116845797
1127896765
3775197627
2786898267
3133410687
279422533
4486567216
4775602823
268902033
2777581835
1091994943
3127095569
2347214074
718187129
2248762922
41138677
2857195695
228487979
125837176
752148270
215434354
220815263
3362254863
397252640
1163281656
561101923
4372082733
3002323096
304987668
2892271973
250771113
438741861
77540948
3153681453
709942904
58029305
284611951
944405808
251086429
6855602
60784269
495875304
2883783850
3765479422
4177083735
1679421883
4717241042
1385458645
2869382818
4701638537
34652806
3081479169
45832312
2937081453
229957245
4708705534
2214026884
239670829
245783072
1477197480
544574176
430153683
295181144
2915195999
61369042
1070242490
1240745796
4713471804
1605703291
4346408232
4708720996
47631166
4134531313
396583688
427680915
175801902
2779254076
263243690
536703669
38508748
4700966963
224408868
466256327
91329545
294721880
461620697
305442119
20100270
2351337569
416493637
239472987
2881791815
37167978
3491523136
3505219342
2886295341
3382801733
182562568
2312516625
81104565
2474614444
2921864643
2821489888
1972552448
131543835
3672702736
591374635
1201951518
2441473452
2279210012
546019948
521750392
2437342364
347727492
379476398
2875794672
1410915954
4680273554
2516594542
1083988356
2853763707
4537659460
46786678
27911052
2556795883
23189389
2745443795
381486941
2706552259
4490503214
3331453199
1330121053
4632908363
355802712
200818199
27006084
439452674
3740056643
4319620276
4459831533
120207925
3624301102
3650701335
2418964126
4606257557
4653150954
4058507031
492833134
2283031297
18981319
3028350844
2965897030
232194539
2346410367
276018245
1013329560
3884244562
2743685991
4592199142
3358285157
893050483
2826436952
581725398
40700441
1966878722
50305696
1097881429
1150848679
931812666
2497215768
158899990
44604532
39070429
3622059147
2904526495
2917797668
2844314051
19261753
1224160957
131609638
233393008
1004540736
623098649
85838795
2782595713
40141568
390997562
548565515
19158571
3821999782
479062189
2830411884
394856320
35533425
3830861415
155128548
1314835441
323998361
2751537168
3315595126
28383615
2865247393
3217581862
542631046
506540846
2248154839
333651137
3445223054
23326252
19720954
251219367
4276245136
868730376
359574231
559102416
1626408469
3222584008
419893825
281599816
539228727
898363992
3420296171
4574167388
4499667497
1882834410
3146474367
1491258187
26455411
3663020244
23648764
3320946974
22607674
615927039
1020562279
106197537
332854450
3369287692
1539229615
25343565
2859367457
3041793031
1708279506
275488379
3312825506
1901284370
14828860
570200255
29489717
266712518
2299517343
121141077
2320806729
16112599
3161167808
879017514
3675503173
1168975333
140676200
428543136
2321048635
1713784454
876284304
3100328213
119408571
2905578749
3622959334
1887706176
201844748
2471650829
3430181679
1044661212
20234042
101897322
4295985854
1697461758
2232781104
3190708257
3961060221
339107083
2338113990
4419904840
3235749779
2595016698
374188422
2203707510
863406985
86146943
168175477
2692301474
267121982
23104401
99934590
2814584288
161187399
221190401
457232681
3819039201
3179441387
3923599157
3017608710
715811228
921653754
3308439507
1397789587
178355331
469741161
3219164885
3408609675
460441564
3976761559
3022892467
159482837
2870146648
1210321584
418618795
611011586
109587353
268731311
3904545024
3372524991
2730055159
212743482
48971071
2494201688
48966322
3438552678
3373910266
1575431557
1132205024
3121568303
2337005040
39328908
827686614
1915277246
4330352055
1626294277
384785417
480288157
365101425
2644240367
2385420535
3315909714
90866673
2423145136
87710468
80087710
82429611
316273981
75780209
921747584
2811451167
1634571312
111023467
31493053
1117188409
278744498
14641156
4136293425
384942622
2903648529
2905206477
20187736
104674131
529264718
4319575278
376211514
3317354126
4173395723
17907265
147263330
2758781973
3385068466
4265604585
3121594242
3385886950
432372634
2827709256
3364444521
2222761584
3438114088
1120432735
1480752198
5940642
3314435809
3431443005
615318971
901537399
4166810416
28320528
3281934102
2962770649
352017493
31373289
464493072
115441028
3051132120
2832342485
4115537291
4076303237
110418098
624131846
4224864012
344313289
474345841
13802392
102246979
4218285015
177570143
186430066
358579266
3395428233
2364562272
973717639
4264188073
4205282639
3301348706
88441571
463003262
19981192
164715881
2482577014
140604687
398088270
102955736
198254873
49211526
14239846
24883607
549106546
371208367
162107703
145048603
3630891559
68371989
765879271
42524259
2822599115
1880852461
388454092
264974354
3241095105
635478934
2876443557
934065170
359899284
588343250
2894347295
73986605
606412878
2192099668
319173291
20362897
431706087
223869732
107651327
2889229175
4044836781
22473844
2154475518
2741758937
2588452907
2989520902
54769979
38023804
3731413634
630567606
130861861
316268049
3927922458
3047142479
15081182
3259819084
3090754739
50621862
2331602052
2923413549
289518635
2310366348
3565786888
311654967
551350115
3319401585
3379991025
18309601
2173165597
582137557
2351460884
3081235215
76771460
3311253463
223897070
390794224
178728260
3653151857
411450728
2346070298
3590462534
100343330
3041090446
790205586
395536739
487580979
616184521
1146297247
961250677
236470275
65981296
2173489773
431764924
1564361275
947458314
62608433
2972198213
343283519
470946124
3299789101
3301047506
961541467
1026135084
1465992024
31132567
21343563
749012797
2343641777
18350372
39523927
3021401747
39122006
59459579
4082613496
4038909393
4098450074
246068112
475747980
21002000
176726656
497264620
569386435
1541472283
2826399962
423575484
2841742277
2312402393
129158693
741479532
302880183
248446587
2855013053
574284134
29511532
612699598
3112286431
2579166008
63528313
1010866735
4065711194
2465230208
3387268011
78602972
3282700470
133469917
3993636923
3377106269
14993272
16926194
2478141483
3039547794
2799910539
2823784304
3235256730
3492234073
398261280
2338426871
3368398018
3386066116
2911822391
616935065
3436958487
2942626846
931643731
3124789072
53090314
3003812217
416370934
1443252584
1125734138
2898816343
3998633714
2561390673
1279624999
2766768008
620277673
470471270
278718763
3940623497
297068697
5378092
1380588780
2415998512
432576921
603549627
313157669
1043287608
1723859802
39027262
2728056915
20904401
295779626
20010042
1208688338
3246679737
82235542
117722018
2188982092
21655292
485113399
257023773
3927909253
105561922
20604757
52268679
173952670
19502208
20307215
2811370268
2781961312
277444474
226890990
18151774
2174737755
283926216
906695228
481356829
2983111881
23181479
202992796
390860256
1050024170
570217691
276470314
21111475
2159970682
75917247
491747724
411047090
619101692
183285147
216112391
2889121086
17963435
23305501
126526131
2878533622
25481623
3432883049
140666664
2818688386
3919441096
3903407719
555927193
38474832
2255784112
3674315783
2453897266
140404561
2364695103
3222710905
2569521432
310325138
16028958
3092771277
1367907108
2149311401
52404825
184392293
311795739
21557757
3147620746
3292998421
274933664
338131499
2563485182
198653707
3070025839
374034928
588831916
3367179679
520454881
2469382886
129124072
2959996474
3131633104
282325677
2803465073
736701542
3196224449
1671129426
3840927323
3345715882
96929712
227611008
3665951113
316320937
63230567
705752668
20675681
51213279
365503829
27713258
3874862541
2385631352
557798237
2829556275
29531717
264408558
1954293848
94553010
2271689211
161285098
1304975846
523363110
3327623259
2763811011
3299544767
162424803
1930089121
264671181
63424116
40559967
539322301
2968010819
298094012
3015137680
520809193
2358436147
457764648
599847733
2905543623
123481358
34915251
3068507543
1712273372
522176119
3220678711
2174348322
118737229
360173263
81174239
123029981
2795457963
313755690
192129174
34362131
2347123955
316060491
337734005
337743209
119714569
2729337396
2892864408
2333999909
214093044
2714240290
147153643
146385768
3303179845
446341631
3174105071
2283968997
440583585
446530862
14784939
445009692
2772074681
431786609
447701944
2830487135
33459872
3400563341
3573357852
27845072
2726731296
311971607
2839555160
311058794
222802742
2468886751
2977765102
1180511450
991715972
318084801
2938979493
605719957
523195639
3461251035
2733296959
3295488498
123217697
270556136
304043576
3346641929
263425576
830007150
2753142960
1137950048
1560823495
21135777
2351152392
2650447149
1317209606
105806699
177269355
275999089
417268363
2541477445
2341716802
2542093807
398713254
2874035647
1875015702
447252784
23078883
2983331590
1394487614
1007326885
929467344
303642405
332748354
3610665143
705248041
2667793842
331038666
1882624998
2777600265
2692467403
2542074565
93450228
3384671776
308058090
304845890
219067603
2939848353
122499119
2809772036
3355936281
251783210
122407249
275905350
313167501
2784547226
605909922
637301185
3305590413
446676211
1470755036
579046685
706712418
125496030
2905199019
33331264
154987909
2825117836
1193728722
1163337457
122474280
2841062074
3345340300
442864528
3179367693
866179890
2340933980
823044884
3302504669
612687124
1361425908
2805411344
2589228374
362111752
873847232
485815134
2182321946
2319502418
1057785986
493591505
2192909768
3258335819
243191686
311924083
20458276
2358752946
3297465979
23603640
903171068
3174993665
1157241084
333844102
25057830
2192892955
3312236527
2698919265
3334369513
15160326
58893651
1533753895
85040451
3427653209
282264093
28983168
18568006
12975572
3409366438
3430208393
589286953
2225017665
1593423703
265054867
474916516
43346789
2996288643
303176433
804546036
3344499676
488829795
2483792084
3119396101
750102240
616095936
2804470384
2938873504
522695447
493493701
2783675316
278489345
2198597765
3065043202
3411140925
1312645921
2871783654
73849912
3254045639
3028699282
925035876
1163403457
260188461
48425664
3428607519
3138338070
66444899
3364647507
2507557358
3261164953
3319764869
2735764625
731559349
1612925041
1446889998
3424619063
2385538538
2634216615
2606094265
3247018563
3413245439
3225441058
456039521
62413804
3141437236
868180424
374782098
214419123
34904858
587665915
65324946
30049993
247325474
59087340
2969362642
38652385
125604902
3092367790
3321833001
352234005
336720583
520366826
275022080
15741883
377593071
2271897385
14243802
481524700
2949092680
3409202801
2742302110
573803698
3407193051
210367297
2148894782
1336527348
2827852974
3027779934
116492267
14275729
369751607
191083628
347085740
1963114699
2565039100
79188223
3400371743
394005819
3214687649
3377512665
539335420
890988420
541136081
488932020
715148177
2879985791
209318154
615580099
2297896205
2569045848
42306520
901515480
28094993
3367927295
2205165174
424355299
2498880307
579746212
146046445
3311947793
249829563
81972515
2253968201
3299868979
778036740
2350808685
755210462
18906599
237796056
934870518
47654374
3005938624
141470099
64367632
14469397
390628590
3302588747
3162481737
3290029774
316079822
77844079
334832676
1258712054
508993160
302924278
2509093455
3023861705
55405548
294002748
3262036689
2651517961
757133184
2991948728
291846873
2987110067
2913044151
2281664328
229268016
521296737
738730195
3014541130
1491167329
1935729446
2440522461
1699077656
43781814
1622886013
3068966095
1488129271
159519087
376298422
1180610341
3015722841
2906607478
1047149880
3177998014
357062019
57975929
257858274
3041874811
2789797871
2359961940
2751999381
546114876
85569621
2691735969
1446258056
3246343455
248731219
3197602978
2541117254
1291352946
3375577491
1087860428
2378534328
1117181852
3011043981
3045153587
2750260897
2291196909
20465549
2981900049
525722399
2855654571
138889825
3131627752
26790340
3351996437
2562240601
267800279
21673946
2580925888
32072737
1599839359
3323245786
745876490
3288341109
2786285535
3369212393
2700937067
470386680
3215911817
3171632123
1002174228
2625454986
859337328
404728692
514765098
2472394364
