1592102342
3291318395
1873864746
582306601
538397446
905000318
330514869
2610900975
131979992
74452613
327692158
4222920193
3290731502
759952739778514945
783305922709950464
1634516120
28723372
3129445834
2821305544
704468096032055296
2628996646
4405433357
431018044
782291405209206785
3262243372
3182253857
2694687984
66331931
782298474356146176
309722145
3245397274
2881890708
4892905529
1329658770
4894705397
780498462672580609
16600574
2820221502
3385320983
773486782172266496
772295005
166586437
489825258
2752806941
4705372188
3294383603
4901794853
3767726544
420651886
2557584247
774578116257804288
761629249191153664
773981120778108929
547880501
1617911689
1492922353
1539951391
918713232
760370328270888961
772061570218201089
308590325
431490510
758822775721046016
768438771570319360
4869029482
4838631442
3238020110
768509880621826053
768203985845116928
892058658
2871200107
948573943
96655484
3228832141
745204891048644608
4922860439
899116614
765300179226374144
765303934969868289
219049532
1911761924
3256790431
2472350153
3121427554
3799781116
1930280365
764337302000795648
1596154344
762422927358726145
2571503712
2437766502
3296878295
709036627545493504
534338434
760580937004572676
40661824
69953316
455118088
269557104
1069612909
761491512429510656
4510842373
4108300753
541922020
3254286072
756111272
761745296519008257
2962044231
865192550
759850859496771584
3374385755
3640875021
4850377138
2366017388
737486054266019840
3932679205
733371748532531200
757906351188283392
337868554
212211182
526880124
4362674061
579911342
2469598950
4766518358
4703360268
4497745877
4853020257
751469891413311490
2599713150
1446261589
754831437501792256
2839745073
752650996040343552
4016920025
4040722901
2587956756
2877159243
1465333627
1536266059
1898101434
3381444957
2505329396
752976220757917697
1323211417
2643532245
4166257102
2933742617
4549202775
3296734546
2860628328
571882097
541854789
3269357526
3122633981
458218008
715473739832385536
2921246440
3965151857
991227234
3296915460
750706256260792320
2767400602
726518125999611911
1041957391
4796691587
477775959
4904357393
1969645914
363776520
1277267024
42548784
2591913775
1536537967
2617068336
364243745
974663904
351565181
2763264146
4568005093
738112758026280960
738924433851572224
745969604988534785
330561602
4630998683
743916811108884480
2931544249
3147411330
729450511854899201
743829362819072000
743556267663302656
563212150
702137640875745280
2305701183
1702347158
739574862428147713
633840935
4913569154
739138021958819840
317260686
707173841072558080
3383091587
3448424537
727707543267627009
737032924982349828
1547872788
2657102577
726007635498156032
3115674569
1386971485
2443375388
2892090771
3294934127
116158798
477609311
2187606963
731988780815667200
2903585314
731627961120624641
730952880081883141
3022298241
1397780676
712394884
542773366
2231862542
2426149598
1576040341
804208225
3771812427
713842624126447617
3408517581
4025804014
721434956560494592
716873414
1383620076
2637601421
4887852771
4702041216
2737210674
2157611790
752929676
856885214
2183050595
535453372
1143558222
2178455947
4854638313
724715677311864832
726544807624073217
726147956743802880
726218757069246464
625879254
725302302421204992
717596587187286017
723630489869934592
1676043468
721560512283037696
1630072939
2479565187
285827132
881013992
554297903
722869804437258240
614585385
882029480
447218369
722535741352505344
4243378295
561600307
715255911581949952
592987122
721450629160419328
721347195924942848
781118432
2628717322
720351569670250496
718072905809133568
292112267
712293111666499584
4355117775
303821891
345577894
718453961649336321
718934486512246786
2598960429
701880177593344000
286386982
2840412345
1691430752
2733588503
1644072036
701470941776322560
1612974534
2456465497
2733402856
4836024363
717100743317188608
2174107160
699641795056160770
716255666629947392
716188100284784640
706175576718123008
4819579689
1858407948
4235574137
715134794456240129
4748379809
712842535174082560
714762535682093056
2429624685
714407449537675264
4814166681
4707941063
3040142933
713118000333864965
4850281605
712818222198820864
554231149
703969153514745856
711851907216580609
709213300286853120
2880197308
1042118702
2269195423
619926785
1329231337
3100298435
4428428200
3215834483
1876222608
1151301468
3025413851
153000285
705817003467083776
3109014534
709808632729305088
3126794207
2680451617
783201204
1474434516
709810694879895553
709317416103366656
4712014575
700792478522183682
707368290344042496
3299158064
708105071834349568
2884065946
706600493334863873
707232456684994560
3325555995
2154897175
4873118840
4873104194
696274493392576512
4872965562
4872956052
4872936828
4873005686
4872889212
4872865590
696263860471275520
4694033053
4694013013
4693992661
4693919630
4663189755
4651517479
4651363752
4651314060
4651220870
4651245685
1032954943
706287936778739712
4657176453
3232890330
705782154152779777
703103886094020608
1589631398
2776064699
2990429039
701462263966932992
703508162658365440
4700735237
703519203551285248
700826551013793792
2212593028
703174491136925697
703173534789402624
703172314465054720
703171869642371072
703171184557293568
703170683480645632
703169923808276480
4806163698
2843532197
3171139162
2975250264
2276485931
701791525789954049
628641262
701446468285157380
336349904
701856249953042432
4922593275
2265495603
3428331892
4724938251
4896141297
2722137611
189991618
2892582717
2405259672
2863388939
611959284
4910227227
2727172822
3474306136
4861340458
4701997045
2729049004
895577054
4906241099
421832399
2535640886
3309555727
3305093720
4897294213
3310184779
3309550315
3309329347
3309241422
3101539729
2768944085
4884802894
4884828369
4893751306
2631052481
4137887477
1536691802
966765463
2348954724
249213286
3496425083
3034975287
3602974337
3091371137
3208512171
3332731072
2871697190
2871695096
2871693440
2871654186
3133620860
2920627467
576626424
1036908853
4878760781
2164133321
4801408453
1891515295
4710156900
4439313078
4704142891
4870605021
454964644
2161003118
1215576307
612556651
4826496095
4806831149
2187867647
4595472014
4865682987
1086319176
528386880
4854217827
4857530123
2199550753
2487149398
2236059445
615570803
4531982656
2715334432
4708208797
1096584330
4301734992
4847153086
2276921885
1176080214
302827634
4092045796
776158243
2556397994
1377796814
113482809
3152625532
2933499531
2148341613
4775439013
3131279447
4637192841
4637323816
4637291735
4637257461
4637401216
4637414056
4637372861
4656259936
4656218847
3916391902
4663572317
4663670675
4387954396
4388103568
4637118815
4637223556
4637146095
4637219369
4637235143
4656102341
4655898615
4387909533
4388132140
4655994147
4388177542
4111515432
3143013236
2534339135
4805661557
4674626534
4770485421
2724078293
4243898217
4702564874
625178544
4798531606
3022387607
2985332633
4230943936
121491389
601051675
138180986
4777942942
1886171904
4228439579
551207885
2757440081
632116778
1633884805
2383207864
1908298855
3088929754
2669361186
819533090
4745351062
422936852
1639620829
3384158591
4449346889
2960900247
454014621
3656921842
4702987244
4690065186
2884605546
3843173115
3817789636
3852583096
3366255531
2896295212
2896288397
3431125992
3430972092
2896288209
3491009535
3863223280
3855934113
3762930988
3557947456
2739821907
4642379926
3557002755
2945874003
2945947618
3424809628
3630118155
3527559135
3527672602
4642391968
3817774600
4653069987
3997303035
4685390995
4685182518
4685021485
4684420296
4685324432
4647475833
2349225163
1932889256
1932887773
2349237121
1589377357
4658206828
4657073957
4587756017
4453670127
4443533068
4443435743
4443350601
4443332895
4443309681
4443398374
4443265659
4443348022
3483945272
3431930303
3395226177
2544461701
2780689155
3430849126
3430864096
3430794485
3430827364
3082837660
3430846036
3430839640
3430785371
3430775693
3430770665
3430722345
3430768161
3430814765
3430857532
3430710147
3430762539
3430812047
3430799201
2761434350
2890214025
2982873719
709568959
3054089482
3395145166
3359910406
3008969158
2995317900
3430655247
3430603119
4599475094
4545662783
4599657560
4248775841
4599655632
4599950359
4248810742
4674799332
4674955693
4235958388
4675387244
4195104621
4653007037
4652250496
4646949082
4646857409
4646321849
4646349801
4623528395
4140160762
4195180336
3647339656
2470082642
4468769057
4583887394
4639965192
4660916720
4333104799
4583860968
4640030790
4655126966
4333147454
4659037993
4519247715
4380739453
4587813432
4332784153
4641575216
4639849406
4468891228
4583910012
4468801643
4587942914
4328180962
4485797420
4639946114
4627761792
4460997679
4460549653
4460622734
4627913960
4273844362
4460615179
4460434634
4658973625
3823710674
4473394213
4640030653
4460191813
3841610113
4640062573
4659061285
4066901480
4473306918
3823404132
4097884752
4519225401
4097851940
4066980973
3843904220
4627800864
4066852400
4097960731
3823414934
3835157714
3841311014
4473520754
4473523213
3835424293
3841427179
4468909875
4519308375
4468953760
4583969960
4310000532
3443278457
4195010937
2907010599
3301776408
4599662780
4010154112
4652912781
4195054043
3918391635
3729455717
3301820744
4636226539
4195105588
4608673214
2837768049
4657668569
4094004323
4086469324
2984324507
4608456914
4646327200
4599685399
4657539507
4646001567
4646106916
4581561925
4652983037
4646054014
383494979
2889477519
3381294467
2984301737
4649605575
3316356624
3333227717
3171471227
4669552092
2984239709
4653741434
4563002233
3096056015
2725283153
3301247114
4652974223
2725282295
3305668586
4070767942
4399568302
3754578435
4183160115
3378142415
4091878246
4196978241
3389400358
2399859352
3644037449
2959268607
4158431129
2725299616
4562010492
3389399861
4158389217
3389420692
4250090187
3644057674
2725281437
4428854355
2482741843
4629693453
4629602957
4347661166
4347726498
4347800425
4347794352
2536542576
4621108217
2705372078
3612224475
3462976223
276174438
4083014895
2878211879
2932692918
3928500922
3928485317
3928663096
3928691962
4552269382
797514434
2771212978
3025146693
3917613701
2863248336
3257759248
2830104712
2878560957
2797508074
4210106303
2920493020
3907973540
4210255678
2996224096
3230225723
3917604329
4387937254
4210102899
2808926915
4593835457
4593928042
2797460133
2807791869
4210228726
2391632818
2988173812
4560450861
2484453235
4657536449
4657416921
4657348569
4109075294
2807751000
4108448952
4656188355
4550873256
3851382253
3851169913
2617000819
4019995514
2911450102
3183972747
2911456139
3079518981
1700135510
3389778359
3077994485
3079538229
3632546363
4227785242
4227738298
4286250373
4286082372
4286139853
4286297125
2397888923
3339022593
2300513677
1604311512
1486531603
2186675221
2300499138
2300522118
3937678336
3433132540
1055013901
1604294472
4386810323
187335534
3504529823
3188247151
3293340976
4658329753
3581096957
4658417174
4658443760
4658489215
4662887713
2341798432
2825380534
3144468117
1493756784
4604822189
2771954188
3232915500
2215044896
4288007895
2332066619
4635380249
3989347565
2200873162
3356349861
623101322
3241772942
4612566567
4562246656
4606251556
4183166240
3145359558
3816694333
3817138818
3828561612
3863877372
4114518312
4448784012
2382762505
4172673443
3068688635
407762922
2260678545
1584446119
2980028818
4573197268
3748232659
2934978981
2441396195
3567326056
4574727020
3538581202
2333092387
2584637646
4574736372
4382498117
98554973
4482345497
1109480196
2996747404
1894736629
4583025857
4582629861
3982313733
2902729281
2611760491
2763412152
919367060
2716885043
2984603703
2736066689
3936680843
2810279684
2878376338
4609856780
4074942197
4561700307
4560874883
4513931789
2290509629
2637731608
2347033562
1631126318
3434714614
4597289773
3488199914
4527045442
801269792
3347524431
2878989993
2990663181
4496229029
4039135175
3065775610
2726912293
4397960121
1653501036
2906131162
3292958587
469785321
4305846803
4420728681
2896927405
4420385421
597120539
4134794577
850243722
4482105672
3838349956
3351304348
2187412484
1052100672
4074172858
1320613513
4317626362
4192088122
4390003589
1864184120
2901500108
853131884
216673557
355670641
3321418739
4478550494
3342267502
4421766568
4339758732
779955912
3904732522
3351761765
4419461853
4381623256
57841860
2783578476
3103021527
2560889523
2814700860
3522313396
2948085340
4408405695
4408532236
4408419327
4408428861
4408622680
4408695928
4408397301
4408508992
4408710622
4408380387
3491724197
4209230482
2874381290
1055985186
1256729520
2318925939
3298444499
2772332897
2933304921
2933313885
2875251178
2749102614
2605928300
18310869
4182271059
4389109157
4210454674
3949980279
3203408395
3315497869
3073279978
3426447544
1954340324
4128390984
3372693617
2741691905
905948600
4239389053
3289418258
2857348989
3498104964
4394489799
4449055152
4383093089
4354703956
2248006778
4354496842
4354405457
4385045835
3438434050
1659002090
4387641197
1320070890
4356258135
757906284
2675827636
1404544782
4401003500
4368946401
4116075137
2397810565
4024885168
2762585361
2259326329
4438247072
3664884614
3279552222
51694255
3379103465
388462458
4288720422
1262386189
3445479617
4107328840
4322484137
636301974
1590890774
2481851416
4302392188
410903888
4309251628
4329303579
580982673
3392180711
2898264731
548044200
3816585915
3294076275
483335325
4244557114
823412922
1049474564
241665041
4033889385
4217920599
3170225836
4178580196
4289040747
4228986171
2562000994
2962179232
4238717997
1275727380
3132980515
3402609881
2852839586
4251017956
4081234471
3351481043
2335217635
4225203083
2996815443
82721258
4181333913
4274736800
1357593553
2523956705
4096984274
1606829456
4213894517
864889164
4213083693
1260679057
3317654307
1647919542
4021818912
808624783
2256373940
4025201957
2966824618
4286926580
4219434868
3579329115
781395914
3995223383
4208859771
4264224799
4213505488
3872860289
2433930428
4211483645
523681320
233586775
1653387728
3384674338
504850107
4210342935
2646350142
1287156122
3865153693
4159710443
3209747590
3742991782
3280314787
4260043093
4215603072
298113952
3491510955
4017961012
3420552719
4108528274
2967139714
2885043973
3140693923
3995644032
2591487528
4203608219
3921330316
2850883095
2600800645
629179948
4105029147
3404794847
3383035271
3824794768
4253405778
2776503917
310571334
4197196277
3407492872
3314185294
3073960680
3745570216
218296643
3720795994
4237005854
2260015828
2237940781
2218357849
997489700
2996583147
3135364510
363640677
154460369
4248901332
4187934136
2156082945
4248792312
4141811368
4247051713
2153975999
3037296017
4186357289
4194959361
2598799722
2990277901
2399434280
186932027
3381674843
4172478933
2412906899
1621060333
3401624997
3564721155
4140218151
4205127793
2240400334
3401484563
3096157773
4098897033
2944229099
4137884153
2830317280
394189576
4083875393
3979777587
3799665732
196413500
608101291
4024751295
1104704256
4128881183
314868333
4172632581
3946194197
232297023
3157530563
2662245068
3497220672
3037738530
2658030704
2515507077
4144431291
2833528269
2457540764
4099991357
1393958851
2489237078
4158242398
631224241
4041678861
2714136611
4149335786
3430343279
3253414225
3318086042
2948449979
954540841
1009959319
3835697849
2787947073
924008077
3544434203
2334831480
4147576516
1539149558
3107758127
1673204324
2183249831
3118728578
4177796533
3430016475
4043180834
1308638035
599663394
3397690042
3984960317
4072697961
2436156130
3983015111
3300483412
2436148289
2427920749
4072840637
3352408859
3983097832
4041070335
4072852876
3407600361
3985032484
3137864859
4149507509
2811170692
2925354929
4078113591
3083992849
3331540403
3870668243
4141973352
3331945408
1606915098
724347223
4141856897
1642756988
4093332538
2763253564
4136173042
4134596475
4046225554
849299022
3145030102
3496522879
3125726186
2902819275
4136143000
2223748379
2909896361
3078314106
1289177264
1853907756
4161481692
4143162941
2169025928
2598566169
4144552533
4140492202
3310994363
3848951832
3472149317
4144505007
552181180
2816894379
371435047
4062347889
2771040995
4121440335
4004541502
3939405014
3939411132
3875617001
3871355421
3989354843
3939075554
3939073092
3871382291
3665514733
4128005721
387734921
1861612854
3347370417
3460849224
3855153335
2489472236
1401202268
390214981
2183750794
1681815782
4136004561
4072099093
1705868707
4108775427
4107413177
4141973848
3003903924
3386780600
904039177
525491985
120140222
1374815922
514703974
4141829543
807898555
1977175520
3861170833
1640302723
4135095633
915295999
394169897
928029290
3435390065
3093576179
3312038414
3296288972
3135236751
4142580993
2598672720
4143289575
2224039734
4129738592
4122684735
4128147514
1074570638
1103433092
1455422646
1382423484
910850076
1163847884
2474352266
1621056265
2312662659
47764058
1377435084
4142795116
1241637684
3221637556
841394966
4025542341
4070798333
966760218
3400548760
2945956323
4142074033
174734271
292335685
1718385085
4041061073
3623693174
2942358341
3793615396
3679019536
3179547031
3636156615
2511115480
433387689
4101473847
4093102113
2958471262
351141828
4070697141
147305691
740918395
3165864419
2458780358
3985490660
359332503
3142727245
3732377417
393686872
1433490517
3195253689
3907495392
3997598834
2825434342
3302589968
2431211513
3710522353
3324258341
3207562624
3314255584
239093701
4002988305
3979897037
3996582683
3434841490
3340004344
3346654859
3321368657
3245094695
3948904701
2889065179
3922223061
3343924253
3234481543
3932202154
3929093601
2591427305
3881771319
3543175575
3882743121
3707267145
3135140749
3899568675
2949878013
2316321418
1295857058
3233572038
3660131376
3232849551
3818118989
3616599795
3240422585
3862221393
3312451454
3299706604
2604651824
3306553805
3151424080
3432503901
2267800712
3008395313
3577240768
3240352135
711532048
3259719125
2746627187
30974408
3741720134
3049629452
3748235652
3238880961
3568681577
379085486
3726566833
2647759071
545417634
3753367995
1058426108
3071132608
3783476121
3655282573
3233782303
3611058014
603133031
3774613336
3161320934
856991954
3082411362
3247882988
313087874
3762512841
3648241039
3663514574
3220846627
3550843156
3583543515
3488336532
3663539114
3572432416
3643834933
3027175767
3667465581
3492294612
2331572608
2724518693
3389400664
3408477683
245989606
1612771279
3697639341
2920020495
321737943
360205151
1901655836
2736018910
3542857034
3643699281
3646266675
399462783
2920217253
3624117435
2567313305
3079729822
1011910962
1423413510
1060019568
442877404
3408025552
2754843808
3543461001
2939706574
2756033551
3372326561
2814171526
542667465
2320295487
3597801436
3590458763
3588655709
1031377188
2598440087
3351735965
3483518297
346696592
3578714067
2861198199
2288889621
249790208
3058219918
865017222
702780728
1675833128
2420519336
1857579392
1028008556
3258206808
2921405987
3522975561
3513779121
3059127508
2993858015
2778134829
3151833873
2993936086
3436668617
2889287331
2510016108
2683989582
981414536
2372655382
3489328696
2333725081
2893266875
3360527872
3387622457
3438309514
3387594129
3360541882
3362044840
3361975684
3438175743
3362010274
3361883937
3360508384
3438197685
3360454773
3387702754
3360529889
3387669275
3387664408
3438238025
3361987750
3399895671
3447829395
2731003594
3028524785
2819519883
2401416169
2373417032
2290896240
2782553328
3166061766
3330097933
3320779807
3320688864
3303013490
2972715498
2346796293
3329958558
2325976589
2439994997
2972746400
3422313616
3419769237
3411137128
3411023055
3398627188
3230767191
2474427381
3168451677
2695852160
3065443997
2274521219
2407464220
2835899966
2589135132
2407272147
2346833003
2972796727
2972728824
2474374917
3235756773
3186862366
2868025553
3398034975
3389660638
3389603219
3321570606
3321381846
3286144891
3266018486
3321385998
3321388560
3247741698
3219723036
3404540177
1357118442
1427363683
168588803
2222622170
429827875
2717080975
2664171336
2752854531
2772674724
3424829549
3322946596
3420909430
1238595535
2226758815
2317025193
3329893845
465700453
3302354281
3428518175
3392005234
3374634743
3093493348
3422474289
3416072553
1115097188
2796870981
3383287145
2616497300
2729870399
700252359
446323751
1927498399
3419564325
3413838125
3408655780
3413590481
2827639553
3408869961
3246355084
3407290672
1234213038
2605741197
636885895
158305255
3082120240
700937570
3402742169
2937663653
3335553317
761810143
65455370
3399040960
3302599994
2274842688
3396472601
2942926515
3391746153
3297487032
3297595147
3297502680
3291413983
2685831878
999312764
2434381387
3386922165
2957501812
2916416608
3286827320
2418553151
3280959536
3374682586
3383758252
1080117158
3057666629
3145800834
3143295630
3143230116
3258841790
3258833744
3240988399
3236991074
3170901092
3170834952
3170822322
3159411061
3152780748
3152832463
3094445383
2999234767
2999201581
2999125830
2999159132
3232265634
3351840075
3316846157
3316731351
3244326505
3282341160
3282231594
3282239864
2955492731
3307446659
3372775630
3147372823
3375057759
3375865757
2880300439
2905754222
2880259568
3189466296
3192271297
2880233706
2880226524
3219329618
3190870093
3189551257
759823158
3374343615
3277996896
3277859364
1712484128
2631818553
129025914
279669817
3272400732
3271712514
3271702296
3150173475
3370076182
880351322
3196477278
3274746734
3246736922
3246763507
3246769063
3246779167
3246682668
3256818860
3270870390
3258651278
3269624120
3269566008
3241319424
2969456751
3239034465
3361347383
2545090857
3034675433
1975339921
2248952457
3337448723
785266896
3052842052
2343266622
3357287177
315892303
3092506852
3057649773
3354933915
3254615245
3167473894
3350917469
2730122944
3258848479
3260489874
1886358062
3227867115
3054322189
3344195447
3257062238
797825881
3037524383
3139207520
527599710
1527875760
3256437290
1390550576
2497339947
3235626468
3347951531
3342024357
2899393366
2949945473
1476236642
3254974740
3131462925
1167333390
3340125807
353025166
2892868123
3254034530
3200025086
3228506065
3234641436
259404451
635011111
3342234465
610073516
1475976716
2999994205
1055049295
3337840588
3120330946
596050820
3001144441
3342471885
2990814892
3341793015
2938547871
3313707682
266171365
2552227532
3338889977
3338866048
3148222354
3334122833
3337311057
834261416
1398080964
3252322007
3114046278
3009577982
3113527002
3208874159
3236348909
1154257748
3231531926
3020725838
3192773098
604142194
3188058472
2907131390
2931037400
3113870768
3189421074
3246323701
568043770
2569104502
2766292072
3224771160
3043734458
1730621480
607037045
2557307538
1177109407
3327362003
3244566757
2665886316
2999733090
798564728
65747329
705390727
3130334311
3313695832
3230021233
2173125244
3245745696
3188566155
3264254223
581236181
3241015675
727780363
3325843253
2350798278
278633437
3041236702
2261550108
2571605096
287931897
3324069423
3299812552
3027626860
3325678757
3244243080
3311349035
3189730742
3226387294
3238106172
3223987861
3245500100
3070313124
3315587307
3059601099
2502307523
3321620991
2221256985
3308673239
2296703962
3308543991
419806886
3127767656
128941121
105726521
3097443054
3243233992
3244118695
3324450946
3322773159
3246660395
3321685589
2989944582
1291806870
561324154
2180154516
3300529390
261416558
2883003691
3314810248
3241463846
3241422480
588737528
3112146446
3238452667
3305404001
2891992161
3316013565
3244719909
3240394194
3240484951
3240394278
1492239096
1037363353
296625710
3264444479
3313168714
3239187792
2415149932
2687216777
713105849
3156869620
3237976182
3237974778
3238026992
3237958110
3214782628
3311456637
3238310624
3163235894
3177483241
3238112796
3243890896
3238209463
3177443282
3233181629
3310964201
2202115943
3210439426
1387288278
3296384205
2153069037
3035787899
3147768936
3060130919
3235859250
2413601951
3057625575
3234246097
3198002107
3233677596
987078973
3307540601
3307069024
3233713369
3191521151
3305018841
2599082645
3203164749
2828580130
1429225597
3305967694
2855948182
3171235939
2489722638
2892644227
3171801626
623310727
3230401519
3304731179
3188202668
3304628967
3231217214
3231622154
3092020301
3231623336
3303063395
3181447706
2851209505
1914890425
3296720572
3123974433
3301969665
3219419534
3219345030
1439406306
3300751773
1514525773
2714216128
2618487018
2285481312
3299539029
1931780262
3017189009
3296700605
3297348706
2813596051
3260728433
2473177999
3245415742
449750512
3145946152
2419403798
3295791700
3295737269
3295730711
3225077326
3222910765
2602078265
2159708408
1405052257
2956484736
3294136618
2867345481
3258466997
3258705467
2850406955
3291203926
3221168336
3165191018
3196015239
3008504565
3220057794
2905505699
3064552019
2394636755
2911069102
3288852915
3216145321
3259604033
493249666
2256843558
3160293034
2966477355
2720651031
3192552258
2768940791
238591269
3253772955
2261808925
3020630291
1526665794
3214443201
3094524191
2869291499
3187863607
3190265906
3190386625
2805783219
3245283231
3243972129
3028156275
1947084540
3102912402
3073978286
3075619629
3026951303
3200031352
3199880997
3199911419
3165116219
3165149595
3200018770
3160994694
2223594153
706432989
3241238417
2914552000
2914533419
2935416191
2987534608
3010637021
3010658087
3011598647
3082892037
3150554341
3075938509
3186323516
3047505565
609392778
3184667151
3181111842
2808764506
2413089479
2864478071
326839636
1689257126
1329719546
3234444171
3183939019
3236400321
3056249203
3230716516
2982424113
3184487197
3123417847
3229031183
3226183798
2730139965
2956195698
264828637
2673874853
3218843603
3154191629
3218809157
3217275669
3213075027
3218797144
3108029345
3102295625
3110827517
3162805453
3177388368
2828023547
2960443639
2807034998
1363195536
2940113245
2969464844
2951489865
2748370553
3191862609
1273340292
3166019348
3184257861
3024587571
3101442327
3191102475
2491940208
2989228593
3149119177
3101475031
1701612439
3163505407
2844636627
2885130600
2949388932
3020256169
402793615
3014297180
2824105105
3191306523
3142152363
3165402660
3188318913
3187698987
2931704709
2774075905
3133069800
477041205
315181874
3187822757
3133446935
3133507115
3179939655
2223065214
3181215641
3187027203
3151911810
2998282817
3172083329
3171592725
3164475542
3162387938
379408088
3143115080
3112135002
3140979596
3114750649
3148892220
3178072427
3180027358
3179908431
3155987737
3076606501
3113710038
291663128
3138753622
2416316610
3178566749
3177216005
3163440088
3161389756
3148195667
3162319350
3162332676
3162390145
3092386281
3028156914
3141701735
3166148145
523257822
2875800755
2382773210
3148739017
2871672519
329776185
2264750054
1107573842
2869001110
208873785
3004234079
3149477256
3137055259
3141677863
2718694446
2420001205
3106074656
3000311786
2721136632
3094551474
2903579685
2861912366
3136083394
3101397282
2763996275
2989402081
3040992209
735899143
3160536063
3159998013
2867987253
2955062192
2783113085
2417586343
3147676294
909217867
2298003554
3097786535
2374480340
2546884634
2316985879
3141737639
2783961161
3067749597
3144990612
542499259
929271956
1578447409
3130081275
3139432343
3108944786
3108885000
2556501001
3084432485
3141817718
3141737240
3141762960
3141781656
3141718136
3141804080
3079042570
3139868211
1327559587
3134529387
3007113660
3137477881
30160168
3136715000
88323251
2964481493
3105201768
3108648918
3108728347
2936404070
3108648954
2319680568
2921330959
2317707344
2345523080
2277001526
2412073993
2922372768
3105463484
2921313956
2923548997
2290452973
2316564582
2444828863
2318099024
2316532094
2426342773
190316401
1262587164
587979894
2737167239
3021717936
2671485622
3115437658
2605463982
3110941071
3110948241
3110984579
2300340235
3098036025
2898135965
2730560079
2894743720
3095081476
2449851277
2894745173
2897147079
3007258293
2897205898
3095057981
2611513942
2346518669
3094996497
2918074575
2995913560
2844252490
2794149709
2557074546
1172175882
2419312417
526437173
1619951216
2882142868
2577819049
2820833386
3097389543
3087223459
1490563674
2347403216
2244002409
2842836861
3085214323
2885692817
889902961
2836381030
2836370813
2836321443
2833196277
2836333743
2836387468
2836328841
2836353611
2836383610
3090997243
3089925768
3086798298
394881501
2384044765
628276782
2893445723
2892885475
2946488153
3076390561
3084685535
2800252132
3082219461
3079627493
3077982305
883023504
847736006
3068128701
2262632678
1134801702
1913368848
3072730623
2998454028
2998513495
2998512439
2998480364
2997361362
2962101850
2920121814
2876807736
2944132871
3051315242
729561654
2712753364
3056994410
3056689120
3065428755
3056616316
3065429409
2723305671
2718917591
3065506672
3056595394
3056730442
2718944344
2718086644
2277527558
576545858
3018315921
3048013484
897452648
1061295324
2826522057
2852052474
1643492684
3049893124
191158984
2310814778
3057164943
2895237856
3015839100
3015017032
3034997785
2303095370
2303082276
2303068206
3018987018
3019051753
3019047241
3019018322
2995886330
2992349629
2889374416
2943966341
519117550
3027686569
1427649834
3027347833
3039266127
2627605289
365442794
3023985540
3023972911
3019956302
3019923414
3019996747
2527672544
2527702147
2940189147
2615495786
2613542041
2940297520
2508014744
2870400001
2998496779
3003387475
2656974211
2941073681
2685491396
2611899924
2527660568
2615520488
2940232503
2685212482
3042517251
3041426067
2456957288
2993318583
2984870874
2981680373
2984921852
2984921156
2986051332
2984885634
2981648901
2981717686
2984872326
2984909138
2981686769
2984949121
2981652171
2984946739
2981651847
2981722606
2981687699
2984909168
2981720644
3009796491
3039674914
3004247377
3011086198
2973387077
2975600799
2973438005
2973426893
2988162447
2869238991
2893242216
2809045523
3007825342
3008988077
3007785203
3035841597
3010901747
3035875391
3010895363
2986257430
3018919566
3015998502
3012736250
3012735506
2996018760
2996057864
2996079001
2996079031
2983826669
2983860382
3035220226
1658010176
3025183461
3024669850
3009766779
3008652281
3007834918
3007741713
3007803082
2938747336
2888756961
2738254174
2657739135
2875721225
2877221092
2877156711
2997647277
2884009204
2925590776
2984065929
2925493017
2872987162
2877188903
2877171623
2984139910
2932483529
2925498245
2877199475
614464045
149500880
2210160421
2657770438
2842983431
2711686001
2657756213
2888815948
2865515605
2867954788
2657753177
3029245479
3029300939
3029353510
3029312585
2960413187
3028230317
3027083524
2910600263
3025522090
2921388366
2954924922
2954995957
2921442272
2954917626
2856677039
2997090497
3032766701
2949013768
2927301076
2940572091
2933362025
2938245555
2940641812
2867566888
2942612675
2927234235
2933311449
3032104413
3031604571
2661080276
3002204813
2365181371
3002167941
2956125251
2812059595
2908298770
3013821174
3013699766
2944221191
2995262570
2984901670
3025221574
2777759276
2867619699
2916232429
2896849518
3031185395
3031233808
1604753995
2959162999
2961504845
2823669445
2959799770
2959703103
2230186161
3030205499
2413772395
2212358387
2170903993
3028697374
394934807
3025369095
287314778
2984609554
3022270342
3018711399
708264760
3020392702
3019807349
902411534
2772932742
3009707917
1565439938
3013859806
3014662691
2588853872
2946764963
2986378157
3012519970
393435241
3010969989
2781615615
2805206149
2994604174
2805158264
2777894872
2710272406
2805178634
2994539313
2994612712
2994614710
2890051048
2418142903
948356408
2990240651
3000345853
2797840140
2784549148
3008813092
3008670915
3008527253
1972241041
2428000797
3000342498
3006690928
2373874340
2650142997
2484088227
850039868
2732479853
1214089021
121452577
181167635
2760144607
581106377
2786963759
1289521230
2965119892
2952266439
2955843425
2955817803
2952301163
288373327
2833011213
2659677000
1375057922
1058948006
1045976191
1377206340
160633626
347314349
3003742126
2848033672
2997519871
2891111079
3000440793
2989803161
2998351139
370708488
2998719316
2170895199
962712038
2881443573
2994531917
2840488134
2997452751
2996930321
1272417840
2996540283
2962519702
2807334366
2883809496
2995775494
2855333747
2855343603
2852231037
2823334311
2883873390
2823392645
2855384224
2855326035
2946202613
2883881004
2823438753
2788541112
2993677981
440054816
2991995368
1713996385
1303831220
2973443477
2989017656
2921900254
2972818749
1015124737
2984093247
2866288111
2987514138
2982897857
2975451187
2739350312
1633513520
2577907611
1157283260
2950038036
2983353066
937239456
457802407
111887313
2805792497
2963322713
2972893362
2922348251
1352615071
566551166
2365357973
2971567053
2968681359
2960517310
2743584574
2966876908
2853621976
528315327
2905509999
2964821921
2964564087
2960806778
2863362268
2962503472
2332482678
2940688784
2959126903
2957600722
2774222502
2959376745
2957810053
2733738291
520307218
2957787071
1447134500
2834594653
2873819661
2957257613
2772739805
1049165760
1615957514
2955805355
448078601
548858781
2233374031
2801823594
989663917
2309079414
2947182003
1857911828
440193603
2172373379
2159492502
908865252
2941135950
1226178901
2684719225
790522782
2881196283
2806302311
2291458842
1893931038
2953234563
543394023
1700501797
1034451679
2738272505
2946079827
2951016611
2951865782
2917840289
2239841333
2193208363
2294601389
2946166199
187628808
2921562448
2949434183
619258482
2949362153
2917707794
2944021144
2946714538
376282628
568853290
2330653283
2918612524
2877876879
2940584903
2942010741
577188715
2201381618
1697962741
2751511451
2926056053
2761404762
2761468226
2761480214
2941458587
2940657179
2941314731
2941316771
2941121691
2938517441
2911640860
2939448598
2939416624
1452258720
1583704640
962075730
2625495645
351039271
1961258461
912867848
2203217969
512302770
983483268
2460306090
2434203889
1258817666
1573387308
2204283025
2922507481
2922517778
2752938423
2434202598
335468370
465839578
2921347089
2789148748
2931435401
2937461892
2493585565
2931089835
2534208288
2531785980
2531785562
2531765292
2531782183
2531735646
2531755459
2922913573
2859570125
2900849730
2859600886
2871559528
2670122131
2673871962
1604795748
2673880998
2667035424
1410837572
2928669035
2925654281
991919305
1680487322
2922307913
355018499
2923015259
835492772
2871622641
2879470774
2154805904
821185544
765688441
2921113899
196699500
16371199
299818608
2914205919
968536068
2422841932
1037503608
1405314678
2901961344
1493846924
2843388879
2919558863
2752816337
1194646038
2878452672
2875599856
2169423106
1171657471
1965208987
568151972
1037543504
1161337112
2911197688
2914489889
2912271976
2913937127
551185100
2855530252
2910813051
2609693036
2874265030
428211379
954011173
1610442722
845824141
707496025
197498133
2908120041
2906001687
2830375387
937983960
2906862143
2595561981
2593483003
2779050731
735778602
2774344565
2777299041
2753581996
2468063946
2752880949
2751849418
2272241155
2777302455
2777320781
2306419391
2752943645
2364905944
2753533335
2752952795
2306360405
2770257195
1935362640
2207943620
2897338158
2880469963
2880391680
1413333726
2891527707
2806458591
101100517
2895025257
2729906597
2893382751
2243007550
2611641183
2889963940
2665902496
2752635905
2911229996
2886521219
2888471302
2893771064
2891332737
2869492199
2806284946
1472174125
1564356589
2880921231
2889034325
89769966
2908405488
1723938367
1806300012
1723869026
1526218440
1724082416
1669231914
1805992902
1668771175
1723847676
1668686982
1724112571
1724067230
66731396
2901890478
2690261703
1852411796
2900808397
2757376811
2889288083
1464847525
766173037
1058845297
1712900868
573043089
597280672
1472362856
1220253128
1722324001
2842601068
2886984340
2765985011
2815770084
2609409370
2758500915
2861750383
2880223748
2838682870
2830871630
2806180162
2758485591
2858320400
2866596616
2866653220
2866663223
2866647969
2899563925
2887412544
2887089047
2887460560
2874344226
2788992122
2792633726
2841917816
2793404175
2780825803
2879886376
2763520290
2780682044
2763443198
2780675846
2780713195
2700363257
1183019635
1400522102
1431499946
2878915078
2861503733
2856992337
2885852429
2884930667
2858756104
2904051871
2508492595
2762319204
2473865720
2762285688
2762393828
2872755017
2796038340
2716423218
2796160104
2754573469
2754510864
2754566737
2752750159
2752746517
2752686936
2580469681
2446985378
2446990740
2752702310
2878752561
2495368741
2308494594
2448216080
1537533152
2619750836
2877470052
2592115055
2867384647
2739374110
2899790252
2901825547
320334938
2782214300
348989424
966351301
2874694667
2845764370
2789801973
2789824625
2789799699
2789798433
2789847130
2789796555
2789795895
2789820089
2789790951
2595356988
2295158706
2734130043
2889490981
2773699903
2724680066
2725120550
2860037187
2862112051
2492245826
2896820094
253007830
2805806105
2874282256
999067309
2872538835
2758524479
2758527299
2758556182
2758533257
2759390680
2759361939
2759413018
2759472256
2766576653
2780459931
2872285625
2330217079
2870530817
1176559620
1183449366
1183453404
1183460954
1183461234
1183517966
1183526743
1183531633
1273619852
1274970674
1319168492
2788199556
2788204332
2788208678
2788217276
2788237892
2788250515
2830513060
2841126621
2841130565
2841130685
2883962431
2875739178
2875813759
2875774832
2875740792
2875742376
2853589403
2881275692
2856173753
2853763864
2853724517
2853706893
2853620254
2853730877
2853614806
2870688113
2870658285
2618955317
2855819939
2573959993
2818032974
2869666571
2895062556
2783231072
2783259853
2780829649
2869322517
2607161826
1913439404
2864812720
2607169436
2592471289
2311850317
2272978188
2311898731
2273522305
2411476086
228101805
2272994874
2871822931
2872051399
2871743742
2872054490
2872000904
2872338673
2872005758
2871982086
2872052521
2872061545
2794794318
2710932842
2865870106
2775339723
2864112517
2775306441
2864107567
2863597332
2775414550
2819956328
2819996089
2819930916
2819991859
2819951882
2819999311
2819943438
2819917122
2823335204
2819938722
2819937138
2865650515
2798877297
2865652243
2792484323
2865575496
2865609680
2743046883
2865572886
2865606596
2747379195
2865605420
2865569508
2865639823
2865628183
2807768890
2741179162
1859730295
2741048967
2741165950
2741162926
2741023803
1862210257
2741167385
2741094731
2741035959
2741044061
2741073418
2807753471
2865083111
2641505277
2865108586
2830187181
2892472441
2892434912
2865069335
2865893873
1716191378
2861337435
2748723436
2704811503
2430925172
2717709791
2856001353
2856027617
2856023399
2855999727
2856053272
2855998173
2856052942
2856052060
2856051568
2842995677
2842993877
2842966671
2843012272
2843010334
2843010106
2842955109
2842954827
2846662119
2842953669
2879574121
2163751875
2782625392
2866544898
2848854333
2821690073
2821627593
2821680046
2821660960
2821668719
2821657533
2821719874
2856276625
2882748612
2873339472
2821655369
2830560183
2821617141
2830620940
2821638129
2862719709
2834220782
2845594769
2878626506
2878588062
2878658791
2804718586
2804679527
2777248217
2804668473
2826451779
2843776354
2854685173
2859699467
2827877031
2859975892
2828469735
2857986675
2858462281
2843722785
2844643535
2779675241
1644761874
1624485091
2891230933
2891157378
2891229175
2891153616
2891188484
2891228533
2845626910
2877604326
2872414136
2869417284
2809128743
2865627943
2745603599
2745705994
2745677831
2786940633
2849149258
2786991700
2816717631
2436774116
2436766974
2303096305
2303083591
2436748326
2436763867
2463930157
2436767299
2211120739
1658410874
2303084492
2303051790
2303071626
2436970164
2436967026
2436964032
2295355619
2436758226
2818856869
2862591251
2855238467
2855347306
2855319869
2854955003
2861629876
2888131801
2859273839
1606411927
2858021799
2845439065
2749734824
2799209253
2837566889
2854287394
2847565059
2887845600
2367249860
2857219360
1317288385
851360689
2856850977
2856884884
2856762442
2856635068
2803206678
2803230686
2803226612
2803222874
2803240003
2856071326
2853590332
2848455254
2668774590
2540572208
2540592906
2854429498
2855771326
2811997461
2847660736
2811962945
2811976209
2811890980
2732299668
2877130278
2418208732
2790141599
2379281024
2352319308
2771787664
2854373849
2854358115
2855465824
2852175199
2651416723
2852136026
2793818118
2714556688
2886599790
2787029744
2748588082
2750809329
2763223162
2798817625
2787040219
2865668570
2844322711
2864370732
2844220184
2863430947
2741596077
2865594482
2865626448
947977495
2817160561
2830989656
2865475286
2879695861
2879627778
2817159253
2839910227
2652156191
2652162371
2652183442
2652188116
2688886469
2652194392
2722243017
2688896751
132559804
2738638923
2800568443
2234808895
2259442927
2259448002
2268420486
2234842597
2234822124
2855308589
2234756790
2855334100
2855272485
2850477683
2850436965
2850426825
2848580189
2848574555
2848571357
2709519379
2780103840
2879087275
2781726258
2778536125
2447682942
2447548902
2611868772
2855800951
2828318600
2520887124
2445698568
2837441887
2473441783
2611898173
2837383872
2614365240
2602602349
2820813105
2377257662
1868632920
2377252213
2377222422
2377235430
2377177878
2377247088
2377198758
1868720604
2757404540
2377223911
2820844503
2820880973
2838854392
2751696057
2782083168
2751739486
2804825607
2730608751
2789053486
2441709493
2730596049
2756550148
2730617195
2433033822
2443566018
2441559342
1419893942
2445096822
2430701239
2413751336
1419845460
2430688172
2443735970
2433029184
2234788710
2166703350
1941750738
1710865962
1710866335
2750413728
2853463863
2748998270
2749072405
2853484427
2852294953
2738653221
2452358689
2452368434
2766100199
2861778271
2861686818
2834762821
2801133918
2872235959
2800558592
2680035096
1455576468
2849029024
2255558207
1455607099
2680095200
1455340148
1455265820
1455588727
1455328951
1455648499
2849003927
1455305941
2680086200
743137808
1455629137
1253171647
1455565753
2253710607
2849033242
2253955967
1455598176
1299917880
2885143614
1577896387
2844071663
2844083272
2844037695
2844042695
2862516860
2884992414
2877218269
2844020553
2862508004
2884996315
2166544753
1065454843
2884812650
135358659
2247372761
2884103382
2852621086
2852576969
604522040
2838370158
2865010434
2873429706
2851479406
2851425849
2167054124
2845205308
2851477666
2845177589
2845150041
2851411845
2851349201
2804767217
2804689318
2804678931
2850878050
2882787882
2850876898
925767846
2355047814
749190552
2882762479
2594278833
2717027570
2850683057
2729381801
2410633851
2693932566
2882609222
2877346340
2877349580
2844287519
2854406659
2768948866
2882638897
1058439062
2768953774
2844966303
2850453275
2833585645
2768995737
2882304276
772352390
1966937046
2882310186
548089042
2465667937
2841527447
2882310912
2882310456
2882344136
2882385379
2882310720
2882314044
2882312778
2882347886
2882386357
2840697591
2767522811
1578591679
2327148862
2840809258
2326542849
2840782870
2871343938
2327231428
2324862635
2840725281
2655152342
2840745155
2840815648
1692381408
2849857865
2849852729
2849814045
2844830341
2709096854
2552449309
2717058505
2798049113
2848907295
2570898949
2848950724
2848869633
2692386451
2692336746
2882154218
2773580080
2587278176
2866152704
2855023219
2855019739
2854944666
2764707579
2757251771
2753226547
2744966394
2758381013
2757201449
2764775260
2764745194
2757295708
2764771414
2761385943
2764786036
2758399018
2764727771
2767186209
2757244493
2764757309
2764754255
2758390708
2767287898
469597158
2873494902
1107080714
2877363619
2616126980
2333868482
1432185806
2333873035
2848436405
2848427189
2333865750
2848398921
2848398471
2333864634
2525106600
2357097989
2357118263
2520664044
2357091831
2520160608
2525111208
2520214200
2520666846
2520193890
2357119569
2520048422
2520709184
2525127673
2430994733
2525160998
2357086457
2565353435
2525141718
2431000672
2520704570
2430988269
2357129872
2521005810
2520263635
2431012241
2357095750
2431004529
2521001994
2357128145
2520667963
2431010391
2520191707
2521022761
2520236077
2525122129
2520061362
2520651660
2520232213
2565371019
2527411993
2565386392
2520227570
2520646526
2430998955
2520180050
2356953825
2525164460
2565381509
2357091688
2430997343
2520163926
2357121717
2527406216
2520242964
2520673051
2431004007
2356941527
2356949481
2520033696
2520671144
2848451644
2333863512
2848422521
2848423937
2848449346
2848459048
2880958842
2871188418
2871418171
2871229256
2880805884
2880799830
2880870427
2880799050
2157897797
2848245717
2880874952
2880918109
1588497056
2322711959
1588529689
2266961962
2266916285
2195749745
2173895506
2833392630
2833068415
2833000182
2852550511
2752787512
2752790986
2869671914
2866860584
2869705531
2869682522
2833035572
2847984542
2833059487
2866817580
2832997950
2793654289
2793592590
2839003585
1557723908
2823452650
2847143541
2873370468
2873416664
2842070801
2417257603
2747890289
2322241489
2322205730
2322169880
2748096304
2414556859
2847316756
2512894595
2847318538
2331851242
2725646818
2783867421
2783835183
2258572509
2783867159
2847312850
2871165368
2871132180
2871208777
2871209167
2871203623
2607313894
2847311656
2847293627
2628854725
2877316471
2877294812
2844210705
2877387480
2844393527
2877597578
2877628477
2604230091
2785039921
2604234341
2829954898
2829972874
2829932129
2829946829
2829922834
2829962470
2829973318
2805771557
2829921837
2829935207
2712930262
2712185369
2849375358
2849379678
2851199924
2712199757
2851160598
2736453503
2780056002
2843962195
2712187871
2851226485
2814736043
2820950399
1118081972
2647062144
2814804274
2712192850
2790290656
2790218247
2790230975
2790214599
2318033240
2790187671
2318384664
2318365176
2317989690
2317975652
2878722181
2847160655
2767878821
2766372250
2757545495
2756307081
2756987423
2757070511
2768310455
2598502257
2853347456
2200490213
2776025487
2699465020
2632072985
2632069222
2632019385
2632033372
2632021366
2631995219
2582600420
2260525870
2561910685
2736276119
2877903242
2846783213
2730109303
2846471293
2842468466
2877227760
2846394440
2879629562
2879667463
2877870162
2740112603
2740106637
2683047908
2510866748
2770267339
2831715314
2816443160
2510861436
2510887237
2816490655
2770234670
2816448055
2874485994
2874504182
2874508400
2812439377
2810595942
2866197678
2863747963
2266940359
2352629858
2267691151
2267039100
2267675394
2490888596
2310833310
2256113634
2288481552
2267018856
2357465599
2474748854
2288517757
2267047452
2863464768
2863519934
2858838920
2863784760
2860213087
2860194464
2860184600
2860204231
2863614684
2871945391
1905347636
2860218985
2876330550
1700019800
2844215634
2863635714
2863669604
1630042039
2353612615
2863638984
2772616756
2353587576
2353588693
2761248193
2824089309
2842375949
2761190442
2781771427
2877832297
2353569336
2877759576
2845812641
2877795428
2845831114
1478293357
2877763476
2845799475
1962794347
2845850830
2845794747
2877798398
2845821863
2878705764
2845792653
2877800234
2845790877
2845844644
1962710604
2845817135
2878775047
2776048558
2787057075
2776003649
2775995283
2787081401
2781934799
2776037878
2776038743
2787078179
2776003767
2776042828
2787076655
2787079061
2787106366
2787057555
2776016211
2776020821
2787080981
2787104158
2776011411
2787078707
2825101048
2376614425
2825116606
2838977728
2840785685
2838986482
2840815642
2845632363
2838984376
2838912773
2838973090
2838913233
2840769987
2840818522
2840765823
2838954497
2838916797
2838979756
1285445005
2878135369
2878064904
2577989468
1897722554
1728630542
1897148598
1897827757
1897814258
1891075542
1897171358
1890351139
1891123867
1897700610
1897123506
1726834063
1893389402
1726831232
2878541629
2845618469
2845679332
2845646123
2445491736
2297109797
2372265277
2554416754
2804459051
2804481424
2804457581
2825159938
2842772494
2878655168
2845527892
597345433
2836764864
2305136816
2714629936
2634873141
2634880253
2634890320
2634863111
2634846153
2607064148
1430849358
1461737887
2469323294
1442991228
1577519238
1456746331
1425128521
2565211106
1430868037
2843938588
2843934940
2843931934
2843926108
2831604432
2665378700
2717831954
2842670615
2843533528
2842688326
2878026752
2877990996
2810696434
2878152205
2810683036
2878084770
2841244492
2878026464
2841180153
2769427695
2348932573
2559965104
2497107280
2769950417
2734846538
2824617705
2844183831
2824623741
2824679188
2824617057
2824643477
2825240901
2876862260
2760373049
1414229972
1430337414
2443658960
2443763689
2231443837
1430294064
1893789942
2231660161
2443819776
1527416046
2547192736
2547195046
2547182301
2535063877
2858112763
2854566410
2854512210
2532997627
2713636662
2715187843
2716125740
2716192578
2717977093
2718021805
2718150576
2812138974
2812205390
2806404910
2806489665
2843909068
2844659079
2826823925
2829272982
2837482374
2840606178
2840676091
2806480612
2840638124
2806428111
2806476334
2840667397
2806456085
2806476784
2806478686
2473528820
2473531620
2742508393
2787370496
2754637758
2746485388
2787398851
2751472678
2787369206
2740934437
2787383431
2787397231
2787335540
2787684686
2754659641
1093753711
2787318954
2787366266
2787707563
2787394495
2787674114
2474944591
2474942760
2675319079
2715124693
2715065508
2715115657
2675303011
2715082130
2715178441
2715137294
2851190208
2715072878
2715126367
2675200704
633425925
2857096646
2715153853
2782455347
2860432981
2871657908
2842964206
2842913505
2821384786
2810690093
2740043076
2734944607
2823597701
2842696535
2822912039
2821086471
2821393510
2876593988
2811016313
2842657781
2842723305
2739678528
2821401569
2616892505
2811069381
2740059516
2736962684
2827945277
2842690967
2735330905
2827934697
2737628694
2811152050
2454383473
2730167335
2823666262
2828068547
2842970908
2875884415
2874249727
2827258680
2827261368
2827291784
2827324279
2827318867
2827320259
2827309147
2827027082
2827021022
2826984432
2825579888
2825579420
2825611567
2825537334
2825573815
2225304928
2238116067
2745836626
2745835432
2876508986
2862454908
2862452292
2828867603
2862451344
2745096168
2853914695
2754652554
2721382154
2437382419
2437364664
2437357362
2742779670
2656378191
2876319163
2868923994
1150922276
2875394924
2805924393
2805967180
2805927339
2805946331
2832536039
2832520467
2740420500
2740482002
2740499912
2810254466
2810239626
2828918299
2828941825
2786584780
2786570231
2833506313
2787382715
2874123702
2875809002
2787370845
2875805768
2845560792
2617255189
2834059166
2605649120
2605605920
2617222628
2605635998
2607786048
2607803995
2617195020
2776826683
2776801970
2776740468
2752260869
2873421926
2872545204
2872585520
2873357112
2873361540
2665719754
2687923936
2731389634
2687963601
2732641793
2863095942
2869672675
2824328727
2823486784
2771326354
2842628739
2842604291
2875313822
2269710716
2839851431
2842578711
2839856171
2842604771
2842658644
2271711930
2786370700
2833307725
2819574851
2795789953
2795803231
2773973216
2814679038
2701176385
2701193784
2782290229
2773951418
2782281577
2782236632
2774025115
2828288913
2828294249
2795731380
2802306756
2172808959
2803940043
2788020681
2678320339
2738393496
2738383610
2817004734
2725602930
2723522834
2723535391
2725613364
2737467594
2835130049
2737515822
2835117611
2737600543
2723460018
2725709551
2725738237
2725690448
2721637028
2736510366
2835152567
2737517780
2835164303
2835091493
2835186316
2725670226
2217540888
2262585493
2217507788
2635167324
2217502369
2534186234
2500597669
2503459896
2503444526
2500716744
2875134332
2841075550
2841079504
2534365106
2587740955
2867645414
2763565424
2874699344
2874738925
2874665298
2874664632
2874696590
2874663402
2874659640
2874734323
2874660486
2874732967
2874694094
2874658038
2874655614
2874691550
2874689972
2874729073
2874654864
2874686588
2874686072
2874650610
2781888279
2781936502
2781907325
2781932680
2781882327
2781902747
2781926398
2781895187
2781891647
2781865749
2781888995
2781860979
2781889168
2781852053
2342954228
2734545454
2764899538
2838721450
2838707117
2838686619
2838708321
2842211795
2747249474
2842206239
2842236790
2842176423
1472448870
2838652953
2773782141
2865675350
2865700424
2865681716
2865657672
2874028849
2840161191
2838566024
2450946301
2793674548
2450910618
1784250390
2380215655
2461856438
2461851578
2396361653
2380213368
2461849356
2461860878
2380215066
2461842918
2396371312
2869698882
2869731428
2869729400
2869765531
2869723436
2793174801
2827911615
2869743674
2869703892
2869735130
1084310083
2800189127
2758453966
2758402107
2752293514
2742728525
2752244721
2745589733
2742173511
2742618022
2469121882
2752290982
2742172065
2752248447
2752292626
2742182001
2742725687
2745468777
2758432565
2730467658
2752270445
2742187647
2812301629
2568031057
2568033895
2577900210
2598781734
1538340494
1955334132
1538297802
1659093223
1958399690
1956847184
1955393342
1955416957
1958111978
1956125112
1538358044
1956855690
1958037732
1657670036
1955397620
1956586644
1955337714
1678160910
1955414143
1956643568
1957819423
1679830428
1956878138
1679872442
1957806355
1657578108
1538382482
1956315822
1957827271
1957796582
1679843484
1957835689
1657574490
2704847660
2871983382
1600978957
2871996852
2740505488
2841542925
2872037323
2792477019
2871696482
2871736783
2871695708
2871662412
2871735019
2871653538
2871725521
2871725413
2871650892
2871722749
2871647364
2871680780
2871643254
2871677402
2871675356
2782579217
2792569259
2871739674
2834294699
2521862920
2478674845
2838834477
2836525318
2871991597
2659642099
2659164500
2659144932
2475656826
1423193696
1423176360
1423168464
2783255924
1423200199
2794555068
744029114
2869358334
2863476210
2863512716
2863545097
2863444394
2863541119
2863426290
2863457582
2863489075
2863435038
2863430916
2863472612
2863513759
2863477028
2863492915
2863538059
2870794058
2870758002
2870790188
2870749542
2307951822
175994832
2307931890
2859121825
201243674
2870828179
2870783522
2870782520
2870746056
2708726735
2708724358
2703898756
2870658835
2863806271
2413627526
2863804375
2843652768
2842282825
2842278649
2867746832
2469260352
2469265003
2870801461
2838847013
2838824331
2838826425
2838855755
2838856937
2838869573
2838798137
2644191250
2563083201
2457404929
2497840410
2783848338
2783904751
2766534385
2790345960
2439721474
2839091842
2869663519
2580531865
2523764970
2530879064
2564572186
2530909639
2577506106
2564457273
2628620723
2347510906
2397697623
2151219424
2726712035
2589233062
2789291866
2598915749
2737295608
2600907861
2664319827
2789410331
2779250578
2779235111
2789434828
2779249048
2789409417
2779252222
2789413805
2773934974
2789392059
2852093094
2852095188
2852129726
2852161412
2822451945
2824300312
2863220880
2863611000
2863247162
2782953334
2790644506
2822458887
2824291384
2796536907
2828870237
2822452467
2796534813
2752210905
2534554916
2534555173
2534539609
2534529349
2739072702
2428098721
2793463791
2839262262
2839253556
2793597519
2793549706
2740812643
2835405925
2837470385
1628152646
1583880937
2837340807
2863294800
2863312740
2863314054
2863373827
2863320750
2837995131
2837999967
2838058114
2496532525
2838001215
2496495818
2496546566
2863325250
2864396394
2864475655
2864439800
2864479615
2866927249
2866929715
2865934134
2865939378
2762136010
2790613981
2762115197
2437042542
2722522165
2866931329
2866137343
2838540309
2839866826
2839811913
2839785411
2839839238
2839809779
2839778403
2839831990
2839776951
2839828450
2839798187
2614314277
2840124898
2840110348
2840062161
2840046885
2840120344
2840111751
2840108229
2840156758
2840093955
2840089515
2840082723
2216441577
2585002932
2492675580
2584016390
2647101512
2689982240
2861794051
2795729235
2862447342
2862514993
2795719599
2862473978
2795728031
2862472154
2862466742
2799380393
2832248771
2840015369
2868884664
2787485982
1691267755
2328793316
2868393072
2866368757
2852691896
2854874414
2831035041
2856269960
2833082139
2857537142
2857542708
2348950371
2348800059
2857632373
2348774591
2857716979
2348749257
2833574692
2863823216
2168686001
2860879520
2863311332
2867801587
2837795459
2837778725
2835730551
2835728169
2835724731
2799108653
2798420373
2743749222
2746046007
2740365037
2745095325
2334158190
2828092143
2828146078
2828126795
2828114369
2815021978
395756673
395260023
2838012477
2838038915
2838066880
2838039281
2838012135
2838065560
2867353657
2867311892
2867350963
2867276082
2867348287
2865965486
2865923336
2663939161
2839424858
2865855127
2865830226
2865883376
2434246039
2867214302
2867198514
2867213390
2867174778
2867239435
2866933596
2819731999
2801715674
2829728270
2838010599
2838037277
2248811820
2591343104
2838035531
2838063886
2573475734
2573354232
2573044489
2573487410
2573369502
2572916467
2573450976
2573399581
2572926619
2573050140
2573393192
2573073986
2573479123
2573382114
2573464614
2809604251
2809577227
2809406694
2398365718
2865960722
2865887136
2865771656
2865769760
2865812659
2865774992
2865776840
2865759432
2865745254
2778996867
2782335845
2744305606
2773906476
2861460986
2739330010
2739330988
2739319565
2499137651
2740768607
2740739091
2739321237
2740737135
2519919484
2740792024
2865303774
2553244874
2789837541
1666259815
2834635609
2834562546
2856118015
2834557752
2834566572
2856081824
2854897321
2856084674
2834598548
2834590130
2834627695
2834637061
2856079166
2834624167
2834586302
2863127665
2657286553
2471252995
2516203550
2379188551
2657324917
2475733302
2471267258
2422492626
2471268300
2657255047
2420972012
2422483344
2657306462
2789413905
2379192265
2420975257
2587643581
2516209950
2516184744
2694953067
2862484172
2303784006
2783807611
2783767718
2755289350
2779537333
2694966671
2779490810
2779511269
2758036948
2758040098
2755209381
2758017839
156963982
592162222
2754732890
2708734082
2837204717
1543720578
2392737152
2837198537
2392700838
2392774279
2851678579
2795112606
2795115696
2392726615
2865071246
2837153759
2516297869
2837118813
2822311958
2823370465
2806433971
2823297145
2781923346
2781967849
2810539183
2806435369
2781956720
2806397990
2823189618
2823297505
2810469678
2823983726
2824039471
2806361232
2823226914
2781899154
2823989552
2806429057
2781960289
2810536171
2806402466
2823954768
2823255595
2823206100
2781917880
2781945746
2824031455
2824000760
2810470224
2823966096
2781986863
2854204039
2862583374
2860811750
2860848979
2570086931
2864504262
2864502474
2864498082
2864496924
2864494674
735823458
2748564565
2748534692
2858667852
2748506011
2748471650
2748025290
2748057709
2747993064
2748040957
2748020696
2295463788
1960519992
1852986948
1852898623
2819203471
2821506954
2852955463
2818750903
2819167638
2792564007
2792620588
2792627776
2792580399
2792586603
2862974712
2861692808
2830977100
2812123661
2823234047
2820658853
2823262960
2849250902
2852282467
2852213490
2863441712
2863544588
2863421617
2823263854
2572648708
2592079742
2545606267
2553953876
2532229639
2863503061
2863420476
2863556065
2863418562
2863554631
2863554469
2863481376
2863553593
2863553839
2863489201
2863512302
2863476780
2863478778
2863477764
2863488079
2863424888
2754697219
849921644
68626623
2828151244
2862577908
2862610142
2862609746
2862644623
2862646837
2862604664
2862643189
2862579564
2862652423
2834605534
2863176870
2759546239
2709027714
2709072768
2709056138
2825710726
2853446708
2853417882
2825719667
2825703244
2862767634
2849320993
2849252142
2849323345
2849281856
2849250360
2849318227
2849284940
2849285786
2849318875
2849286116
2832771141
2862854232
2862915397
2862851328
2862928291
2863031556
2862857970
2862862254
2863029492
2862864510
2863061336
2862851552
2863060034
2863088383
2347151706
2819433806
2862467562
2862533959
2862532075
2862458742
2824247341
2824206542
2824245223
2824247905
2779690081
2863006064
2863006190
2863006892
2734390722
2738057401
2734406126
2736688689
2718273272
2743428133
2734408130
2738055913
2862969432
2862534067
2862496148
2862538513
2862538201
2862540379
2862500384
1563735199
2861940625
2861912318
2531303695
2534081774
2568450617
2297442120
2261254327
2344394365
2344356882
2261227224
2836101917
2836124326
1390932637
1412511668
1440500312
1484934175
2836067721
2784493166
2784469278
2861848105
2861805524
2784475038
2861860909
2784523999
2784501956
2784498560
2861767272
2836088171
2836084133
2823022749
2823068836
1726354772
2862813697
2862815815
2862779174
2862823297
2862787706
2862790442
2862792878
2862794552
2862759642
2851738494
774552259
2661417539
2834513195
2858433840
2834217526
2858060246
2856441901
2829389998
2829867813
338974717
2827654343
1699027105
2738014515
2819485341
2800035198
2823476633
1198017103
2816909669
315932397
2821278412
2850277814
2579217397
2259455420
2803122010
2847740341
2815699768
2845210423
253006461
2814530915
2611349315
2802810341
2841719982
2761867065
2728288041
2808748467
2806360301
292505182
2380129751
1172254710
2839783369
253007563
253006450
2802525592
2802043145
2837221351
2780523172
2616212994
2798807501
2796715799
316416404
253006559
253007525
1107506402
2762543917
1694724318
817396608
1305399084
1643090580
815143818
2464989611
1237384579
2792846548
2759224515
1632513439
2790855130
2788830550
2787608007
2459990421
2806665506
765801271
1322589565
2785169284
2574383123
1893875190
1239242450
847498026
2752581435
2763636825
2783883863
1914510493
2779371730
546237478
1145593658
2690902963
1580526192
2265671470
1863099378
2780673940
2778836481
2821081910
2719205854
2750556503
2769662759
2778309501
2819399138
2324111630
2763899422
2777013969
741232951
2280063759
1032938371
1597913384
2164969434
1718583402
2420910827
2539485510
2429360731
2585509331
2300636386
2773773501
1576328480
2538262650
2773435083
2706499863
2805248384
2778228660
2719717605
2743903581
1113196884
2699171754
484254565
2275516869
236145228
2768689131
2442890147
2732117177
715910505
1064224938
804678870
1169609768
545622948
2732568375
2720990400
747046382
1851078409
2555670829
1519437354
1876816026
2239551360
2742265953
789542864
1386636960
952022629
2765794061
2273111771
1635238836
1621292040
780177848
560473551
1264435525
2764091987
2249993663
2230512605
2260949744
2764317387
2796563420
2764227676
2796408541
2764007200
2763887349
2683410745
2598472589
2794659818
2635749575
1908218180
2790645206
2391731306
2759228789
2464549811
1454339970
2608807041
2497805182
2788169419
1082570881
2760668511
2787959131
617452428
616923590
1653461156
2786577216
2759197018
2785552314
2762346601
625573102
2785044230
600331156
2784488108
2752511476
1591360712
2743968215
2728402781
2757441557
756894612
2445910926
2756194666
2756307322
2666874648
2772143396
2273528276
2598620205
2752390258
1931724300
2262429849
583991331
2682880683
2151774020
1491421579
875421319
2279748884
464767084
472030637
2690948415
2594823014
972502604
1352481883
930084608
2756687730
2216976007
2617354783
1870150615
253007558
253008088
1472457547
2752598399
1598747958
985074984
1332588066
360717169
1183585010
2578407953
2697947109
2188669237
1694154788
2256560377
1581486492
1488769130
1254825949
891827736
2765771720
1561163976
1045783814
1342549484
428335068
2244112793
2712926969
1900055251
937587200
2637260757
2223822175
1442043104
2766353360
2576120344
2361630702
624933696
1670602669
2763411698
1870119325
230467621
1970665448
2759081311
2753912071
2747098978
2256631789
2748695580
2467451517
2746126341
2731772560
2741569623
2744743738
2744479925
2739400528
2739019965
428169825
2464385125
2149290338
2739953794
598531394
1931084676
2241909207
874143091
2741710906
2723650849
925535959
2719619988
578061910
906245636
2249483762
591763120
2735253646
2711703600
2711643661
446543275
2708116376
1460438586
253006390
2733545865
2590083723
2729001766
2731526709
2431601432
2730946461
2586173352
606862176
253003046
2695410642
2596398050
1495217328
2725672756
2420783426
2591140099
2211482684
2669658528
276839117
2669382386
2543607506
2465961039
2583225589
2659443744
1086660625
2659200439
2658957860
2653065051
2651284627
2584558363
332870520
2651236088
1708706437
720662382
1640622630
247975507
2615561598
2616269125
802627291
2355239466
241679434
2580886279
2611445695
2684051661
2677498330
2607565974
2593568276
184950588
2605457394
618336955
2598761455
2389615477
1355523000
865341012
2659540457
1449915852
2596124156
2647682865
581032539
2362633985
226345577
2581081868
2565009002
2587407013
2585350990
2638477360
2640561958
2446863162
2584068349
2584105471
2582473556
2574622063
2502772891
2581075825
2628117161
2620951307
172771138
2573531900
2568932674
2398565042
2568082514
2564944914
2565260449
2581167363
2562017882
825889891
2580909316
388179139
2544403309
2545781658
244448031
1958923861
471397309
2373171891
2572804762
873544680
2535016819
2570726073
2565740584
2408051678
2182480538
2508550225
2403261804
2554514590
2522765864
1050217819
2559670281
2511520514
2518471231
1427932525
1265164298
2558621595
2507330545
495074577
2503739953
2538033195
2498287664
2547262257
1543975172
2478535316
626756470
823059337
204963935
2489853073
2272005667
2534901261
2471761093
1143324660
2353132610
2463401805
2405015580
1603875103
1694545950
2440681357
336636767
132288136
2247698063
2410800469
598475522
2462130570
2265712870
2460385032
584638213
2212479967
478110963
2461740638
300281680
396446442
2354879265
2409508267
2350536960
2382911697
2498155115
1529437320
2486815071
1235464484
2343185437
2255497147
2489607225
943551559
2462920066
2444624516
875243689
542904295
972113780
1215905317
932379044
501115370
2352765056
448084063
463138201
336527824
1362268980
2332012403
2315661656
2363748439
2360603148
430524871
2432440470
2473761009
2274185055
1425428940
2411371309
2219993892
2424829787
2183435499
2358523579
2450223405
239219028
1306010088
2435830173
1900586072
2357926555
2390422987
2429529190
2362277778
2426021859
2408670693
2403925292
2278067958
2396948250
842587634
2373197914
2389556731
2395206039
2386341963
2257152651
2374367881
2348636224
2326441770
1733524645
359301410
2230272268
2271518579
1121607582
1260125966
1163354383
1418583312
463863808
371316243
111065469
612905991
1377919081
803146458
88219536
1675738003
1883814702
1370586398
1625331356
904179523
893255599
2197715750
1959165566
1961740645
2222044694
157016912
362402915
2269319803
1411753141
2348918574
2347375666
809592080
1380190676
773823392
428963151
612506587
260878122
2245469679
116467047
2239663089
2252279089
2340954859
2342146393
2334283629
2340485156
1693397826
613453971
1096365588
1678310839
2330980266
1402906394
2326136418
2323143367
2312166262
1716372666
2252593387
2305665806
420737083
807733088
2238547092
2233217360
1017723703
361944257
2288831314
2277719332
2291977620
433494558
1723427802
450943435
2280490057
1147941379
1623313183
1611004854
2273426304
272889440
630084035
2148879211
2154020901
1954791546
296534760
1458207336
1314725912
285681205
1246635348
2248781086
502143787
315440155
1710191148
2263482469
188930009
2178034794
1722170791
1050783751
81372897
1187349271
1921436892
362759877
1024395306
1292233770
159480205
1045287613
1581793878
1360105609
2244568824
1855548786
1262326058
2239290626
2201925398
1314014102
1409547625
1220063498
947354172
2209155789
1879501674
928073797
1733009996
2213881843
1901312563
2190554511
279597256
1725592886
1440268256
502856332
2202947772
1362155419
1423085617
539262378
1323337602
1041773082
1945162808
937502006
1166309557
278710974
2175812458
810809118
2183459287
2171191073
629557883
745182793
1208208222
1726751282
1452534775
2161078876
2173628899
410955244
1380383293
757880222
583596500
340371924
53393454
2170064672
1962458144
1860663360
1876466131
1412931517
534744008
1866211494
1976293296
1140808346
624007840
1588186022
1730153778
1954957064
364350146
2161284122
2156842203
2156017245
2155924221
2156327442
1367532108
466759687
130001626
2155449535
560389730
412238087
788320153
288795912
1967279971
1241942648
446471723
517711631
1031535278
1569611017
2149204074
184078115
627874257
401035090
793720514
1104539814
409494751
1692196032
1975237884
351053061
450167642
1334808126
738466939
628664225
1606510123
245014423
789083611
1625520678
1959138954
1949675016
1720107690
375148760
866167026
583005356
1955259872
1686454700
438395273
1655936294
883319036
1080577434
1407832794
354263724
499812252
472243908
215409051
1901445306
1441993674
1699387458
1723519033
1712051952
1938621122
1376537845
1723675273
1935072091
1445813826
1908948019
544651628
1104339367
524685100
1928302363
465776817
1014958537
598615497
521563968
1920018714
404230840
780933565
927618578
455048103
1405257318
235243112
142234395
1917784975
278601180
1917264798
483499019
1914165390
783385753
559665165
768543661
571080191
461439384
591014849
723701618
163523727
1187483551
771047646
1154312114
1252217982
1280105904
1553208385
1890923167
469825850
1455150564
376935381
1160350010
1457928740
1615791198
1854717918
628472918
1850104981
1850884520
1846195400
1555893242
1735610340
1285736407
1710118878
798605108
1645242169
261327803
616326774
1635782240
1704966026
1699894062
1695954456
1049021678
1667471635
610627571
1680851232
526873613
765900038
132251806
1452492248
1074109645
1658522444
1633083788
368051328
378732560
508972485
372176442
791951568
1462892700
245073001
1186335097
1603705952
1603693980
1603606292
1584257462
1183349618
1189688929
332183751
1565340817
1575547806
1568709979
1329293184
1568734044
1444904330
889720819
1541817396
955350127
1288648939
1550748110
1535191616
1548003121
1375695920
1160458075
1522537975
1289017128
1517548694
1058723030
866530244
614100457
1294856191
1433606292
919405466
1436023812
1399912746
1456600171
1265362340
362016503
1482666210
1035574634
1066443494
1477604503
1430601961
792298886
454231291
1417804752
991670755
787599890
811152235
1459591045
755218734
1198377127
1441350048
1342625342
1384739293
925355798
1086771434
314786011
1324857128
1426343412
1325235308
1023307795
628166416
371920976
1420048836
1000089931
1410882194
858648302
1356272047
1320712537
1042117824
1040612575
309819301
1269930948
1314534224
552302748
1186876075
213753552
1311162271
1296000259
1329304772
71803274
1083798313
1345389938
55328501
557211027
236903046
1312227361
1144539540
501158732
1357436887
1050903734
1354573116
275965169
370392727
1351389589
1329415782
1346786954
1304036126
499080519
759540192
1004779638
130977551
1247237215
607593921
1152261384
1327513945
287284691
952454959
1317548077
1329282656
1166439248
815830668
742807586
1128728413
1257695180
1252475202
934792057
376874020
743305387
547909142
1132316466
778688174
1058162485
807342512
1308237072
311032328
1083863185
475829332
1300516675
765996836
566554639
948599947
492333229
1125180140
466815584
602136823
582529487
1035391903
1163692100
189878243
398090247
1248303800
843272432
868794480
591245387
384490393
995619618
408667583
1042885526
1183639129
603144601
361153873
954643026
395631021
1115319788
1145797153
828937208
470125879
1052518891
1074025668
409636345
1033063364
547503757
1111861813
1008986071
367778062
468445399
917297809
465557603
160733449
489814418
385547438
1007625860
1063923834
1031476176
972696008
707897833
855641635
1048407522
1061381461
999018252
1053197797
566385410
966392282
183807585
281061750
724857259
335280589
956327354
398049550
598425518
555441112
954293694
992407621
910950007
1016249780
315974808
618406506
869304084
1009339758
924232237
537756556
712666730
345770992
720967946
950660311
925110072
962815681
570222818
734632560
937641218
946233488
919492051
566604750
971223344
981029600
600916056
776501118
889407858
919370251
763469880
949128714
726731672
948671810
818674064
970973714
890183394
930090356
969216290
967868383
933369258
911498462
429963901
911141534
939163358
312148372
707840708
770434105
531165982
276146193
578429033
423792185
423276423
270585340
221499267
918636282
863270005
716475896
231078919
834027397
942932593
634153439
932389812
883827728
928659344
548482978
713650608
922393231
497817300
601957734
507397322
468005162
798180091
749392807
811171422
312184876
933197359
930907716
792610308
492555717
566282573
925435512
727462970
735604766
713479723
919752289
878606262
782042161
822911052
759694999
861992004
911625481
792027546
619521774
628203331
768278600
545276480
587666996
794569286
280545488
855403320
871524888
832135501
886969490
894076110
866087833
527579528
889700870
887689512
803399108
885411462
853854211
881059016
613892073
776624666
871152360
743804546
365119988
756365358
305206858
873999019
31227864
869788928
846167586
549415665
248854020
794927342
788402370
866247342
826696814
851052234
821667649
827958596
860533099
712874000
479808786
863569813
615434114
255861794
860422704
739135993
572335376
318121702
550464920
805227930
781675776
707326260
378827394
418455289
548088354
450125126
621966025
850035883
846426420
612437469
783213674
848482782
749833866
847840746
846460806
181346891
750832494
172902483
842703517
842239596
842235595
574865005
548899911
781059751
553758640
803476260
834159840
832038715
731418738
622177336
634485557
813877932
763535136
827743352
476431506
762969721
807824148
739413985
625492547
631906399
499280762
318652569
632066132
709355384
550175327
612871039
756293588
796595672
407460826
442174165
586286415
591027825
709764654
556449666
380240449
547804720
551152263
634881764
593238468
708175837
772264128
621395878
408734538
783003361
414210044
628720685
326725030
800985384
318653744
783231306
705139561
247427677
555533988
541041488
431327183
605632303
810457412
783291738
762720420
727495687
805905744
729608041
760739946
706924772
499293200
609145694
554142834
750310242
798129030
453608849
626880205
419772307
252927799
201234144
436218541
570273761
609475089
519648009
795807277
716596824
320118068
