2666092738
3155827210
108698830
844213472
2553911144
1661410585
726172674720993280
2769605744
145050875
399821125
2990698311
2503906458
17010913
117166142
484531098
734322404965683200
144447963
310069017
353046403
65836867
718175779163619328
151146869
145967482
709763745506070528
232678173
26850858
298740311
3234328888
3182438713
2161139834
296322792
2478616940
54489492
427036248
365511006
490354660
4071258509
588500866
4037463672
2811389644
313992055
927662736
238506884
256645639
367927280
3266643782
3230514582
3321287380
2533422205
3303883858
190230647
3195809564
1625977867
257302593
2569528243
1734971623
315778356
3177308306
296367944
281667044
2784500431
3093697464
571091605
2897093011
220599683
243731536
70399352
460607906
2905426871
25990211
583847238
2369189581
302905713
2941555422
146960199
1408509804
2607583036
948847088
2338108773
2596002233
1762685107
2931551900
326814657
2892243401
2871638398
1513802106
1158340160
2836847349
2840583238
956383154
2768724401
2772174724
2434312029
2767412507
587950982
2372456013
593290680
2342051244
2755353131
1030726256
558830526
2721693877
43315869
2725318406
2730036677
29606393
325651341
2544204434
239949414
240785089
2663953216
2662025285
139644445
2643345496
2326083253
303898357
2417086365
2603563769
970556851
2505321481
2488853528
849858404
51427676
3141101
288158735
474383896
2445758487
16824146
2305920156
2267786043
33496261
849416347
2349008391
240697291
