740574469585051648
19668668
4325189473
2365765033
1071705949
759571209545580545
705771060101259264
4120279756
4067002643
4338386714
944431662
16711026
4734460588
756027872842813440
280627072
377084944
372050829
4890213731
718351697031098368
4890494475
747466037881348096
3154389491
728111708804239360
2799707218
2291196909
268471590
4883341852
745643605788745728
205647427
143452278
43415758
840159654
3845390116
4651291104
4886191978
2316338324
2170906626
405022806
714516874680209408
743511617527222272
721960661811609600
2480730702
4609129484
2575111291
735518485086900224
153462204
2410152346
271083210
722692352574418945
1063472970
33904545
734366050792411136
4883681711
102404565
4709584942
3843030801
2834604862
700657531601858560
439476398
3982680701
1352201862
702185705091571712
722756367891628034
720288706427355136
4427588727
1712377584
718035486820999168
700443244786798592
4029994993
453461473
4017675795
708608403384483840
704856119231905793
709251398366420992
4686539240
4711520640
4731492265
4617188719
702806430248779776
2363137440
1523264040
4851304527
701874740391182336
2857195695
1147673598
4905603380
532675293
3939178393
695573077980217344
4839023378
4838205732
3189001238
3087868633
4842565513
4552476915
4773996656
2543442421
2904667485
4842393948
3303247285
4865638516
4823366179
61301261
4774305327
1566694741
3327210024
260483642
776010764
117746761
2381183066
432728376
244627772
1344333864
447441635
3307734834
20165666
224004614
587274928
2320883509
4063031112
36677396
20311677
2358921034
3960946275
2644269548
1094479375
3033174331
2315463020
85672875
4218567039
820104013
2871068159
514642912
2375166402
3431679137
81193618
4081206974
2356694846
2363263958
25356462
3565171455
302089362
1693257644
316580634
135811365
2452826665
142784371
14870804
3094722567
317709100
1622994566
322015658
4875721
2476950979
3030315436
1593295976
2532860467
3506129002
2933747201
1728203929
2710417418
2378713202
73509664
19973305
964719528
2337358057
3429721463
158305164
330936316
8680202
326346407
1875965683
353074470
1319916728
2585746063
2918312640
211909072
2275989630
980046830
55527489
36319168
3389229627
567414139
249083986
508475795
2998537795
2814370853
2800600219
3342797181
2457967778
3307929149
3321643985
53416950
3312443524
3250705197
226890990
615362160
2435676794
3254710077
2461055676
2316883620
3245013815
2829459267
279947729
3241091541
3025112542
3075185474
2939292561
435655622
261833576
3144884031
52487416
3083244510
3148128201
3042591336
3130572911
3113482000
3111514185
3117272285
143500168
1533286508
3072042174
3091695341
2607396623
2156803903
67694353
3077968017
146741748
3043700569
1865191369
3058796902
2973651532
3048051351
67291697
2917567227
15204596
2337728107
2534760006
29651785
2984505123
39744093
249791031
2204919584
2746240046
186006820
2348849706
121411080
43357195
2364650996
2565700497
2914086903
2796516703
30097646
884839982
59097597
628276690
473863406
28120615
1909525436
2901219082
2763282333
330854934
2898478581
256531993
602549627
214215786
14190551
357767665
18177151
2670116450
819843415
2656858472
106355048
2672934086
294647558
224772615
23749162
2712529061
27664770
2788817247
2803575680
2292547999
741115808
2784778452
1348709078
2381128513
2613597252
15229762
22347336
2289118140
2440811788
211434349
2744817670
557753065
2615266044
18980141
2504077862
2468934685
1469640294
386725321
2359472130
2521593976
1977966488
2528040336
279238668
2494501230
858219721
2477496596
44908623
26054431
2695043261
2260011722
2449538539
437613598
637180418
1623145514
115519176
487371193
412166554
2432674897
1407622298
25372760
2420794405
872831221
1076639082
2475234535
484209124
413195323
25061544
930282458
16299754
568206964
523447816
2465380248
411474253
2394034045
17749497
2323052226
54217761
1732040756
570095292
1001408503
5953552
1677509964
20673678
23667675
21889271
247225088
279557153
93639737
38855167
74770687
287886974
2195940080
1017579000
580511363
125174655
40025121
63568158
26852501
545515694
2206238983
1589487308
19834221
254031557
39523927
292178677
1685116730
2264386934
1730274378
341255193
40335333
765218515
191994795
295796976
635434796
77987582
708457463
1142945904
33480171
631072290
1210818913
859393285
1729656181
21388376
163949227
1703147082
1398817831
291909710
21819193
234149324
285576181
1036575026
1128618852
1187501532
79673488
26541127
65344256
1184126726
562883459
524221327
1150999974
127190540
582864259
1095241286
1071510768
816975847
960143888
319641958
230801528
983404603
161266979
373428610
861821797
402858220
631080495
445773236
51220416
809530099
266650096
169005375
326450140
744888054
523336120
178295677
296606266
621385365
734435658
18906599
93396189
369494167
49129140
327106513
723031195
98358195
63105266
158530127
284265120
130597263
384027594
76062469
425775288
18282606
22411243
307050053
627565908
622306321
14307405
114696035
325146081
449486675
375560079
139878721
513292778
531321392
589635434
589806338
107046144
142716265
80238397
17752368
498906149
576594264
581995293
249807513
66953949
72031979
14431400
493945711
57101577
266247561
146532789
124262348
301850119
42948453
545441131
560530386
17680045
547528025
120452094
121891243
363737250
367885273
317735035
229500113
19499232
256124394
452110185
172050689
34569606
546118351
420665617
242085733
350859335
411991713
526397059
471581214
468637190
439212984
514534191
201218592
505687636
141228594
511867064
283453698
142612275
128332399
331612300
498959000
15837571
494917098
475767597
257551705
218425784
63843623
475874236
29178081
18668857
463829946
477686029
315807099
457439508
407079792
261887477
372966082
211133444
236758446
455872814
238339143
370161176
466852224
88936982
145671928
420329619
231807823
459682688
398195822
101199638
330943008
39489799
23077406
443664382
187555333
247442777
77528520
449249483
387035724
431028809
115452200
290642164
141631760
282051168
282051397
52365423
443172478
71349552
111291411
16194018
418719532
434598224
61061949
15578038
127387890
26228060
20818214
419862544
374005387
65661019
408549355
57369876
172803156
397947730
390014935
346415457
374563969
361885358
386997279
354365893
168858484
258063589
232308099
21599136
62419694
62448820
197108854
376066187
387844195
376324454
236858522
19468723
92304477
219371011
380563196
355654093
35891303
45676327
48943601
176385989
335263355
16841386
19094006
359588306
237495532
360064340
80803819
93964144
20856257
99320620
66097723
251219812
339742169
339673451
59100189
60881062
249751023
356869451
357215963
28559573
296392201
18361407
122762969
116767713
321148989
232334602
191111643
155290248
342371649
16282326
319111529
59925401
340265689
283876932
304420578
136220164
48232905
340360929
260493925
150710454
277692191
319817556
274405751
286810747
334777587
280643427
144607187
245875652
24736757
271551335
88909517
41851276
116033650
264154713
20652370
274100447
19979031
283475626
20781527
253549116
28793635
227264480
12476192
207511540
114556078
287425659
287110245
271894631
23356019
273602102
20518510
258752076
165474327
30193517
283009102
240125900
50303152
277844141
200443166
147731032
274932405
272289009
226284158
79877200
190212100
71000728
274086587
267893296
205154616
143405202
188949235
223842388
18205709
219219060
15134277
57762189
43112659
49263032
204770202
214827310
179423855
54209718
33517939
187964037
