4828576553
2820857447
4792829656
378206995
85361696
277261996
2732944034
1619820320
3063462254
1441673053
20798128
47336979
33421794
775831849
4700579492
151292615
23890856
2209433102
3145845406
2291787446
1276323386
172434834
3652226183
705123936351092737
33286514
114918344
744019000791797764
713839291210792960
3308224914
22240649
3239210067
74508260
4303629975
62332533
729463408647544832
16711026
1288194529
4854957470
18382184
740228502864179200
607622157
716041829209083905
716041762062471168
495258304
3865602732
538547125
394655203
738589434908573696
4264991590
961710014
741833998255722496
354726923
2834406335
260718880
961678674
705155575135342592
634387197
728251727250653184
494646344
1910105990
21444680
737486734305284096
632284182
2753146444
2620614029
37219108
4862071938
710244184876167168
730145028815851521
4824889312
316605555
71283298
732607716103966720
2483585772
50458131
4251095188
712908465279250432
43497473
4697374993
228144288
458084297
1022564893
183671992
340067849
19733535
382787622
183958809
718283360540442624
710566593491640320
725569958298554368
2400917156
362290415
3150777746
802118916
34569287
35293987
15872716
17397880
4890616384
251153944
2429612832
1471159992
452727230
59702598
1936187252
805174566
1128312553
21868866
720798731302539264
17355421
1858043575
3299331575
3814387102
705865207718023168
29184911
708768395987165184
49379886
4917092018
33531486
4902714075
316581618
110803365
27727001
3150244351
51522136
532910760
326335855
54042025
2389879718
22064255
4884249002
901025125
25887513
914800746
20480704
612057704
352752258
713091735140708352
717524490574409730
21970442
535079024
540455580
711654736114507777
708009857958486016
526740847
37134712
84685398
32486821
705309332867420160
1009506132
1022293861
4785292626
709795327830659072
937533318
719163047848341504
492271350
1873539488
3683113160
2322897728
25207598
245597327
21998010
50476632
862131258
1941136946
2396738862
222727342
3049239970
283765382
48599652
147034029
251341054
4791527244
248836405
3349433536
874846453
2226235435
22873947
543780273
229518601
4017653352
15790836
787805078
350996802
704401218366541824
19088288
147398785
464240007
14670431
436289756
4896399850
32894180
1934798646
93583928
709374273346015232
1023417762
36713347
714720425801084930
281696691
93251080
3920426061
33713084
551522917
2573993016
3953695528
26919151
712936444600291328
479175750
445683351
715481837997412352
758275063
123045703
270528803
14202635
2654988740
16584035
427744506
19915883
1921654021
343535198
4813986674
47096351
1634262702
3150098774
26564529
364514942
224781035
512788567
17217502
3150051501
18298094
3169035458
3509458035
163194830
4509383847
31601858
858646280
4855874126
275743098
19056931
33438221
1584645799
36505459
400352771
16215350
95094652
543452426
235231110
32897186
232330159
790586858
3140547577
1122926606
4870859956
706990010042601473
4754094926
3784601953
207609111
1337933156
14545012
32626943
709793952354816000
580130219
227010728
2560148358
3081420210
709406894905958400
701466738802585600
374934115
194840541
710285573403967488
4790585689
15115280
27576748
2840915387
702261605703294976
128429534
324042503
164377995
36432857
206844298
7019512
16351724
448469153
3342897953
4877191041
17172863
377752561
2697227724
29923916
1581243024
3122485277
146160591
238648688
822411577
604423572
3171000777
610952289
2975792890
3308333568
305365893
3225924410
380785502
381281926
179482804
398929672
214180791
26033775
250135278
23332809
161900239
71439296
258840268
253800290
291332254
179390102
120622199
19933318
56817298
65392383
62400866
16636702
82214326
31284305
81538636
38741569
83816546
83800575
