2813696045
765169470306390016
94440599
63887454
768141242722947072
2490675820
786102260430467072
2928984690
292444943
1913485238
2955156213
3401786758
780022992805912576
2273626460
359217229
421194323
4482628582
781916594737934337
425889199
743071708039483392
3524573654
734444265959477250
779053766213529601
3621624736
777088395101270016
787210418
1556113933
829584482
2582864357
778858573795209217
723547518370459648
22326665
1320506720
776117322759147522
738208343303454720
507940553
770309250115473408
774821512062709760
773936839468212224
29103339
763775165025091584
1002251928
210646332
4706908992
2843766939
3436159558
1416146322
2913217346
769319017647599616
718187259774812165
4200135569
2829622914
4685673098
54147552
768490528677695488
3043504223
766926506228649984
2788873504
768049960285794305
3320158770
2494598081
760980052918108161
3365804596
766954773497180160
699487155782025216
739115969499561985
763349292593459202
2260543949
727271395076509701
3017156952
3008390669
3609614356
2863741953
4751097734
755205675756560385
2957669667
2934299518
3426181108
3415169008
96655484
625670626
746904700771934208
2658233711
1676889955
4905812839
756981061561753600
258877211
513332321
801827276
3112200747
739033681248059392
3414925486
3396164560
3291037046
3317203819
708807461671723009
3228248242
716263439707062275
551357773
710557930609909760
3180251404
1260679057
721450629160419328
3719564535
754312109551386624
1696706041
744836782106116096
754204607966961664
747650944649863168
742439743603015680
2477135977
700985399682973696
66664787
751133619658199040
2659778334
752590922332987394
730956301195456512
747197749536370688
2882917812
170459130
3275252060
3330530381
2724558143
911307325
738544761448091648
4650408315
738134130609655809
70739324
751818576030564352
3221122741
52436357
751369772244303872
751342384542285825
738835018936688641
183810855
2725427964
3275214277
747189097765150724
425966773
4205008889
339805930
525265282
4635593601
725122141646127107
297549966
742316299
3261333958
23226147
2783975986
2751699555
712393825042481154
316022657
2729760795
2748339063
747314744927760385
3196964342
727983466575495169
2873243556
2940780537
4828804929
747491381917147136
2303385439
4625308462
3566160682
2415903053
2395277152
719552727852965888
2317793150
700610854153097216
747136203267387392
2922779882
2348307918
717839508536950784
1593100332
746032366074789888
697241346445283328
713579841115832320
744650424133816321
737042120813379584
2449955959
739856165677498369
730907736267968512
2746363823
586306373
496975932
711126830233817089
2937366143
3390592467
721690841564200960
741755640096403457
718745939545104384
1735216639
4717578861
1539684469
4228867725
3439576108
4010280435
739406887649693696
741364155161149440
3279082646
2176954954
3350706995
527315986
335329730
4835204267
606307384
2900633813
732452681453699072
4696500192
3493766482
730222558914564097
3692179037
4016612591
730223346680373248
2171351862
724703323522093057
309322008
4919906513
3292032227
4889859393
4025558897
2613723889
4376019437
1668538645
568955733
732394115556474881
2834592295
2763939467
724408933
2417389574
3376272029
2372345156
2878451289
2425901634
2253504144
2762674810
738015156970622976
736574248374927361
424664881
2470132364
1534006478
4528270882
734935963886080000
732635111867482112
734011011439681536
4887115226
2834385336
445398182
2471263017
734395677099327488
2773585205
3598796183
4857038234
4010913155
2635763720
729042912764411904
139339099
4140618003
4884009017
298706959
3052660613
348261709
2938728196
2949778755
725295672098971648
3984359834
3300367246
3108127132
2155011860
728978817650429952
3337368033
726210184297762816
309265958
723994548905623554
3121275063
3244608284
3861552432
718604389397753856
4513682319
722716238506549249
3622996998
4716842719
1260271094
1340177180
1678305949
3223632811
302730412
705592945680908288
2720160881
2215610791
717727331159293952
708022130219175936
1208101904
2238480420
717105030881480704
705756570571833344
712798176550330369
701698680093429760
714225932442140672
712770773438570497
3016019598
704543548356448256
4737402553
716683076672299009
706513558301966336
3363342014
712219604714528768
714732037312278529
4515962174
716382138451509249
714322157115940865
715483632429707264
715023235792769024
4722075195
711729993823326208
557961847
4212079073
341713172
712032867048677376
473051329
711532874974023681
709018421074259968
300220216
4467340420
710939684843724801
3291905902
2501835962
701417630335442946
701964868904026112
1513750490
4917438839
3311913062
707352375267303424
4912247569
706335334552875008
3400639162
705858365210157057
2426572867
701443122195116032
703898577601433601
4828574595
703878466933018624
3108588740
4915251448
703058962673893376
4922779732
702084244881874945
702335206313762816
2863354372
700843990942224385
3121249353
701190674096513028
701137291201347584
4778003051
4872550042
4856007249
4831439577
700602047826173952
3477687858
3059160734
4902638361
4902420394
4839440825
707988829
4375132693
4872478812
4887653897
2351575812
4892413737
4878598383
4182967638
3300668769
4874368981
694913306868338688
2474087320
4830657200
3121700945
3939032122
4867405426
4833166910
311716687
4850490549
4765105861
586583151
4804267231
4751681177
4696727299
1913184662
3161583168
4628260520
1217643565
2431314598
176840481
167865326
1617580902
3051159127
2314414416
605635854
4091421268
4535278883
4599201912
1477742257
2868550905
3154104338
2765508633
4118645433
4706778562
2950916951
3245397274
4209280576
716306854
4638226875
4647780579
1487485922
4621531189
1556083051
4540231881
4221480657
2971497874
512970822
4549266567
2892357916
3351662631
4202873307
4210886621
4549979079
4586714659
3108971432
2747568942
3279853578
1642938270
4482420333
470209476
2880918237
1268866976
2273021569
2571626726
4033770220
3149082692
2895690554
1936736202
2984580015
138140103
3102987550
3344261985
3266634266
3181459902
3036911651
592387822
4614339374
2597016126
4249313233
4610342052
915573156
633597884
3112646978
3115348922
3054582717
4495425736
2980291277
933429812
4570813048
359662120
2311100538
3476016792
2416156131
2343960286
2417719065
1550059381
4598630593
4144256181
3050388427
3069050692
1584446119
946650330
3633309256
2756045921
2601019273
724488308
1022139626
2159207443
153859083
3437208489
399548220
2169078352
2684031507
4539969497
3771757093
2611572496
4574727020
2902722784
4587167834
2847916607
4527449955
4189371317
3462218533
3258526819
3026671672
2894978987
4530874879
3123829259
299962993
1607168214
4324965202
3578202513
38019317
4445479457
4582717872
3871327577
3845541689
3575864958
4004081832
3317029500
4431935962
4453282167
3141773185
517071561
2189918930
4437081569
1009424179
4415471003
4209307720
315785251
2955007565
4386894586
4388921537
2950915097
2502263886
3300536785
1697192610
2632693287
4390003589
3664293613
4238840782
4238856094
4287649282
4346796335
4345741835
4016861548
3358705432
3871051394
196413500
4321428375
3940588576
1639591194
3453069433
4275617775
3854969979
4025150794
3339685168
251803163
2985357190
4212793139
4212626781
4212268467
2830490295
4107035415
3144267179
4099807943
4187662049
3718924395
4172734157
4128881183
4167395980
3288019680
4132485972
3826263072
4071855378
3350651871
4161812297
4149335786
622697330
3302071951
3926564594
4130821955
3279730170
4120737693
4002722115
3364345937
3329024652
2515644085
4056694941
1420566134
4124424325
3224110279
2411630919
4082414052
4025781372
3306733411
4053402947
3355103320
4006228645
2764250535
3152555183
971018395
4006089221
3996144453
1161836096
720556071
1870070022
4004386863
1870085690
3996026374
3318482221
3886630517
3576320778
3105526124
1467827089
3100693652
3424859548
273016954
3275121145
551694353
442948592
1015505540
3433463841
3722437332
1516644649
2944232738
922189308
3299055344
2228963233
3773438002
3822919277
3723588315
3646062434
1712224771
3741539955
1015176546
3649099694
3004305318
3613334293
3635029231
3668872155
3630325034
3629971332
2608706771
3428136485
2916596067
3667696337
3236252064
3510088333
303994911
30160168
2860935807
3228171141
3569587937
908663316
3020503592
2874677058
572048077
2168011642
3432026391
3448496123
2613042004
3149389161
2218311080
3324431412
3434780560
3378750563
2848306072
2825099415
2365688714
3424628535
3294396431
1343068639
3124474930
3413935179
798765438
3296724750
3237423477
1069262798
3280071739
3307679312
3255922604
3304131180
3304124052
3137877914
3304178096
325173979
2368349023
1418553746
3301115964
3315672412
3384512279
3237213949
3301141219
3296537324
628035050
3301124664
2735159339
3230768052
312546827
3286101998
1659002090
2535495739
3265705658
1863518112
3268368073
3133021633
2222091972
2334309388
3384747807
3347122931
2923903427
3024607120
3266772956
3283343150
2757539344
3274754468
2261808925
361373917
3194158447
3270439322
992436523
3359542265
3359358088
2163027075
1716103843
1086127998
1657175736
452000366
3241869852
3351953331
547210028
604142194
3307299292
520356548
612547503
3337982026
3240421706
444602079
485748039
2599749462
994763113
2604051738
2241367406
3223256697
2271306111
924875353
3308933331
3300323295
253664456
3066874774
3304245375
1557808021
3304090600
3031949095
1565289042
3220989404
3262016807
2872624247
3180498913
3180400518
3180437768
3177462415
3183584632
3148400765
3132874426
3124063477
3121354556
441206649
1106929398
2960447788
1322437142
3050917008
3086670336
179756181
3075953338
2492792695
2977463254
2879007979
2370046770
3070556769
2318707888
1476900896
2753600253
717779377
3050667943
3045716545
3063310354
3063283055
3050566126
3023066478
3010984239
2792291117
2889422223
3007139049
1052749182
744672330
1052376848
2755954199
2918865007
53235275
1457878441
3005358739
3003244973
2877382490
2989184927
1592794026
2987693079
2980989047
2400236959
2982202642
2922364309
2958830904
2961158669
2958126140
2959682506
2484864727
1127129551
1186021274
2953432096
2944586877
2737743130
2717817098
2183278880
2900072266
2884439262
2884505485
2884524673
2887196674
2317822093
2874508764
601066439
2880438292
2878634572
2882938895
254054602
2854256475
392710196
2371216640
2863266473
2203044196
2885806411
827424102
2878715090
2771347973
2775971405
2781970615
2571378955
1299445340
2810059552
589003950
2735154127
1691228918
2671047836
2660045029
2498137002
2717988244
2519275055
2527904025
2476100415
2360665154
2227075218
2154744885
2165284681
1863015486
1115197068
2324597250
2316083032
2168381961
1721179171
2292728066
1947146036
1742959308
1050469904
1849187420
2276672587
1608364016
1858123842
2194358949
1050876374
1527334106
997721630
267523569
1960944847
1113059137
775773547
1579622846
1653371977
2176218281
1234848488
1532301469
2217438044
195085641
1462919196
1926086702
1901372485
1708018494
1271112384
1979433060
2200041672
2155034742
1708819082
1347246996
1278294024
2178206872
1959329239
1707865111
1887040471
2194129459
787281223
1907813274
1630104678
2182187298
1900223306
1350462589
703721000
2155597953
1468422931
2169327345
2159578664
1671587953
1943651095
1951730232
189959870
1361331205
1924067222
1710666601
1074089168
1717493317
1619916626
317836840
1974334512
1648224073
873008198
1894510272
560110281
706630883
1668732517
1885913858
1699546921
1928587951
478056061
467897310
1849495994
1692020250
1433293070
1904526253
564692468
304867660
29809532
295705148
1547311712
515699569
1897374810
726677822
1893706694
593760342
1121676049
415641293
879965257
895880047
865289107
785408018
771336980
