763438894419369984
153966123
220983975
2816007016
120036324
472132412
100240939
12151932
1587783367
2280184856
3083086600
1833223908
2933378122
603397837
715412841604382720
840068354
825370843
235354536
759246589248598016
94716074
1715424829
1662779209
253687000
293338829
1139108011
197658113
3658912637
167760471
2946656402
482390443
436795156
2351797375
85008170
1967939774
3243747374
109237155
4503729253
292367880
2896991214
33495086
4650758924
262749118
2338618502
2338658462
87403396
614420088
4704004698
741084769551831040
1096368456
603353854
751686195176873985
74643024
750918770961645568
749280594870333440
378442599
749987593442426880
96895454
3115270649
749159242280476674
748780602183131137
721717727287586816
4824422625
160234098
2950059586
6108862
747004265705660416
726271193792180225
2506949498
745945502152175617
3110586215
732078366531158016
379071972
741495807178870784
744076638506213377
2882331822
61577278
79669205
195250031
2583521834
2906079698
312094113
740052116853555200
735124811861635072
734106338926678016
739428962493861888
2974465410
707780591509446656
2891942046
3194039222
63164224
488219187
738960534867873792
577231256
736747111388188672
3229896614
4704639212
2338617074
729701387123089408
215636023
1097533159
564595075
120047491
576335079
37599351
192749697
14645160
731685563233767424
731697758105534464
275445009
64408539
1905556916
2605801820
439797160
86877539
47588682
715320219640721409
721669201270870016
4848933106
2675982703
128385111
3081266446
144588063
723765622232985600
709637536499380224
725930159602180100
3244824554
3071473080
723328080329109504
726762327853268992
719379641916604416
726479345250770944
3270714132
243421011
723207538502688769
3516869421
4717732344
2932569846
3704070733
102101583
4787013172
3329125568
485415712
2740147945
1324802557
716122533691392000
724604254292320257
714297904706392064
724238653178814467
717686134466215936
712246619807162368
718299420350115840
3250545631
3198904993
723255412426821634
4210160345
2759446134
708222086444023808
3036560889
713349981533396993
721376204088086528
714467979900153856
722425346692222976
714359651702321152
713608281785237505
720171672800600064
1114527031
707168862844784640
706746110442762240
700904595715964928
709242063154319360
715048314778071040
704525095004278786
489550912
714684491797803009
98339993
100999878
712953092380041216
706395918757527552
1375261849
1870144128
2285045874
133593124
706455802408624128
703587250009812992
364952467
316759888
626258843
4548564854
4871634568
126957734
702908816753426432
700630963252924417
109622831
4709846593
700938999670579200
61180382
4917112093
4908754353
3092418477
4782215918
4303689554
3308420319
4900129974
3704022197
4866283425
363711641
2999010198
390880218
587821634
4708612627
109512246
4872512870
4882338369
365047482
695941990970716161
3326820200
4859225472
3284988722
4079685325
4756913092
458678379
386340887
315732526
1278131738
4628939184
320648035
128319604
927785312
2297137750
2333015964
3066780180
365101425
4772921112
904621417
2823844460
137695454
3004920218
14251801
55582019
4665530412
376211514
2782595713
73064871
273952078
4589001023
266152718
428015407
2841023586
2292334710
162876920
4742340793
180159966
3548814074
4080772033
2797446408
120391980
3219624883
4652413159
2424615582
4718303882
115852160
248317806
4648698811
4660852735
528335923
2889444996
23483073
1116926101
2346427128
1494508326
103323813
44150842
3170218292
626799631
1870173668
2210886541
3227007618
2555597972
2151064170
313814524
356380773
2733447038
4481093293
2971725199
122645808
4385979072
3150795277
433980897
302435285
2317336250
40637908
4228583860
1193007020
4473082334
3780558912
4474214779
3811866918
3166390953
14178784
3192336404
2973760076
2601249043
3837456560
2721935318
255345108
3168750022
2341139364
4177985655
3178940725
3301296918
3145130036
2785397899
4233369192
140690195
2370091339
3241980733
368610224
3246104986
3019133162
1193628180
3170614099
836145313
46183641
3146272652
2940304536
4310483538
3573370633
3469045993
3196368565
3904641434
2594774983
380984642
4219980012
2824072771
3086076258
3988215839
487434994
2682793663
145152864
3851061928
2857651022
2808813408
2881826828
3248406672
3665829974
4081695554
1524450990
229383772
3284229890
4059237451
3640518793
217955879
2673327426
154502692
3164286294
3744449772
3293431418
113877213
52638336
64355384
165390325
3918162328
2929314585
2997147948
3975862519
341066609
89002012
3324519502
126395744
2998244028
147398947
131825435
3587082569
3411006314
3190899702
839423262
3794528412
3080028464
310401632
3165839522
142704919
2536968901
2953316923
3066876901
2795585000
3086174227
2957024462
2795446105
3732918074
149424781
2932119427
722272398
486291779
578930248
370532691
