208524001
763082361676374016
155328672
741643562853367808
163416612
2892093683
3774786974
1666309802
1452782390
19268540
348367600
3091452227
2880923266
1662667584
922383492
2775790664
4787564970
748532115717894145
732695554501705729
3006126838
446777211
749728094106161152
3393016355
746150408788148225
2853295912
3183340117
23191067
366921477
2282964320
3558056415
2781975987
2423974448
732175358913613825
726585205960507392
197570559
3180585404
4757989206
733934521746235396
744501801135779840
716744559951106048
2701748067
11918942
101316506
2338957718
715280940675817472
43518508
735340118228209664
2286896241
722540234953465856
748357906295205888
1468838552
2384787996
718629140274946049
455304103
15110473
748625244206800896
741382837031538688
67358363
2655829818
747953331415441408
2216556379
743828092490252288
397336947
3329549310
319808036
311761333
705801232628260864
17118903
351583240
2607626951
702303819955179521
716726703368880128
2874644831
725849819864924161
709148170320814081
744824051026300928
743136026135240705
3317621975
466036756
724915195009765378
71326045
745227760503767040
631173029
2392389390
743612167761633280
3909931336
3992283193
744092327904485376
1642006327
718878477911330817
742450814762024964
2324526452
2444000327
743200565174345728
4547145149
551493007
150081635
384640916
723440446798614528
742802163009785856
727635679249764352
96707802
81603315
4814329175
212476243
724041981043847168
726018145002119168
739499227169067008
51883448
739947237665562624
735202952684679168
2575129849
323744560
414887285
735214948977115136
402070746
738512690214252544
2786591245
1516490383
723438543817740290
340906429
30122242
724698030306254849
4388815214
57611781
101520966
2328302909
738556495026098176
2897250208
43649095
732101447563640832
442330249
3434503493
550922649
4105619979
635863913
1183716570
4170484953
723439814305931265
635000327
3180074772
389677986
221836438
3570290594
721692442609758208
719954295265710080
3099904207
3168996696
805095066
2758223589
3370770580
16077024
735434955552096256
3227979741
41141547
735863721046740992
2893261962
3069754077
2582779923
181753877
1018525860
218688493
735037105177559041
731740024329342977
3141260063
90202541
1966194781
4669252232
734583758796492804
21705181
808874916
701456415479767040
19077091
1368344490
1943978378
215787112
735197446054125569
2611859768
728894261740093440
580636399
723440020044947466
4861613118
4711779497
709743701971636224
735194944449740800
718512978530844672
87264484
718496433310183424
4145340134
804538952
718240148094324737
1669470744
730164394827616258
2488489765
209262258
28403414
2612189077
1368863274
4030931472
730618004631912448
2861454369
3025192510
896386308
41796631
1398174252
3393998720
732656581721133060
4888576151
267033681
1539229615
4419556275
733891029552615424
2813594772
831957252
1345530169
733040046119485440
1367708064
24235586
3229543084
1146024283
930160098
162069771
1151132648
1576063034
3041328453
2699429051
733190769889181696
33238876
102475469
3057906646
885679260
2437816520
515391320
732335218971926530
722792837658517509
367363884
732607716103966720
4804505173
700568925130469376
709383219356049408
2486899490
1320830666
4928198381
122922248
4903097832
2547717582
2545695739
3260832313
3077945589
3310474516
89574114
3964394656
1865661535
304445789
4227289276
702479258
2458357332
730171333867274241
363964853
289564413
22295858
3274851672
750012859
1139304325
726956192199659520
2190948012
3376832019
728551992813985792
2257332688
863477862
729045620615487488
1702731
15137786
4221892347
515301063
3742961115
596623369
42478020
1339938846
3129451349
723150616583909377
708177741330317313
50972685
723044529180278785
72874126
3430081798
723334146064527360
2587824858
712485401978535936
1966921812
2873160922
3305516014
720298798207991808
2522674205
2163419887
2260508977
109398040
3020484165
30231573
1355243911
714851740223467521
1322276996
4547738297
432005666
3034547943
565289879
1906898071
201270743
472475366
723217420735930368
729115077199024128
463579622
730128288933281793
3291506058
711275398294806530
1654767421
64076531
729360926252609536
609231048
2423844139
1870175564
729599763075768320
4758882802
3654837497
3256036309
1279367641
591260259
723238101620019200
3119594379
2352121909
2779107171
2394727428
726428328207372289
1582100508
2485727784
1227609985
269952004
2344058706
2895279440
2372550042
4863186444
701906838242009088
728214717274030081
725839204337373184
727949891746603008
725624470258475008
722428370839994368
4587319596
3243739098
727994351737954304
711014642315726849
1907937588
726007168907001856
4039618153
3443167339
718870551150862336
4881065500
21805300
326263525
294234575
2383479842
2946704978
3032274917
304566630
727427213969203200
2211509300
236030641
87542310
3145679292
946067942
725438374069342208
4420325303
68453179
603828809
726965321144344576
140641760
1080588505
124949619
87024149
726710480413171713
710869400430190592
3712191979
718989080147673089
470798016
3073786148
13293462
3631212852
3000706367
723836771318915073
705372538176741377
2535052338
333561832
128071448
103361319
3590439981
704640127646220288
726166973932048384
4703624895
1459263930
717735032341852164
3752084487
2311005151
720041514244542464
4261588197
701344737014329345
3303744489
2878429660
2437378202
3035511182
172031267
3164397829
3585987012
600941771
2911408746
2282676326
30759823
3173248389
725380873475002368
722409167257014274
2584872549
15119466
707723731196510208
2717769066
2741118004
127964553
3882618400
1081978620
22737934
719285050177523713
3426871575
461576136
2860214825
2174137959
268550653
2924556037
2301266509
2467542518
139759080
715824033019904005
15843172
1487700420
1443902496
2730948759
1054939429
423650404
3111053451
874284109
725513541277511680
2164061304
4854574809
112271549
365936872
3226158423
3980544994
2869433000
529455719
2340375835
766144112
1642908319
493977499
34837271
723627413389889536
2695193046
3390153899
4009277836
3239725865
2760154163
3374735039
4166797762
4856780602
2464764304
3353604197
1549388347
2612716412
1910963935
2196201139
2377223730
3241941330
204725279
720748673085255680
701029012655706112
2821362707
3153555178
50309214
1540958460
247307158
390396654
701562184887832576
167889401
3518188157
49068640
3645389653
3232988407
220175626
380761494
48829629
4837554180
168526879
722946864744509440
4764166460
718578541135208448
4706732144
46786678
2997064979
4871680635
1240287013
3987067455
724709612809781248
4181191754
82572250
3677574495
3038211907
4235315242
3980363716
3864897263
2950721257
718915580691091456
3247243777
4479191953
3333505835
2785365422
3493462036
711839518026895360
2871309116
24078474
3243951486
722267512365166593
712682568190009344
709979923730075650
717221599674368001
710765457779724289
718863938776100865
711026018048286722
2934231007
2804568654
47273666
199665280
85398858
951831066
111740291
3001912282
1633726129
290669815
714810316648005632
722455167199756288
17972814
721007949301313537
3421003738
4453897219
3909145992
2301130116
2701727605
28521050
79993544
722384777362436097
489740925
4441652969
715848000661241856
2991678909
708701555399090176
3093328661
211674775
2272383366
721036578508906496
724339806004645888
724337646349258752
4389070828
37213533
3181484559
325280131
3362967040
713885000
4785751821
3400336953
721312582741700608
2201546562
714857235608940544
715428604163661829
2597411612
709624632014475264
715710934145077250
20266917
576843652
715116957025046529
3170116043
62551370
602615337
2968398966
722349045050511360
716196822453198848
98628076
720619471056994305
722089910010781696
4119196464
711517957428535297
3349003498
717291854354485249
3215237453
1420905836
4831228588
4265601561
705842563308261376
709178829294608384
708452263505870848
719084369730789376
2591908430
2203993285
2320924111
1869406195
2845282020
4794522426
704124009655439360
1398275402
4895705589
3998484981
4871679849
715532929372393472
2979121979
34963878
156265400
108020041
2458696080
2157819174
318696781
721434209005486080
3039504875
153567874
723722718030499840
718106490800902144
91942071
3407151274
702259882528022528
723719647103574016
22514310
62119457
1710346417
216731268
219003208
2993981712
4392157475
717545898390081536
710356455816175616
705980366998245376
713099345072037892
37483251
723815253411155968
709467985195507713
1128293094
707800514533199872
708963367441014784
1680808531
2242304686
3351448120
934246573
3679531156
720112982370467840
3236802742
714983241376251904
3128624681
713397579891933184
492939933
586645114
2426912269
4923967830
460566957
715387528128245760
1652590922
711205900543983616
702515623411261440
457456032
706426607028871168
722055281899909120
2590750724
2931510865
3975662848
633656263
722062520580759552
702496757624737792
1602235298
3685229416
3677038332
3096523974
2539596377
4692832021
1157516330
3293008812
4105377448
1927205714
3313867991
267402960
799236386
4450821984
3498953716
375077303
844569528
722738334255202304
716542856270360576
4763497988
1281925184
2257324717
238366401
2620339265
2727609826
721936650108948480
720920160324886528
2271691232
606412878
323025370
721649149167284224
716484365245485057
3831506356
352429985
720618876531249152
2193407646
3305520030
719946163563204610
31588912
4686109585
635773124
2610053422
4826860932
755667367
1068676532
169407678
76725190
718629144087519232
46167372
3231948272
722825881194930178
723033178680647680
25631102
76752777
3279408872
3140443399
720985816558919680
4918128144
717646781144834048
492991594
256421214
2448010637
4369245078
4909096371
498938132
718425765109493760
3047766215
5839642
610472333
412658733
2890526712
18731140
2813552046
4808772794
2670319721
26024283
2891818389
707753474029522944
4192705452
213773962
4047858372
3190120719
4770605243
715192681924722688
706162637155864576
2444268708
2468080544
4803793910
707242304126345216
383913465
31739342
862206361
2496663235
4911478945
721443563087728640
719358382059028481
2496994268
12041932
721324483429199872
82683542
3003571342
585793911
284684857
703003585727037441
2875599773
4695612013
524691009
3981797841
709909287116664834
700567856862392322
2949868667
715964196912046085
3501347181
713250047882866688
291995819
2468722422
722637087607013378
1297129339
3545802274
718550196385226752
3416725333
722361316300627968
3260940092
388454092
300204824
3260919876
4849675049
707644462520868864
284081317
25155034
717923897086115840
