481076319
2712304482
4199890913
2750491887
3840447147
3743399535
2800381636
15915976
3333615628
2698437877
18548136
3246352503
3936734783
3324093965
196606976
3061964966
118179426
3333459370
3333251338
3333294123
2581015554
3323981709
3333376919
2834517507
2734440963
3333495273
3322768096
3333368639
3333221175
3322719879
3289163604
19942037
569600751
3248820836
3208680485
3053940558
3323092205
3214658615
229254338
3232156764
2495706697
274279872
2849475596
3073298420
3191012071
2181893995
569420305
74699211
982309316
