1616158050
2865987059
455816433
2335040792
1222539812
2172409261
1960211456
605856131
745794445325406208
1383367801
4922449873
204296378
205598558
1965802278
767369847592198144
255826842
295994485
721857176587743232
2539236330
4072537048
773230174846365696
34812832
751543911554818049
3007366434
71257826
3630700694
92631522
770024034994094080
892077774
715926305070571520
2437285452
3090778078
128658373
611126268
977190684
52879369
277528034
282307028
1910557164
1251738678
3128786688
433833095
116514904
1876330292
160132227
701895484965687296
89264910
730965569168506881
2788412705
182360914
722011932576890881
732251658537734146
255866329
743584380644294657
325182870
740015385056010240
717594285332246529
4884496581
21759987
1197582204
722605203476713477
139198160
3270177379
4893254096
2833927285
4835376802
694950997014159360
390469342
716410494190358528
312074367
87866316
805387064
2884188773
947162990
2758904685
2359651423
563913294
415208614
93550903
4599415756
1355673944
42275945
61593714
2914990218
3764366414
2788454862
4009996457
704546605874044928
4898731042
4623026293
2502317958
283098169
4791539772
4638387690
4464037337
3239222953
4911917831
700674208632848384
138195141
2971204769
380716440
4719001698
698975856891424770
4851840380
4907939696
4827341854
703663106891845634
4838312926
703656711920308224
4826389334
150311389
702927312661180418
4832935060
702930284166000640
702923263710773249
702905087656644608
593123427
701120995424391169
701486121059020802
2666089460
1347167216
4893825672
259162949
700744608435695616
701440132457467905
701485077079969793
701485796050739202
701119812211093504
700700763140595712
701060383818301441
701108295537401856
700760532228263936
700722212974759936
209132756
700729286907576320
4829977193
4783227745
4903070826
2563750910
1243883558
4907507806
4925135945
4924044574
4925233630
2370812498
4839730258
4910071319
4915056597
3346255210
4910038996
4905580467
4889425845
4875187999
4885399024
4899024179
4899153364
4899067109
4895897518
4895814155
4892670423
3025840312
4892780297
4889054513
1367635688
4885457015
2524538627
258627515
4877189536
4841011033
4874139575
694593470728650754
83490709
4759249920
4176509439
4838838922
4858085164
4865483003
3020024756
4867133141
4613837957
4836383114
4819161897
4854544307
4836489389
4842793221
4838669987
3420808599
4127809759
4854542187
4854652390
4850417169
4847330650
4768382187
3194117785
4848285441
4850847946
4850845924
4838239161
4488610818
4814025565
2358540601
1129313785
2218413296
3157910710
3230330172
4823706095
4821669106
3624704841
4806666915
4806885736
194286146
1158764694
4147715533
144873632
4175621237
4617011963
4515282073
4547512099
4357030575
4102357911
4691873059
866753624
4602958876
4289793823
16565738
2693244770
3095201267
4584096014
4345732392
4596067094
4527184120
708528157
12726792
57376536
1626294277
4414393036
3675503173
48110818
4369870821
4500630672
4499641879
4483322953
4482480481
4497759798
4482163759
4407138460
3882631273
4401260801
4399926989
4444103173
4382990788
311654967
3401906970
172447168
4192450882
1433345954
3122357954
360025046
132566540
3312024961
3488379198
