3310375302
1663451150
2356235120
8072792
1047326587
776081477872263168
601301724
738077191695540224
352632930
36402878
360103257
42871387
3344652945
113555622
29471238
2186755171
214049360
2737126071
3128362049
51854911
1370850966
771634370281037824
773254611754946561
1176749958
759949038
702699634540449792
228851324
2824210848
622785812
2485189814
2708012128
743545280763691009
774513426139873280
2822542900
716140267494092800
577011355
235504557
3015855374
3556510217
3011322340
90379747
434253758
257545150
140837603
605686850
459679624
47071615
53180913
2182403667
338640411
500033999
176733810
772038559402496000
748272126692556800
389972564
768210792839778304
2388160516
749924847753555968
144365572
342864030
543372360
22533207
2374403634
766834250721165312
738103603244761094
4308377177
1425978476
746401931317346304
2487477176
134229134
110495485
769133891521220608
1596395700
52161770
281269619
1669459136
1371729062
65113456
3431114243
207435031
20145664
742040686741102592
4924384695
2595176995
3061667489
2572542847
723170689327489024
767840370981998592
3429048225
24210512
2588779383
3939350428
75544305
766898263999979521
107975788
3315487068
2229359859
1670213996
709379920678559744
1527285308
108986197
489865470
272064809
20240214
2192099668
769180831508230145
732408564271054850
764484044469907456
747394994554703872
364404804
760757672899518464
768060950939176964
2881165672
988784438
697210192363188224
356178651
2704068538
118708350
2602052100
24921910
150406449
767385778079035393
1128071294
570084331
717734836350369793
49175275
712323077548462080
785264156
3071008073
213119979
960657738
605757342
123227843
1931515028
15134277
710326672575307777
744357470940897280
1539298561
2695420151
4921475702
3881548415
2734341798
2948668960
720998150278889473
764214764843180032
713380350630559744
2884776552
2756765514
764491908160815105
493544561
2429410620
19583000
47263386
20328115
3021870009
3319463222
763318650027839488
762243782779760640
387054658
763657231992819712
2400050959
712102962445881344
726803340978458624
867774396
4871740642
762920923171262464
758919950434131969
1002115166
2758663846
743608341834899456
3021472661
2910989007
371945284
821646283
717122472114528256
740521037922734080
727043133008125952
2386079053
264336135
757194098
1355561761
1107421639
332422427
842278592
450961892
1465924387
2409077400
22316928
196953475
19661526
719206054949732354
18540174
4027423528
100453663
579351816
385117064
177953760
1450031804
36943410
260910204
1555281493
3433552397
80815666
368938344
17229526
4886339965
555178235
735083850880167936
4564775787
2502260547
450554420
43664342
138709987
234759972
95644835
183581931
2519385232
1675917296
4759996048
1681283646
445730140
632775187
15090223
2201951496
1191135450
322847265
84028303
237806553
1041981571
19857895
2595386066
324931668
2391271105
3342503710
3089896323
3148008269
3325470251
318636430
754397924839268352
2304603775
215455491
4829293426
139181099
1120755433
900215970
2807876921
2816972326
1321191325
3240471513
351621246
4734460588
607405394
806242
758336761315618816
362516210
1650046459
4757294415
58564879
4921647408
1248408648
25704872
945568063
757117204198490112
16886198
2433758486
19872854
2864066218
190231473
40079880
41193884
401418720
64540404
19961521
102978904
228887812
4002641967
4157566995
3300901300
16297383
30482756
755898873399214080
401538109
55248016
621844617
68447636
296488479
27512269
37918083
2962986863
4001825595
384214038
81656506
359944530
5861282
2981054716
212949694
4497640761
22927082
25004479
1708277988
360812116
734487777576882181
4427225085
2861498913
14552699
703425453734793216
739613433847500801
255797504
145587947
1484879940
304329931
2581278851
383458619
819990625
432853055
760043675879673856
714300305811243009
1593207420
467338178
235931975
15835298
706986648
2328941692
4675681514
134232488
180096539
3040513449
2213865952
710312867786928128
303437464
1102646767
121497010
79022920
4276316128
715586494321332224
600322733
67684451
4716828236
211523188
254254921
88276276
2981095239
3311253463
758411286136913921
2787739465
1886614410
709001407802818560
181687258
2488304281
238507083
304350255
2508555470
21788095
130610420
125781817
2345525221
304472200
1675743330
714923456211591169
456563213
626318558
2770265776
871028017
100367768
3247344656
4791572490
40062572
93728134
589197539
396809956
752182577516146688
218631802
2301541064
366577994
198236393
2585838314
4820599797
2315450856
118337299
2437503186
88492172
158690397
173141144
2450348124
203514714
753341734902439936
4853400040
210417708
11094912
106502450
20587999
1905098983
3095096597
202308547
2293413739
725926044016877568
2466581611
245366772
612876781
2754587208
617064843
615549317
3314435809
23527854
138495291
1321157120
701586140852137984
296932906
168518083
2513357536
2505593359
285739838
184731048
403690348
63099461
185839188
26254986
48053348
225205800
4871206819
2540009168
619101692
327566684
963114048
1426162284
4680714752
838226929
18839482
174410236
337584166
71027098
1170074546
449569260
359242197
152960338
426516667
25968595
3317577652
2449291748
461001843
1686516276
262761172
550097344
44578624
1482707508
504992649
308386238
2450286504
2462255372
4515759329
1869041420
375769835
733924925438889984
237354300
621957746
2383421403
84109185
2995921797
143477162
3082102525
312088609
440127536
1256961942
169102563
34997980
723570295458660352
2188196646
211160228
2543819942
752606010901204992
2709132920
2880711252
743170754678763520
35531601
1612667510
709877882596757504
2663671428
27089621
2232819189
1092189720
237345507
360668312
752914789500907520
272926719
2527408068
2814667518
34248544
2893823315
147360482
186474276
4884430107
700192246310707200
709262594167541760
3218525913
301850119
2889254879
91056473
53118191
235354536
395035926
770281836
731780791
709708606
32144904
222515277
3164445568
933161300
18121693
21305429
2482038667
3381736095
89715049
2532336246
712402229886586880
162473950
966425228
22606405
2849617575
3743082743
377546511
4801563733
2786358914
3516871
160264291
525219137
117232336
2697869537
47759324
2247107866
3212133777
3086010641
734797750110408705
544389763
702148252171304960
159558489
139105965
70032819
2951260372
1257041642
196772027
154135031
2893215289
1910785398
1097437128
754702665104457728
380447780
56391130
254237582
2919870471
102533570
482301257
3871163066
3408866171
2584908306
714720425801084930
464700575
254784676
1068102985
710270461
48847866
752540675829338112
4786938262
1187747581
2418709737
2653228389
60103328
2532227606
467436789
1831348808
701494237783859200
176214510
119678888
247788478
133007835
29085888
2772592139
4865918968
561518037
15563306
1332623515
390761131
17967185
3192129405
724931963623231488
563735654
1318180657
21519788
2510380832
731854499485077506
342201944
842319492
729113989
2769473641
3367753655
102830111
4859584955
4103855579
730658341282664448
451581151
2951304849
729414358158049280
2758749886
3380614133
4831819324
16542222
734371644089749506
3352525912
4397849907
75734325
704593732495138816
1130399708
9633712
2227526898
2453858216
196468713
3450764057
918651830
754494799030476800
754702705210171396
787735609
2324820822
345676641
22011746
4852416580
4517293876
1071614946
296239982
49972288
324497580
1286839398
702645154344140800
1865540413
3194177855
745705164338794497
1623419568
172834115
123866075
14291974
202150353
3243206098
709166892842295296
3404487436
33189127
715620671708069888
371872162
220859230
734302218
740842643589103616
151127806
2233751360
410483404
19114697
733651778
503377983
562178253
282789128
219429725
535758628
1374187382
4200301725
276389622
3387271012
747156683567341568
713406028537266178
528687422
708072525
76043589
3675886336
350970568
3928992256
748966925263265793
2359313509
169848108
164326969
122904124
1517747870
316508696
116457767
2562534281
23338377
143169470
171573540
2936070119
2778694311
733407387286011904
210096713
56378216
2537862234
4634609426
307079965
2339314650
4061676316
2285834275
751700989871263745
1661255400
1146391261
4498356509
4918974911
748186872254455808
1971530642
15885551
3122409107
2598169269
3362554408
4771938266
4386414346
1322921964
386170107
1416021055
175764670
601759693
3748675409
1889524675
40202704
753115147678474240
3493924701
701040171265957889
72035634
351838160
721131705709539332
29177603
3003677907
182875601
30634288
752965202421936128
4170892575
14847163
2275524743
15586609
176835706
3048633342
2763538247
423502247
745940720637386752
3301565313
365687533
524748970
331208915
4855447199
751703766492209152
1022401405
550859552
1362552462
228127192
57445096
375839053
747101940883070976
62544039
20977513
29893765
401718858
17464110
1160272080
3496221455
168096780
2788926267
1547824597
741736436613951493
226978358
3108732148
28543406
350440511
1498583304
1622098549
2357290468
32438597
843944990
4243654546
3141374690
1308579650
418266177
65295918
1679243718
3257616209
267345651
265035021
317941050
2460791830
1087282772
236089125
550777718
2462727526
390911286
702706962182463489
245324769
745291422845247488
4067303679
215653658
1428555547
3403963997
191599010
21658811
996068214
345901069
233182257
4905737315
3501599356
968755892
2423821445
726163833719525376
751792118482530304
845705136
354560033
480879643
15994601
518819812
2744409063
747090978150944768
3247684546
751165934522339328
78097324
532083974
2935404087
203561827
2827975324
2870526963
135619624
576156096
4404475162
29103620
2616114144
716475152951820288
985961203
199336106
3880986502
3065690144
2509852068
1148204270
19555018
147287015
3382541776
2886430409
749569772015198208
2882510073
2815609441
2711175284
4173316565
2298774324
2905555072
2374107232
503698555
572148726
185272756
214257726
3400940229
41924020
625579269
722934291177406465
1014359022
84830815
746996173316186113
3347464114
2246891206
146531802
32881781
1031024138
452221763
930801691
2346979473
364020105
49287242
703615920
2968706974
87730797
960400664
18760041
51052726
117816226
462337062
2875016022
1170061687
378790200
4852674067
138057853
627264829
14844086
3331377262
748442297210142720
3295597382
4557256938
3082172078
275168870
29818006
1186923708
3700303583
393241423
512226714
447324956
1037057798
2300067195
2542720913
750780627251757056
709415454985555968
548405666
2780594135
21216917
306322408
2979538748
711872854464339969
359029768
300540320
142761864
4557032002
131302367
3224397340
110078471
1635663948
556744150
748876326585700352
55973678
747940076685041664
1103608308
319834043
258347526
749035609092681728
2393709089
115920031
173915718
91645474
59120414
68247622
3360645760
351202237
3247081350
400374900
284735959
40206882
18759463
2971324082
2166684386
172028905
3402510663
2445027341
713013562730487808
58767157
305252002
46406607
722614442
247602334
219113109
4313516127
45569066
2735289711
466644012
351635365
2810611251
713804566962257921
19688056
4835999877
2175096381
19816812
184775207
742437326681427969
41792496
1382627982
1860816499
115706550
16468815
3883250500
32986028
745369830
4200162519
716766163141861376
464941384
201485374
132467011
1545411727
3304169499
302663152
37168245
67678959
605252585
451549527
2699767455
1586618059
1329270162
844371133
627614857
719663099
3439488083
2611493180
744947873377312768
410643497
4416140243
2794900574
715822607338184704
847517054
2414503231
21492831
105431239
4717165097
332795738
1037745752
19466825
20156194
393520147
309569111
182503709
748864401852145665
2418715688
4599975683
963819660
2173337015
4913366567
631041265
75988645
2403928034
3801745153
52469876
161605444
279957816
3352530665
103963088
2735180282
401892884
3409715445
4716440172
182543687
931900838
421996674
69379954
749021950824083461
2329468500
1946626764
702607836711407616
1545734509
103045054
82684136
1106780522
2788257096
305801629
467242512
1187039443
745602400627593216
29157481
1292457972
72951037
228477904
26524899
216795653
232692694
156033368
949384075
14060966
4874596585
32278797
442083101
246842298
358742360
707948249966108672
889886569
3484499122
2283715949
4617188719
1887552433
136017411
2882916938
151912552
369706926
4192649175
800029232
1899520568
2582304178
3319105154
612865013
987030884
591946472
1369081957
2356508879
2245451939
510736402
745683068791459840
704065879
2270406900
41437799
482348799
748100985889918976
3484781057
392787117
707467269450948608
2975137325
348943754
1283371231
695457594274525185
189137892
330401413
2485577994
85495832
701936118862843905
255764501
743194576580640768
71516476
51391217
2791549583
114525610
116027783
4673607888
422007876
3600486797
302855257
20701026
2747774800
1868678738
4562937375
259988486
2786369290
82400845
745394658
3236074198
20772151
3072775744
27527196
2883782152
387707090
522645767
70939770
21363569
594319192
247196798
709809553
398930727
746422496476397568
123057609
706547465743441920
747139610510237696
3302599145
3383319225
583089567
348445003
27055622
721120703035125760
2494164604
358851963
267751666
31204061
1873539488
1316942052
748245873423966208
1315233775
314073648
3044787214
39219090
169523949
3362414981
1003291988
2277554473
287578753
3472823242
1407761876
215977337
605159060
184379335
1179975278
2512566866
19962635
3299800700
746804896079450112
453218440
817732536
4510851567
402070746
3358668910
156742234
1550259246
2473053800
628675942
271851676
1898322888
241998735
954563634
1012851504
709943204078948352
22130371
120554181
2541222724
115817930
743493559081377792
2178037758
1976614310
766013149
742260209326915584
3343881
38760443
22330800
19350033
310650385
19496498
747055436164136960
747747779905204224
737914297070813184
327411596
23081797
546110826
2175633089
1913671255
15014405
2319429357
3318695397
35017754
2509497630
3802766063
3259375172
740775047460179968
746740380444463104
145336551
4273933513
309132445
44322625
2894327186
2755132997
91736511
309915051
35486970
54026430
4136645961
1093102026
4653279082
747273589095817217
117036798
746371177174679552
726825164323885057
67698186
205443621
1280906731
1547983279
721587805873377280
521421328
744780635701579776
723994602433306624
1565646282
730538234220924929
60901987
1365112465
18841418
83855128
2542145054
2513754680
1027084724
192224706
728786725
4150127671
2960848335
4833834623
22284338
2756848986
55646770
745978530433998848
16668042
1056832406
1636227823
553598120
58540504
2426510379
304345876
114495032
45646118
20395687
190327015
434265198
431404271
431039585
743968482358923264
729526806
251557754
179045469
372536288
431094222
57026952
69235455
393922575
3074416614
510801058
247562672
955908230
747228583710572544
146282626
1710941094
39485491
2284109280
747430474826551296
2722956761
373523752
238898250
2445816745
747395561393881088
318957698
111526090
208052002
802057369
3629686936
129832032
746985479992709120
723823038567976960
2288536637
3029371592
1300598654
61871706
2848165953
1441290781
1224654908
1070242490
4159357097
714756507435474944
1735158661
233700123
747403335519571968
538226862
746285153719361536
563481993
3094714457
2600191099
552065616
773860243
733143575962099714
1404958309
3236193861
1513454484
93671127
746776445419159553
484661355
1481905722
428612791
3092446809
449547469
2653588636
3382118631
247251030
747162135352979456
69596507
2560685903
91174429
723953205483307008
734916522
2658937932
385913145
41124087
745626444018049026
4076764455
21902421
2787176213
559384169
4773636676
211659549
319023555
582076490
2216433595
1737092310
78589778
174011166
228496246
3686925383
747110106593103873
3608132653
2442042827
279257033
227597688
208737471
2355505489
631037920
2456826709
2877084839
1522207622
60845527
269272897
24542218
447554715
19763005
1226247950
4925917429
367578934
746584232173113344
2368655880
470569138
747037540826423296
19482994
742337906300354560
2972918110
53078749
3139391365
705742924936585216
30676480
3044377163
27644239
536484128
2344817407
1952440856
142716265
746452877896482816
383831611
822788082
733993808732524544
1875109039
32471242
2400749963
2273313954
1707607224
3846898642
2731102072
721034335776862208
746846020533886976
2961022636
745274550573641728
220761337
742644758
726445605468393472
2855818565
4224957381
2419045200
2166795302
2778141034
2801667100
704158936438591489
707685585880813568
1064199554
2935986955
409918934
2866494045
746794782756904961
708780551247888385
308070376
464177809
87459069
465744023
3236212505
746657163867717633
1955643404
4900685427
2778784093
746819800689696768
707133285785346048
47615468
42214243
438449254
46518225
20241902
742352959225335808
113477178
120735825
2900250157
746685019687620608
746793011200335872
50429484
1565665268
746395616377462784
23797347
746775407530213376
45001632
726451282706321410
164265990
550988463
1221356496
736889875027349508
718224613235421185
86527533
2959513847
746763631610765313
252276052
2361437195
239293784
710404521084772352
450844757
179053641
3064435726
712248806973292549
746736616211943425
1946750186
617408744
746627184043917312
1873124683
28603353
4910479617
746687228752109568
2911727553
358142824
738351844745973761
23519123
4747457189
316616465
65361543
593023621
746092553431293952
2291196909
746687629010272256
3337773599
751730227
221656046
2405194535
231974098
33692745
2781674848
2999306169
2498863531
615867556
51447410
2721693461
1148481458
1906900892
20553520
19447126
581184148
238094946
1175532852
331144597
130083862
306986611
2968133086
1315261082
18066876
710294256024309763
476862348
23764053
20372322
1371754225
1021344283
229334163
512788678
142091431
4787172802
717254324687147008
335197681
94152108
3587231304
1137712866
746440256916963329
487582261
1447381742
20310225
44228525
609378128
2177110709
24256307
2178814483
743855400878022656
568101883
1687064046
2881268885
601577619
817616052
2446908383
2504624659
14796095
730406306
4657729905
4140469061
793632763
1187474629
114494345
1219572384
3302422718
3021227279
305625416
376537088
1128330894
887369420
153521932
38688852
97951123
37675444
59458445
263722524
568887013
865972428
4082202916
326936825
2598964419
239921679
2468490086
348365138
535327507
2194861843
2261054200
723355713729339392
38181780
774528018
203992372
1193084072
1624331742
976146138
270081464
1553925949
734592080085934083
567580733
3303693352
4795468802
3366064175
578080967
2251033139
498149448
510791905
39645806
716372015461044224
366660947
1671108217
2954892455
4858386724
50391336
2866491658
1003155462
2580550940
2782687804
457336309
4647717677
595800427
157335970
2355462494
311327130
4060507575
48647196
2729392664
131225870
446553483
45906481
239089449
112003379
1165472594
745295679883456512
805148060
235713771
2217460168
43534925
4511558297
19443848
3346338243
110283484
4877552968
43518113
89197771
3039559180
944049673
4274274923
289550957
716978678350135297
16362997
14446590
2206130836
47606115
89932475
759663732
2515366527
4127493852
1045829347
97287792
742571754
2800107926
15083924
740014970411220992
157420446
200673359
37523341
1072871828
2730521902
393574258
755344297
737670794273292288
560207291
745331462061293570
2440560421
1135205330
45827916
3273212184
568495588
26267987
2631777993
701485356609380352
22002984
737545292485038082
718428185931735040
701988496
52066800
379189827
84722452
2493431780
1975677547
45325353
3192073599
2873961592
1118432066
3218466983
2282325169
937858658
600943805
1045389428
279041652
1165953098
75804506
146211802
1478040368
3342937697
715219447
3663914055
701258443676631045
2177091734
187689151
1257640657
2265882046
2902447209
93933793
3090014500
181344492
41503
717707682799599616
322260486
2924743246
1731863725
754866036
829603410
1166732467
1960415754
160984682
1252209144
1308757621
107103247
80940623
3430088319
29310596
41184057
533132734
3302636194
3294407289
731813529670410240
18678196
91293587
98245918
144402222
33552794
20836490
3192336737
2327095159
501083667
3209132901
3154518747
25662166
71629061
827752232
252742290
2293977262
2852257632
726712534691119104
1223916679
610091908
153476518
717829109750095872
64580880
97994731
738806254148177920
148467603
586556205
563067557
20871308
861106778
236954775
2595158711
2180077060
427355003
2647801885
3118206202
22285702
2267891154
2391461150
249773590
154548668
224053520
47992256
745242566396878848
2160779806
744817845826007040
1225563740
559705784
928473696
1385185447
186797766
53097048
745225797951164416
2793890555
282553785
1686809316
206330090
162169888
388158805
183607241
153721379
546974313
20923846
2555126004
3207787865
19594746
3031897849
2831377593
39817493
90476192
2844682538
2367472974
1277779112
3630030557
34904126
38516689
304087317
126319621
30721873
303376530
2571872893
1180771321
2205008908
5044
743497795856961536
2350894014
277985056
383436195
2654907974
3799209621
3335719246
18882862
2583758533
1061287519
2244568969
2833916849
744935047036309504
1441973485
3313059731
233344908
381794751
706037469767147520
52392099
2688875885
2462939488
2911182041
4010516399
734825613094191104
2172682244
295794227
743903604721975297
360092203
3347531093
618332351
393936962
744859528664068096
318888166
742895865262710785
487944617
1886097757
727143677605339137
39523927
303734826
4292539453
3822730259
400984572
55206206
741762251498115072
3025338714
114559290
303342809
3063022203
2248693779
298397317
284956311
1522694154
155678704
20312638
161755706
945537361
16952101
744791412701433856
434366530
744474707244752897
722519156642471936
32368497
744748483257700357
33915579
57981178
483707861
465797835
2887033829
2405600349
2963105843
4861803170
2774031082
3057922787
2382337636
1378663178
2840415765
20800302
3367304625
226751190
700109924
130279367
1534982552
2855602085
31740904
611200124
199839423
280427618
165507844
2951197011
35769534
123844675
707677378714189824
2845542874
132189625
38699749
1687486382
329042153
2162342019
29165724
18594951
801163898
713348948040265728
36471948
1157276911
602858033
167066499
40971140
197843604
52365822
1550260369
281443741
968106918
25833691
966212010
354951654
20845455
1339156850
67312656
173247001
272475335
220714391
75687877
712156468548661248
219819350
72928651
742315993477861377
116159680
44404558
3171479855
23430323
18813598
4887674957
1355403932
47486584
3225448114
137953825
4555461688
265587723
40226225
1682548796
211109134
308682185
1375644421
2579832931
4518263597
182491034
1655595421
196445347
2155922385
731100091000492032
701305206
3115048137
101274439
431088133
214430326
223986194
19971787
4895897647
149480121
111377579
2699162164
113997503
9519962
216822513
361842768
727711365775953921
115785603
587563979
210908679
20524081
727864025405636609
359367895
587416075
21356985
2825969673
97560727
33979523
23383073
3246602237
2790218996
261732527
111854993
1694940175
463268437
2960053037
2564262742
429289139
17692272
40915198
4112607921
3439284617
2330074680
17780391
23925743
1036619071
351065029
141551405
2786869575
227357664
24678228
3131437402
1387824715
1360639394
60429771
2516013102
2859113589
2436582194
511522177
461354975
923535654
1628582053
703290142216339457
725429044754452480
706061151726145538
817748161
197411021
474911270
3435131325
101004868
741634472622297088
945976615
335231618
380297643
3460486883
145366029
636313195
3533108955
3317660301
1556280006
1609867849
409438671
2756758494
3062903075
500109617
279712968
25302510
222520757
235181472
710958245934923781
92785102
21507598
532547360
159056466
24784189
2244803200
1073883092
770435155
1071089544
38055026
116167839
49216754
490877906
3170396757
2175926977
122927061
182443236
235089404
568070834
14541794
3335131665
40640591
1005791928
92805937
729460172633018368
722022609123164165
40301964
4043598314
69549003
160207590
138269494
2370016871
557985059
303889899
3038582997
179556712
3018440133
90674103
4058493040
28156499
1465000226
2157704211
3375472077
77528520
20124008
2899152623
618592029
302152152
20727282
1499262445
859471706
1554089538
734512738286895104
482066341
708603198253244420
148666901
153756645
19219894
1157607529
1215200834
275757729
73123737
727554633334411269
741584485284614144
574219398
286207273
155981313
742289148862734337
45795865
209720710
220642781
1950953982
550915648
30437773
142698328
3929212900
743477531161034756
22622603
1409833567
269775390
2927420295
2192751786
3154143329
40026182
80104835
1125652052
36711363
1106722232
1588954944
743108902217240576
50338182
37930327
712273481677856773
743410902175719428
335848627
200071765
609915916
1962718218
363695207
605338300
737049621411692545
390638389
341180641
742628839440801792
287761679
3058701
740927996400422912
402864796
351004187
4854823233
743176473780039680
252132932
17214604
109188045
2386304476
153923554
718518515934867456
4427775077
3254638967
497214872
4362444917
3235431271
701698298080583684
436663600
741996269040717824
2905546223
215289838
3292870091
300468172
2494270542
3346955393
36718502
16946488
36341082
44611367
2482665786
3409076470
132143940
2352546909
47598058
1113152971
69558002
747559554
742791230283780096
51865464
33195287
302000790
262228852
1593705841
18241534
2664050065
1097239916
713991258843254785
851327546
2860918688
496455858
2232341255
2653495750
28661757
176829259
1303400048
730099786926436352
3321579586
319169129
861338929
2256757847
702837188757753856
17967022
4285288366
1595344146
95096236
711590191740416000
87820993
62486389
736848563406307328
1239041450
626013255
2523312338
23986292
34747058
2985057719
2459038992
59016942
2792022123
894024468
742714809939075072
710752053
871535162
1630355725
482300526
143168303
383414623
400369500
460941150
3233011096
801435054
2778175941
855561139
893830134
502182905
104492747
392704443
3940810281
14661699
736848158
23306557
2741948013
19400315
222747621
3310824903
247411887
2853594741
2493167477
66317375
22796961
1375167589
2893917226
956195582
2231877656
20246903
4817726044
3323544098
928153934
2685042639
1344336355
264443365
742719473837297664
3343233567
4779056548
1685209489
326073636
352247912
3019745787
22644834
246026603
1659781664
368548509
4162657757
44591358
3438941865
240652927
740089903048953857
4363059268
37961115
1731634856
738103476270596096
742440306340208640
2955472858
1851852362
1904347514
177561434
2445474685
3996565335
250758464
1010944310
27921809
301396308
112217165
34895132
1285781
115625382
1453617914
1341631945
142722452
2192164479
134196574
219046045
714799059815497732
714541039
1865669016
962486150
27952578
124545378
197594929
742447480755916800
742346629496373248
701442053557846016
450626289
409088729
408684495
713181456
738809111568089090
3304794795
292282924
35219528
2851086096
20622423
395964816
214410097
2371655985
529423806
2727652809
453476690
734525681078525952
520781000
635408944
223820729
1355658734
202801051
71237756
742330901472907264
3375499960
55908595
2984268267
23431906
634761795
53134628
1273133683
302621410
741187409279324160
4074359099
711209782099775488
534827074
826147056
2262287206
571140887
741660676318474240
719645820950286336
226818198
117350596
102328245
448998575
405749572
706109425136828416
837729878
742278498115538944
49732071
742263641609797632
3014346627
19135633
209505969
81564168
20986497
1912397948
955647524
503581872
980120262
1397944195
2483817446
2725396884
277676467
2760078449
2742334403
1283121744
262310252
60690547
1263023052
250794570
183623023
2554560353
145800137
1347468936
1549279375
93600148
138355370
41092717
229945760
232589209
279486635
629164039
1372828952
611159928
135994766
3144612411
388885520
105484068
2421398075
518224649
325053062
633235507
159232735
22607674
54264227
555342296
2161011608
731085240194727938
449219860
20585419
2909328665
547166986
2420839610
1506891241
2972735451
2593426409
741971364517687296
47678650
901430989
236909222
72530643
741694273754660864
1941594630
3322607319
115025701
3322677364
4692128532
373011858
739504245729288192
734693295528546304
581634292
1923236432
264840540
481304279
609856523
2345148185
507544588
46382929
713697544744865793
741608917331902464
192363075
718881163952201728
39022746
3301004339
1382708192
3395486951
741609133024104448
75371868
1611520670
231829740
1493556062
31142531
323891062
144966340
45610785
20695219
20161530
234838967
723815339457449984
497425367
2267861653
891138320
457764648
1402677955
20697748
3101720735
532382100
70986372
23104674
3373916931
2251037298
1724936154
85773660
2812871593
355412204
739640533312643072
3348178510
884796434
3782457134
475695277
4748626355
2462871964
2194473832
322875372
489208905
729572986873860096
3025235123
338221257
228429438
2759879030
725735068057145345
3634323317
2649281581
415349150
2827551
1066329816
396219114
92825697
344733983
22592482
2196648799
79275631
2485982338
389069194
740609262603341826
2417945885
380379543
110983480
3047760735
636933832
804914178
3081601145
4472758468
44959884
26482508
579744149
40213578
494018147
735509982075060224
709879230121824257
1275759283
2982601510
1724112205
533595770
190219859
378749496
25820006
740982920156958725
2245354782
365375042
3012159189
537207393
60297540
2976896843
2290537827
2867227330
1609040082
283921502
2821938706
266070882
1613353400
3414581475
492361555
973658546
2550478051
16734751
738655604110176256
44447528
3439218406
309932050
740998354163879936
2278780856
2348989980
203078031
1126309488
21300422
168438014
1351214232
2440603971
4450167094
3156667363
2171227403
52815725
57935129
290470743
3391994122
20719107
280435630
21265025
4921432594
1351284090
606477128
232692067
383172858
2245962438
1389288835
546333583
960437852
736024070551113728
20040261
134503457
2589361761
740686955332182016
326358854
728418722277408768
747276980
102181780
87521086
281628104
1477619106
296732515
6314872
41491428
2797823176
740644817059872768
218937682
41702018
25704914
1344590725
392275233
126956923
2179856864
2976796559
754189801
488070229
250779878
4267106958
175901639
740951464495976450
2873001484
2846430045
1530739736
735834681522982912
42468279
241976936
740903403006615553
3931489523
2732552595
14190593
373330181
158175333
353637791
185586051
297092041
3051048804
737411841031311360
533057104
14300830
88524882
19310567
4133354133
53719991
740654885159456768
2404965865
839779261
3646153097
1582625142
159388962
704787402670391296
3329877575
2206608581
107835586
222571484
2747002488
732239460016984068
2810989222
143901226
223804854
19720312
707025176
738708458569093120
388778915
3440590035
338544755
162438013
734871510159097858
2199484560
99972635
95085462
1885889358
180363271
708750286718947328
40826915
50450901
123106710
117918720
314714564
739968959978573824
2304115908
2646498145
521587657
486785489
938694564
1516490485
2983107783
130492462
701862915100512256
25020629
175086612
4571151892
396439354
293531496
241918338
3302666811
42898332
3076763049
4517617701
4810512147
26863489
550242329
1204004414
38276649
740126844477935616
733950825257668608
299448913
83674292
561092208
4438746693
2178445220
63939829
740325230409834496
2315746339
484031114
1653325574
2684848831
189933585
2206513702
59228599
228483080
52111180
20430762
30200087
19707932
42128257
456130242
556925301
20797467
374655661
18718999
2770193447
546937488
390976869
2882360859
254522106
739098909998518273
3628708816
3054321085
100740100
736563410872205312
716550891
277532176
390224105
4819154361
110561953
3023685221
2387575526
624579181
532433056
140475688
288137663
44909512
4745325802
2552815872
894939414
189240950
2808833373
1444857367
703575670924910593
739559741303721984
272487800
758831394
2478767281
2453157281
729562881369505792
627276357
23452834
43119982
295279396
4814982484
23508421
897179173
37738084
4897915372
30027312
39070429
238221232
23999768
2951896972
1026281012
36025987
4080511754
355163648
2798890730
48759485
3064884937
720196756164722689
278551657
2903450601
1566415634
144530413
3313292488
15300331
2954823945
2812926824
110940192
26003107
4822478763
77830170
898259256
532412420
917779584
941653776
3094235829
618480447
151192277
212601211
75352775
57338440
113570361
1418082055
19356161
3003397846
45372176
2323884186
2434221790
249769023
737530075445231617
260739797
211591593
3151016726
103924833
341983918
739764816827518976
83552893
256422038
1623145514
733044277845065729
484633454
739708965064462336
2363254081
62143032
539424938
771698
789789175
192517366
338275713
4882353865
3305553772
4371838889
68108520
149512631
329767616
342138494
453409810
23583808
1249872930
247487214
734718904220684288
562798989
2977403645
4284472095
167603204
15724519
2891477268
2897977700
727605361574731777
3191885668
1191058584
345715168
58053314
1647785989
622199339
242869709
724857918307328000
4170751097
4527069863
3307410326
31554309
162069176
45822480
141121348
3104602096
739547197327446016
3266335676
1935509875
1295521219
134015892
3232042516
254930204
309605202
806897335
247646468
3339693016
19556711
1101292368
1540845163
18881684
3396116080
19389612
621064861
2288291414
718330294722551808
816122359
2888055465
71601470
178299706
739461959293276160
1308452814
356254634
591934445
89300441
471134433
21293960
3095355973
2768277845
38285622
712899795145396225
20761884
18202405
3322781637
3770755101
608231796
16009928
1423645866
18700576
718788945723711488
799801904
24663251
360832427
224685047
19439287
357579981
18863186
737132205198217216
517949393
1387589623
23652830
284165738
2963875246
3311607237
19658667
770134686
469305986
283187771
66824626
148697242
194602808
2425184299
738025896523759616
3607493774
1166425788
2672644953
3152791665
618286043
71534659
717066827889819648
365389397
1032990506
24154470
547600919
2264188760
247809713
1436601709
1017902748
767524136
283458615
199893336
1438068024
1219856118
706180993766584324
335585070
325148024
3401161342
455197948
133457114
739060386775830528
126403543
2235191251
4795011116
18365890
2764702758
3038233909
1135223000
145999425
343461152
21744028
735494216151764993
718760365
2795864802
242722682
23104401
2531222421
700825817358712833
2980843583
2891420434
291826349
3177061804
2293960599
3911313863
274261801
57099846
4797803183
1942319298
739010368886956032
2634081279
430962353
400620163
592061947
1622980202
28972711
228297250
388307289
2972829579
23331848
953876701
573556634
167109929
35781487
42023566
115067010
130538056
2203530430
4438933882
72346398
2197552193
90944533
1317327631
133460878
74800951
236970663
729892552921337856
3296235691
100885351
388081187
3183019241
466916253
3244772277
204925836
173536709
624761978
20445070
309864304
24958970
702067432077316096
865121064
85059192
43606324
192649983
19627108
3646182985
14131145
2412060538
733590768577830912
1263871698
1337329578
92508128
48765562
571949294
6415442
1175262403
2978919971
1323029203
265613662
296690820
724250208666812416
204864391
106590963
194224666
2333274337
3107523467
713122872047353856
1333829496
3068872954
210747366
37299571
4866881361
92129645
2726013407
28813876
245743741
843311178
349643286
3291778131
147943829
287139810
514148007
130830540
3308215270
279668355
64198004
159036760
35318258
2370210342
18914379
2847781366
416954757
4893474783
355702817
82915010
3041350894
69303624
1351268209
1417983990
944780454
28383615
266802308
118067395
1360265197
738442088153518080
1291109022
2392196663
546995355
3298817422
298015898
471256213
550786900
4649106135
132534327
427745861
738379364849618944
4461064419
3114848459
1001143219
2565039100
2919693988
211639555
211250366
89425169
514300003
131887363
73618985
1593524390
133222402
713033535548952577
21189641
19677201
302099811
183554559
2555767569
4714691895
1144825574
710913518036492288
302716204
2279400788
2447044464
441863428
1057645927
539388069
255072446
17875387
1467095312
84930938
416306936
279026897
1229208157
145194625
371320294
338938389
246910652
2889364467
94811454
421867502
729344185187356674
233192871
20439317
347177309
2563916707
20698265
732428143345049600
259198362
351706579
3018275674
74996601
2667650653
311075294
2377348430
737761297903849473
623097903
706956572963037184
105841462
2581025694
556209287
893290304
1020788340
4908723947
2365368334
439657530
15791185
4704985086
21286807
2846649220
196763544
22074629
523358647
1891144105
202785937
738024684046983169
242278406
283986471
2425493840
3069733216
4587940649
21178431
18150701
273017798
552234067
214975446
3202512268
19541556
439682722
24490637
21559508
188143601
3431991473
737808092633694208
86739900
187908917
279046390
705155142665039872
737734508552855552
2872790224
1357289328
2372287986
143450010
708807094942748672
2263210916
54310571
4494965892
908367204
475705541
735579819698753536
39712588
16596200
425679784
763862226
191910866
2696671974
22808285
1070689334
61469709
29875002
220197973
4016286136
3125229772
456273040
219319490
737009288103747584
222181001
737709331936882688
485617120
198283499
3016965385
3243647722
294130276
219700601
4348991429
119422102
4876986197
737248367407996928
809234048
18718444
4871836624
33985458
226879678
196743148
507924981
239355980
417001727
172787572
717834629399621634
14946849
707170918100045824
2382100536
568317517
315326824
922257276
59409837
3091760039
1513045032
621301617
58554177
40203643
49466535
367438850
719115125412732928
15885801
20888950
20755868
1272119743
3131806241
2217401528
1028318222
607662036
1612704416
737290434901377024
2769703490
544762044
1296939096
731170265808404481
275476207
20689622
35585695
554464828
715876773502783489
714495787498078209
2414853241
111799205
717449844630142978
2959473190
716179467643789312
737362322948280320
4843340547
52679922
1950674282
719188219
2736156172
254712510
372267092
147179158
734062425792774144
2196585363
2808423441
332718371
140541736
354476922
2332163285
109316932
734440850952847360
585743498
195743665
1696392763
280944365
92494451
232678279
135895379
14998564
136907130
3130262306
21323445
20997103
28093951
14159621
233905026
3861946576
205917335
156772237
831292597
736697117918498816
779868810
531162864
715567482724032512
729218903667298304
149249558
37465799
755710328
2884079855
417346150
437751408
2319106880
20198236
4874289819
407904114
716986869033091072
728039018
967634335
3401107852
732942246673317888
400214027
3291848746
2272335836
2271097391
3294965590
19937076
724993890504286208
164212122
49381606
238314925
62421151
211686911
264106403
571095189
409872498
1591687903
368522824
694991652943953925
416869415
2360021642
454171602
958389158
1320859868
2691357904
4168045504
390660440
3248422403
23299659
760125176
254537288
720533546637651968
2257035344
1586440314
736122914957840384
2998613020
1736273936
557154551
3903546506
2894972325
4228583860
430963126
474303549
796330622
19192221
731492482303840256
302095536
248676615
733970250409123840
3001783239
736671153314529282
299014687
377044767
928677206
722882238
456318862
874160094
2466792789
463017102
433318795
2889742755
390971934
365995195
122343884
108074347
55248954
22419069
31789939
95903032
1519619815
701804140675072000
2409525138
1338457596
104416438
1055170652
26141748
115547016
718961237275590656
19742250
1294792880
481489316
1399830804
3863012833
204186405
705299120
47503235
3044968534
394069998
1109676486
47710707
761465239
380897876
390914751
3379156816
294141816
2890568632
42264349
3305604418
826110038
44668755
734735312665096193
19371828
2863035227
598225449
163110055
734786904172826624
421203325
16423399
2472978972
19419662
1514258707
1485435367
3837302877
2815370161
122810135
2640526078
94054694
735574690413072384
2355353706
721711879
1219285818
978306170
2708774580
734529525183352832
2869293189
1241029669
95342182
74438921
736135580673843200
2067761
4656317909
1519176144
709320157420785664
703594658287452160
52754589
17120611
707181521
1642577839
74722280
23665679
432325389
2428733371
2596501422
48966322
352365196
865361665
19928836
219403442
18758463
410850586
297665080
1257891422
3313062525
20249797
2440586125
3524734041
558006979
568437023
3377862970
330196261
306195848
325088336
2498902771
40680010
257575363
783056395
115691503
26470625
714511938986840065
130640704
416477640
1268016810
1461581516
219671831
88992011
2193342088
336637208
3533990177
51213279
202178976
3044869781
75159715
733616226828701699
361888509
143090632
269252372
2433704364
714802258798579712
23084631
3014234895
2427306662
2412818184
4466304873
37751441
272930351
583102397
390324823
19021552
29296237
117359841
2978934297
89927693
28805353
2427224647
3027971289
2887547087
702185161929179138
65382913
21301620
39250393
44629739
458900908
3044955316
732319035745009664
2851145094
561586356
3186787366
53140222
13340732
2905082535
713911458992627712
702876606784790528
2361092800
1397388086
24088815
4796735357
3555502755
714508451037192192
239947596
708257489263968256
2724466202
3726202035
620429733
193856996
128646328
3000491314
18760756
1148610157
270287767
439955309
738134660
348301209
2183898330
2982939826
3089851438
2845082775
82467928
23793507
41201026
1652973140
4878161117
2295814322
54710120
734073640107581440
3308665527
11764002
213044262
2979784594
2818791815
534180092
1910823241
189862077
2850782997
616221476
89219352
1902116852
166509226
936377724
371218797
2733943011
1077406988
305614939
33177639
19493537
149428626
366610743
733358990990659585
25873465
65750906
299929232
2191481728
2908916273
157629377
50074992
215080842
735580861068906499
2850486341
74534916
4881613749
340596948
234556419
505033083
479641007
4857402875
1161587172
17808397
970413582
3781953201
117382161
4842372993
315507174
2545900439
568714838
735498880519917573
461775832
735428110917722112
2316913664
51573223
3430040529
919381514
2964011776
211470072
4509900738
719555063975268352
873576924
406947722
3390853785
44320039
717362844497551360
3218399807
2256469700
22260602
136040971
726284978963755008
728639497
735406591072194560
240293823
112247884
339335080
2986324431
596125371
3026854080
920443088
384533439
173212832
4909623671
3465762317
269445132
183850062
2218488435
2999663788
200971676
2205863983
735228732596707333
735725401
1266261955
2378172953
20084364
2923544535
1653197726
192622082
294075128
595378643
3385028919
1315145725
2675910384
1903542049
24202652
92373833
698980463227047937
1648307312
3381852741
3095126639
735137696067276800
154479746
709280805013602304
104464893
357431915
791837035
4423125617
594397721
48904796
3342807946
467754269
2884618331
551146761
280581960
591538799
412494140
735087572280594432
482164086
65577137
579808127
57358226
294276920
1332230832
1915494306
2546008068
19903545
734516370600251393
2865663904
17939865
2440750086
483260416
827153660
2583744019
73635487
554602188
39219295
2744310207
500834725
1002068204
74581886
21297878
1348937088
23961519
1613269634
1471178664
2786410423
4897482573
97871969
3002232128
3977861141
734792367929237506
213086999
727514279012917248
2796307165
2998036085
901821378
268878971
465832618
711148013998182400
712187539226910720
734768134004039680
394190381
2412926268
2448004304
252535437
734723605209186305
302701427
403275379
733304533
734384172840718336
3325588349
236811381
2310032311
732593708193976320
2421874070
2241262382
21853340
218300437
142664262
344347135
498965191
3129189148
714422504991887360
2942422534
4845031167
19529292
250706745
4866451906
3375555539
20373578
3660127753
61260065
2974627510
83873842
4843970686
1030370850
134933740
4607822540
4861474810
734394223550697472
2846503595
18449501
17010913
295198751
70973133
726478839765958656
700789725788041217
68183965
156680202
51407171
20886177
731516262837293056
233956511
3139669787
114598868
2153240035
3258546885
173596456
529619024
900130820
268862229
707622370245255172
2436520381
162657722
18629308
828668280
57979109
353289972
87651811
2887663011
3403094093
82464591
459954125
367273527
3045420333
2785068046
1204001018
1250266416
158145764
319591512
3008521247
1080459716
19347286
2644802181
855158468
117391165
1860399912
121056600
22282262
171443749
341677354
4832738709
98724994
527372536
1426325430
2894317233
521438929
706586983674613764
1318921790
319545557
2581603226
717390574320361473
2521593976
471963479
16697906
439481790
711834587111038976
179470082
494044016
298677977
198072753
2182197452
14458548
252205407
4838336183
2354813593
2724548170
56343855
256643395
3513263956
2353051494
4909962249
269995194
8112562
570200255
135942064
49157283
90740266
246103470
711657035948007424
2312355734
2905559188
199026347
978156792
418093400
258945409
169845810
431084386
32337880
37928746
733310838040350721
1519661046
1022147078
2583736488
889573830
259790576
182273573
3937491303
158677196
2425816265
1850558389
2432262649
1406300630
3222318767
2314133220
540740530
63441389
873713126
402627640
2909436593
212229592
40105189
199392379
732319948366872576
485596862
245742125
1404087277
2269948631
3353847244
51175773
4871859694
2472314296
156992025
1865005212
2751969221
255194941
19142847
732654277420797952
19792607
2512238900
42051315
4924959801
400583994
1678466467
432536952
161415456
198588215
57293852
478525246
3056392245
131220103
709367371736227840
2203271060
2986017809
21023508
523351046
4686539240
358677759
712158376034226176
1338854180
2159353829
134453495
215615409
374036416
139012934
226741217
74186213
58784259
2528020694
2302970311
273557823
69678451
2432402623
4734403475
4569125721
2189126564
2209578349
394509001
2611676383
117393891
213707205
1690795904
19980134
2542406149
4785055514
724946115376848897
46246055
792178772
220846604
575239733
273582456
977250697
3120987495
728631136134541313
185212648
3011082654
1077873228
4737257697
299758942
732626118897979392
529558246
18363243
278656126
1560047216
4768065789
20299225
3156234798
619227494
732682423176200192
2644269548
379254869
97644019
3568149261
633386139
186854449
3009121256
560481984
561310857
936998610
4518677265
2695387718
4265287995
718839697406091265
89568827
250320154
264155836
3073204097
2952079702
484361283
1385453990
712000889427521537
1206074353
1326938876
41341061
382255111
1334390876
18504358
3296145601
2885653869
2782791979
200743235
112215087
600117552
4859608653
3167143890
731792706796670976
240738030
241485471
302869965
2788116435
3710985329
3233633442
4459129949
2548166382
53747470
3111482895
709635055
55569926
307289210
1618023186
1571554266
3234280432
1362795199
751769810
26071463
460178045
3644339301
63002410
624983004
18249646
600419630
412648934
4539446720
2370724255
728332365563633665
939015163
1115376559
721660299355557888
148344309
20665008
206501348
360792171
4791431357
144491788
731532397779554304
173692166
72052870
4288970534
277927587
367241046
15228451
250320213
621856372
433482267
51147107
249353130
2394595166
58028215
2885705823
1191343537
697438279784861696
21350367
236479810
1246714526
2714606404
4680683916
2464647194
1036846206
337624006
703239244421193728
174759171
4847687652
588951892
732080472650612736
712989337038753793
720664077878603776
3221105471
3390061349
4706875184
46617136
2460749166
27340833
711696765251133440
39850692
2950123732
259446274
75622298
2977064745
2319843333
39047986
1892910552
2186168614
2924524964
465574088
492029642
167171277
2452970067
731909022970941442
26973058
174672235
38775745
4921118189
979036910
2637300398
22634280
4866237363
56090634
19423088
39514431
773251418
3331335129
20252263
2301599138
1354610803
776643973
633100594
16805438
35966047
3198758222
872017045
2530948763
2805834559
139806280
2785536912
14441761
117535970
923470736
212026779
580150706
958416602
396100594
3296583214
3091585209
18361407
3254559028
3399971
716510182
478554927
3369503555
605443736
4701098782
300499591
2753793825
4756211659
53535141
27718108
19960296
2202052600
483224449
712766391246536705
315926848
248905682
2636846432
3484321577
500308729
288957281
2361322788
219602649
735385230
81926288
194416840
731254285820952576
729257795753783296
2284758330
394164221
407906335
716764327
207261185
219670311
411442859
3394205296
1400345472
109527788
447240512
720872948987355136
449744463
3098304672
3534480502
21886604
44413866
719065584869249024
3177197411
4557681555
1198734289
1080905119
309750590
1888056626
86943281
22693224
715882955588157440
2787920174
42509023
262302919
136576927
20162928
107748811
1463611489
753753956
2738155487
304968346
74165080
728866126315323392
383486561
24855700
800615522
30708817
3115316716
100378191
3129272895
180415006
237984820
1415804318
4709584942
2700947632
703743142772744193
3142292247
759939776
318072585
707160955432656897
264120850
20479574
21872346
3359261344
272647301
390275951
36438261
1175106835
89534556
303414800
3833172664
2498391473
310823490
4426129276
507062585
2511886550
19708972
2996675495
2595966508
77739562
33058317
4686604250
529961793
3296967303
91865157
417916672
3038078693
118355122
717073946278039562
51082583
333943903
721642815458058240
182793197
2788937187
4886319193
2964211145
1376366696
2821322889
417045745
140778265
5940642
29960222
703055426
1039454916
1538183054
151577034
519236935
84448379
19685424
43393038
1245974226
269902962
15710574
116847269
197850470
1111203660
376407000
702490829340938240
20403751
762141314
15609624
28641770
3165577929
713058193
250180660
448839661
4849432683
349939733
161082009
300328382
2279726110
15242074
12695662
216424222
185553226
40134811
730731707859648513
31153607
169082883
23005561
20124662
302755288
14558952
405794966
269842666
559389590
2782301414
1633645525
410650472
90849769
602976830
176438886
103229218
342121734
73774016
730581540103655424
167191788
449115403
115681686
434184087
45218255
430019208
622741875
705169386223616000
935014790
21750761
481059783
208077704
147308696
711215497396797440
192564404
103153464
3039502624
861431089
265556439
21706126
473878346
98186678
1156867165
570693830
3242457273
915421814
14934886
337598451
3291918538
50866880
2957468243
43874073
721949761490841600
2227670853
3127732945
496881111
1180610341
267736427
330485807
2275106422
610223344
219310366
180287537
268850210
875318426
729407381344497670
40851808
2203049614
2889640870
3431724099
728714094711185408
3241071671
917733559
193290168
2515965049
2371300757
4664436735
701075702314045445
21790700
1222151
133385126
4768189173
355614172
730071184725905408
1277740466
408677436
2965188994
103077307
222539486
362577318
1042221134
2978306963
3945156076
3026147206
4885183509
3044872858
4891553673
4890735885
730032202839363584
62413804
111048814
718117017153306625
142669209
1975775394
1034824381
135949993
632341807
620103177
729727383725543426
383866157
54694493
80935472
20214757
420441592
729962497587974144
209536300
16180961
337371575
21333176
3329090541
2880483762
2513836238
22064111
170223015
3720259763
3028072109
61223380
2165990573
36022589
20624058
402008389
579022505
405022806
130811704
2997203458
733031324
3366587476
2994192851
3118316645
729763353925685250
2875804354
159279611
352320187
166260252
138454537
1696166857
2285105610
104266152
54957474
563271108
412687730
19915728
724706154509639680
4899026043
231530817
729694321599991809
4870877745
2704171638
4853487765
191383270
56304983
424551254
715368524256923650
2862435071
2494680012
489605587
2917051994
722420773001027584
68995621
2318119938
2564302860
29070322
1198818805
1719385400
417812149
808462339
901560242
24842995
1697614992
464053987
342417366
235461039
1264602662
21559380
44126986
190604329
3375751623
741677083
729457382275874821
635804991
2367017985
25671636
915475428
566314903
4195891936
1136961996
53620920
58033602
15689936
711159050826862592
879038035
3978769035
720098948736790528
716705479297249283
408445751
528664370
2437199100
414747821
241892154
77585501
19238772
83889685
3365669039
987130032
701729752420368384
20304026
609583161
286348171
19705286
237488620
402996340
56978179
1380604926
280188472
300187752
2736172558
2804061972
1554985800
4739525837
28180221
47435872
227034516
2765571
3965029786
498296732
716602406960820224
728727021149405184
716714962857627649
725755206978383873
723788552090312704
2329861389
235172442
1525865221
228412147
1079240786
955674318
2406921608
4507376313
19656438
728643688453279744
1452169772
27851796
3067739225
153894447
254071578
723903587915538432
2650589720
46948793
608033428
3387271385
2737998983
2245219983
77437422
1304836548
55554468
32456965
2418088520
84391238
144096365
232805732
2731242646
2228440362
90392909
943363039
3085297142
930789798
2424615233
561558519
1907248850
114716635
721429908447227904
1648782516
1428018374
878383982
153781569
77966089
169461472
2342054232
2359452691
21862594
587414782
615096472
3343738493
3004608405
727961910428237824
62953026
16181564
568011741
2509356237
3379444079
4904962857
718229799152545792
302897562
28434402
338728866
712040607867338753
2849948908
727606762929541120
863136661
1944843248
715010454
1116266016
720288706427355136
249613529
238738326
616052394
727199461538168833
1571543952
727040471378345984
468736390
96571134
2894699861
1307136865
41482051
2803913821
724687724242984961
60851468
726865333030666244
1088593087
55291199
430612696
3241275527
398737585
2477920644
347125964
2611596146
2782882699
920143598
2683110150
2322316765
2319921096
714873542261743616
163856493
726305607393882112
4009450228
721763564080508928
247684341
3302527504
131232001
2765629808
1354570123
2522828272
3843030801
1648348070
798880106
422799956
114762680
727049906343534592
144121324
706473410583461888
251709220
19839045
3138405987
103016428
3365780781
259216174
2863191406
483113670
2622559649
563413317
3014613033
719829462334992384
724753970422534145
703324622
2810558886
1695147684
710672962261614592
4836926404
177220368
701862450270961664
206464585
543410327
1059996696
725469917844262914
2447341464
73985261
29413575
715453276947349504
11684792
21308199
726054996169609216
2447038212
232308099
455206929
2432156038
1050898040
720391314580357120
715763888734748675
2886813317
4867512113
1280657982
518615888
2336495137
2942852879
2901033340
1491167329
629993330
187214222
4927005057
358874917
72016167
4289590399
4528912528
547705963
31695264
705057979129851904
716962945352278016
57888466
3401198464
4559862993
2977993431
4765758257
1361486748
720489186776760323
29692565
4744484008
4913835843
611532667
854446688
4832757970
2296806307
45416795
2708122608
720733526761598976
422426986
498859780
79012964
21448228
2455210460
355511046
3311641737
15815025
149160446
95087286
4833191399
111025506
211203177
21577220
254185468
4904820549
722055850572062720
4122850011
119078916
33921661
309316413
407490941
79687464
75579009
373625763
725666889209384960
71529145
2651620154
4519101694
200115537
720378247
974413220
286857288
1185477031
576680441
908876389
19390739
1668371516
2872803867
292986815
92241137
74842597
23603281
143386976
196262106
66106109
22287602
48462574
3918992189
3243279161
705171385
42034114
21707498
722170198531432454
20362880
1369122356
2157705814
2831518153
241922595
73173756
456080311
72562983
4027091295
709795676272599040
168086898
725004218705256448
2396070000
715582820916334595
4830759484
2807059170
706866125624180736
290447925
2191984092
26729526
3395358839
41185457
2412580496
468542789
635729217
88252860
38831139
431590274
440260593
725286773073567744
110111279
2465185994
354864234
65440904
413365626
2815118726
724699764
575320662
880961635
705002577595867136
77314565
2319643507
723464780569255936
723865866270593024
1131922818
295861028
178822676
38474832
1384496280
261349194
399521244
2889236933
3307114743
480603709
351009963
3263253388
1425000152
38461961
385430372
589427584
19490006
115326822
4746239045
28089912
1314177962
21914675
19457471
599498638
721402925113810944
1157746406
296494123
2491232172
3135565264
247468717
4823590463
2712999488
718478091732021248
440916146
356909416
21312406
2291521993
23428948
2740871066
15248617
240402040
77894399
282566200
368299461
942402750
248182269
13088272
58058688
3065694667
704972651945730048
256676266
625035796
718469005447716864
1920611665
1580209176
1004425164
2492552898
42450796
2830326970
25193135
165113123
1872529650
118015925
2769922481
397990778
273190130
3091435288
70548171
78298637
172764097
713094782483042304
23713069
1048632992
1190619092
1975182726
90463579
115142697
350416899
566536507
942850260
234097654
274643529
3022862016
114904239
1470747960
4881107351
1024744160
285040719
2979616480
28106048
31401966
27640649
384732475
426148586
2591719868
622679444
473108973
332281035
3240354741
1403085170
698184521301303296
4098447160
577854784
108132519
103052162
1151025566
3167566834
263120809
380861974
2716100047
1240108044
809212045
2975585836
2900418460
2350847462
2194029233
766622924
723835542350258176
4808515275
20597033
346650872
3421352872
231390130
623233938
47733149
2983935035
80943338
1007359958
723554283258548228
2874850263
1223389308
2447057121
329203510
180884026
521713321
25054694
2770231725
586826311
251346972
22613279
134058637
32680505
4846813625
1080207836
625562499
1014025146
1346350202
4905096683
823547468
579196406
724231131873333250
54599829
170270479
241843227
2167619705
743568630
9570042
20423769
20841930
943712773
168086103
27485335
702200373172428800
47301993
232335155
1063076700
80948391
441193606
39818470
8938652
3262116784
3298051942
27086206
2499819283
2804447746
3221011798
2221907575
1452720702
471043083
723917605644451840
615985459
1734717404
318309017
2425418960
1354697688
68452043
513072146
343629474
2796707943
228953339
509268731
351638920
29189299
1347250338
21111483
28637882
417726266
4497810863
726807296
353872365
141147000
2230140391
1015212848
4589190443
381708853
696975765829767168
2730103281
1886935304
937019478
221699666
708047942452715520
3806175796
716009929
723827407002714112
2323919746
714541819028238336
4819317449
18906599
493396997
345401648
106440613
241567641
1296377024
2695377696
20585449
837213306
2365544684
3221312014
4818655593
18891281
2999986390
139158404
3366081063
2995699426
3878904333
876006139
84448214
305818864
67000962
566688127
1320007608
21666641
3578803936
3240124383
723390087711457280
226297110
2745367729
311549242
21088402
2845071124
183718664
169579676
625423352
227490287
220439934
569872967
23769448
2183855244
1924165885
1581764647
22135000
350398171
35576240
551727207
4502521007
4265745381
195761047
111966379
2990529982
46890437
2807030808
722407306227486721
23126884
249634320
4892425227
35800231
81585046
142788841
3377406406
2585525250
35472161
83682653
254079426
2496761904
409283000
719991354370232323
761452525
454779231
80713844
1242631568
4436157194
717303062277259264
21199408
721280020199665664
4912226817
196881017
966220742
566054281
188411123
105884085
3003898965
1259906438
861036739
701397373000556544
420326282
698558387408207872
2154503807
334220117
701879937645600768
363919311
3292733958
1943978378
2614115418
273659472
40740443
3243392015
3331419418
709716856643395585
240739147
194681383
2428873537
1198211095
40006693
2468753555
723069532051398657
707980992569413633
2846809907
52731955
296991343
16134483
1466988828
598318801
19016842
1113920359
21397917
333366997
870499412
20538655
150650920
110550982
102071469
722756367891628034
93038198
461561507
3258350187
21205533
1221260545
718402904516911105
1040697157
2656977731
249541320
950535960
632915700
3248881547
723061606930763777
3631289477
1134262608
21868093
2609201187
4860301318
19904982
176411130
2182009999
306405992
253941749
54323291
1136651300
168995856
275896693
2388189796
1201792831
2476166022
18551433
295899072
544990828
1530472884
21772748
21745651
