4728488451
36789992
3405505149
742040686741102592
357399009
4744232172
4855199153
2777411831
2845849081
115681686
452828779
123242996
4761064634
14367719
3317810432
757180749435068416
1638297402
730446841008001024
726857588168638467
3254243890
3555533775
33332251
729246297769791488
436594025
4011771015
767610019059683328
4057313892
3033004077
3161074631
2545372441
3080511838
94818581
2823109342
706148599604731905
3309709582
2313895458
748829711871123457
3335118161
99934979
63505387
2547036072
24935003
705229345745276928
2885585955
86746242
749560087627362304
2479805844
625374577
4307706387
159478788
746611260448452608
1346530920
734062356339302400
720362750
3398453530
272076747
191927420
2367689654
30221032
450904124
4869351274
764152133952401408
708098284473204736
565795564
4847687652
755065595217997825
559977174
4576968862
714557332550606848
753334654040670208
720309421302292480
4276222618
707021369377030145
449689918
4734460588
3592010423
726786052925591553
764725854727315456
737604537490374658
1003048050
1521723086
715529036928327680
762243782779760640
5967972
2181141962
4098843443
3656092409
289221495
4339239862
3248003890
714395530558894081
390263070
2363052556
4218156466
3058630855
89277004
4332740714
757889048803500032
760056838662590464
415519370
3239955086
261749735
752164273975988225
744142307537059840
302783025
35491164
25948449
1387392716
30122242
4914539795
2562268036
755232402126041088
758486422806462464
749651266578608129
728510774726041600
699842109390458880
704052909911248896
732507578438029312
1936536769
235354536
705827904459051008
730065392811544577
4463373987
1185822331
755729301211840512
3391314478
115142697
43557700
4731522134
10704782
46303458
758373711888125952
54019702
3243817131
739169582540148736
144265513
445993143
470982444
4884430107
290324812
395208141
3295246471
755042373919465474
591451860
4236116903
1077225842
2566129082
1540407535
753225706516144129
351009963
406902402
470508203
3368965553
747099463928418304
589666532
187603841
95427508
604545802
316131747
36309427
728639497
1073991786
385721130
2696951179
735392656390524928
44145969
746736462050267136
720349388959322112
745641927781933056
2870650162
3359431816
4801563733
703652278394331144
37972904
42637187
4703818337
43531759
733423260558204930
741240053201010688
22810970
620452874
3227340509
2156282539
747834582536335362
27651411
4097531721
745236893403602944
748946916159983617
396489776
3313488428
741190491195248642
60984641
2959311695
728218014424936449
2182403667
701866563268378626
367860799
302690890
406041989
3189675289
3377406406
60923866
746954359355875328
3429568685
377546511
46465179
743063214062247936
505410336
2806205453
748875151576559616
565661023
26343215
734252804408258561
210556794
744551229917904896
2380466677
2537682190
15807888
4364619796
29709051
708315480545746944
2717017470
4064180956
2377631569
749069182826754048
124949619
741716663796649984
701765169337262081
246031017
4119226299
1365762510
740939954952515584
3260277057
3331679513
740645440119574529
1731218809
1370423978
494105909
577096192
2464920044
4865426843
4866629615
2981590781
733401440333389824
112186577
60288009
130203872
206999288
3225448114
737395361589956608
2894903320
325653895
261625568
701701249356455936
740658776735404037
1295283162
23329244
91967145
306418652
4707467188
822066151
2663116351
2986092292
701737099515527169
3331377262
746652261464555520
3315137943
43416740
2826675438
712209281517555712
21080187
3152549541
747004932658626560
791328930
3346616985
748167417533186048
700747161290452992
4852376233
3015734968
747501583831867395
303780262
809668830
747723021289426944
695680681997950977
2856404785
1123703796
3405407950
717609056039514112
353092925
4922324780
455018227
123414384
2938261973
483836699
3443925741
587436173
161686725
3207862006
3189573444
712989337038753793
1063229390
3297050356
4673607888
191450401
132126031
737953932434112512
1731384301
3023037872
2972754177
18919838
1868678738
746800633181839360
2748575671
400621152
3629616797
294622957
716083716297244672
4355797094
235337115
731188189877174272
74966852
265556439
253059481
721338992965382144
2346683056
23109598
4601128343
3173430357
918736454
254946617
2259111877
728866620194590720
712107870150590464
2711303767
740250388079775744
112273726
3817070415
1482947839
573953385
2999455959
346924655
731459657169031168
702490829340938240
720664787324153857
417505730
743476257447370752
4349564535
416964030
216126606
4652263816
741634472622297088
222893451
1346350202
394274636
4867270053
22770385
740678859381690368
636103725
712156468548661248
787761770
44959884
17327882
737225323415261184
4559611528
709943204078948352
79236840
4569706702
2875647729
741888812427714560
4205389155
3843064953
2773820450
4439941936
891059384
4756616213
21178239
2339096091
30051204
958235593
426881312
736563410872205312
707859990170738688
4224729994
20617541
4818412690
870687230
739559741303721984
39524149
2971213545
1556140357
1128454070
4869210287
400379938
4899403270
145300545
3095355973
2524810188
501320776
2196100295
3188147200
292423442
2695616874
118674702
1426400280
2997392589
3066034287
43415501
161809644
2863191406
734073640107581440
733635804539539456
737808092633694208
2571872893
727501123209195521
2804047529
630636354
4924248041
2433924289
4722761144
10324632
2453263154
61456976
975568908
4880682041
569449933
2369189581
527372536
2784280027
712845768630149120
224183827
727540810372288512
707237164963201024
728111708804239360
310995043
2520178490
4441531414
702491016914276352
100449380
103337452
42034114
2981516578
54517726
363297964
19438573
3291556676
734394223550697472
3161637466
4731492265
132890694
196759287
294799083
415899014
771989142
2320507177
732319948366872576
1000181929
733207233736155136
2917805117
731792706796670976
193100541
705803305780436993
22506366
330458651
3174036887
4557256938
704656190475739136
29440928
132111956
160831009
1517618293
536524126
55094738
701067395557888002
1964285881
382679468
80699016
3509698695
2365686348
718117017153306625
23742414
4890735885
725755206978383873
705649854723203072
724932392134254592
12874852
3187232212
3415032597
1055197866
3065000505
28779194
2714094136
3771665482
4766217270
713838112544268290
3281671453
444800767
4687928161
2737667633
3228801929
3392867249
253428481
27867738
4570837757
270974675
1117901695
4898873949
3588894372
3293235761
3041523664
142258986
4736466269
2976796559
4900755256
174618314
4686539240
557154551
1641063686
4561156337
2803913821
2866119880
17010913
417992966
548684837
940209204
1530472884
966681366
67563783
4731685562
719939067136385024
4791431357
723903587915538432
122735589
721046621467906048
2917644652
707178613095972864
77233634
4680714752
4871212732
2645588238
1710412188
721262133971927041
1626294277
4256279793
4744484008
3087093887
4841809137
17427729
719833569447845890
720368884088315904
2472658891
281489352
2299596967
4395738293
725348521436655616
4728759886
397990778
57058641
846078295
20421133
1614924421
181995614
181614462
4739512828
277924273
3088506052
3168285800
222790151
2497274412
4909002009
2979773758
262279039
720098948736790528
2966103184
1425000152
816983366
2494331432
2391736202
2318924946
3342600166
294749416
711200959569879040
1464284042
3229949769
573629823
719619150944067584
721624042323750913
4260462455
3298312288
2975585836
102691451
718174565323640832
4032765274
1735390164
2874110489
4890072615
709795676272599040
721413278275092480
938694278
889816898
61194489
2317573334
56973944
124003637
703398975139876864
701937306849177600
701588602569023489
701038414066540544
106665356
461899452
186947829
2424422474
2764911077
844802575
715669357481889793
2228659594
1568492526
2868547523
3631289477
435414233
2949092680
178121523
777687276
2825924324
31694460
3954973528
703506560866258945
716629402898010112
2584256061
121855199
1246520911
3134652024
595609177
4916471507
4272350907
355981767
586674717
29191089
4896094012
701717287
717728258092040192
10196452
2304742584
713771111490658304
2356754006
3064349069
1305807127
956610254
717295129242038272
53874609
585693776
415808169
1601702700
2786262170
3131300662
1451265902
2233524090
12397052
1074916754
260632904
3164144230
520192904
556325310
4838144877
577055614
305248807
2310320650
1387846178
328484372
23736439
1920050144
3180053507
2541352994
701885769988841472
523085134
2885705823
2391461150
4537659460
3600354862
2798125167
139142932
702200373172428800
348130743
2909409227
314548237
2501559841
494604983
3344564308
3135565264
2738155487
1080814122
2666016692
1423699747
580175227
1125937411
545620363
2772695072
3401669945
3040737729
2748809475
3001025751
3003222046
1427285550
4787266529
70664947
2991818337
989689286
27733419
19644086
88168692
3110360439
2155759051
198128780
1357289328
4558909953
98583506
2560611382
187579804
617832072
706496377048702976
3339291910
91807650
2535446095
2901033340
2733816872
2994312988
2520912067
2783390281
18906599
2838333676
3167566834
704652985683542016
4866237363
84871482
18773462
