35413612
4882743003
3436936661
831859422
533968111
4011296957
513223098
193680125
752978811600404480
108350206
3927258395
1865540413
2960139599
747140857531404288
707458235427635200
2371427337
154671489
2585470016
1215926336
709943204078948352
2999455959
590608840
712156468548661248
35751003
3189001238
712700846128160768
2277104459
557495771
2760638907
232926418
2568775052
2535399896
741686588090896385
24440679
6777282
34386687
726300618516779008
3198919216
518451344
362411301
1100748288
91174429
841320848
4140469061
2843523957
4082247987
2462353886
476969043
2745076207
63717607
246489988
1461027876
287067120
46625002
741956763583451136
533578801
718518515934867456
744601863287377920
2277680748
297092041
717362844497551360
2285105610
736671153314529282
413140245
4854823233
701842501280391168
2252017892
740159777234378752
1298479236
4599300624
4894650905
2906467911
3018093448
275047905
139856978
19910097
366042012
704320212821270528
70429394
1097881429
3393934749
4882916681
4187750441
2806237688
3044887403
4144479455
3435275800
111833888
394069998
3377435939
563141389
3344389019
3236979932
2918183047
2571579733
2837546491
1035507727
1369922390
424340882
2344969881
829459951
1385014320
22615136
120875206
49775129
2729014411
227051421
1446716216
1070382499
761626538
835499732
20155927
753846744
362033429
20548212
299870142
512080030
74603848
