2154475518
756231634521763842
428160634
3448405529
1384403300
2312297118
2538618480
701295910609813504
138982573
2246178997
249213799
2369209992
66126399
3045024405
1666311282
15377115
763797060311187456
757786497588219904
3230633423
369879692
3270441895
2606940668
3435192275
3304757282
751345782796804096
31680458
225244349
557887034
235354536
3082702476
718882921218617344
3916796594
3362066892
3045978622
703328066135855106
118736673
1694342066
1719528151
3510267563
3427708935
727534323507679232
750750129049722880
314449394
763101825184727040
4184966112
757582707769614338
1933042237
730023454490173440
2419802828
87403396
2918587456
716205827107893248
3072312415
2327963876
759740946858651648
3146034368
785477964
712199713613881347
4363192656
3186956940
34409004
715030036680671232
3367686796
163299688
753864839726903296
753863607624962049
753861338623909888
753860499486314496
753856235338735617
634431445
2872426114
4894984041
231877842
740957386249261056
382448894
183745583
2260288040
457228662
2574103094
39192242
53903008
2612487740
551886104
361975111
1231299313
1187534912
722890282094579712
724996647927705600
21783867
748531006920077312
149885762
226952196
4871229092
18630911
1202949210
4729519003
734480758962819072
739908310665682944
15081182
758338794089099264
3852515774
373417975
4795719376
14855279
2499735536
1306341967
752970589552320512
740561123536195584
61890722
4254651073
105670323
720413762264571905
2784043980
601032778
1144397498
295756822
172447168
6036422
733581552345452544
743065174802718720
2832361
58137360
700990636711870464
124699164
706935694128717824
3609734472
2534551055
3095120523
713947674026881024
1952729509
737654909701623810
3242471534
1038380941
36110149
2739191788
702116479668342784
2423821445
1261923853
3406738018
42008257
19405482
19695133
1891516560
746396698910597120
746036719947026440
3009446186
707512974588583936
4257205272
400763972
741491910452207616
739548208112734208
2969242121
337705010
3761175373
3311587751
86241025
4498657813
129731260
744003876358000640
4415939114
729153642800943105
3254186255
22365361
3140317030
733684440317190145
44912826
18296451
288939381
411387120
2214779209
741025031254335488
4853257023
735176808329416706
41178396
739387355958808576
3069263316
739443090319147008
4850461734
2635698998
2941317098
2904938117
4311202821
3386513775
730718147041492992
159522844
3290280980
182059553
738384433473015813
4385049328
3323240579
25212529
737995611174113280
314762612
736471367281844225
736292514861318144
1697676984
24833174
737902168657788932
3676509139
53210455
80759906
4646679049
72551675
305844089
181450154
1860953034
1546488896
3305859805
731044472855748608
2495139440
121288944
707924552475615232
3563483176
512690342
2545318280
2852092828
600284231
2664467412
33160996
75742264
722115884496498688
357668606
976857223
22634164
2180217510
4867739721
4566796835
729711607563980801
3593879360
2786722958
727332821749080065
710937757372313600
3304195322
127967449
234024969
815145186
695243871031316482
4297004592
711654736114507777
191665922
47503235
787916617
78174452
876752546
195681874
531162864
716115229730537472
29386276
29168488
3340292110
4866643973
570368555
24035547
240618039
1849339932
520594575
20022608
2379168569
1854462607
726684959667183616
722834001916854273
722374731417174016
1018122662
726343824310689792
250335913
752358764
4528252948
84322390
3033052548
551157182
218664385
712888609347481601
4765014528
714190004268900352
721330336815325184
272518396
444268559
2351717767
700570535307051008
4787884212
725864790468517888
490038632
2737461087
725777163421622272
2830259924
4371108915
3401006865
726263874169671681
722136344596779009
712392667510870017
1326839790
2533021470
990697074
134802879
88886171
4092007648
465892554
3302850497
2656746978
130090686
2549244296
215620753
1256217336
344768154
88621782
3330992512
4750663590
375389770
3017815693
3360334091
16394668
4875835133
3083275026
73985261
70486027
46635302
390439446
4365741082
4361202442
4370012183
4894023964
2994227022
3034939893
3079131311
2320534424
1416219504
3018809793
369903187
326665662
451932802
48287209
51483259
102260969
17644108
716505310022672384
25951981
3150728378
720104009739157504
4581780623
2896836572
528177366
717656694378127360
950048952
235256830
716657737602580480
2838399018
52472378
3046284631
3142519190
717727107837595651
3082074391
17600294
4777617332
711617954723532801
506452833
2170953024
482634502
237842698
4454075968
3339320505
4713042078
4359976277
4359905295
716001713191264256
4878593459
515548008
14503196
2956557448
711928237706715137
54567861
3316745630
709296568935919616
4615495333
2904258279
2415041785
153966123
81732327
4597075047
4220228615
47487534
3196281412
2293759616
18049409
3193571952
2793063717
2416017127
62673924
15900143
68698807
1244525496
414057318
3264003207
712948360446099456
18986138
701181833
712411696778895360
707801768315510788
23966397
150105020
3313853824
2932345977
931476865
704668006174081024
707424517157576706
3875085328
711969700700418049
23984667
4369552692
1924738465
544360682
54237997
928490268
236043023
706178540
2911422027
4324444035
2570017414
2725967636
288841963
3185636804
2714835308
772748622
3197517513
4811378605
701486877946195970
1335853776
4305670343
2175257492
922148023
19888698
1542801030
3763680260
4877684632
4892367345
81953684
4871355257
1151293652
2877281215
2891834576
111870937
700583735637442560
970738532
1910544926
294796440
282699886
92956019
91659990
4874211839
89372554
2298029394
2421727981
282706213
2587474264
2293607192
4858812855
2201941
3192156816
4829097544
4743420508
1915465831
1600715659
705093171496280069
3160447094
1955210214
256964232
3912051916
4923890486
4122354252
702567295428792321
4199560832
3180464121
2571872893
95262366
2283195347
616226199
1270730096
59118902
3317997235
1345223876
2815823672
2813612226
4832874134
711844329
695207059621416961
4665075439
81807002
4862339213
1427565834
22580924
2910680931
4738103855
381982408
2925878687
3194328451
2951864027
4536929606
901755962
14763734
1282618194
155994854
258627515
2796641629
2904031233
18480217
22250448
121752349
148128977
74452613
31119470
3307594319
569855148
4759496550
4744915004
237579250
4744176714
21889115
4594766717
3004048623
2358540601
830894322
4767176041
611532667
23929786
48376483
2472803726
4764703708
4747243594
178625409
4828870851
727094240
4279198103
2852586606
593922394
4325536947
2575080748
4544237296
4341829547
1699217060
2977134664
19073796
4026505693
373850252
2356244840
2723039367
4681838214
15768312
2470269517
471840387
4504394001
2581974943
176729170
4448964199
4510300047
182493733
4123961594
179229483
4510523724
4448716697
4438447820
3246345291
3063418949
4508282473
2885513375
117636017
4419979600
450148158
4493756412
4413501040
3328845024
4310066722
4330760668
2281707517
4114920489
4372120583
1398718304
455774126
3405916798
2492533687
3051097582
118672407
2885484207
4202342654
