4842843262
4785033439
4822327359
3297203202
4412593273
3786919878
3309218497
2744206756
4312443814
2764842970
4393180392
3642436932
163072155
45319256
4064082192
3324258341
1570141640
17881816
87403396
37599351
3097918365
3324631100
3324562968
2898445154
2751699555
1687073048
3395730495
2477462600
1273040623
1548381655
1309155199
332377426
3299009929
3327194860
3292079202
3047009630
2426480904
3344899785
2406051440
2739267847
3186988009
549609965
451057674
825989060
1248961495
272058058
2694462561
245783263
1456345771
630746438
363189270
800190414
317852885
2210851958
1602035696
1230894146
2382036448
1110348241
2500007554
1434784104
2521784730
2492260774
2234813473
942454994
3244796572
2690382858
37008385
3137243663
3130202597
2604051738
3172840826
109599001
253288257
2962943539
3161491335
998979421
568727123
2992573297
1167958794
317125726
2946149889
838291106
2168531140
3142442694
3139077089
2498974376
2708200046
3012381888
26064036
1951531609
2833283791
1328360287
3094906797
3114621739
2693677605
480784165
3126422171
3112788802
3072253010
706311864
355756948
2906796682
1470939906
2733961659
3058098257
3054708520
3010332227
3028175101
2534131379
2448053390
259132164
316166511
2278226682
2972365223
2617469366
2972647180
2277418890
2983268534
3004871830
2696429228
2561556606
200298671
2994847013
468755769
