1901649116
722348895691476992
718909842870513665
3643519457
4247971344
3147954377
709284608865673216
3244608284
4858835482
1087845608
4384606679
3241279517
4235264621
3858445637
2865246591
3838588159
3405020937
2312341406
611959284
3301502323
19468581
2301328360
4209622600
3524573654
3762563773
2512583045
3382569933
2870794959
3272072528
3678848358
2906683252
2811767685
3689303897
3135112425
381570052
2384251244
3686931075
1651388480
1095431138
3680787809
2855970515
3248519498
2609165725
1849438602
1036323414
2715681460
420644797
343000629
1886237982
607626312
2728783911
2454508777
3053789123
231975209
3484191563
1710165997
2390477719
3327959002
623722695
3266393683
2297999143
3387467926
303342913
2965549834
2777933009
2550440310
1053015218
2870606068
2743064501
318645594
1043627034
161373980
2778639486
581811892
3383723546
2482162967
1599654955
3452517496
