755808822506041344
439657530
752984782049579008
732431853164974080
3309219794
760827859481006080
115563859
739091614879100929
4011771015
68325509
4769701782
228393242
1301124656
759425419397390336
762650305343332353
745784613549662209
763954325081042944
1967939774
747136356
799257301
2844693572
71272041
2377016443
755535709868466176
15283484
745984855322791936
1256204010
109237155
761821114775461889
2358292834
3318167594
2412920598
713735942
760906639427837952
486106100
732681446444433408
18267131
2227540266
27550555
95569657
253257813
1852712251
701551062
32327154
1436991990
3180990450
759722476087771136
514974163
15830809
205594654
4019324296
768671898
351302601
200964745
194355896
3789299356
756997448157900800
535400371
763461067171389440
906928770
408588092
3386888298
13337292
145862955
624664727
459495017
768742904
731148918873001984
762980763172212736
1744621
600824282
4681116320
763272609945513984
2524634232
808370402
756318374368468992
2482652528
146459577
728384548162035712
16474992
724685240497623040
22694866
123356252
701466738802585600
2531775750
426361581
752882758175686656
1379737104
41670593
47867157
23658399
4745723294
769480195
760372746190663680
97689765
2186453322
223251188
751466597420822528
768633080
195876415
730415229717381120
800884141
36538396
296610784
759506989399420928
796261392
2988501189
762029398765678592
718138956911656961
410056274
187657428
35974292
747894001458569216
1368478189
314249480
4235026421
2496599688
68485865
23440458
1117091864
714037683979489282
470268558
3170907307
2718239093
731320170468261889
244204448
109700634
727840825661661184
712477493425528832
456491089
3270748802
759906829505748992
732980722135244800
860415787
1610738402
534622823
741335680379297795
231169484
976734595
724381837
39985050
1192348477
183745583
399178595
761843308293304320
756001022225453056
2480998605
55624598
2592318192
477277263
761897092289798144
759531162054238209
451912692
25720057
741064132905082881
755832796787142656
34383891
451436822
3010518348
250154062
1884337686
700726650644725760
4039143148
325832052
2279709169
761657007619338240
755416914546069504
702642294772477952
555120449
275743098
153969233
478151814
1552286310
705119727216005120
713373797928316928
758765283192430592
39437643
498154944
3100244251
3825307939
469705918
2190334998
403838500
2505492426
702157689166569472
33421794
594052448
3139235347
1229363557
2573536982
93777935
3000400970
339070345
403353373
2699827792
467932000
3166046356
26348896
4493114113
800751882
1340254758
231881134
27926877
4699390170
1084817426
1922263856
2217090614
740955539354603520
48608766
903922142
731159200743612417
760579769230647298
4247980034
742367000526196738
708282377936740352
62500701
3063286416
244783412
1020067598
1001507324
484158129
3602639073
760429822640349184
3144725996
49525759
736256646658150400
23976626
560323997
348038940
713091735140708352
710375905873494016
520029915
748946826972332034
557533937
377445731
399665589
2979538748
213551394
758428426554511361
402112868
32206125
724981315087523841
33237351
704761579825471489
48293556
720183112517492736
752160598721306625
710675820512092160
726475738015236100
758521248062189569
1245111643
725330619320930304
52040398
2567365058
1724366623
2895190735
752924128445861889
728097555968446464
130794511
40874240
2736359780
733763309963476993
4152334092
122396513
726895350175289344
2326658573
741058867937841156
755057200901398528
235395935
67899097
121767166
1252520990
20695280
729401711622770688
705299120
277845186
2200221
898533348
2906630002
532399061
759294647667716096
18921663
3062750309
727293942
733388252355297281
1634552636
3298421676
168175303
1300823768
3145732270
2245899935
3298778232
3303748735
151277267
3473549662
1695286476
971408053
2361623269
32917190
3229506722
4886031841
753273150918451200
55370049
1186190838
756534639431331841
743190122238115840
216802451
754751390300319744
291857568
838254506
3145734280
703479397039235072
356838959
21802000
755860117254307840
489951708
45571759
749337494173261824
19360844
932961542
437609026
78622104
4828841986
66686131
2896393101
1969699820
758477871262294016
22174136
715566628138778624
819964254
2922437656
295225623
22027142
743546846803427328
704734240672452613
754713786100178944
715788612164534277
751507030628704256
753972572707024896
3004038184
757856971550633984
735459267722006528
757675467449126912
3082370998
2342310817
4871941503
22539456
110161115
1892315352
28054812
3068811118
345399113
168524035
2211032895
755909567461068800
720281941908463616
710658407242530818
1359980808
757289318863863808
50936590
960967081
757739089
2520557940
2553558810
987270559
756493518911131648
721899229598208004
370956349
237033680
630159847
745970453030678529
717122653472047104
3654167242
49966935
1969346438
80380221
478568364
252850525
346225460
1566569083
2352361346
757437880931352576
204161510
736221584742961153
3307417512
878597622
268804418
77782711
473237658
2955555394
737756573196529664
868856461
868130508
53056010
721327574786392065
130938557
21399972
4057356801
755106220306935809
734123781292167172
1344022837
23998516
22863175
939410138
2956244079
1594041529
3432082930
16256826
195610523
701685615562248192
756054897045352448
326139135
46043973
709948320215601152
1551461065
3386453831
129237043
4190618439
61565052
2988862155
1552494835
1659156038
325908466
299929232
19402593
17012824
2423058966
398702223
860576268
3181561508
732515283902943232
2921905132
746483342665617408
294459097
427362005
2540442901
728815969510957056
254083841
1962117602
2361357000
2996031336
385982380
245153611
754923042564964352
20594278
331096788
289427528
2389984039
731925359965392896
329918977
4058390246
25022491
26822709
2331044448
14541364
33149044
513775722
717044648464613376
725295042013872128
17850785
3012462963
390490929
720798731302539264
628417129
589606816
2774065329
469107911
712011025701154816
30306594
2695801176
4386938489
409496789
745827534244352000
4500945614
50056314
754007653295198208
703615920
330319115
744069426388045824
484158909
214862486
26015031
1419037717
23094875
35986720
343618991
15984495
1656686900
131018989
730611540
2421067430
741450067769462784
67638477
750254125082812416
117137247
534775770
245564291
701601375487004674
707430302608703488
2553545652
746750606744948737
2977696846
285339905
389768752
2977744118
711058058932170753
799531411
726173367066193920
2272300260
525595860
366125008
377188795
753942805064495104
411392144
3034168108
732472603273658370
2535197084
737090258328752128
754530611260485633
754523964643377152
754121627332321281
754509595570089985
754491030947246081
745371360973721600
706266634068090881
3224688068
22339420
19040963
753732098293428224
754339410997489664
2788398650
4895587347
741455812225179648
63284897
462351266
635771645
25571493
717614332322967552
542947234
131591070
48128080
63963688
28934830
754026914982035460
898165160
15099539
3427200023
61149653
2738974778
3293008812
601519183
17995409
188958822
576714872
391646782
753395224655884292
3441941892
3198924868
21897281
23978832
2725133328
2428776326
704506729023799296
931039604
2664278533
80956994
558293436
458395342
822154424
703216957022031872
350336411
396188102
100678690
753427510898020353
3698727339
123921028
2317484126
34472215
1359947880
34023470
732767937170284544
708787665450172417
4495923140
50850617
2866639611
553863468
3019431692
735103080
60124745
567497808
305894011
355028519
2442031368
4887056313
753081780152987648
2516013102
785756168
524822551
3620366536
752953274500808704
242991940
3019681239
858921774
752802108554907648
730320649080737792
752158289568215040
715786590786818049
710959152168902656
2488126657
554758945
518227176
525925642
253615175
3221003629
324440331
3578803936
117838064
750470830774190080
106331667
17721912
712958933183279104
48088063
2433194094
4855083749
733156652715675648
3239264239
241241243
704407724088541185
126145029
729370090022576128
535989311
734596122472222721
752134731307814912
4859565389
605757334
708282547487318016
1206513552
2626244153
726089129876934658
752089942944350208
232757559
4799935000
740293645316677637
370834155
1183347031
2941330719
1173756973
751501999359815680
40276846
44959505
344687656
1163786779
695365245376696320
22106033
736433043481579520
2588699732
733385435242618880
723616027960053760
38340552
4839064522
1229971112
4002607632
730148430681493504
529151971
727875273585086465
751326537572454400
527424042
236928181
313772276
178739223
312684302
222134762
97740430
20570420
742888642973077504
745334247691517952
125752774
17455261
747469858237878272
582492948
3697637595
17756037
712691718353649664
16744260
751107695067951104
792790628
2233525334
350032839
214495170
22204106
396044297
524024759
724077790492913664
4751116513
32318775
3244310880
15808113
274422511
15379585
860061086
718172998541447173
1441673053
743010925167316992
750645997886464000
743082671157448704
113555307
41745189
120108428
714816751133810689
758015149
716371621380890624
746431706706522113
4847187136
1913235571
743158468073263105
3247318839
832125498
705360530966499328
3121651429
737457147009630208
700470686444224513
296571098
4879246271
520460203
1141130401
3262942441
747705666635194371
2597372640
749985542025125888
3660147134
231154288
2226140491
1859515387
109854452
182722893
9322332
735281631208968192
3316453916
21051380
20467920
710641474673577984
745733128694599681
311613071
3670564102
1543452505
482410789
61868777
570859259
18353495
718283360540442624
1412160763
22165261
455537870
2809234257
3062262691
340952746
65835997
630321272
190260040
4890222477
732633469671624704
1359450462
322234897
75914820
296689970
16552994
389841834
749272317017153537
982995216
737992992192094208
3882457513
742744109916520449
500217624
745061734784765952
3711217283
3220580046
2877946997
549739575
15538804
2329498706
847923606
3088513241
2829800528
1012625209
2414073730
4714651758
727749427318886401
2369233345
2334633194
778916437
2863259475
275837260
796792574
345180053
292898176
714673924592762880
53371954
19822909
36689504
22837004
745684869116624897
746675037831307264
123411969
26369152
252839517
4828013916
4092379467
16980455
747144263431921664
776408594
372552063
3003570179
593919531
727514707129565184
3072239888
747152179207634945
747016832956104704
990627116
2438867440
20954356
746918671453302784
466992330
3327155022
4060831516
2183577439
707374707801071616
737027388169695232
57174187
3771751648
191914406
994243442
365891102
448142012
396706815
189967523
1013986122
29974662
710793040714031104
2353508762
1700105492
743167075712008192
291249899
22066415
3303227203
745635016118415360
745542306883735553
601545664
739481073302700035
3361444212
741892129547517952
21954033
119323247
742434708563329024
398239057
724615658042847232
2861352118
60972923
394647302
381666934
179977866
613588387
442976787
223968697
735594241561403392
2990709638
59849033
26346508
24241278
475768360
2437816520
297271510
738668414269575168
2797362926
4639809195
1648909074
19607639
17217502
743731706780221440
740140069
24259655
820596079
331230978
272135343
1433427858
2496032305
2161107656
338298739
743428739879608320
3854038335
171868146
1097852275
1655052980
15664960
2659696782
22807017
743216971559407616
169686820
23441725
4803636809
4334175917
3207019157
742873183766892546
1143371911
727638049446875136
421616276
740548471829237760
62048968
714617914532503552
173908484
1683533647
1468333339
2286862575
1009506132
1072940611
4835062336
235694697
117104543
717879977241391104
741782325910867968
1265898421
15689824
1135666861
3785297354
15726120
2533783604
437911286
741349046720286720
737717173754290176
2267700079
742015413324795905
16842734
734933729328517121
845687880
1608321360
24247106
34391224
49031157
298900294
516030483
740982726015242240
15872716
714562596070952960
740790803015012352
1732904028
740848382009352192
2226757925
3287916110
1932816230
737758598508335104
740436212641595392
727307313120313348
2721239289
700691008586018816
3242296689
1658846071
34491026
48284677
877308955
21955533
739541072477462529
713738884543197187
361544166
281055314
74419021
35354684
1453177374
1398194666
737697930954543105
64097294
860687102
26564529
739075869960994816
48799906
2742312210
739033322790211584
186547776
22142419
139275065
2779059773
728634258806460417
4554876920
137525581
21356559
1352250620
213165537
3309139560
3908374465
25855350
3307295642
2429612832
249761195
726616624527212546
4415730987
240790026
188163864
462132518
1328206963
16076748
4639554313
41104604
155986770
429521868
484399952
527900953
20655577
706317600024702978
302991001
734541515385655297
2485572043
4899610029
4281574153
2471494160
712267810123161600
427679559
556340189
736249556111884288
708830884300873730
3019627560
735670246003113984
16028985
737104467502321664
3333134069
851695430
34796626
4498636876
726872852968931328
735928851642060800
20853339
3229058694
276763613
17849506
2331069590
2889924959
987521630
4877307658
4416100286
3024658569
327561051
910233571
517509150
709179924364533760
733936412689498114
39039284
34662470
251216095
179703126
30304668
350753312
326119975
22994201
1226659244
1151957101
217286126
807735793
3914425845
51522136
44947688
54042025
809300192
38333667
734876202834526208
2661849196
736150173664063488
4902377362
1934770050
185723734
4788660803
15639551
735708044349181952
734789063064969217
735327341866541056
726202801299161089
11395432
111633074
333837166
321774180
495454106
54314181
45832693
2353525316
3165245613
55310956
4254904636
1604640828
114043423
18305815
242602560
104459389
76639716
392047970
58973631
140892845
18785467
2781863338
718375439367028737
358277172
1508717120
792119786
405561109
716718250164232192
218277895
734414987809202176
3850427354
459318043
733574553289400320
4259652328
216385540
2865195298
820275259
525022850
720384043016200192
423977954
128429068
2850990795
280592005
977350004
4584282501
4891816114
1539564943
177051928
253840687
733431127361228800
3092563997
2640582588
733003796700377088
722278380083654660
3592477283
2704863679
483272505
2283920237
2336977752
3385951406
4429049128
2418098766
3283517792
4854822338
65200710
619530166
1305818593
4675757580
3826487842
2189130356
715445893810368512
2316494594
45079860
724373946561232896
704124670602256384
2338340929
38311676
710908819799416833
25091906
726609547159183361
2783484649
550253258
724523204484583425
251153944
730597871456653312
723666374
2508827207
35253573
253682518
730614307587653633
705865207718023168
5744772
33416297
1074436872
753318572
731121642600960000
32615739
3317268426
629414388
184213254
464266828
111690672
707682477100376065
24279842
2373857028
242658172
717368565498773504
382268135
1584367615
30790364
4877442046
532512001
723980285650571265
545474475
105659489
191237433
3070366039
730472680143630337
732702397
728714930430451712
4416768012
418295259
717548434308222977
730185838546423808
14283992
277810122
28509580
1952905440
282311572
717729644867260417
719478867287764992
273195004
146644080
4706615712
726604502082572292
706289747732406272
729621610915733504
720446894397333505
4925828339
705204465930887168
729195798941020160
53158947
3009487417
27934012
59580931
6013272
164554364
707608113562554368
715037567289262080
262705531
729115623704436737
19291706
724773643222306816
14746731
704967105402114048
23483073
2826806322
716972670571716609
259850890
728263081034285056
409687742
2279225400
703637991168737282
704469311339962369
79877260
4375581807
728263775275618304
549742082
3302596910
725668283190534144
593959216
2276703510
14670431
726947932646166528
21495530
636652493
38225778
310498368
101756062
715341308940910596
1082086088
2382321121
30500021
1250988330
211956557
1119245714
814515079
710566593491640320
725460838178500612
712790294564102148
259420367
2814132798
4892056035
4895009092
3190388565
2227025612
28785672
726631306730213376
724942204486189057
722847600945180675
725740171099004929
765282698
17569982
726355733370028032
723636756449505284
724131333522509824
726135971788378112
53502841
589448567
715704555565088768
223688082
50889813
160310194
2505084745
740600552
720466281300930561
720805498270814210
40297020
2430341433
586995969
725417745957851136
393771226
725294412151009280
326021185
725154675062755328
704144739822600192
711586604729638913
725128930764660736
254633632
4870859956
720643844015005696
4732288278
222727342
30231573
719472023915732992
706954193
25920303
42657110
717336516440285184
166350245
632284182
724242306820386816
705680814265102336
3138553615
1494070861
27727001
780269431
724335691291746310
720796341308362752
190709405
4862071938
41547329
105934527
25037512
3126409376
241368198
3179207340
390914510
95763291
1342105741
723135574714929152
134495951
3810791594
22723900
587758722
28201999
3099950064
723821393691959296
96399170
25822421
723176638163378178
3647060906
789755286
4919240754
637305972
722886915003777025
4838626709
722820528361336832
1888217911
433362653
773145516
14188122
41380697
58896487
4816128388
52775857
144907880
3455796672
3431718874
3880198877
713810463545561088
516039939
723116801123557376
562595617
118048366
35131713
4924437246
420386688
20851078
722799641809408002
2772258532
141237418
278315777
21944257
2226615308
23246458
2669717348
32997592
15288889
18998291
22694007
1270756538
719123763451666432
113243806
195510109
3266623945
85881268
3785182873
704462873280454656
125122422
328045189
722145227235008513
205115536
762143792
1123137259
48599652
1025187769
22424013
2665614127
2699514037
2442313279
705428448618156032
3104990163
44320262
712786914273660928
269771160
42772972
3698603481
116416014
16721452
398696201
316614080
241583780
1330157610
100949009
4795323917
584425848
513750116
405001128
961710014
721921896950837251
3179493427
3092183583
2344055185
721856133166665728
705050495442939904
2736039738
3963492493
251341054
266326338
26184882
485423388
143663678
4644673002
718947164399935488
606823151
1493962580
4790585689
775474824
712852680000073728
177331028
709795327830659072
711385356491423745
23098409
48911858
710316352326787074
2380804931
2823017921
1624046510
16300160
708719437222903808
65401126
1648639159
21573816
311513161
180897456
2230230264
18585570
711152702332542976
720770789398556672
719485348930306048
602154566
253531716
235231110
720672555263225856
25564023
110803365
489813989
533723190
717801608822829058
22583583
3247344656
720387818892238848
720379653827858433
1604464490
2488436060
1444234416
4395588801
4786166382
720054910184787968
3127684716
18906075
465878909
710722953806159872
1477241472
719699968362168320
28654816
18533533
233291124
706990010042601473
3275774646
3033123912
2904465844
60903033
707980362169905152
710643313267716096
385741477
391785748
314613453
24972394
700745123471097860
1568656350
2927222132
17684104
3386886616
61528657
702369788
3854647334
4662575473
3093469395
4821515421
3814387102
718940929583763456
468900571
16711026
313950755
3412703152
15694498
718642506477412352
712109096351113216
266945066
330472602
718390743392514048
711720714148167681
1416898591
1967317399
318568656
3406269597
708009857958486016
50458131
216482868
108813540
4852896717
176831605
14426293
3269554988
42261611
718209406266019840
48719150
25335245
386258998
3237109164
72750421
20637214
1466184158
325102575
10200152
717734166230540290
200571682
153567874
714419097262538752
2216532829
390594704
3160268393
1276230601
117450444
298997025
913033651
4540076776
81329305
717297256219734016
42362189
74257101
314205406
410165994
254818045
717128264326713344
705309332867420160
2560843344
4785292626
102229584
18992938
4870766967
18775094
714630812042440704
714308213777297408
714742077419098113
599857189
716801709872316417
918833971
1592246006
540472551
716324380746334208
81329146
3664920377
716665842037956609
714720425801084930
243444413
3140775722
620473700
2590382024
4750874478
113368891
62879222
457743272
701996271054274562
183958809
706323837843996672
497181988
2477966574
453321264
331756025
125935401
2432221788
707965004771942400
4902016168
2165395147
17164121
289118612
634676291
601065065
546204587
715770511389757440
23608092
400188508
900091915
2633073940
2758473848
714973048185552897
712437535969058817
20364178
51259550
116048117
1566650000
469732090
1873539488
33009404
181278090
580312540
714870226693857281
166878094
3429352367
1278144450
711712964584169472
715346807639973892
923964859
715193129775837188
4764953297
38465698
712354584317009920
715143896418754565
711026018048286722
3920426061
713024604
713271014654758913
701870457213947904
18543858
516524370
21914960
163194830
710624403088756736
40104651
247378337
37549249
1288954652
3142839960
556834844
50401649
708309848
976570982
4502394614
707292879455019008
3463241362
301055281
3676682663
2560643515
198202008
712364895174430721
211408235
242597627
15035209
713405678329659392
4926310961
476315898
11805842
3072928644
713712051441434624
2871899817
3024410127
396148023
3241924811
2930060695
713475763035439104
4578050474
4910014602
943764008
4870478255
713342534945226753
702293044436062208
3392089679
147645146
2996772688
2593708296
3266526978
2801229139
325329131
707706265665843200
227010728
4434806534
2934009661
712410457253007360
291774022
851963809
1605065198
34901677
232330159
1702731
712809496557527040
1450917138
2756388564
2248472686
615376453
49388157
426578718
710247944935464960
422270949
3395388867
724878049
30931779
3550139055
2834406335
4097985741
711639772809269248
4827926451
2215185970
704203035157917696
3223914997
709406894905958400
17344350
400352771
1421458982
843863647
22997050
16074930
711985199328980992
3321287393
1244408377
4855345087
709453315474636802
4597501515
3321386251
77529321
363199891
17258301
788672802
2326576213
407574944
1965905755
711454551505707008
1641936583
1067914628
4795576418
343535198
711223009583890433
18298094
706216585535623172
845893680
4884052944
15920551
710831372072460289
4065475151
4919350494
16635063
3098115975
705240111751917569
705155575135342592
709630596591587328
4541726055
4813986674
709772349281710080
507808516
709781575714471936
710264678686048260
710285573403967488
868672483
4483991439
710244184876167168
709776957110489088
514009705
25207598
700668200204173312
4876296974
4865738085
2232082086
4288541004
74551370
709545797189308418
1948239253
4884249002
709248442564882434
67185626
1584645799
255730745
3010794575
32199461
612832554
2181626861
709484084347555840
526840862
2931977180
2818565778
2464829496
2463604928
1684930806
561648188
35370013
708465701493678080
543331182
20729032
706706552363745280
862285910
701552274766606338
706834154818633729
41915959
551239859
3312840571
700723240793088001
161511153
707291191100837889
24103596
4899713340
263455809
708484229928259584
396124389
2491964094
707972248662052865
925795734
620647366
79498350
4651872016
707939598182133761
32213400
558093419
137354145
226835460
706788167542710276
37308433
16672662
4871954015
703262033727365120
68389203
48520727
3039929661
702779991717597185
706926455452803072
707479069777121280
707385966109925376
4717388119
2368263690
296068607
196464715
1714431205
754135908
116960062
56107664
355690109
49379886
74211907
436071689
63160617
54496494
3285188035
706342982438539265
252353889
705192336007913472
4877191041
2732944034
705509322856468480
1270101109
4881156076
700624438631354369
4877208435
4857836983
253344989
1918740636
4904668651
3375005620
702285862550183936
706218335910756352
706547966652358656
4809377493
3953695528
88083375
37209193
705856683524796416
706121500286279680
220266778
700850673504522240
702769113970573312
1964212758
328116698
3949895836
31652154
704519691075608576
442911245
764051809
1594151528
61609932
705490678516731904
704779209886048257
4019528908
228996011
2863726441
70482818
913641626
1548714900
702430706354536448
195644877
3056105255
997682274
2298059693
704525302584774656
2785853141
1075070737
21440866
703983715
705140502648193024
858646280
703945034240909312
1246654724
2784552558
133946836
4675697964
607622157
704117675455188992
3761572816
3987161712
4831721343
822411577
134594804
229518601
704405244147474432
704178753526587392
14658125
3131384871
702106658529480704
4307728829
2861426208
37131103
329443994
16215350
704388331417821184
410794657
1500428564
1642031857
4893750558
93583928
25377285
4305471562
1190665808
308929255
4917092018
1276312562
138409823
260977202
273323162
2998943975
19548754
579211919
533469077
2849886237
243001984
4188375983
4164210783
931908926
3344387495
2754041669
2735569132
703216496927969285
2650797529
77492135
34177207
4815569620
702562307772182528
580130219
116097393
93111391
4810361713
2965284615
702459221481099264
49948272
716813053
702656366498881536
702230557426642944
907186650
702261605703294976
1069714362
3174934312
232080325
370882820
4835114506
292684762
697541390646054912
2907150081
702321541170659329
1534946197
3305129913
19463681
22819351
95094652
4832547861
543452426
574166517
860040836
1928290020
2353974979
700696813360132096
482479863
19802846
1442432402
61104689
259252751
4354153941
2349248348
2862682151
2290340035
16700510
700901479314378752
4375340420
2579540932
20576571
123429890
3308535203
3315367836
701133859547541504
47467614
4914417584
159608463
700709464236642304
4159203832
268279558
1883984136
4050324312
16381764
392257203
4843858336
4186055539
4727447810
18778653
516659392
4056151539
4831215383
700648248327819264
4491450328
324042503
4874896845
4122277847
3918296714
3011387147
4924873087
15488528
1735969045
320821564
131607057
4905386009
2493013459
4182358696
4850192153
4817772331
194301585
166022780
3224685271
4896655559
16640037
4909991121
32487224
1639395961
240073748
77329593
4922275353
4850194474
27279989
32703561
490401229
385503897
76370519
1422241538
319946181
2991380194
2922173583
4915169428
1219826995
18586848
3219585636
105914164
3951605835
19808920
237579250
3679704142
698723477545562112
63527064
2853370361
3919901952
65947064
384880126
705564782
43264119
3318208598
2999017263
200697773
1365055212
18286742
33713084
4875126257
3509458035
4900930268
860530914
28412804
23860507
4885148617
4121272901
319654586
1381088924
3030768819
1228651723
3818620154
820182493
362074693
4894095909
33596934
68219213
2492097511
1574053800
1639114092
315390973
2952571752
4893031932
4794182534
4647876373
2419624497
2893920983
3020137681
3071500052
264931947
3305406949
297191567
24740260
1146111768
3091152081
68430259
286840556
3323123031
488911358
4800796580
21027387
972826051
4621651163
4886131979
1261956450
256295544
1016588101
181309290
748264116
469845522
4870747124
2274942961
2341358222
286680865
2865992597
322874617
694609455133147136
931391137
3303593718
354523574
4311393022
206844298
4650885269
3286128054
85760479
2802755089
4721679323
104290832
4882158634
4860215351
4283343199
63144098
1869575251
47718761
19308529
2926851022
1442476447
3107542521
4770829069
17686959
23803056
73590537
4859848251
4861381885
3440917935
4828283970
4140138012
4187621474
900775260
3873467952
3150434708
4585971972
4652472672
3151702404
2396738862
144402222
2275042470
4863446482
4729801216
2495637565
4873498096
259500938
4602469394
344607118
16719435
2243081065
34341362
850633633
2785095528
841903070
4512568575
4248482201
378313572
4533149723
4629149053
4554668843
4868345871
4512291136
4160072541
4512949577
3306038743
1945672148
2241464430
425322092
1188033770
4726851312
1075939369
4838409901
3806587582
1328046631
1289801750
1963072106
203765012
751976443
17048323
3489919214
4149690013
2455252141
4391031732
597697965
4827770160
4606946533
456031911
20681628
22250215
50398239
4845592611
270528803
184316405
3150098774
17472418
4434221542
2421047521
342460234
1924395420
4512495436
2840915387
1895557992
3247155566
2400901568
4748281049
32242327
3312349380
33684165
4850097844
29509060
1005186638
2937516482
862131258
894292836
2943065289
19038210
491615493
1020626144
3907341980
36713347
19052834
874846453
329159493
188909540
4330910969
22064255
1049586888
28058517
24675772
1246900826
4752642852
3783811033
22331129
555673822
70279623
355152744
4835524413
4741753934
2827479370
4756861092
180058006
3113203775
4639014120
2378003013
2196774139
15588500
901802455
28722984
39800188
1941136946
2897715325
1885129123
2591867222
59702598
4579781073
836232336
174935459
2489886325
4739088137
21868866
4187444843
4311974363
16168401
2889638385
875022170
73050826
4825402078
1390186333
14990794
4758613542
4774320134
32626943
444159847
60297891
15315204
24402513
3007851335
4175155288
4702245870
511522177
16683842
311188381
2712702987
748761679
4432280356
977867838
3103213542
2280037440
3222432010
45075781
16351724
2354883653
3320557224
4732116914
1072478329
3249374986
401618462
66357168
28926547
4509383847
1329321326
3851520374
3320933284
1941290466
595544963
3234231631
2667470454
387707281
382370203
348666133
4711278955
308376446
32774989
770759270
195829353
2565489511
2782805711
121993840
4695071928
1513958744
3424410933
3429205642
21025381
883421593
527191138
4687199330
4476084275
2218730778
864896366
22873947
4431349940
4450169735
4675190990
3082986275
238648688
4547377520
619383479
1421631721
4266518721
991634754
4634387732
416322035
1203124412
30657398
4504922795
2601873347
2167340796
4614431655
4123079112
4250109912
3398770055
26919151
2940082693
4416452541
145443212
4176516076
1544592642
2964974777
2414913756
18082945
926850788
3818016622
4159460854
3179111985
1633711453
276842152
3006487744
244740120
1003669872
552527556
2360448613
3167183369
31403779
3082892500
8151532
1429143901
4499515287
3169035458
3683113160
390103810
4388956881
33545336
1074278209
2975586611
766547376
4203449713
3170437492
994453866
32168059
4469773454
3954166400
4440401433
3347602540
2969992499
4221857565
2942281014
4422418234
3926052804
4499264894
3273997009
13786542
25416225
4353841283
4070523375
2163252930
4150562668
4364303961
3389902924
3937406714
4327242015
17243913
3321000445
207136719
3286777436
3764885665
18382184
24733117
3296379168
66861465
1291868311
4179860842
78900018
4259423111
2427827743
1352623212
905145907
1937078016
275714700
42072260
4266557290
637252620
24995562
435459729
3001981171
144715090
2446411267
4240921873
4003361968
3893210375
555814348
2389729930
4041208158
305680299
4226441652
4064084537
3045025599
288981065
2886412360
21909984
4220397492
3273059468
4289735084
4149949840
387162020
3271810374
2337136662
3041355094
176619668
2670772172
4147751584
37990581
3330295799
3123195255
82570125
2832449898
3135660532
2323065013
19512717
15551869
3095810571
555288041
3343850290
1129432213
992081976
4083661239
3145519942
2457340711
4105037540
20719345
612057704
2825610685
16146535
422181027
3426768574
3507173299
2752352107
2339929226
16444544
164732631
1570623740
21341221
18825344
107290835
230702488
58411846
30595712
3386851396
612797711
3412624564
436314047
3644280373
21798936
2861342687
1156761648
21043723
1870050456
3874161443
3509421138
2566124461
3890394437
3240422804
238501031
3859273932
30160168
16532762
3062364406
17172863
3390254459
143660061
3718748952
27320992
1199596897
81406248
3573336134
3406500304
3029326756
2244729336
3333395387
439610149
316192021
3752166915
38597673
316562158
2434294310
3297113140
2382962982
2374373018
257442872
2196201139
1606528160
15877452
56029699
159828286
21825193
19848466
3318666192
66914769
3784601953
1898324786
100838706
294991606
13352392
1108521060
3739987096
569487350
43261344
719001300
944568798
2574904722
38671143
2173646835
3150687218
785901414
16790797
116630205
3631569135
30626499
2573993016
3407740282
14870804
3743652503
611858501
3282242155
270717589
605939552
537837123
3508306399
1030495537
60327737
22699560
40601473
3379934837
15115280
415316986
3349433536
1184544560
196377526
2841747221
591297698
25280695
2359028480
2618486504
2453540430
902017986
3241763179
232966858
114474262
3224393706
2811873666
3495163886
47630337
3438178757
362094371
586853452
25474293
2183715312
285434613
207141071
22454663
3164513660
3318824580
551522917
1593723908
3415939710
3496662436
7829912
366498596
1069949766
3413092359
14997156
812953368
461898599
1121150029
207609111
872332808
3363970463
3240714470
3305387701
403932208
453034441
53503202
464240007
451745160
3150777746
3309654696
168838692
20951040
26070572
31601858
2560148358
3404704222
32260931
3291670195
3087391632
2377977842
82649553
1278973044
1019735209
328225741
49021031
3251305226
183753455
30758317
18220818
3091521770
1909087813
2546690178
107727858
447552068
519728191
3237255511
16392181
543780273
849169945
1934787661
146160591
87957969
3288794432
17159787
3111889034
3217694460
365706281
19088288
3156235015
113349253
21705181
1361978082
3232721801
16177387
621893
2180939131
3080002270
15235948
2488405086
32632622
74452613
2934573227
41398787
15836048
2660921694
253006358
126742472
14416521
2546184977
2322094944
2308107824
2305710050
2310757273
2277098934
273260311
20187037
128763392
314027977
497616468
16022682
373608135
52816681
24963491
131373007
130660809
65283936
40683409
