202814670
795189212
38450727
1086656658
806010806
737825461372260356
19164958
756668572370436096
37271689
3958240768
760864021574672384
2329283396
2660353106
736989573201301504
771538069723885573
157034798
740483180
760532695831150594
739530187176579072
27799202
923966221
733726044964917248
2903671648
2814256422
177806444
4892095814
16206579
736389195128659969
740209614700978178
4031486674
3421294156
741726814847045632
3589003512
2902585625
710566737566011392
3498448812
4850814035
3097169659
4214216901
772305114518343680
4338733993
1482947839
827214126
3290144148
2583822708
500410336
860746436
23112668
1591958660
4257518894
4708379511
705333567543504896
4334047641
426999530
21901503
164068862
21656717
3481965513
704812869393768450
4251675913
3110905846
3416153772
4190671941
1585840519
2911130432
4955031
2517972111
754884880996020225
771563389835358208
928517034
908992992
740577642387111936
717795762734649344
4823125006
3201128189
457820209
704034081898668032
749697466526674944
2841481948
4616697135
239456994
715043644332511232
768115406355636224
286611915
18315727
3310185230
932795072
578525346
313024334
747598831219523585
702137640875745280
3130728035
1246856551
2716292122
360723409
156539760
25427075
737420000043139072
754738803655348224
760909348726050816
747774740786339841
709560652084420608
239903519
588812513
110946085
2395126124
2459199644
3365763915
1097105120
1674689766
727638640449323008
752559207371550720
2771503019
705226118475997184
4203328779
944145019
88845750
32671625
732844686675742720
723193361817948160
720008230412410885
2561941926
275276082
325706016
3502389073
1104213572
2383128412
900355423
717090992751386624
218156967
732816781719539713
1661179616
4511824092
743181738801762308
3274781244
2376185485
3518486666
728177954711179264
707753739835211776
3297018338
3248003890
24518857
726511133872398336
4448516360
436360631
705589496
1972076252
32956032
762945098233425920
185635130
2241717492
248774454
3419185332
52598696
4304419334
733370906
767102646977073155
2719556213
609901685
95276763
1636426147
1674733298
2870832550
764326486849400832
3319494386
760086515057688580
100006314
2511511747
3252428891
2272092822
712391107439665152
743311013747920897
3050203038
788289768
2471296465
1702977666
2779517050
57579677
2655965371
4719018701
464133380
3716932994
3129053406
752016452
741353028582674433
550593719
115681686
712858070553112576
747621881306554368
379184680
3675840432
4437422413
3413472017
2882331822
727651278369656832
747499671161999360
2442901376
2911039074
46190093
524176313
915627487
555552968
702174406739685377
2369640619
766013495540379653
133900256
26487878
4806311422
381108914
19587302
2398095708
16671007
287409069
713008254373076992
3092154496
1155742220
31484244
733902785746370560
765374873086537728
756875338920013824
49709066
41411153
45637919
32230036
706019471098454016
298235383
4854732196
2719803561
2883533651
31603691
63231294
1679672113
92130185
2352034502
29370878
442426470
538711270
3580248555
3445648231
733310629575053313
3387188439
2692843108
753751576632627200
764556589311209472
16389986
4053477192
14400622
3320712379
708522042
2759212766
30215625
443924415
731194331189612544
122194792
2553941234
49372625
226177037
764011790174826496
763718045227507712
2814308774
760373044942479360
615856377
3321777673
1150914516
2570631118
20942763
36048950
3990358228
722522551331774464
621162806
712790533660352512
751563014814494722
2294762225
764079229176803328
322903796
4912676113
710189447447318528
21467204
703893401071067136
705558687310487552
362045689
478311835
2302413002
55028345
364844072
717484315198808068
1589277116
19796574
759043134751813632
900431706
800582840
374990131
2693576557
757997840874385408
710903460934254592
732840019551981568
604533524
719252405007687680
705103739225509888
637279645
553771357
77012250
896601648
4711495993
732063030826033152
732874391978184704
524943970
3134005926
192308563
709443247463120896
3096892435
206334791
2319837278
738802573843406848
26652733
704474371105009664
739852455739957253
44382195
755261631135899648
718834655441657858
77672278
2891614240
431102563
757776984256618496
3750897171
709427251826315264
388441407
788571666
2886648994
722547659215515649
413430640
441063307
2382829512
4533072494
2581758266
752833394543910912
2398047932
4837004436
181249422
58691526
835666784
55994774
4881074567
3468586467
2177851198
874689018
4840342132
4617534860
33170847
4902189912
4862773240
146408874
72242356
49136127
747928588821925888
761695910455832576
24935003
31267020
2357142594
4881961749
3950586455
3866498956
731096299068657664
1871926728
100902246
2341462998
381555566
4130968888
1041079664
709776633243242496
732681446444433408
711634477336829952
3314529347
4786763677
2169252246
743548706658598912
23634082
3115898899
460848476
732068938821951488
756542834564554753
3400459347
1717464030
244826844
878439888
4781725161
3192506298
134317134
741559720914391040
724665038401863680
99859136
4693602139
2753220014
739907278153781248
252310328
144265513
216498790
460037495
909429824
4036201153
33590667
1610810670
1627096298
178527524
4531984273
2719059105
3435940588
397009862
17456691
4553803392
2853748789
1686370159
109960811
3411140663
279167748
264564707
18780750
634686904
4364549596
187749810
1365133898
753643682423799808
110855805
2232536197
845690522
14565490
2278175328
3424711689
741289824095633409
703803520869269504
897841765
29096733
24033160
415862154
565078449
2845849081
2971383838
394274636
712345632753762305
54226583
494366371
4851276082
20218885
1360271748
734192410264096768
956688378
2781010250
704461995643375617
4218156466
2849954968
23554293
3019066734
3242188868
728653876489035776
37311844
81276157
2906473932
2874346049
772505262
3837213803
3023863007
115115761
69436228
292929271
738340076472651776
3082672136
4438224552
738856920937861120
101639373
227410667
49102516
754621924492193792
33529092
759141813378703360
103066878
749655054651518976
705165476305833984
756885136877191168
732367518728224769
3358911393
3990577513
739633754327547904
3711628096
757579846058930176
3255069311
705187763482726401
3578091555
239760871
22530860
732051859666411520
714176028508364805
1334682522
733925852224720898
3961519173
707372112693043200
74672763
58019272
2759516776
3337133659
739615325604487169
737134408877105153
1520883330
4775468293
361275163
35651297
24516301
543483455
3274720530
704148055600209920
733421930712162306
421482987
758205122291916800
755768562514595840
3292334036
69786575
898524019
31434130
706723623885668352
747582567910539264
3349598134
21634278
147248694
301992377
728296633411108865
715199755811471361
112263116
732837307724791808
247403299
711019979504807936
281614756
2713177031
1476107802
19637012
3433573822
261652898
3289072994
1956750764
376154082
706105772048908288
740756939647377408
3441165682
219803781
706389399785705474
2473080032
3528734117
54769979
628478237
2746715058
717975540368482304
228051072
719174272866869248
4363918698
4643849327
754827390858080256
755922296016146432
756974026413731840
2263401092
724286729667137536
73587082
3031605000
2546562188
3153844428
242446038
3239853627
3077928739
2975730949
4064981488
466144416
61804416
1162122936
1606645344
750371862220115969
741639849518632964
1669004300
123134034
723915134754820097
1368441913
744365798253268992
730865908575576064
1376536760
4849216694
299239037
29118781
86868062
393190233
921994520
2198812885
3053470077
733910791838007296
703674708374323200
1722244381
3185488506
735524232948486145
260527870
578739969
4914539795
3086189976
531487234
4875427757
811415900
1101685902
92897928
875627605
2828116835
739674148696424449
4728142435
18635250
108298140
732518992934404096
2565303782
874606098
745866908
885794358
343087091
49118430
323499989
31579226
3763644089
16495811
4175550795
27541864
58092398
2799995538
28816576
36008885
703832021957619712
3679543701
3885721520
1947900744
711355959608614912
31381784
2393057683
44542844
744961807014592516
744954810990997504
707295246044889088
2980186012
282741821
414494078
2379135360
2864750405
108475786
3361775416
2162637748
3220937827
3410689588
805092764
286349282
726434071476207616
72426152
411380833
4825856765
751896280021032964
811407888
27897429
232982837
705914860882628608
2426781572
3023037872
31070593
4886285983
742351669564952576
4518641069
740757346520059905
94607882
3685459885
264627904
2321891941
315477574
3410891445
3282704666
4291655293
341774278
1911934261
20844257
424304513
725739195751264256
4452612260
2730372033
529773715
28273116
4397652557
4680614712
3947091915
748135412883988480
710553234654367744
3306237726
748935577513234433
85099597
2399910186
261587783
713472415125344257
2713658199
714575249128423424
751785980
14481746
720809762112335873
703740929333563392
1863840511
4551477141
189728052
751086522179395585
4448444059
4105765714
4488611353
733828747690811392
2878768800
1929677846
82929668
4463149992
727717202615521284
697096087551791104
931286316
2281128559
1623519344
1625965398
713580211732754432
746725110233600000
734142906538295297
311241090
4879397079
715538615376412672
746489074786000896
54159671
733815024368525312
4054001539
722481281653673984
725514422609928192
748950143295250432
3507100335
3158642347
181467403
3022709626
3253946096
19031426
725971821716070400
741022410753904640
723755566078664706
1055080110
44617711
3672584544
951008132
3766303583
737968267088662528
603037450
3050363055
735264957382549504
57143767
2925812427
1909203684
4520336374
807201294
417517353
40991755
746778256288817153
30756849
4271306840
557372148
4255897218
703332665781575680
94818581
4272870988
963096582
748612264664698880
65414365
4224729994
2226722576
3886979833
513438857
726250849773621248
2429083328
2895293826
722676300926861312
270679712
2565881196
274891222
4838753877
44595784
716771509445009412
57603422
3298532682
742210028594028550
2749858280
1528216639
3034782866
2941503296
4788595063
3609952274
2352603978
4504185252
4910521152
707033823876354048
3377100196
747306675451789314
3921906322
25169797
732038115532083200
4530555202
711392915247923201
28135590
618520189
90570778
706734903824670720
4855687055
2223706189
2213777334
155718531
107161788
1497123636
259271655
222498057
18439997
3389073989
701848739313491972
2590343798
740228502864179200
207130902
740246364752203776
930575720
4214809154
742866562521128961
575094396
2185397125
2864076962
3687229034
705921327752806401
3516831555
4921372709
4323735923
550666618
20084570
4884255539
2612971414
745775205465923584
3257146604
1217383148
308520434
198739013
1970347927
2934243762
738949715224563713
719273408438083586
472722481
1599562578
247981000
258025056
2903158613
1152053072
4517951
240367875
3270559782
539530283
2175611053
4509866893
474142413
169067442
164322849
1408487016
743251927970910208
739891813381640192
524349790
730281908479897600
937704163
2828570932
713207568609488896
21002422
28534205
3041801485
820935110
905898240
1332367184
741075114503118848
733505984782467073
4821135339
81438287
206335804
5950272
821683694
726902335830560768
708227058393030656
284306695
732238553107693568
2315583427
2312902755
299945488
14547238
1216651544
74514114
3025921727
733093128018612224
18822612
2657176416
708989437074612224
735880227486715904
3159852925
373331421
725804046490161152
2822619188
3375422393
153966123
3028415961
1936536769
33224816
702352855651393536
705162283610017793
277184496
3503962453
3739426048
4449043152
351226763
414003816
2544340879
2353928462
740390198878441472
1854549038
2470520140
43778119
44227461
2502542696
732155598570196996
3044814820
740608995891744768
3309111666
3560087589
4681341252
263645353
702274294244442112
4729602404
3286910690
1551351144
3883481772
2163955110
1110503940
1495747434
4857949199
3951304403
4389666737
725881474252038144
4229724031
3315515508
742008140145778688
739891412515180548
2891003632
733031581
2730969312
794863622
3309880826
703990775223169025
3004315106
734099168143278080
2619593276
613567155
4029747432
35462142
298629655
166356798
30558223
876887677
188807646
1548975014
201694533
740579098783850496
4706652013
2485688150
4759103413
2456544185
4320996201
4564665231
732609491158585344
816058736
3308703357
4729571957
148531153
740339807415619584
812542670
4902276596
708605944683487233
3374462962
733139674756222980
724315967644295168
4640156534
719933766550958080
60800364
4134199684
889658149
4696541605
4364693417
3960331295
140283277
299113327
1712386268
223369047
2205198069
965175332
254225845
715977011408330753
235887538
891832680
130407836
4333492606
205644304
4795693398
584917194
2519705322
707968143361249280
3961381816
230526175
32687089
35622166
2369506560
714955981969498112
331890004
1339944438
715548600584048641
327094042
4909226006
627053327
1450670102
25477701
2740695534
198320129
1259574180
3320162235
738421809939415043
2567380872
4329338188
348715134
3069707196
2810850490
1395839550
3077426913
709907306255810560
4828841986
735733053792747520
4925664917
1564167697
708451237797236736
719657721184788480
709173531876134912
4311371968
3979623923
1859519149
211970994
752493806
497548528
62074197
19173608
3256944320
36831201
2494112058
711604246404317184
16822681
3022553751
1138721281
703335647398920192
4852459831
2904967574
2766496962
718517651954364417
23694207
730246307663618048
3087215919
704017048792268800
55312746
736799855549386752
737298327335751680
716865467235708928
913138123
1568492526
712049959273676800
3311361372
4332740714
4855473743
4851217989
4056675988
27943433
70707436
3464860760
706933411080830976
2965222533
795699914
620955813
702327830818988032
2849543985
4674714968
214162237
726533301796765696
450319311
268477981
1566572072
4763225023
3769782916
17980523
246578276
3499636752
735074605514260480
721135159475437568
18000767
847910245
860605975
714234573345931264
3876731894
735880030828388352
2487542743
2327706199
1894200770
584292429
62075094
4224003393
733825219417116672
755897108
126742095
702544945903611904
596591919
1339041386
713103325244227585
3407121619
825501626
261751772
31065730
52490379
714920195400269826
437026988
228582708
1128075277
328484372
709533913098485760
115381807
4679513822
732320147264831488
4700004686
88028261
2191516176
3279080143
2832071262
733754139705004034
706244489464123392
578180494
707413653537091585
702150725984358400
400270219
308860633
726174899044270084
2737667633
1958082043
2196275116
3709245494
865060466
279134171
97285407
3433022621
155653637
4828469940
710247867600887808
1135993442
708098284473204736
322879013
909448512
726646134374981633
19482284
4197876987
42834939
1107331129
4810747934
2530508293
1094197688
42946369
2970815432
4355797094
703405470195658753
710990834972233728
721960812223590401
385537554
4705335097
4880804956
1650913326
261035444
2576661460
4840526074
493353561
159122016
321545706
4195116076
25427532
703939788294852609
1707527090
3402935435
32611827
2916106687
16051808
2670951600
4236806414
1548183698
4498781714
1952374177
863889445
717905238837952512
36989700
712801965621821441
4872514721
4837575037
58346674
191088791
2887656388
707684817094221824
4054956380
706957320165654529
727793231052738561
701784218
4875661042
3943313901
3711842475
1596234775
4376571623
714531806796591104
725469308558663680
3717452056
38784723
2913088509
245750967
277517310
4624528576
44966078
3419080214
3110138593
1109949931
4697504730
722614536168202240
19031238
2858886167
701846710381891584
337217236
709099196649963521
4884052625
4508630900
84014340
81161321
1546426322
729291084753477634
51623734
3231974736
3286875199
54773913
716286508542652416
3148877797
1051767258
4549550499
707912830872199168
3461087537
4343200905
2926286928
191677608
152087549
21537009
591981595
32820439
724312332080271361
33435728
2805938612
2219159570
702918648927641600
728351136969723905
1539524610
4910378597
727921540122161152
725076888561979393
606507498
4847995936
753995659
588559501
39345210
709445066209808384
4819865003
726936092746743808
1888576038
302004290
59351766
4834050328
2293759616
4716481825
720967777134227457
713067566210490372
705444833779806208
720067283146506241
3364994806
2505849054
17010913
71124720
282428578
4613818034
705192824375869440
248878026
939190178
4917879990
711282611331731457
2712850585
725809806095859714
711942406682370048
718238996573372416
704672129686638592
719219730733772805
2910776820
2453605819
15201203
715053267299004416
713143138840403968
936148682
431243129
711379646319861760
4460771554
2596671277
118826447
2839133459
710550537444265985
708620519
4776253104
4479562812
725339511740194816
3138165577
3391185461
721466787284385792
40908168
3309812252
3054926405
2763418705
4887083588
458359776
717627639159128064
2571166136
49430334
13361922
22280891
4691189473
2812168862
1051557925
91237926
753466388
717354453490249730
719293977732579328
3308080873
1537114890
2511162391
4848049753
157851432
3222795979
712392667510870017
702528905169780736
3394684998
176853382
2238733568
606555644
2202371624
258831900
98911026
717554036510068736
708160999400951814
908203088
21939082
2368624716
576871755
133005157
2332702442
21060711
1614203108
200163987
932642034
1007990689
4751570748
3293195288
2918370511
2941051091
710560065279893504
3239570269
138651471
159770928
2907006339
4718047119
2939275648
2938076885
1358873161
705961747157397505
4859061670
4851587909
60467856
81602176
4726269672
256844923
3309169489
704361881994194946
76133672
34701889
851907139
4237222877
3190936736
416729595
40691581
15771644
3330331589
2507917171
720062844176363520
3224850985
703237820190580736
430118889
105295143
124371986
16077017
39003445
1020857448
2271813558
24525112
563997163
3590632753
707456010802339841
4360221673
4615814789
711438517163859968
4735284493
1400943320
705441494698762240
18486002
20823571
711031138173587456
708838526121484288
291709775
18545481
4174527256
212543625
2887056466
702341203078070272
713756394722340864
4774933922
83682387
2693612778
705220613904818176
1541977680
715434754909163520
713070919913246720
1333314956
4659513317
703770759194386432
17148456
19941208
19264136
28740137
4058601063
79315567
711134658361044992
849906277
796100784
4358227407
153283018
2269542713
706601723067015171
1657924784
17794773
3995952972
718676299175313408
2746979823
2901421116
27671624
267839944
340030306
22093878
1051763821
712134697585922049
1472947130
2823918623
20826129
2950461581
3580385187
449265720
708697173689413632
46302096
700525145069395968
478157435
88440819
2736962849
2831146381
702628810483765249
470329248
2400468403
16974310
1281775789
363343129
3290543735
705809022021009408
4898940034
74152318
221475570
709196418733449216
4865218797
1092564877
4853224563
4738497264
51339157
40092310
2802646946
81329422
49090672
1546678166
3100576484
480500298
3386087038
3418980555
3587695159
69519762
4876162073
711073399569653760
48594205
533730815
1306331118
1289548934
3956041642
1928359148
703366237670084608
500805074
55910287
1551435109
3415716123
25314856
42224694
4495515442
704006510523904000
4855625836
3740513716
23522649
716588389898797056
228004532
4726128470
4800862086
3031838684
63192224
295169719
2329380516
34537611
700661366064095232
47900566
4707467188
777159012
1435725865
83277580
705448989030817792
4254108017
2834689912
98041471
761380526
33579552
717462007956418560
4854449571
44160060
443203590
709017407323385857
3081658941
4065725475
713642365634875392
4828236499
847770697
704026660367147009
1482825534
7108202
103082080
753579799
81329305
723306858
1351385318
23485848
89482310
714878737381101568
1206613706
4430503527
788117514
859125680
286832809
2242866050
553190985
1434161089
392899058
52209156
33981571
4249418631
2461538374
370826309
3538092137
16190478
715528218313404416
705103783047598080
4865017525
550987205
708846222916894720
501461662
4596353294
4437140779
4813881008
4872157347
604614336
710723351090626560
81329351
73648561
3882796933
1237288195
148891227
3311950933
2735511486
1049681827
713885792431509504
701233568962494464
24470535
705448286749126656
3104545022
2887465954
3744122597
2583335345
701202878162198528
3320545346
713873252003684352
390430596
2347931476
29747816
349445673
295350253
3951491722
163340416
4874685118
3310873058
2381523432
4861660360
922223384
2194635018
30974710
4340433312
3278820906
86974669
715205213355769858
4862761480
714262935665786880
4797681693
38751869
1416794803
585991295
714293117361516546
16692057
391035513
3685247237
2575706955
3103630328
707988049112621056
4890282926
1222880455
2996676051
4671191282
117180375
372436704
15501051
711719202147704837
845540941
271451962
41767885
831209202
16004747
711654736114507777
4019044937
327015920
1384919869
3649522392
346104472
4875977234
3260501408
70469858
4887900928
280254672
25195388
864313800
9953462
703655442681999361
4836929488
2732918125
714232216809828352
4556881220
757521332
189930094
417128612
2985114214
704720247224475649
4329049580
51967388
112331224
4867758857
379314159
378735981
255224112
703287290269822976
216234848
589867551
4502006294
3249321125
705374152446840832
3631816876
4584059913
34018596
1428878839
107808722
711119933992665089
4796707521
3998221213
3246358172
2353488238
4837315805
3288161629
488319821
32509625
2434391871
586308135
1363449445
421563060
701233079592075264
4856133020
3347181269
95266321
703407696809238528
37561369
261048107
4372832836
27430427
839200800
4102376488
702908163
276434562
3294627524
2236389363
713541501632970752
2362619492
324793493
711182420133978112
3685401075
67729222
1345371854
709208411825508353
121217779
4896469439
103605264
39666268
73842387
2186565000
2894256669
4852234294
284403480
4880513363
2421621042
229876384
4105815614
469855330
4822536123
441940470
703028343751450624
803856074
21481295
705245147726917633
708527874928586752
713027853583912960
3110360439
21571841
1725530989
15944272
711649223427563520
212319500
408219053
1536803004
2852457007
4735616514
4450283954
70292462
2940358785
2282350454
4786132700
3798810262
15752400
2748582465
708168355488731136
2978074878
703976689068544001
4614180852
707980992569413633
4872606291
525635864
533385520
3246106559
178734594
65455370
4165642155
1359973026
65977908
4466716993
4197645318
20428579
360681452
2844561834
4879338880
60667165
82921979
3135117009
1321241827
3272284375
4802634235
32401965
38933794
700760229051379713
3285647851
2828881283
3180571723
3710750492
705200172939108353
19341224
3229884629
215026196
1909350781
154555000
247124972
2740275841
920120467
3142081493
707994469778350081
118531736
30644500
709382776370405376
3291585326
3000410510
508321526
2956981377
1064802157
2650426551
19921268
2997677960
3308943338
2288723564
2369843809
31059685
4700376662
2883496247
4862398219
1618641848
44540754
4788963383
1287482665
2732885523
3302760739
3192644318
4165984775
4581136053
4761324133
1216737787
4848214065
406784853
703272875059499009
702633532313739264
218348332
4786138371
473704565
24358319
3946915763
27665506
226628296
3241596008
336638653
36490765
2867878271
965222330
4709573647
3266173884
3378502426
3433396077
3360841431
173119648
3296504462
2396953620
728869411
4584443975
525641456
581499659
923885029
3996960501
371573470
420855471
4744550834
160029972
15293839
3443117897
3354292601
158172217
289347542
702178604206178304
178830272
443304640
591092889
4282439188
3954667873
4913049794
705448037955592192
26851361
706114477369008128
551637176
4063285643
1613705742
20108678
3538563263
699118851221377025
4235632753
431917957
400161309
84960857
1640975034
2789007712
702291903673298944
3875674299
42306661
263962759
3294014750
191311509
2890037282
2366210331
269487992
2307271194
129629925
583872971
1596748964
71026275
2330755838
4404669132
1643029550
54052856
3995662453
2255620342
3343303213
3997346243
4453680687
322891515
503787634
3656965641
1408489530
318567770
557467330
2707406612
1670331420
2479977919
2339759474
1499413717
1569528030
705592728193802241
27759798
170488200
705606726045835266
34955929
3382396089
902319876
3292463759
4842151477
2171352211
391082534
3220318152
4855880189
636318753
4539515362
1956140774
88861017
3431560624
20118515
55418201
3279791720
4177257136
2218228559
1671746371
3274948224
4897859486
701239465134653440
713696966
86378821
108552921
3612731472
1665551456
1275386664
4879819876
700436622844628992
30514839
114275521
228350598
72458670
2163418209
44901486
82681900
835814966
182606087
2816395922
511293519
43018427
232023677
19786336
61245025
2412904026
51738464
36342324
4815572195
16476840
2661909744
3940228785
1720336338
42122579
3633611729
4645316474
4183085298
4916810671
2612075962
2875780737
4873800587
4761064634
3673471363
261749735
167305932
700454815311073280
3074452165
51293408
16989970
880048238
16848540
929430463
351065263
125550109
3473817435
4909663939
27742551
3051277161
2208095516
163242091
2339325163
19845077
3309846734
3307776386
624850881
4230129673
298012348
4499230282
1464560094
2323252804
18727347
697837126533128195
505049911
310083612
22555241
1949549204
1380642218
4826457585
4469322192
3046840980
3643283116
4855981534
3002000970
353989199
996080839
3223302006
4075582846
31694460
4860406902
4771618942
3052971212
3167384998
2793367408
2982807555
701285115574378496
348400598
4552434832
4153263555
34991028
1751840527
3589878313
538481859
4262087414
15950463
2534195028
30509149
4490517078
2913113243
611231642
4636491318
3518608815
760662103
403903630
1069289803
2945019208
1338765866
274263090
210958359
125109448
2305559156
554672034
74367054
2814371731
3040069319
4926984869
61953507
4835694429
3271255423
3060388144
2588663610
81342455
311654967
210978450
56449803
3426598513
4912125625
323998361
231636856
29054598
2984483826
14658125
16038334
384005220
4226879500
484383350
3728392753
4856770010
1257144211
2802845137
3314758074
34842246
814429434
1201800439
4529760329
23197119
3951302129
42751681
4864841777
3540252020
1092202778
2350097663
3493863496
2832590725
477379054
557779067
2386995228
3174127245
84719648
30492475
1882830804
3244275619
36494299
1024109838
3005762823
4647063256
383314897
4872227140
4267265183
3340321001
115833477
2746629183
1431910202
4866232888
1575689569
187513512
848058758
165145111
4862360833
154236193
4842778733
415175014
57810286
1064477876
4850843295
2575751606
4900301512
88550047
3130178253
3873587412
373403084
3385187872
272114651
3376083604
299205846
1232348810
4597457008
26278305
1591786351
3253132807
838760262
2871953978
4876239301
71807953
2383333961
443292333
4233350367
2346483576
3254222328
27695678
861224766
4559611528
3181032174
305547528
187782838
2937602114
1849938847
3401688225
437301407
701276282
4736054760
454443609
3712713857
250899240
4091173873
1129860534
4846905740
371515056
17327882
3285975517
28468473
4136117243
479156428
2312494016
2904475109
3332044263
3460567335
382728933
2785039742
78194344
1003088839
200797360
4852896498
2310928508
4422984375
4397021841
22936237
4061238689
3023267888
2410109210
3068913639
532846805
4639360597
2535507276
3948845963
3950955436
21810928
206897400
21610240
3033154947
143483210
4011800885
893437514
2203455899
91632753
4869448667
447715580
4821375853
3244962238
4011966035
1963788462
4827146067
4795359535
93308808
4662805095
1588962332
3808891033
787656782
4757624958
3022045469
3184471478
388602200
111331653
489555721
3385781962
919289756
3908344585
1424605753
3171817168
849862741
3312318367
778506216
2869532963
2676550971
929963226
22532718
1921950984
3227709091
4871372902
4196754560
4864637685
4756068029
22173790
4196436912
34349934
2683471818
4827770160
77888292
411626852
1830452112
4268991619
249377456
3928095387
4837973643
26368462
125700611
1937716140
104979795
25149623
49102176
52624631
3958672933
3976676854
2844598786
3079556765
3743560575
3383049855
2567146231
889024146
126848897
556118417
4821457353
4703700079
4513795767
406439640
329688749
4755945001
534617444
79219229
303892169
21680436
1255732694
325050129
2802596549
16485175
1125937411
224113132
2547467911
3141369019
3202368201
565873727
285902442
3863250088
1562937696
16606038
410806776
474602875
1366493156
3884598859
4010940072
2255199060
3622904116
2386059667
3379577483
193507567
4115479276
3771567196
1385840035
2482961406
34220819
1578981696
3226192205
430344855
3031923352
122825826
255645890
3836008983
4762464683
1597555874
863693749
1102507878
482654644
529548712
1895679738
1902314210
27463702
2712571328
26643566
4506050577
4687520726
1118102820
3277007060
230435960
2312929461
2703114008
2696294077
4252165509
567626521
4286853023
15117196
471062544
75376052
3713350762
366812553
2276936905
2302317949
2717648659
422033415
4544335296
621620724
3365026709
566858729
1603426538
3497865853
2935130012
3022817384
66592224
289256811
2184195506
3672630271
874572997
3438317523
240413628
4600412894
561058964
4345493055
4630000526
4616312615
3957234993
3228455198
619345580
24580009
282816421
29537136
36238065
729078128
3663579675
2319339266
281537076
65664359
2959160143
382308546
2789912442
3610264154
86816944
4600542014
49846705
499200273
3801047896
421991445
2903166449
130798456
491434290
291650241
4381232594
4326490694
3248410062
33810385
796600105
4510289232
2303180100
4166838933
4236684069
3376569867
54065567
2258525366
4433841208
3592440499
2421964502
470373325
1257600356
154550390
21604381
3281458244
125744688
3273770852
3494372979
16566876
860770044
39755667
930781704
3639087436
246983324
1193212386
3912172654
3033004077
1020500677
154994801
3871944913
479236813
946145268
1241952727
3317459430
2268034429
3089783026
2853443310
3637270755
3927922458
3644828835
3427099624
4249353974
158201879
2922109797
2266426682
3395412472
1732554619
84991214
3374494299
709426609
76538085
3276478106
846009488
3234108048
174618314
22984882
4235539840
17979245
449110269
614180472
529747739
15540107
3772913417
3047452899
3711159075
584236481
435115295
4054168392
12506222
77707387
3550845254
2223064093
3028284024
3331918745
70501107
3264454478
3743315472
205883446
14786545
876040219
2927088595
31479090
3417755386
26062385
1262150760
529902246
358518638
3883704833
3447710843
4068555673
232352841
2764770081
2932555556
3927572774
3983390404
4049136107
20652757
2771555113
3677742792
6124022
4043751910
3311054952
33572705
3633963442
874359080
296648994
3433043523
2947516651
283134336
3722147060
3231260629
24357823
3950930837
267122769
21857709
2258207612
29048085
21091983
3124986791
594233612
933529471
435509701
25100369
159097782
522757263
30337439
359511471
315441788
3306796634
8044752
1629947234
3309462744
30160168
1551661933
3687632843
3246563284
3730649772
3584534893
3291789259
3310636689
137820750
3013560148
326609155
3131586011
2295343929
382219862
3619698675
2168461388
2191453208
407279130
3645260053
56879246
117840571
503770496
3452894301
1370255653
865636782
193976920
3418078709
477042288
762014822
2912754262
18393661
530037351
539721796
3395964711
76514412
310580814
3164494321
387151655
833446135
3112061737
3527856132
3602545097
1911043860
29893075
2955949655
3300732625
2788588083
3214214153
3070752628
3351317901
3260501809
56749735
168238759
3559974862
3431115494
3277814538
142150016
17999637
959156798
851846845
3485309728
3446247807
3319661790
305852846
19419025
126977940
21631487
2178254815
3082399059
2900212270
515988975
3089040558
3282821233
1858754570
224704470
121770278
2369618739
3437556273
29335608
44655711
3430076993
1075460258
56725854
264463470
2604374739
1385892644
3220851492
332984833
3312840248
3396282117
1242107598
3165502039
2997645733
2952719616
3314304937
1027438579
466208875
2232445087
3420070653
3068102708
147022048
3082702335
29082715
21521500
378029485
89523865
29251012
3396448107
3310106389
305896294
1595364620
21908338
3409725095
18564543
610943786
279223008
96972239
860647490
1626294277
900787868
457448375
48187277
1115978809
906413485
60148911
3287525150
1312406258
3221071323
594701711
3215755065
2399701337
766446152
2823254724
593735572
2227061582
3154802944
40028472
17757005
274568441
3102999358
539363417
3147843252
22341769
891114542
1434635390
733920601
30524827
3064367365
1507248036
2326815733
57360176
115569945
38244366
2670376182
3059575263
2840785626
2980820634
795644138
790053906
553083993
860764812
176306447
116344653
51682281
458561075
3006962664
2280007795
709040768
410076442
47838954
405963037
2987788028
19489239
76525772
2211867912
36190992
613854649
2402536627
949539506
582988756
398171221
2921867796
299577881
406489223
2974544719
968152074
543685732
294892027
2838043924
2376955636
2894231110
2436191990
2911514910
1951373029
78827615
1948575956
2939519833
525090751
2886302948
2694454014
2877264243
2918177850
41634520
521119124
97912404
176540776
436750112
2268321580
2864812909
93637779
332906049
2899499519
2742155098
250017645
1252826672
24368816
39749418
591763961
1296620460
929419056
2660094344
1388031265
177584156
847854546
212670233
2167674121
272197257
892071500
111081551
34460094
2274110685
208083510
432294867
61608747
516385096
535964550
11673662
1142025800
21651982
379767285
27579091
1564676498
1563652556
137910021
2540143536
60910932
282695161
168262212
1873053276
255546135
530868031
2805541682
2828576991
2871289850
21044127
228558460
2556846498
1656413190
933693476
872607492
2815070698
22641024
253017963
26340571
875477887
2440699129
28677045
1110709273
8820652
26121933
44135635
863505618
2546871367
16663272
270636028
114114781
117631204
2459785070
556208923
305655577
1849087934
72743334
539217213
2497547833
31057963
38683649
182550591
19768990
88804443
855654883
2687738808
1957439592
23468661
885684950
210684204
17525171
43858228
18231666
388521433
2617624236
2615536688
1952328313
31351577
2631413487
21484891
179557775
18810387
19500176
22439218
2289118140
67267317
76192908
2507306831
373499448
794385745
139700232
370176212
2263599672
53111469
1498305564
2512732765
2541719725
1558202438
1452902414
204243897
326450140
387528421
318769859
2418781070
16072697
1024767978
2398587914
1645492662
2231995939
2504756919
582056406
287142039
703561088
2440582700
1277918286
1429180249
59687988
1855886287
2419555728
17322959
954124423
543798774
526632149
283443408
23668804
240794248
378216352
38212433
14465607
717012669
1143479904
58710467
241132841
127486569
2350446200
2371296115
44505738
535070510
174780445
1967274295
2165200033
48426362
1244645004
906620078
401168212
259489745
102219035
161615348
371026479
20605155
1891844088
326228723
254772975
2350912224
21435019
1169292122
885733974
2331612421
38589890
70156027
2192417166
360080281
624080892
711007148
316126656
331693829
246433797
18660028
21451770
1902635004
1493267851
375936022
89569373
917424517
2341133755
393439146
2155220057
1520627299
163024647
218074880
167060330
19102612
19993433
74247792
131221242
880756303
42135344
364251908
86177206
1558304270
1069137992
373728675
1250117214
36681617
565453455
1559863585
61880713
1149378091
553442966
324027766
391897915
22115384
176731899
109192303
622694152
1323198996
263358545
1465857446
525781567
25118864
26582786
32389958
268471590
2194660232
114891771
1246556053
1349888815
1704550544
166872834
2148771794
497264089
492991594
156424244
77197634
231295638
1862373380
733577641
1366631
266752257
223719518
545927599
169245808
47808357
715044396
1442872940
1618968458
90408018
274136152
1886667756
848205631
1090323415
2218407877
2276876538
1949347722
1173377658
907165158
431621212
2279589762
30096408
33079769
1043634536
270622340
406616566
38422859
88222637
1138036099
17233536
1135449900
15656004
2310866756
975217231
54391097
1234730809
26504239
1109620921
23269838
41280377
483766139
379962842
87789822
339135818
518898392
76030793
605962684
842637848
123300331
1305789096
878916812
545240167
2297934800
2299850839
1912914235
2293915237
1525441063
510409753
329839187
564947756
24915114
116545753
348240036
1046486106
1345554990
2257887422
1190898636
24586958
460910735
14412914
416696463
800751782
1350303332
986106360
19491594
16425672
54555594
788189719
707242468
1026980124
217634501
891629881
275186194
261008103
373693496
1088140784
39562794
2225273510
402654346
23039411
1924014294
1963520317
549593369
362006085
2229449275
2286541236
2231055553
2280127322
2280820153
29638891
2280893034
2289180866
2301745880
249288000
1955279197
1804829239
42126668
45363810
423876843
515597525
68131206
18902743
317246039
772653259
1148636574
1071444038
219423018
1096452331
1563954864
217523237
358270358
817712978
2301652219
288283415
1206615426
28480010
266536347
1199009539
1066165238
437991637
1419413276
525674712
45239177
430441399
745361514
790724838
115218307
83312898
250743117
149181677
183408798
938948774
341662073
623485541
55976150
16703058
206395751
184153602
800642714
17999966
317259082
484686708
338341096
1654465111
241972988
2196023400
1415594922
506533151
66265121
19747572
37357729
409424481
2252839610
33962024
373703200
27756007
62981355
539357234
860784084
400962072
1531791140
262398090
900670338
15377115
473495152
448547165
534801880
1431873422
1390452294
214130535
143323267
435667337
570816898
1000716252
196292489
1173836706
2237285317
780787512
1055488278
1902313020
1524857611
73986605
1356992605
179017806
27514343
1442853974
103594788
271532578
160699752
154759765
45920157
57039652
200551793
17540058
942868836
1173257592
2164763881
322967172
915594294
347627434
22099720
180039330
32420474
437993237
397748897
2196128686
2266150327
435958880
5644772
63604951
1029560786
28473012
28229726
1252799490
1288576813
15886750
758066780
74628767
201192680
588532665
308278122
151990447
39885951
158064102
129262829
247768783
137954423
356434482
635464700
218733638
264431973
30473526
19043568
7548732
16700729
795181796
1941345590
755958397
32896052
932957318
36832842
111225697
20709117
115753716
1151823614
36704371
19541129
754185648
29130296
280826651
245455157
32449327
165475312
51271991
18536028
913228118
556375787
49135957
769025252
28051416
1296182228
28465478
30113742
76311005
2181109645
1643303508
1656575946
23681268
525653834
1436047242
719517803
23060808
17886038
35246388
16155881
397666788
383409163
1317487885
2171717287
209484116
634114158
364509829
16261638
905167621
517039011
96476726
254615229
407955785
355630581
902559234
418867782
1096901059
627423111
454811069
34169185
22036878
19850687
1223623118
1694776988
990812887
196871565
1219144500
1910008788
2244115248
32497478
1165957686
580761076
26223821
519636541
27783848
807562164
30736021
17387589
595713196
20435808
221634221
224760049
65577676
82688699
21253575
21327035
25990183
72350324
21587082
273151261
1191492498
23946566
90895234
381032464
1432029667
2158712902
80631675
254193327
374229915
1736108306
15741261
614542515
77302539
1926507704
769971685
396020089
1355247529
25776509
618417237
1895015419
61008645
420694365
932163331
66034438
281685471
44186262
63032931
1950219302
19479214
444606293
379498878
23205346
48935222
254782844
33255309
26877247
547630392
84492035
65279376
327913057
1383230862
2226335882
50836292
485970643
35216399
272133104
38804737
93412074
23722910
357049620
49964679
1370016014
325770743
302877784
211281752
21447013
636383511
142015635
184460759
1147086920
805826575
575290073
61396565
89277004
1020304968
451194828
463423048
1035899312
612917683
141878237
239930426
374253930
17909913
352462668
68819317
368546958
789540770
104874562
221832107
309372887
120128474
19552528
209941571
298255236
845997336
1428519439
27789999
856195111
1146358172
935457662
2241119540
1665896462
234412567
630591565
457930636
25435864
24914494
1379501748
481588669
1280447552
2171723992
25899052
1302283879
316836681
1684560672
961486051
399479708
1947985681
262998922
963054774
95640443
520033038
1117237447
1460176746
190905427
545976640
48071354
403547251
562927744
912598626
144350248
88494677
264268489
211782456
15954803
65589378
1692555433
126467979
26251434
417451460
318417696
386551109
1581905761
592327138
358358638
1655392543
18610043
240076272
439437130
1220295594
48029066
463455531
737810892
565930491
466090255
81582751
344108179
853246909
342894187
1113344888
326308224
304061756
17192613
952112047
191052555
138388479
1020144608
45306829
731690714
267322485
1419210638
43975485
604486877
892111028
1258161890
370360922
18388588
1541390570
1012787599
336057404
325262946
264613274
234133968
313409554
18436016
18892099
946561712
808129783
862191060
1449308066
73027400
49696584
453558159
47714847
472280781
1928355998
20336516
328377475
756240828
38983620
818158974
260076391
327622578
106561599
348994961
33611715
276007114
2185280978
893338705
1247950627
267375047
2176225516
549223039
366819502
114342695
45031918
550684641
185065687
87862480
25534688
561654065
884304968
562323802
464245176
351262776
139974630
2173837322
112562263
213955284
109782727
636303971
573972193
1568675466
23195603
346924655
94712225
1291737787
1710753890
16151935
128486059
745591364
1408853089
263285930
16848688
46041097
15397465
223621270
222198864
336572372
1705395788
52559087
16557667
525630064
420504797
292590965
398919818
633899914
1401278492
165052611
55586264
26900055
36142470
155412799
247521851
174797155
31176510
1569381780
260920107
164766906
17018005
581464479
1146349951
15905092
417388541
19384480
138864371
446228264
228448495
736137199
857001662
18161620
1511863236
11102352
732980827
553224712
830010780
195092201
280634067
148030986
1878399134
212097279
91474307
1951376046
476149277
332226718
979328672
1125919046
129796804
557398067
885902718
570911869
187059363
1155465373
168485883
822232050
1656394184
70587127
562577357
1251812930
21081237
489009439
708080849
1010067534
1455296102
279461665
438492337
720841087
50913919
49072873
52606045
59461030
116642061
347702295
514152680
321044675
43147980
555307309
1005486031
312149882
242618658
116909103
829735580
34282709
16710420
80601437
239244397
221573322
427799256
49518404
21166399
17943171
45450902
33495086
547969112
426032891
403171779
16248319
161505415
30954730
28918971
89496720
329274990
347057474
1114477892
461262566
122096875
73774016
15399951
212302405
49098320
532285060
259562750
21752962
19515059
10207502
1639297261
18956073
1567203301
45641358
811726752
24222640
351361539
21424216
20897273
54294356
50094643
97963881
244187812
109441206
291941733
158060289
1392541374
275048401
21669254
534903573
16054300
535681746
2170799293
20148675
415798824
28696411
1065869268
1287018594
2150001522
332475259
577281559
207040407
571975662
1429583095
1643429198
403158152
41446355
2149286694
1923499999
15406238
1056588283
263471041
953991390
18124830
66951419
236037775
549389967
544709328
72882689
831864182
583490818
263351710
556070052
256553661
487513191
1944700459
336612514
1339546051
846133824
210735868
1426253114
107633302
121656624
83197153
23519000
104644390
428081159
361859989
343751586
420317582
