460187528
3596695759
2308139118
14134009
561357223
780240425324015616
921094284
39537040
783115314800238592
776760351698354176
2422718971
4924972103
722803345371439105
991938301
4332556761
701555403839045632
719594682293075968
4473394634
2473489375
774718370914545664
3147409276
3347274471
1720525188
75383973
252709784
347238322
703206141560385536
120592663
189768916
174995368
715962734475669505
1223405538
922399530
749601397
298365681
3045135076
103772491
3426153670
3796901241
2978475507
760276922949443584
3425715613
3422830061
239819947
4496161813
2821815703
12101862
4600721539
2470955946
6783362
94609328
760173241352740864
759733959961948162
4919838012
2414590290
758488498676588546
130011979
719272656944504832
356547183
821156689
170818593
731985370469019648
2811659701
4530376163
4545919156
29400172
3367686796
8386352
4735325542
2343897906
720330572006993921
729618054875885568
4916333493
3300749845
713525912025731072
113441161
91425548
4660874056
191918586
719139049777336321
733191135464706048
256307486
4891642817
724658431894806529
730977177370497024
4069881447
612684776
1890925297
729562041791451136
986781888
726646134374981633
47703240
4826788330
4873558491
726339656732782592
725637304312848384
3305642039
15361072
4652926456
4724792189
721370741925486593
4635342847
715669357481889793
133385879
1954106802
718117354975141888
3085524327
126733801
4505529384
4823828844
3295416494
1115548956
124230923
3023461215
714806935904784384
31575939
3323283860
462769046
192685232
630533229
706960492351393793
703437809588183040
436778073
22579966
4872207623
4767150110
3300350758
4717655241
4919856525
707265367547240450
704243275302043648
339056970
706568855234203650
2903274750
2571644947
2481983263
49469747
4877788534
463383132
188699910
4826603894
46868169
2856754020
2312235911
23671809
4892113496
4860372525
20019245
863714570
193965117
2724530546
4885722388
4807216274
3714174733
585809483
4868181237
4799694447
240778858
4827984564
4825180547
14592079
3245226992
2845863449
4479839255
4022095119
4509987136
4441444829
380752719
4620743179
4820720235
2926732633
14789287
4393640476
4724957234
4726407467
162231349
2660015761
3432538007
4364024777
4701270266
2987898501
3366881473
4614406713
247211700
2414709972
156470311
220717708
3319678463
56713826
316187112
1870137372
316149968
2332491769
4366944261
452794690
1075922983
3307265051
4222752160
3183844151
2649353616
56657025
259199103
2290120033
3305741241
2795805185
3601210459
3292998083
3494305043
3002966230
1400291666
365084194
18548136
3284495262
2456461028
2456461878
2456431532
2456433260
2456438808
2456435438
2456430716
2460998881
2456459089
2456464112
2456441816
2456461651
2456469883
2456454319
2456452062
2456461596
2456427830
2456457506
238453376
489618910
2456467886
2456421416
2456456461
2456448200
2460933133
2456433872
2456439018
2456423156
2456457265
2456415180
2461002265
3816398721
1870183351
2456427625
2456433674
2461005091
2456449855
2456447173
2456435180
2461001779
2456443321
2456450005
2456461441
2456443196
2456431399
2456463248
2456431897
2456419170
2456462743
2456450186
2460985578
2461044409
2456462150
2456446364
338081219
3809501901
315700016
323010850
316480694
2903030357
2456450190
2456468167
2460932479
2456431568
3101050650
2456436120
2461033806
2460923582
2456450682
2460993836
2456447370
2456453004
168783540
2456457679
2460995138
2456456654
2461000615
2456446153
2456420240
2456433264
3356116449
596759021
118725805
3398878888
2927005556
3030604696
137698962
2604674188
3367847183
2471491458
2977466986
267074457
3509459121
3272678540
1397772708
187942959
3284761760
3436917328
2783106624
1883839813
3294892034
720851321
349480379
2705719088
1935141475
359029463
2735149359
2429579036
249276863
704380973
291535930
3243212073
3402600143
81611990
2981808361
3232784454
77662955
3415828349
381014222
3402904655
21837314
3400730681
30238832
440139794
117752432
23899876
3354663105
2949874024
2339821314
3286683050
3376574105
1655626676
135979981
3267625004
198654252
180331963
3354938433
2822543874
777750770
2891658001
1077290106
1001292488
580022838
18479967
3253914968
263349038
1877841048
37482227
2841521102
3019972019
3183196559
3252650793
448924136
1713087170
102934276
3221790589
402070746
948320119
1699624758
3224283000
3245845065
3197683909
3253762019
2983956929
3178914535
81327357
3088922126
3165662569
3177669871
3196300372
3097427362
3044526069
379228865
3101432052
398161168
22054364
3127241384
1149162206
2934894237
311496971
1446136194
1536972152
3127165109
454103219
567419450
2881549125
3114720616
295072691
2240953221
3053376134
2427935801
3044567973
2999788127
2223587722
18358270
2836584629
379544279
1424496260
770833087
2984908269
270881379
2928743286
2976336173
272139912
2789124660
289088249
173876027
86861052
36127223
2444890100
49469786
2942300654
1855251510
768918877
2477241808
2931864659
402314010
2904521717
2915103478
112363546
2913820787
2893653503
2552665910
551206576
132377125
37756630
2477703404
2764760066
2889801731
19847839
577752542
427086339
2864508898
55034136
281524361
2324004703
10786382
952226388
2837937636
172244796
115565355
148041401
75049621
60355915
2200297641
773824644
2621293764
2849812220
2834453295
117805593
2710940209
2821986487
2797142710
133219391
99967795
2832556496
1241664074
1243103258
2642715717
2223133623
2767311124
117583211
2263224632
2806556954
316186296
2737411549
2309790784
21205905
39674778
18207837
2756570031
1697523277
60392851
2755018537
575007241
1416538458
1056092684
2723948642
985056986
2726116296
2716279346
384119329
82470443
1941575641
2545398410
208559480
2488755091
2485439738
2429084754
630134102
553129246
270068289
587387119
942583435
627517574
64300505
461183401
244508252
2648078576
185416678
27192736
487192583
2687891464
212936548
30725670
414099635
21846956
188010417
2535095940
2653931727
337205908
167120986
325994271
2446222112
606355186
69636190
604280317
2369354924
191116298
2493617550
1633175695
15937885
2233834116
46672805
454822722
2493077917
115541509
774079898
160637185
2419339638
979707271
21092254
1376798154
2475013682
1114835947
365276309
71375079
593116158
551547104
1652809724
1120992704
101958177
1446694916
2283085874
40285018
402332614
2456621846
2465604559
360770012
2366030976
601027193
1598421984
2453960702
743596616
2466921005
2306312688
2464712795
206063072
2365452984
226036222
2433508153
2339946208
496254517
154714699
2423671796
430691921
1318917691
961251853
313493727
619377533
2412805776
197966639
850545613
174550410
66879499
61233287
918211597
91947427
1681618194
705952939
2250446263
2355139394
354459480
60390431
1855700184
191832073
1287349266
329909854
374201128
2375771203
2352200425
2316356413
321586378
776821508
703705122
1287694753
173082258
2337489048
103420244
2297639113
276842748
2269831515
190378029
388559704
2317763616
583561844
606530863
2308159482
414225684
312582039
302156296
1110608347
26743167
913156680
1415340890
28212490
391404388
134425576
92101261
237978445
15534963
30024160
98763180
45618502
1704636457
476707143
236348244
1604042336
469265292
296360752
