4925625639
764538648675123205
3014523877
33913392
922902360
494302092
4191199337
3233236457
758332702848380928
764322548754550784
69510565
510609255
399559298
4731763698
59019150
3119921957
3031259110
1593444110
714524166553268225
3351763392
367311539
185904135
763696558726668288
4810512147
16600626
4152996987
133879298
711582518743592960
462261002
722301282963197952
23669969
3030734475
312881947
4516755989
2835837491
1869855643
53119644
530868031
4461916574
707822119044947968
744494308267524096
290760925
763454553350139904
602239077
30081417
714503451338792960
726918564544974848
20334324
740958619739525120
616273309
316757163
4441613267
1961105264
318044919
357701936
4193691373
49152138
186969945
2556035725
418914569
2697760554
154350597
3374377037
476257837
18130820
85935915
4636949955
21608662
1155952808
752837409708978181
739607592
4399641075
1854392378
853847268
756581658866884609
21680783
370968677
374826129
729125830807425024
82541017
900153457
1600481557
742780196948824064
741289824095633409
3405653842
763066721632681984
723516476024598529
23508762
43351732
3432763636
736392166973415424
288025186
756676959690686465
3782610866
3332044263
751945168975228932
236553073
469004494
2332414018
2965652843
724019731477331968
4436180114
2731914592
754778177877213184
427523899
2148638730
762431067986898945
472132412
1643909461
3189893118
743829852835414016
753807654619799552
716322716966641664
1706196774
126373048
24823069
14729741
3405505149
36556446
800522479
762297834171359236
34496070
406615638
446684854
3232277365
1873929535
762021933781282816
54539745
243926839
3151894681
4231094266
2718243018
219613333
359583705
2563307434
721821655727792128
2969056140
26019382
617412267
611733436
364877443
1895363852
271262513
161640211
750374598219292672
1065648042
3305951742
102173359
2721761784
889815576
214312481
2672094957
1240505653
702810621226545152
702327830818988032
760948504197902336
730084514651881472
1480524049
234182422
19681515
367107979
963034710
749289670970716160
837062168
23142392
16113781
760778919616315392
754375350713520128
1702895521
760622435259514880
2474308110
397333573
760567330048835584
2926128044
759957949808869380
3427962981
756636914233450496
121134230
2590475198
76221976
3463391302
3328904760
757735484969725952
231465836
38093586
706304235617431552
428348601
411214147
753767123609083904
87996263
456933970
151119311
465790247
53522622
930702608
554532173
1087252760
3248565073
757172336521019392
736162402635550720
747456885188485120
731686742080802816
759834874677112833
2186545345
35566856
3312740186
2826483744
393735716
45143914
4164571279
3178519633
322682659
759582105076633601
2858061536
713566420634701825
4822297333
354519764
758165225556279296
11724312
759412493110378496
759648255424794624
713566547776638978
1711689804
618044762
3293749824
4215121094
758729592672653312
48637878
64948059
723494547695628288
4842081595
18305815
3120611594
1297445892
308676699
165011797
1222987830
219582607
393836394
1442391158
724599628478427136
260739410
124268782
2357142594
738994595497922560
2219522785
755808322956038144
3404952251
747246191365103616
4698487423
3077120588
3029504639
127203810
372372496
3308049380
21841474
2912949279
755813570789584896
15250981
742133621385891842
3248020360
2534195028
3181871785
261407880
2872783029
386870921
134737244
116878003
2751990444
2508261350
4506880043
2962754951
143242102
31451108
297184647
2534342832
3424719972
2878768800
25586006
705053571855880193
53118625
1117396046
213081432
706975491601920005
721481514228158464
3272546318
753354244653142016
716144052362616834
755174732945825792
3301173113
708032860003946496
458264478
758437737468981249
81155065
4210073992
19740343
867347492
738822253882658816
776514768
557311620
735880227486715904
4550364494
44157523
975757854
3187944667
40410950
17827440
594030059
17159878
3921906322
19726614
73107148
14969501
28974003
2970471052
4681341252
367860770
3135733210
707321072601976833
247403299
3324428400
758109264367919104
2764770081
754291739641470976
2341977604
1574243166
2505849054
330473222
25330961
746124679547486208
4065201676
60432146
707033823876354048
706290087122771968
755069610542628864
63591919
3349533077
752325271756296192
2574787883
752562686815248384
1955132936
702542653200662528
4891138177
3280018782
705555942146834432
2594339436
147756074
801603578
820935110
3022306755
23808467
249007926
2832946873
3739656072
3038799527
60331413
739895737857773570
491742208
48100522
705480398537670656
3714959594
2870650162
197610038
2166901291
1596074678
739264693252984834
754595987184693252
1947204804
745483204916715520
2575807304
3979583295
756493065918054400
736069083028852738
174408001
2910094048
3257469842
716540533632409601
2911942947
46071262
3482660296
1471263182
2487802794
2223776764
708618912422879235
2471412372
4483521831
741609209389809664
480074801
3223001693
1858298485
33304595
757420440101027840
235712106
72149687
64058025
3834813436
757020853674573824
2992412474
25035077
2416434331
2412949434
628720588
706355815003852801
755244151889862656
520045632
4834806985
713442433716002816
756978631579086848
9311352
4517951
14579415
718237864958562304
1675606220
750561204905672704
2811765611
2531736781
727871163460915200
733255946303119361
86636784
724286729667137536
2777445126
65948932
1159080878
736361538290778113
752344391981756417
149707496
3221200426
54872183
755235883708735488
3260529926
3923526221
751601264098619392
741425611135143936
10795712
1514534004
93552356
746345670664151040
25091921
721039192625524736
1024738578
2338726297
28425516
322806045
756304717320376320
705444904122638336
267033680
141016227
21395001
748928827754180608
234504037
16060192
22395446
3709329729
145962822
4438408632
599406008
2896924987
3291764995
237586880
21635096
1169760716
15591552
4821824254
3152971181
1349357568
117308306
67424644
3917334618
923630010
753616202816028672
153258537
755603101789282307
753176671503589376
993934674
748696258223575040
4805891677
3861444733
155104609
455267696
374547405
37020028
103684855
223554056
32877719
251960024
1942373192
929882659
735165447788724225
39754002
228222150
61131791
741778325744590852
119137286
121299797
2463424543
3127719140
2404915956
3015804132
16495008
703276708003074048
52368836
215176618
2438013757
2963995962
120871216
76966245
755067237195710464
4868170265
733136108154851328
751447545348489216
49327840
2903132871
2433941472
753530467085942784
754869687909879808
59530600
24357823
2573943741
727239848898220032
750153260560965632
754431388355616768
14857000
15959918
3001321559
34822048
1445966624
4857980391
753922897685704705
2971069682
1028310852
316565216
1689912313
83925341
258193694
3524788937
80638158
101122971
483315580
714085106
34001553
2841773610
738149444684681218
339610457
1247776566
4047942863
36596890
4446162676
558738770
2356227627
4628483539
16995760
4459503312
730646181903093761
34932854
751267011225804801
3266893633
2547350291
704905037181489152
4884052625
527028666
66227479
15496626
400385609
4255867467
753094194273681410
3499636752
732147787358408705
710651196734713858
508047494
465712768
744405448296632320
745384256906498048
2542206595
706729200
216905833
1684577358
621630494
748818355318956032
725046211191918592
730149280334413824
4520344907
45597703
2886778515
164005668
242795185
289134202
95821926
3241690982
2417587909
2985734268
1975404625
619764941
3166389472
36284673
2778801901
743704319527030785
391083812
286330868
2389229665
2554814694
752659964217352194
24130283
19021634
1622051
3328423162
733675883240816640
281582041
752438280780644352
42763136
748783051195363328
17204761
844321614
3219143081
1719847219
157335608
1931842543
2561728285
39702221
749240594095083521
713720632874237952
4310629813
717549165262163968
424684187
1300467516
2771860414
247558666
4414806252
157558215
742475500115755013
4857584175
285214374
14428437
229199251
710943689758015488
350575233
558214519
22158652
332746573
83901356
601553298
3002640657
4869249443
2421298547
2661077215
2336663529
118803781
751144128633679872
2554731926
144383659
4596028158
537772034
228189745
29908821
3236277855
2427440598
2579555702
705605218277285888
2834302360
20418555
711725744674635777
4815355241
481725816
2952313758
393757795
728284598728167424
3340896309
723561295706873856
2255868756
3209769587
748574902345687040
2438332809
1561833134
35860455
713826665923629056
747149895170166784
414221903
3892304129
2924130719
49533985
276609334
2296856839
743106285889949696
3296681964
3297023664
741793145395023872
3327601489
386844340
3699222509
1481749862
2403826884
324615201
2880411808
2157921198
139626073
719071397209702400
2199028598
3010858500
2317890633
68026419
23053953
2987879186
99597766
116342749
744289508695355392
3187509609
363246576
2840386969
371578304
709812405191053312
742886582751891456
30859516
3371564589
456796365
745571023517515777
747212749017489408
19370504
703634289758306304
168584242
2656250317
4719193355
716465976
746073718590431232
349965701
715015393983782912
710790764360552448
469479670
48146528
1231376390
193154208
289607643
346924655
1470713024
4875129611
113476576
60819666
748211619696640001
49202881
730837675293302784
742728686751862784
3818654959
510448017
1731384301
218300991
459910382
27491396
2356658876
733988128491376641
3229013454
2593825243
215573154
53486967
4183143615
745623652989870080
205472863
735270790791192576
748110957029756928
4472647047
734860344644927490
2888792163
40196662
150685462
3220580046
805616989
239475029
744156414126481408
2588663610
2346025933
2486490512
3307281892
2781674848
727068086659088384
742168761982169089
23128481
2860580494
747556458057863168
2268480024
302294194
982780992
15034917
2383339085
834368840
3424035244
2891559847
16166128
2371003794
3168262477
4265617102
3433040391
738157011393597443
4489811772
738554465129791488
14161182
714575249128423424
3307092292
2284614762
1335463908
2422705620
4697999605
734221958007652352
2706403100
3243887153
2277631295
4765860216
574630639
732874444646010880
3601802352
745714120545046528
1641169860
746521201586077696
715825509238702081
1042646030
194733169
25608404
389297134
38098099
299884868
4218712049
745683780732489732
3976560622
3848673923
21545041
702225352001716224
713067891042615296
2907734108
70783279
238627328
244983387
745808271412445184
91424773
447419609
744934517547241473
2597091649
2232736795
59218766
72935938
4883849704
2929119915
3379088199
337447628
3098692087
129314386
1674641438
741360855795806208
743638292931895296
195236651
3307670633
3266521957
4711674644
1684648261
2999460616
1295571
29308712
2917100479
941534016
2972063303
45705009
1493918006
3011858603
1097520715
2342158009
232359563
418401140
728991658155646976
522459226
56718521
133364988
1604133278
4827286170
991779428
400431217
53722246
752016452
1658154254
701190693696352256
719545786640527360
2920011429
416370934
15077409
744936497099452416
879086443
56165695
743916369914171392
2720774498
514898820
1668992215
4840526074
471643123
2871340403
17495923
411778324
744169047978213376
891832680
697265086885400577
3111000074
359568483
743922334147448832
743853218816495616
322830959
141866488
26947929
3007699821
743704662629507073
733828747690811392
3102662343
702864948691607552
255306658
742749379623165955
632113715
34971140
757159999
4851493023
3096899894
3161147966
743292662548045825
2490568460
880915572
4427224377
703427540061257728
551485428
743166879695413248
729349503086669824
19577412
539274728
735161446372380672
86562069
42449777
2961574276
16062087
436192993
107114864
734325671313473537
33810385
97713882
774506713
271766283
3247172676
26750826
1922962148
2925571539
3312122727
725515000098377728
22673377
3906732254
3051461961
18588531
730247848017584128
3894402670
304432374
4700993057
3260503620
21270878
728807396479516672
705972993747501056
1264928161
731096712266186752
2266496316
704744622551994368
4776174948
2920651226
2724530569
244072545
33386931
3661147404
2819494342
19264136
1019667566
736741450365337600
2566196863
15331462
17713079
1566473864
52134782
107953123
1173108769
38933794
467660001
408543148
1279745744
29120250
711408132971372544
738456865550434304
94215997
608036794
3063718013
3952686017
4462752988
625610952
880741326
3588894372
740750857092763648
857173807
1171424539
4910496196
252211115
119534385
2576310994
3406264282
17395881
317401038
718898323021762560
739934618548195329
4860406902
2873333651
24191104
1634208277
23684807
2530987138
3493514057
2218437631
809860520
739135214455250944
2963767668
729335357574029312
3449527579
2739057218
702501985
4655324894
726843486826196992
607697035
742120784533950465
25684836
2847176964
733849319447502850
4144219990
726814234818932736
3389134989
28710722
58019272
2290011311
711292037396635648
2173634665
4011031694
4859061670
501725323
719273408438083586
2399910186
2999422639
739570926971326464
715977011408330753
20071393
173201678
2192669496
3528337934
583252309
1221482641
713115095639797761
3400699092
365244600
2424222146
269566390
740609975337127936
3283572224
370816047
485971884
2852789071
2584078902
708101606185832448
4530261854
739896960790843393
738876978208575488
736315561034973185
708718778079531008
2911007015
739910050177769473
2528392110
140601768
721314351316103168
3207803380
1976143778
60744705
28889577
406930973
735497250193866756
133113326
739097567208824832
3013433095
731750697302032385
2759942659
4818208875
1426710036
2906914483
1379750581
3312102187
3218904251
552362937
23792725
54666213
1927627568
4843696766
14518995
3372810995
3201113458
4690701944
247609482
4846237332
3816331936
2216236636
15069139
20088578
40091104
19346335
738553574402207745
18381054
2345550072
1948670748
4565496734
4268916380
4306142365
18150949
3190936736
540492993
1409965554
738135921950760960
736570187344838656
630636354
2910989007
245965051
4534963681
31610197
734490401768394755
738186707799941120
329866608
734755116780249089
39693288
622232192
1909350781
4292539453
27121313
57876607
2813268498
833446135
724594538736685056
2908685848
737968834909331457
2967027229
3332036854
287927237
709690251422404608
2997121299
493277631
735264957382549504
4568880935
531282820
727985935577583616
729549795665182721
97310090
2386014535
21993294
54717966
317223956
4775039583
702994617545986049
726459679
737012147717181441
619457649
719085745777065984
3400205393
732320227946422273
3617687780
737633489663627265
735268467021074432
2577092983
726141338543116288
292875306
46581659
2648188101
731254878584999936
3247055920
2455781412
737449741638737920
737441770934439936
737375552420614144
735139710700507136
733859580258701313
4795493916
735467725657657344
715233487276605440
1382784798
737373696705318912
713712248074715137
735334956294144000
724120350821388288
708749742549774336
715068787968466944
1067148937
259349567
723311265033101313
2815394001
720086799796674560
431839072
3693042734
4819947663
2868871082
2164446594
297131373
949036027
4479562812
343555379
700178942
134237360
2950724911
14915605
161011007
3244525044
268393803
2726535512
727112049822695424
2949043864
30869887
334875007
734804683341082625
3325326326
406445860
709688854727561216
3314557915
314861116
736310142057250816
2604434078
360152980
2149752541
67092835
92619834
3406551733
579069972
4738192325
714499238403653632
2640635610
717754238068264960
50647633
731317364399177728
199270901
736114757460201472
1116282031
818425328
1280680495
3059514758
2235895008
3561522793
3345574525
1037390732
2580947641
3868751592
3429103498
19341224
724017226207121409
354745965
2730241513
725509954707197953
734065277244198912
3660059241
735645437848227840
2677551798
735095291871932416
723789612565422081
753812551
69980447
30492475
316401797
118708596
2748317276
3576393795
210998305
710872182264475650
206794690
719360647713173504
1520868290
776272687
734264319223992320
1242231930
1458658992
735211842314899457
4925442999
239760871
1037247092
520557424
443497092
2543434088
22066833
389982275
150923186
730427044937515008
4845004320
726241551744000000
17980523
4372832836
4868631909
1267692674
3132094672
733520563134554113
726303374593777664
722514212543721473
713719279619801088
456164357
19609504
726942460987875328
2348340188
720445825512521728
280991530
65368061
1395076262
733825219417116672
297065591
21140804
2429352218
713182331482218496
3402844725
338651958
3626152637
353639408
725076888561979393
102247687
2741977362
51649167
725731990465564676
733750415980912641
39620757
2784049716
1928357119
1533603422
2236789322
733875984873590785
727810592497532928
546327653
4246899137
384968606
712019543414214656
2473409095
733865470734929925
2723265539
4357449737
813932760
727708030977118210
2261891191
4807010614
733397032543485957
3669751
711453523209117696
373554410
17965226
1692519312
258423623
2393417394
4052958852
2882037326
721943373607747584
4110523694
533270683
730061721067388928
3495812307
725969971721986048
624828873
300282256
302214197
390554141
2811434719
973260643
206900264
3171838731
726885086356971521
41618407
3705582975
3365592813
1131031993
230862357
13858322
727261830712688640
4492727246
557166783
972439776
728462785365999616
3110215739
389629228
2192326945
27522964
721926609985351681
731981184452984834
987590311
4784000066
721934030099197956
5797952
712187539226910720
726771169672744960
454643549
200620606
721929332076052480
721930212523397120
768387865
89070452
732387407211986948
238008621
205317957
381811022
3396152837
3368723807
301400836
198726518
4754297180
4518397767
721930179065434112
721934860193902592
2507131191
721933346293489664
2462393354
715993740222054400
2607384739
131625854
2342576605
724844832187895808
3120931871
706112481891065858
852112950
178959025
952396436
24049640
719322341621104640
863889445
4605092004
477408115
102177504
86378821
723703628775735296
4480538908
222708163
2897716602
730846888589688832
14327708
4837575037
2781222461
2901745739
32611827
3293347049
713553905368580102
3497983212
242560374
127504434
2385661086
3239239434
3390416469
714251785183977472
7481922
726834650929348608
706222672317964289
2229667098
2439154651
31415312
2995548584
3342600892
19219879
3171218118
3383064707
3240422804
347627434
146406061
357899984
4913322853
3098137655
538702907
186117886
714908108041166850
1895056902
2330980436
2305987021
564969214
1235608310
730840566359953409
730769215460904960
3977621895
2891665343
3114393881
534011832
730481957096677376
4873830425
729436607284129792
2200403983
3132201141
105560657
730336391104696321
2325744553
1700813694
4693419679
4572089494
730254098398875648
73774016
723639238206455809
113677047
3240432678
3170722848
717803472402386946
2533487407
3166456920
701768912321392644
729289205751422976
4818179368
2724180409
2816355959
1965788472
1072813976
2322835380
2320049846
729971512564920320
3367036274
2725562131
72192640
1129720458
223589664
2481541659
180828539
2659964124
723590728039854080
3386087038
28954941
98025715
3309076212
4898415292
866579420
3063486520
2174575293
347279137
273763333
2252943488
701985977108078592
2284338600
721990317906337792
728755554651230208
49915511
712521180389965824
3306400278
3676238534
161510210
244834863
18926788
473139850
722608981793980416
310953974
249846674
3322642872
1387397708
2312902755
3401688225
463117420
142069517
1151458201
727506528069103616
206565190
540240323
3306629576
4258239203
3237146698
715656505509306369
2449942373
727189737270841345
2669507574
4399418536
14535521
1470066122
91554754
726834532515766272
2255546571
4760314708
258171419
227738471
704672129686638592
159318034
2981363392
429703285
275544970
4874929885
2335426680
173565582
22186690
4839931424
34603594
4256851283
3732924136
34701889
331787460
158876370
3032308510
717110546273804292
4033590850
420356448
32452446
4604518572
436248154
2364071096
284174585
705588317258055680
2341704999
3418210767
712392667510870017
1015788055
2945773214
718927938654179329
64551249
2795409265
260382486
17712142
149539998
725359610345885697
464183496
718619957022617600
3586280834
3521788993
4705807278
483426850
1507311499
2278398823
24166206
367818411
4912793239
3052463441
281290352
3225513723
2354151780
474478570
114537451
2660965818
2269922749
2918375988
2218819585
132789518
724408470812815360
705624677650030592
1972461397
368473421
2918370511
4032574701
722984998165303296
3464727263
122465006
3001891017
252423234
1004912726
44092755
2872998329
723546531131985920
3092625141
1541810790
4864143453
2995232103
2256516282
3093717519
12174022
2950699758
278831497
4800862086
1645882154
1090866056
2704997672
14329907
492480529
4852229441
3364589120
2258158231
52712741
2897768067
1885904508
595811858
721847716427526144
1145993546
718155115845160960
125109448
223372452
708520545004822528
2347404042
246246234
721043116548104192
147754944
520479710
704734969617211393
720656171674247168
2236856274
1050181782
2988100258
1155289062
533796410
719392659937325056
720642551594618880
820981124
2590597859
370424217
101171135
14240663
3086122882
2507917171
933499596
2956259109
1059397514
2295351494
709526759637651458
2784120457
2802136784
81238918
409703516
774153380
717147079617937408
14239137
192555963
718949896863289346
116221928
3234488267
2430789744
1849073334
211245739
77428162
1069191475
126599757
140109647
389865485
718090136664166400
2935621768
365461645
712400058403033088
712248310686425088
2263786058
13957012
717183590526763008
27221660
2367503538
1629070489
1107317419
706149766586093568
26607608
391231459
30296346
15141440
79637583
3118415392
599367536
1452811716
715724864657735681
3075534586
871316539
518298806
195206354
1316945270
3309033420
2904798755
89587835
2971038920
706173299051651072
867074707
17532775
18146977
717738056170803200
195046930
2271901104
4066987235
2571386066
2962855029
254078259
2200683696
715296389043847168
28504275
2424564421
583114967
927638324
246294938
296065309
4841311829
712862835320164352
57123937
200736180
446516768
1207883959
2938021743
4836543087
701452278704635905
163626482
736993550
714948541433548802
3091637038
4606291997
716754582693552128
569577831
716683911892377600
716445814814609408
594152100
714112029632630784
760191385
82675902
716300091670179840
803856074
1169124482
2895710013
48372776
309881653
711309750445543424
1611381841
80830782
344272418
4886191420
4699989193
2720462712
23721998
18105165
399744791
2846371383
3818174193
4889784711
709854549171896320
2766496962
4618682419
2249270840
2435057143
3224850985
1467076717
4827984385
3302882995
2172281492
368672699
4327911434
3907871658
4122056133
501225519
1708627340
2849377274
21993539
2948053822
837023599
714855313
4100919203
19254722
29613218
3294627524
4728918861
1090813668
807669074
3009871927
397529497
4698388476
75223521
703001594007130112
15664538
47041254
18032554
2573941194
382861626
3949854561
4257601754
2989372701
4596353294
703782030870495232
714737167344472065
3266856037
18437547
206450112
1386799916
561461093
36084358
4263923532
4753718287
469780571
351891529
1908673544
714920195400269826
20979502
27360586
108465379
3221270464
3034111655
4218945926
708305025861337088
713114000880349185
201082515
1082171360
3161255514
382733064
4005918077
2176319664
713826762111590400
18813840
4429624289
4667313217
1605390901
707994469778350081
710226149687701504
851907139
1351330615
3111630664
1267802725
377393033
217926453
337611162
525635864
26513584
3280176614
2653470437
4326639252
449461956
2710762732
233777746
713877778681171969
465155058
2971182161
4736466269
2479927898
556969755
2224177125
167376255
714599363113254913
454475435
215026196
15097910
706636273360842753
411886506
699348557653024768
26487878
1215657750
2521350702
3527186236
227561089
1500301322
94824268
712315708277923840
65351721
3323986523
178461867
704745691327823872
2152572832
317334329
790587907
4401978083
3018742509
262200972
31471559
147960866
2377725654
709419098439086080
709503154619027461
23701438
712512577201446916
713814077081051141
3319254798
703987450285322242
383092385
348408665
2181558170
424573354
2983378628
712677595394019328
711694960437895169
713524319964553216
1489495740
2472803726
713429506221064192
2921909866
76558867
1618641848
3096909473
268923518
4520911289
1048968588
14376280
2434391871
4274419292
712986715695226881
4815972939
2154028783
711847292081475584
319208644
117515447
121514455
2342432155
2312245957
705565939895554048
17626317
2187710699
745109156
2875828868
121656624
1643029550
3076288518
39776720
28097349
3385187872
54893367
3886472352
2416617475
97477079
4107027087
1206526830
956045642
712432290991833089
712065891085586432
4824429195
406626940
1007761710
2465575092
701315178541879296
2431837669
141353916
4580508567
16716652
1310802714
707278512428883969
485960927
2195963083
29729424
2983615393
859125680
703939788294852609
3022965401
2781509329
2902829873
706934749
3435541379
2530535551
2240681928
42059569
2989776491
283100424
2866119880
4871517829
21126024
2202948090
825941641
3037601472
292296215
37398878
3256976468
1717863318
502335393
4878575751
1333033202
30260716
152048960
56209008
2622172521
160612503
4106145328
711273112353038337
1531911318
528054929
1071470508
388820481
1717324226
29288337
43776043
3178648909
2958201126
3949818575
38300539
3316081506
16077017
1920400316
710223399189147648
4513795767
880237465
33410754
1938744642
29534413
1464560094
3730737375
3134455464
709788824004460544
2237626669
3428751971
319151590
71273724
21680696
1660616232
4005235994
709443427721564160
172126827
171598665
2466386563
4331657417
704706222360932352
707416502731980800
709217288831029249
32949998
2883604951
708295392652337152
4870580612
708531566230654978
708742511221583872
708728287967641600
708714311049289729
4431349940
4498095274
2351053826
128561701
242618658
4900583360
4131236060
4166472739
39923340
1581849264
52214381
140979716
4827311260
707946929338978304
2872795917
2861784795
3120644429
3881390954
43242156
595112256
3016875940
705991796992532480
718319754
1522907551
3070465286
2886685873
706405535743152128
2358354114
701855810054438914
1606288843
415552102
4295141603
484229824
319000442
24383874
3827156967
3021120843
4881545435
3265495098
708382640
1192433520
39286260
4198222373
3957749800
19879637
706886874963415040
2297457143
1514547426
706616857860694017
23120486
1654445696
4018619002
1389805273
3722592321
101309081
22266086
4189649903
306046777
4766086460
3403868992
4322530703
1251812930
858993643
4338733993
2544335442
4025397712
2783544353
4830713122
1472767362
909429824
3957920723
50462319
705977185534922752
3303268660
1893755155
4450270347
1123996806
1334075256
4359513076
3558809729
2870972260
1909838029
514040650
2294450929
113137765
19845077
3051515762
4597457008
3995662453
139217461
4657818726
915677713
4854677457
4355797094
18757270
395615772
1921950984
4691306395
704929353541541888
2811758132
705079517165912064
26858784
142715397
3794595441
352011813
409477316
2961516138
261749735
410405142
4736947229
1001964392
704129208889577472
2365031707
21091983
294420188
297719218
245990733
4910835611
3830912607
1969959115
24465244
4879338880
43018427
1307315084
32186001
4065570080
703975426268512256
3106164363
4380743755
529902246
800445865
2288462990
4505795352
232727821
4363198276
2197388417
4056983819
3429119674
543957894
1003541522
2155220057
55807603
382219862
3251020574
21958144
36349655
2165368987
4075582846
2926179374
703563362966368256
703566211490177024
4049098757
2485285513
167956442
3999319457
4901249158
4064240985
300254302
3305252449
2815747198
4153263555
3690544575
3057932844
1093429646
1370971824
524384301
3448205183
703452785459798016
1283444665
4913283719
2956561134
4915405126
1000369441
1455674108
1065869268
3711695837
702956068620496896
17155393
829735580
94620467
4866280565
3492947115
27789999
2302134816
3108359848
390082951
577383147
885794670
703147634890964993
16206579
145601854
4105765714
1906749349
1447035235
702200373172428800
387813577
23942930
4827144183
3311723834
289569283
26278305
49524978
331755529
4436638932
133677123
1572171775
588093462
617035129
3547034427
3080879481
2738923215
3103630328
21866557
4879676949
1534842487
2251411867
3069173600
699842109390458880
2508068568
2548628132
4197645318
29200545
38016553
3241596008
4686488156
1713036884
3703111641
313091571
929974188
4846005490
13322812
4851318494
28492543
701501182095794176
2603617598
51019610
41204190
245428213
22531120
700913056835051520
4876525652
104164597
2322627596
1665551456
3313779296
3184646298
4495715146
4861254278
154988452
38351186
2832687455
19621483
701757438274486272
3988556842
483317943
260450840
4323735923
3251938190
1563347976
379082219
4852076001
538481859
3083087059
4842195138
4241379074
3551866097
422254528
2752427049
26900055
3238838195
701582220129992704
371554233
10207502
3438690190
458375893
47259148
3146622376
2936207691
177867544
86402543
4649680697
696839908330045440
297457814
2981722035
3054926405
1076570982
2916054140
4135365027
339421883
302851354
3394970350
3387879329
1663975998
374631410
549477661
69258007
36474907
22914767
3297257181
721092824
569498883
276336372
600352663
3464860760
29507306
4661859974
73648561
2292401151
306154361
101215787
3350791899
4857771612
3239655545
4873106649
893754613
129866155
110855805
1257728660
2312490275
328484372
378883508
3420668289
1566965744
4428373523
369672980
461756097
3381700959
4704124970
3224501762
745484156
2628711701
2191593648
165145111
535681746
4243233616
1015263962
65435274
627090709
97074486
362157378
4844005612
823449859
2989202299
14995998
374712154
4860148380
154588682
20145841
343464009
3172329278
42668060
41871823
2358259308
956217427
3045993761
17324583
267264119
619494655
3254145463
16134535
158060289
4443673753
2885832963
4718794794
18906599
461231528
4345272381
4896797206
798345116
4925768798
4905138373
4760306185
4262087414
387370132
3306549384
3905911100
4922365694
4279715298
32871616
471038551
1246640292
4875461561
4214746094
15610459
607355278
115276132
116178742
17478809
2453330353
1510427534
16945967
4895485957
84808332
2572912839
3126566184
4265031859
3179532613
2941802980
17919287
2753238146
2440774754
146659588
349445673
493647991
19044751
16481756
3352926433
79019578
2845849081
44382195
513993060
164205503
865399938
3879233537
3345915579
2755073958
16461205
3567709635
4048852873
2302043897
359415970
3131586555
3384716398
3957056895
159447476
2973434993
92267344
4795795927
41004170
3101613139
2903173173
4818093989
3106534151
3530279000
1075593985
3580248555
1702475845
26108952
2693483792
721241231
384330450
4875896757
2409407030
356049366
18521687
2291727162
28932421
2211480740
66540938
390143369
1548183698
3228315884
3015769804
57810286
2688543450
699013989800370176
4485045432
2571872893
2493418185
4808336058
142150016
2720534726
272420623
1113229394
66054233
1443831912
3711628096
44950283
2839776460
4878100157
1725278144
137673573
4901449813
4743381327
1656966026
3420552339
4898395614
16640857
2796830532
4489110492
4763346076
1850025186
4899154631
23570349
10682532
91863448
3112921561
14615353
4886767701
2307253314
142879191
1078211665
34335041
2907551575
1370891270
4855359074
2776661028
225427624
104297073
307650876
3973974138
1109747436
18284757
3434518743
47624310
63183869
15238700
917639923
4894587793
2832236690
4799328876
3427945215
1146349951
4901489212
3883987944
525954207
2914990963
577337789
2987929881
4707221303
3702807255
268488657
3639048135
1263002017
3207240287
7597712
723233544
3018176884
3820044015
3349752379
499428169
1138327201
41330173
4175119559
4104135983
2352506820
3881470100
4378590552
3593504602
3493430836
4889084763
4883403671
3654841637
116676512
26858402
2174509045
4896143963
4891044221
417084618
41430555
3317808374
122811596
4127443547
384444448
398401768
3029843719
292423442
383314897
4009408697
4599975683
4744232172
1169689868
76855943
695613105477390338
3580385187
2410866554
2695258633
4890051376
896972016
586299757
187579804
4280194697
239073943
349368724
4892048217
3886616413
4405628313
3231533425
4890856187
262578437
3381024021
49115079
2202581912
4762840092
2910159382
4856133020
4389666737
29527218
2581695386
4881384383
2850030400
4813311666
3964416471
332654428
4889379645
4735998295
4593088936
3131552416
1596102794
2713683512
42306661
4618489848
30238204
2904245217
29770665
18389327
30161590
221409958
1633521084
105838513
2401987555
173953247
2312494016
159122016
390321306
3304765770
259609668
2208095516
4872029435
785246875
2729910658
3418851852
3273222469
3274720530
3533251753
4751388159
4868998503
3686488635
1204415460
3428472718
4884106257
998981167
4778655459
3293209278
354451769
194097857
1134734004
2642852228
3068161342
299846524
2249152660
4756609309
1008492163
2173016900
13026532
4764896281
930631981
4675737416
2997677960
456271850
55953422
966511897
26760693
4662797732
102824312
2157282386
2175196699
17424987
15843759
471641303
536723320
4878797343
215698338
2856385387
98967516
483588899
123694443
290097255
1702969784
455921810
45348154
4859007238
79236840
3409344489
2223064093
2895240201
933693476
443304640
344474465
331829456
1027530452
63083798
2798420048
4883040869
28754428
295402144
21436506
905019768
279167748
416968070
4848034399
2723277547
1432029667
4299954755
4834553991
4879801018
4827091274
257190002
232326339
4836289485
4851292656
2202134430
2361247910
4872606291
460848476
19347128
4445498741
3005393969
4839433331
4340273833
4855097572
2303477106
17909802
3928253733
277125802
339539939
97563021
1374232610
3130134413
3330557069
3016055695
248692627
4841655912
2371405917
3692432178
3884047638
4282439188
339211496
19519035
266520335
4872528346
189069674
1390146150
2913579677
2341464631
415175014
215154964
148291255
770745098
4807835077
317909559
115681686
1191624822
17262523
110767355
1421960875
2725911162
3083467741
69371676
4706925559
1206885618
25549634
121624263
2550649962
23037924
3699161177
373331421
4771593853
4145603123
32353283
147658452
4705955495
3888330093
4876845639
629074413
3017752532
362238471
556908061
3896306594
2327757307
518095933
2413466165
3276228908
18011418
192330097
51734616
2684954542
948550063
3468503423
162114552
704152538
435976406
3066991752
30659380
4747901260
517912413
4719124452
513524414
431900712
763071506
299190586
3310576629
4407674837
91119778
631742193
4806144210
4549550499
4742314675
1970347927
516817511
425258702
3388611785
514840946
2920445463
2878858849
887941188
2988663029
2845681325
2432222597
30221032
889024146
3187180760
153492935
3165325979
2371378268
1359226843
4449511516
1883797237
188623367
2686010270
2872639048
1317719192
2233592822
184909424
27141515
241164582
1253625300
3425788059
1665144337
498456439
2823388010
2473235131
1947764166
1486827535
51450740
4705387327
1129704510
1876680134
527816947
1134689900
4205512873
272107377
2380248444
1031086644
2430669455
2313872880
584962389
2203582926
2451117123
3317728960
4416394756
4073875034
3913637002
4129706057
4714733665
4842831839
95775141
3310040952
3438515367
451355068
2972265641
4151499575
91164856
73525922
2862483336
3070433293
1427614915
2596268891
88440819
4148011334
184174583
300427223
3103243210
2878806151
2385775062
4181854948
3308187534
1052697745
1573077146
3132554213
213940708
126345498
82262638
4587644602
1097105120
4836499985
5559492
26037898
4780550664
4498198486
4834367877
1392717666
3762107189
2217138577
3252427103
3434719150
59995042
25728367
4756731921
17929533
2392234325
1172470302
4765758318
409675476
2241752407
3754203439
3022400314
4815146235
2824778023
4442866226
33574885
2218364623
4594814402
27835263
2203995415
24584668
322853648
1007244726
3318300735
4832554840
4060367184
3938245036
3243358500
223782598
4786647133
4786272032
2937532453
3762059033
3420713893
910598592
882281773
70587018
410114906
2375912215
4632793273
283310444
3927648561
4822839579
46898929
114283823
2274061361
4819985667
68031935
16997512
574486411
4751014108
1870277690
4068318254
441880217
23465011
3837641673
46797629
213718689
754135483
2871943610
818557128
4789000467
3660192616
23486935
2992624003
2785006722
3444515654
92776421
4597681861
1870199869
2359842146
320086859
4773224656
1491225284
4472342020
4627890312
972909709
269506391
463216196
200163987
4758379287
4553693603
4142799820
3111909523
3325879190
4688280565
49136127
719051390
302877784
56840091
357982354
4745087279
867725665
22265310
4738949555
582086981
113251409
167225705
104234804
2167674121
557335202
2920955130
361098428
179209033
3022829314
4446651012
600755391
3417755386
442331062
185906955
3373355601
328878936
930245052
21463353
1882122216
2782831955
565920426
4706573895
2803549557
17832020
2701427890
226683072
67504930
4493875299
325568553
140492787
3753843013
1680294714
46065396
3361347243
2358215442
720150157
822356257
3392875013
890838427
605999000
19695971
4698967314
7864412
1143792050
4529914455
292086670
4696169582
4654342358
358545917
1931562048
3232523042
447527922
24329088
2275543278
10917962
245605402
55178907
117307933
2819243381
2786395269
2502707801
54435885
2482171154
6937092
67812258
1497872012
10255692
4659067815
469708044
2971130021
73885960
154431807
2335874654
2766256263
2703114008
309686668
1148043786
925865976
342779070
24177286
16424947
2366135694
211718214
306832151
4395947487
438783171
2783244079
1707885074
14137084
1003088839
4165495515
480312126
612629362
4272988225
190437562
2560129980
266174026
1937910534
1516358184
3360388514
4634741865
81406748
3318054378
382308546
2724577333
3305434060
540964851
257234986
3634508187
4665076932
111225697
2906238876
18365188
200301533
3410891445
3774095127
1868738226
3327330859
316741499
513166920
575060104
430239866
3957234993
2578125832
3306593193
2443269734
1957545193
3262160865
4206947956
257245064
1482337712
4120271896
3149821402
183400984
111255282
316230097
22774754
29497573
2457762548
2588228086
367944695
37261772
3561742336
884557446
100871012
1938438325
272126283
842886481
4512734955
2987837781
406475708
1866631394
3291327433
2971831295
1687291496
437101331
4295118552
499461890
3249311328
22437472
3218146808
3154075038
344398380
4551159688
35656649
15333661
143483210
1708204500
2910150095
3783610700
2247256671
993421801
481304417
1886503406
3248410062
221808225
4221339058
427028916
260306573
2683249604
3771567196
36987777
159941937
604983881
3908024538
430911839
2746766895
2938370841
2405105594
2928168551
6855372
629685548
1395491756
4099401796
2808813408
3964746981
28538480
266817338
269141850
3034820937
2801171728
374720858
3196584154
468058386
30524741
515983985
3049980093
1965464131
4191384772
80728561
2911828067
2546692243
4218463881
33611173
2299287692
98224208
1717467607
374622468
112441835
63868961
3999832932
18211342
350652704
3243621150
3585430753
898728732
48221202
4252157721
2514434636
4419574535
294204427
277269208
3951726322
97035177
390710154
3122502631
3815681052
3785852833
3906199763
208083510
2307021294
2934549035
3083490650
253212754
3460667015
3487725132
1049681827
151570487
715044396
558578849
444296456
1498319310
39591640
3156337389
265861267
191965022
1388671387
4061779775
4326194843
618351675
1108513339
189350820
227160165
373978085
4216963632
1700297196
4039373787
3376836946
30092152
2599651476
213145070
3902608276
459692778
311053425
557909211
3325143262
1967024665
4250238695
2813673557
273103966
2555597972
3309906662
3354949390
383535855
380496063
22295001
2230829005
1403202624
4060135034
15631948
3895765099
4192102942
2352159596
265531004
547746507
2362173717
2329219443
265118557
49499483
1853228562
549181612
393941971
450950666
3022703162
846688099
39609592
178032838
1909006843
127090835
3696414019
205040303
3153332707
2913885279
3407583843
3177670387
340726856
351690601
4199747419
86766927
337454127
3231303272
248836499
165475582
29381589
70659907
4031385263
166302552
3411805677
1118055336
38581700
416418621
47431204
378176879
3094330500
3959556573
66887409
2907822624
