39574828
925666188
2799751139
208083510
338515598
2533001646
3371005203
765616871567568896
450062327
1618641848
1724140687
3115816309
883022923
334241684
700413464817311744
3349925638
273022362
706975840400052228
1938025374
3741094517
3057904559
463238886
2926128044
136402916
53544165
1499065208
20897273
2476178880
902200087
36027911
58323501
224183827
3031942490
453507246
1648549070
3243656034
487039635
2875166787
707675068705284096
3190436983
368609835
764882014185123840
2902018285
1644870716
3303216837
848229428
735408625066246145
767507886423420928
22555241
510245805
1917611604
708659375
322787446
2956069390
2584152521
1116292664
1729270614
350429629
749640861701603329
750376573883351041
3026610844
718555294574321665
2981363392
1684524144
1711063908
1652138929
29350302
756217263443746819
3866393207
16703058
1627096298
1642965704
59477654
741057139687362564
763169989339680768
740162910068973569
764918110189084672
731090331354075137
760543088989212673
532417319
75224769
707980992569413633
742624879166427136
531282820
431071870
4845970142
765812457784741888
768605425
1949228450
768605646
49709066
721907837463588864
156005263
1623519344
834283494
244294644
87839537
4877850855
17983365
2758851493
702225352001716224
344445016
561802635
2880418362
704146393217150976
3883137801
422210089
17327882
715633447876710401
20201875
186947829
1952855342
2252475822
739895737857773570
1055911357
543447755
747607389193416704
702007086029213696
3078719486
18600134
4340273833
107229597
14465607
712134303145136129
710649596725186564
2302134816
181249422
158815850
4768857828
706287175583686656
3141841122
3241859051
369352648
1359226843
729345073473835009
712486492782854144
70026505
760440444325076992
700440611665670146
1668976939
731750697302032385
4782164908
4862611007
15063486
1659511890
756585597809127424
47434357
3420294335
261749735
4909226006
43557700
702200373172428800
66188709
746124679547486208
748528443633987584
708627127378296833
884930286
715758878940594177
2325498018
19500176
4039522099
710591386647539713
2765086799
3129950010
142258986
867820231
2881836134
450967052
704461436001656832
1893836046
2570631118
4474636461
751715726143217664
463423541
2997506397
3335579867
751435527988150272
756292709426475008
714174896763445248
738586003124801538
755932117322694656
747225300732350464
74552263
77012250
490587661
1065461244
24544802
4370961801
534712759
757291789556461569
39837774
2186062965
3304498187
726993490584854529
15792139
78414498
2535648152
1245337231
735264957382549504
702713126483984385
2265133784
4834806985
3153324049
716338509435379713
131332987
743085356845694977
3972215427
1288273394
751514357771624448
752900248775827456
2180893454
2970841557
843520801
3926691329
4725273694
2562271444
756117868010475520
733870532764917760
317009052
2566129082
51814545
712391107439665152
739804789651963904
4886369872
4794654191
755810182651842560
49925262
2246277270
2813013817
754443182683910144
755186915981176833
755564824814231552
755611972016668672
627778780
111571153
86868062
755188173446246401
3010730080
726857588168638467
2286461454
70483645
4848582303
267225227
744995394971701248
198739013
749186180307120128
2339290328
750749058210365440
3906492314
741790666188029953
709407446444322817
19738063
42636516
4833927886
2812263523
716054156767678464
1965865170
155287490
266372182
76507502
2887465954
926359914
3098500169
3064435726
117773820
93744557
314655619
1549066418
3756720793
2502895924
21120388
87750148
242184225
378300491
753530467085942784
464857476
232359563
4046629847
736294653864071169
600781884
4006405319
259808059
4389666737
742718473441280000
2229667098
578321883
192230195
3536963279
476953217
2978053367
719355707
4744839074
384762719
736323427754074113
4292103137
738551520111648768
486786840
3311839950
746003491940876288
39609592
2179246670
2857905234
141016227
3177406031
748889454933372928
751577348596764672
204165034
744289508695355392
863112138
4041169169
4639013834
3322642872
1461514256
712272806524792832
745698237613477892
387813577
45597703
3138375646
41411153
379767285
4010226440
4634264358
4831593442
707569302132527106
186854449
751974967030546432
741605821507768320
842988338
729543947308142592
2368624716
792978680
1132726837
182362719
3079976824
4224729994
744537539512459265
258025056
3376404562
747581455228899329
3347229027
707021369377030145
4681341252
3795256100
731244313640902656
3256171963
4844934143
552475782
2856271814
901103376
3306793738
295558154
4884430107
1261863685
2493675729
2849119986
90570778
4928133028
745851156874813442
3311051301
721785130679996416
49151228
1497452629
750402714555867136
2391621074
1499472140
4578923921
3558809729
2989761008
4724227437
187556238
738602818890653698
718715389316870144
3961724535
726845847581773824
805615368
713408458473639936
715937391245180929
2764770081
4294742414
366243982
735827991067000832
702650920497238016
2719993806
1665991758
4520698393
2945505412
494105909
1424325936
749296951875801090
373951903
3654128967
4097531721
3053878308
54019702
40577831
101833719
732846973250904064
4644743654
138134405
877551276
633075839
158305164
23299801
703932212144689152
930004364
349582502
2855915617
1269499213
718475117853065216
2851818728
741401302387679232
12975572
36299938
712744488
744982981001916416
1911457663
4832448179
2916902981
1975071793
60105736
2938261973
2782927652
519839128
715400170439991296
312646837
18200596
393529037
4332888737
1931842543
12609722
4914539795
719360647713173504
743651896578060288
863693749
30575767
725076871
710387570
2446079094
741068891913261056
4017502011
705001163301715968
2571872893
729776730597167110
218307597
16088638
485296454
345113649
2785663088
2904870923
725534038275067904
725289460892475393
744865167536590848
4863385220
2581182986
19219879
1226167963
19163691
37398878
444800767
1651956559
704847650663723008
975051860
2789890544
2293889211
2882331822
218946709
117259272
3843268710
857001662
741830384422359040
1426400280
39755667
743916200204308480
742779127053197313
733596598668800000
405022806
4835456032
583366546
3091637038
24431556
743848278643576832
709599386334957568
2575588321
76684146
1002804030
720402693546577920
37245962
3320712379
743525837274816512
2870315974
2818791815
867077354
742550144638324736
4654493540
713207568609488896
745482013
107448374
743133195630043137
734667736647770113
2929119915
2835837491
82464591
482654268
4886500924
368545981
4883565033
734832983300050945
2882736641
4882866795
3341940237
3149710222
151633598
155348487
4580034019
727279986034384897
3250296265
537518144
1146358172
286735679
2583292039
513127133
727942992527544320
291513513
3128996653
742104020710490112
4818208875
4696541605
3430121763
718844274482245633
3405505149
1388671387
11353012
16190478
751210152
3092625141
740894115227938817
738038043022663680
3589273343
731569038145507329
738988767847972865
729773502509682688
164605833
1713036884
97563021
135577188
733916131216359425
3309406657
85343762
739811584680153090
798681264
16710197
3041438073
1155952808
279167748
701166529
791762474
3609378917
1629070489
3449527579
130098780
708635988059406337
740398523770884096
4827199234
3172925846
723564722889478144
238501031
739030229361020928
3023037872
863525576
3017752532
344313928
1278704839
3300583213
4839404062
2288723564
4780605975
284648348
24828176
2546562188
740109643473522688
733915550963752960
159146498
739956808865873920
269566390
4503606973
2240681928
726284349918818304
1215341821
896927635
3305902115
507975361
1928786040
2872647555
3261678807
610700309
735117225087094784
14101483
2391736202
559977174
3571801335
3308399474
4397652557
738023156863148036
2979327219
32258091
736705187729924096
2958471801
738783631351521282
3192554636
3292951916
52885515
1707469045
2603407614
2858665159
1065910826
14299885
230862357
41698585
499923131
557370656
1656516662
618422965
712019543414214656
1292214043
2388947027
4841872634
3932554514
719255366140178432
3098976043
3010312991
731317364399177728
16600626
3469887795
4795838269
2590854524
3260503620
272107377
731967137951125506
737754029703499776
2932961779
150685462
183739654
1475915258
3692432178
3750600197
328815304
722250960056283136
715327614710386688
704195240106786816
192149225
2922487642
540166258
490686776
4259334800
708973615291764736
1598061848
2856254314
714777010665562113
712396411896258561
726472651275931648
326522543
1876680134
2988388635
726089386656448513
712248310686425088
17912420
3219944390
83784348
719085745777065984
81897104
3071692706
4873857554
3666187398
784219986
718582787041693696
3982089225
2933194559
3335555577
2389430326
3008523740
710233103910903808
721455747901603841
2355244596
1225845283
4724956086
78564673
735354108236947456
708840469816541184
1128075277
403487565
4560728533
4866533278
705469653737410561
83889155
22902652
3333282196
712749002249244672
2873174811
730126649082191872
723647473122717696
3438991048
4715345421
725776399139770368
4843948642
3149556063
1034175595
2924355748
305248807
44494953
2586878275
1125937411
717166352935567360
151101551
1443943477
1035407102
3711232468
471598567
16711026
3854773933
4310204417
2998466930
4885457067
58661424
64721998
791841379
726363430479761408
154555000
901047296
2618545285
25568597
3316305037
2837370979
139292752
143388925
1516445281
720123383460007936
3250962678
4744161374
66827240
4818801089
4512765076
4729841604
317276003
7439352
933435002
2354222922
4891804264
23433605
607848138
172852209
4852151439
2683249604
4012878137
874834874
729019882688393217
30405799
717229917096841216
4744232172
2733560409
307436940
374138602
3421382626
4049743339
4440678868
88754336
3018684144
4718396813
494109515
4441613267
1406385260
3585407237
2856146074
4701474434
730901406056513538
730631422764027904
715755739143413760
2706403100
730857784837836800
4052958852
3594000857
3977621895
4871212732
4118568983
4717892303
4890072615
726770849773178880
305288078
115813614
15158145
3301742488
3861567736
385348343
715549110967918592
715723941722066944
908483689
129636453
3366173247
2775492818
4256851283
718237864958562304
3983010093
774910376
3018742509
3351241013
60882049
2889322139
3158234814
3418210767
2515332033
1568488094
228144205
537230085
2356321794
3438661869
23461759
3364589120
702780246026752000
725898676460093441
188743698
1591767337
727469188286177280
705442898188210177
726846052888780800
720282412001861632
2826216461
2798125167
2929718880
3362906559
300167191
710906940923240449
197610038
2303866117
854853583
3390665254
2832342387
3060693427
724693074312458241
582674507
2943064582
2393063119
3767387713
2227097804
3268092572
725832766558871553
3352612113
2823844460
2312637570
713429506221064192
3267453877
275276082
16335102
88090468
4881883222
3219461544
2846136124
1705643179
22209201
718332443359633408
16710420
23978832
94607882
111225697
347627434
2849221607
45608857
2812908133
3239288246
3089238207
724700620771323904
544001732
2822277833
715044396
21940632
1722795805
14338727
2914937290
1335929641
3957056895
719389807911133184
709526759637651458
704715316585103360
588742677
2257115702
3181978286
704140539210424321
3347509575
3310591527
119815139
722356828923777024
719124282
3395594427
4312701160
2806258613
393095898
720978043007844352
4582587859
2269620244
721849792008073216
17907265
2850255627
720185507511214081
2239021130
425440651
2860119411
106819547
2916604288
2903046783
3068159657
833446135
236487888
2631570888
92268292
3311911386
713200583113449472
199152706
3323986523
708747526824927232
1365791490
197265911
20944649
705566834913890305
3115058151
3183329426
714920195400269826
3106787658
1738524913
854203626
557931634
2570046918
453221269
718189926148345856
720300165827993601
3412146239
3110959497
1345580348
8443612
3128832537
2996797754
4679018610
27049695
40372973
1950799526
3697177872
2466285200
1312304335
387403003
2896835628
932053646
2750011512
220842543
183993932
2834518025
718235674743279616
2437486722
2211971030
2940323720
16495008
4429531393
113137765
47336979
35053807
3580248555
193698236
45571759
904587308
4878754426
718193996309209088
2757067388
716178360284684288
2181929256
770083716
2149140311
4736829527
2954613326
106558293
2252820434
253351311
760122925
1212493009
2845681325
791987130
4886191420
21381909
17010913
4774511955
3803136317
5820642
21374730
1092726283
3224850985
1256618628
3188853513
3215235802
36097869
1373069701
70883367
1409289404
1583684022
4179932914
785788711
4401885856
4300967669
2966783441
4908522219
2766496962
2871977708
1676980292
244161660
2602117435
114860533
2235067650
309197792
4110942707
424927514
708559788641128448
4401980897
491715126
3397135169
4386946815
3313210497
1933042237
3405051077
1643871253
2747746256
2920188925
15575528
59023240
1531368576
18146977
2281105998
4417231814
2500587222
14534066
3266399016
1342544430
2904695990
707018140534710272
23134543
4401672503
713927316615864320
4547869279
712360122417287170
67240902
4463149992
2806004678
4102376488
714112810893119489
4898083329
4899592811
4892556435
1109787168
4259676672
713581336888483840
4909663939
40151031
609885469
711921811424870400
2974063694
1251056551
2945359946
105295143
4891737837
1347654158
1955132936
25634203
257790013
4919346743
1853228562
3837638457
467283191
100893218
120806450
3911216058
14875642
2154028783
171959794
711294418867847168
423432585
21514744
2567716627
4105360354
708518497119309824
154350597
709931744951017472
709142397737775104
426837485
2750803032
17372211
2501522820
3179662599
