707010931423891457
786551455121408000
736771855479148545
4810787712
743260700810706944
3022284398
720392640873648129
758028216204455936
3241369799
121549267
3191098811
780870111561330688
9184682
3057804188
3654430214
768141892173303808
25543588
779021600687550464
777807208113278976
777423439342686208
2764708054
1669437043
732629894950096896
773334808361439233
19000207
20859174
754535867532836865
2376103038
771035190416343040
78926478
769186430274924544
173413459
78951840
765425523082219520
758395560797745153
764287614383861760
491619143
293579708
127573355
1282025966
887526896
760373336614526976
563291256
758294918347550720
757621026054369280
757054359008010240
16910981
706829239358767104
529022626
751397048692379649
751146103811272704
50983075
750961120089927680
1619875081
608658288
714286482069069826
1147955088
3279598369
749674457162186752
314747851
1420846561
748655844728918016
583509912
716043859919183872
2617384151
1205283150
623131315
3396535725
729524373032304644
3316803758
743782679305424896
24888451
587937615
701709079257948160
715461236792692736
43415758
736056079180660736
102532903
135959547
825604554
734690621022162944
341382951
386091851
74731272
278658484
731809372502921217
64537766
730154769101152256
730066403227766784
22215181
571643189
2234216503
536641123
724104181368250368
725825211208224768
98975005
329307495
273195004
724575704554332160
724552492470669313
717344554555412480
710485940398006273
1382835007
2863501211
8228562
3241163046
1383282590
4842193107
703312823070302208
171363590
4860647579
2962411004
4844278992
4642556364
713781456775094272
713724227824795648
425028708
705633302334480385
706465040749228032
1632331052
708026592409292804
707631496807510016
2411528798
2950118220
707054121853931520
707303975826165760
707923818950598656
2218363970
534327185
1074264655
3340774863
216558300
2224594843
35088955
3119848306
3119875594
3271302170
2554506888
3325796055
136855203
4038210316
2181756354
4919394194
48103625
3599174003
4883862183
712563543
1336468717
368123885
634590917
4632961412
2176573184
4780829481
4735196694
3700293266
999719474
4725295177
18936639
1569942631
4672806372
3256014288
373132083
725256391
186375794
3303183043
20909806
16893379
3641047512
290001658
4448302995
4118344065
45038044
234189425
4311660760
1333917104
94078880
4470653112
4384557497
3306281936
32155203
4242358233
87912932
4250658119
1623994302
996631022
3300785354
3174115607
2944997615
4201801820
2573847944
846848533
4130541917
261106085
3233081838
4171119734
3981623173
3439282273
1930435669
91146650
18548136
3451621581
1600965546
1001969599
4051145954
295532552
4006134673
3966218654
759534697
44002274
2795292307
3908697974
3875819293
338091971
316556830
317128520
318367563
316007186
316571306
287220554
316593885
3865698987
2613151942
316326533
396083126
2927126826
124177815
3781134202
3525876885
3590729680
1633839500
416311655
3300580422
1408768548
3509459121
3462658153
2245509564
3343805087
3473092517
3189530238
3463475595
3313921621
247352939
3087820336
21833728
343136827
7668952
3315585067
55305945
3304353664
237109504
2444563946
1349902657
3386156007
3302059501
119692502
18285480
22329191
3140969430
230022687
3387628318
501261353
3382559193
347564283
2960763766
361989226
1138643430
1159222248
2568403429
21338984
72701831
3250365259
3305036313
3139324272
132972086
71402509
3242352224
3314281787
2831540932
17194734
205254954
3304147125
518396596
3302205658
204957214
3193885754
382762605
3222271843
3221857254
301442193
3164345367
3254212035
3248833013
2151764786
3242108639
2927128261
2893176654
1559948600
290846001
3180046059
29161690
40384903
17846767
1076273048
3166533645
2358027133
1978986212
15800925
67415036
2981283460
210980926
314678442
71028649
19191229
3061608431
3097189105
64741789
1323810181
732170509
3082171030
2317071875
3084459994
605827665
2398163858
471278336
2978902286
203413927
18040878
41866786
2920251778
2314769716
1962117006
102259178
1899009248
2929256898
288320142
935748632
3023081000
1545587720
2529707683
2761255842
2935311521
2277997303
2993053589
3003234503
3013201005
1934729616
109276676
15361648
1361689267
2995503790
2971572846
2999628214
1188967933
2987547369
245725634
2968857082
2991638357
2982752302
31512368
710243990
2981883966
594812470
993520008
2535019761
719991049
1348997166
587793368
381854331
426508205
2802410238
42034114
310283012
2930234598
253006450
259305219
2360567024
2929535303
1976248460
20362304
415684095
144651395
22793912
1021262028
625228829
41842907
316359638
316449512
1417523539
42093759
266378369
235493249
2540239410
2903906537
2197689800
2916468212
2901390051
195441023
2876346382
2409055771
51343737
2317982898
2864045748
4804601
2506329199
2895453763
1626294277
2894829121
2866298145
2510487703
2846699895
2576363345
56302724
492826041
2677306649
77895417
460614421
2625843766
18417942
2746447092
75619438
2830892582
2339374142
2557941968
2588360250
473036790
2288716694
2774565171
140486469
253006913
2842035800
193771650
29877484
625641498
2787364628
2154026963
315853538
316390758
315765436
315542884
316374160
2808186080
316059701
316241886
316430070
316205791
316333822
316285982
316275120
316091304
426863460
2788089264
2739207427
34421363
1754462965
2569690042
316260130
316378809
129529866
90379747
607387700
2728855489
290726922
2782579567
2753224335
316316470
37638726
316498403
2769826262
64641033
253007135
18433469
315816953
253007278
2740472971
316226514
347504506
315872893
65593566
2731702411
18944045
253006530
2739796282
1968723030
2635579534
1579761842
253008116
717691158
1354631900
123953957
1615427191
2679452010
2548828914
2669052326
253024182
2590901136
1870057596
2319211895
2657651066
2366699862
2326571796
232932917
1870171777
243987640
2352814064
2526610638
2431971120
1870184215
2592276607
2586944593
520255143
2450122586
111385306
253007439
134404571
75318383
2549785205
1870133209
1189225866
2549600352
63818960
1541496918
605663797
1870186633
450892245
83810210
42369396
2471904860
947157446
1250006162
2488739736
402942283
408799410
72897674
2323167510
103440322
75009533
2466932582
1422134233
2352903248
2420463354
87403396
30954996
37044452
30340159
430994222
415595093
2396677549
29412759
1455355128
2401283576
2401175694
85285648
2408487970
2395252878
2415688835
713047770
33562503
37002399
2387840702
2358412190
49589145
1634007822
872605814
2382827706
392671298
1917013370
38422686
330113130
45454350
2350703014
215209762
2345742884
2335330758
348634201
56959095
63525184
194014578
155093184
265689962
19754314
2305765866
2279614196
142623264
20127230
193369036
147617491
414174068
36114225
2261085555
122314290
2279354517
2151462356
349990926
38592222
1476563282
776003834
606209208
802547688
298113824
1260345895
257506650
1564042495
104572220
1880962273
240304933
717578328
55444642
717367802
18222910
2217829680
1399075873
236629014
475191782
216627841
38473383
1650873745
593383768
1323256406
2189828515
2172234809
183525543
1972216196
1851026858
1302994711
1693481222
121512660
45249137
108008051
1392480248
251543233
121283211
22951847
1905758743
1941385244
2161747741
423678067
335519505
1890594020
927961795
1416521958
1934411658
1627773920
1255439640
1707620317
2157352360
1877248268
1713180780
337486345
264953643
484264639
181174611
341658039
1467749282
1451831210
1491444872
1499590243
1565693012
1650359562
928649796
1547960173
1371652776
1554500827
1546907509
1431161058
823953991
1090278481
1359235886
225231431
338407735
570699241
2154741427
95943762
1692555392
2151732914
495039808
1484427998
142017211
589079936
1970520414
23702998
611093492
56837321
15571421
1962910009
1479462720
123958151
273922155
456740815
83760657
285642868
100459639
338285347
33606063
867231829
1485300157
605994790
293462287
1714688246
897207589
368521279
151988473
1460241780
135983248
1005809683
1621116025
1383634970
335633361
927614905
23624840
1609880754
152382666
932804480
1266416678
703833821
75385562
893746562
27053590
1883375232
1928542453
1932829807
926248969
216299065
977790559
1856008922
1905868548
42031369
125380436
102804345
474128804
1053263448
1208138401
120396900
78496819
90507670
1470398510
825543211
14569679
294081197
30488241
301078886
73780021
1713962293
1856134872
918011755
1599868243
548531673
1855987838
1851240174
978367778
1715389369
1850925048
1877635760
1896578400
89282205
1422277226
981293701
925572600
1876039800
388607715
407004689
427633624
1628851178
42632848
343435008
1876113529
63212448
1865637133
1882175040
1723257337
1729422372
308593464
1206354578
1867909200
333486174
191537641
1892033064
269392833
261198136
17943492
121596221
30079203
43398134
568465155
392487826
738347239
622251966
1360842553
43185133
1380440552
394307163
874060801
37042180
1558590439
1458218268
13743582
411443828
343570198
305305057
128611599
302726899
450438759
630504143
631104368
623102093
102165490
293691783
885600624
62387884
205462159
50021175
595284722
1742959063
71877440
189392231
49532208
223604189
629406113
1875999271
1876373400
1876363338
14620745
226636852
387184559
21125645
715523442
469795670
1532165869
601004919
248916858
744561182
428746861
422777380
43132334
967766671
