496395057
2275192957
3155017064
2313537663
3084810889
1903725991
144640903
786718324457627648
936101348
2511334820
2957259656
783660821910020097
7618312
759925438051262464
694876337719218176
763937792963469313
251909019
340987756
1372596163
780823560411500544
2555047382
1142752532
4613357009
2849604155
732226652919365632
779267647464759296
703026032295731200
3301625146
785393335447920640
874406618
2322349315
3612109061
1069177129
207758268
3374798787
784843763722153984
785432110953852928
745992114798985216
727187314489851907
1403738018
3245605673
3062542073
380430129
732676850724392960
601087387
779834238229180416
3245397274
3637242989
1729719414
759583975429976065
3037966747
4166893340
2258787450
4888094995
754597171790434304
754596730016964608
726263842532007936
726620199265275904
728843661467738112
785037443107991552
785018723551748096
785017191686995968
785015470860533760
785014525468684289
2912592446
338349114
1957798219
1617459606
751990207977627648
751989239571636224
751988776679841792
713687297934233600
751989663234035712
754674382937559040
754672528119914496
754665838850945025
739227026570248192
739223245698785280
3252651738
728567199363825664
4665919154
2916717966
4486588702
766764293069148160
766765624492261377
747056577161625600
740542699959427072
740544019516817408
740540548336001024
740538346313777152
740536851891654656
784972934876192768
784972391051124736
740534658371313665
784971807212404737
784971159297200128
784970203063083008
784165587572428800
783256650836836352
782677758283395073
781604172156301312
780066626712502272
779233669034680320
777890384810807297
740533734223515648
777497882278723584
776888762198585344
776069555009576960
774607304335433728
774019880412672000
772535198835695616
771758669621067776
770701480403824641
770040431895834624
768044282074820608
740531599826161664
766943930495688704
766942484408725505
766941588543172608
766939689676836864
766938664517693440
766937845697241088
766934000128655360
766932427113627648
777466638455050241
4843717180
506502030
2991796835
784415529247309824
784414491823988736
3077456787
783753076503154745
765343418398769152
704003106758115329
4518189094
3550983197
755207594181005312
3095562886
1278464082
174775273
4210058662
2856044929
4064023636
720756529524260864
2941324872
2458674369
748274066591744000
4415812695
2768245779
4821346465
1215225546
728432465480572928
434600013
329641532
3734735660
3135454894
601976752
520919681
767342642074181632
3301007719
782923803630370817
3663128954
3260566219
302784568
776098024703471616
782682769470070784
783089523945340928
712234990881230848
782109354677927936
778487116204474369
627639794
2843272716
761443403385049088
2992413808
4158257482
2808326182
511025245
729139381051731968
2615698359
2720218657
135411402
161342149
1081324430
3379297971
781133295971135488
731036210206892032
4662673669
3040614787
307033767
779772311801126913
733073532553285632
782699990149771264
782291372263018496
760156909957685252
782900177292161024
779553641875120128
772747934077227009
780174761762717696
2870890991
300442190
2607504079
739062460032765952
722585156352139264
782848715769782272
718935446479380480
4880262263
782854705265250304
754811889750802432
3226942402
717402709830275072
782756596204044288
766137249868185600
4828158272
565166047
111900149
715148540071305216
1691133019
2914526130
3037582158
2341433989
3555898153
1944204906
2917401601
971288918
4238951681
3188136476
3844194190
161643433
3693039433
4328000418
1601081347
4537861693
608133104
1428638882
3418706366
1062772441
4444889232
4400729172
2368859838
312879811
4011907933
995062903
4449629237
4518150061
4382447435
3024517943
2949381366
4437207192
2715003389
4528669033
4440606693
2894450250
4505860452
4487019685
809998087
4104915034
4057045162
626315076
3096879261
632177715
2676104221
2883051088
4307425575
2179350318
447765220
4444318774
458232258
3969212532
4258839012
3246596893
1688474804
4429883361
4077619632
3016647029
3016712380
3016586145
3016662280
2988212870
1856891826
2642079905
537358287
2288302146
1487763554
2225827927
4502630126
4312443814
3188326633
4332824873
4314384035
3939269055
2824869503
4333901663
4309730842
4309594817
4267449693
4267269184
4267062070
499810043
4418207417
375022644
1701482936
376172993
120585034
2475168036
3318404540
4386894586
4309467801
2876919814
425882816
2531981208
1916606696
2680931616
4320472755
3435431217
401337779
4157808867
1859456082
1513750490
889154816
4450393814
1234771021
608940590
2805344191
63981584
1854069391
2984921544
2327665704
3165055395
3224063725
2391269006
2995558814
2446990740
2752686936
2752746517
2752750159
2754566737
2754510864
2754573469
3188421696
2580464965
2580469681
2752702310
3039448622
1349309304
1329912540
1528442072
709054255
2217531451
736384364
3244908470
877786646
2351597444
2893020451
2781305687
247877672
438007114
2466228283
1593279500
2936246065
2240205374
2347722890
1614637586
1959781670
1698685422
551389174
4202244868
3156565593
4395184180
4396022176
3435205577
4396046601
4394660003
4143512735
4386416632
4385177722
4385135476
4040378331
4039114341
4038978257
2925114797
4360507215
4360538297
4360460715
4360566556
4360553242
3981244756
3981223888
3981136103
3981172288
3981124468
2881763707
2941555830
2461194362
2592295195
2565245047
2553716772
2529629646
2605330208
1609393728
1017206930
888335054
416831225
3054369394
1096781251
4146353776
4137922396
4003547900
4151488043
4175713517
3987694295
4389048616
4329002480
4378330943
4085139074
4167447101
4090794203
4206301215
4123616405
4161211798
4235294365
4212797835
749309820
2528727768
3940206138
4216371073
1863097105
2963317306
3221824533
3347014582
2817447890
3598096935
4181379215
4164297035
4181401781
4164282185
4164260175
4135118421
4164274877
4134927928
4135002015
4134826695
4135083646
4135100896
4122211949
4135132901
4134966490
4122179021
4122221967
3071865122
3082273569
3838668970
3095503031
2826843294
3284483448
2581891514
2581909111
2581872924
2581886222
2581886414
2581881716
2581864356
2581862168
2581845960
2581842954
2273424432
2596027716
4150082727
2240781966
2239164294
3414253098
2893754317
2240383051
417527015
3350578625
341336522
3187483412
2448526950
2202893096
561414157
458229861
2647088467
3142895420
2860561089
496508554
623265796
2985061943
4180080858
4150987714
4150636163
4150690114
4150607903
4150592279
4128233007
4128333982
4128321556
4128189117
2699297511
2819511373
2439696565
3064676268
4177685832
2286263311
781702327
3634813513
989310140
488254940
1916144732
2219230982
482917689
407542748
2285509549
2291535182
65651699
2510317041
3644386457
3410435472
3347543352
3389958653
2991107743
3309384312
1045586714
3285912696
3369935367
3367946003
3215811723
552488871
3324070925
3236582088
3230233242
3288341146
1349459473
2341750213
3196879332
3074985059
1717082388
3144773059
2909106134
2742090272
3138644055
3120411252
3086578812
3048872995
3076833066
2935106805
2541845502
3061856010
3060862210
3016033724
3016195592
3022421652
2744795032
3003774652
2740179928
2607029826
2810475755
3011195320
339222329
103130193
2982832821
2997567211
2996045571
2991484018
1612416619
2851201138
2986822063
2986819405
2986778258
2981102717
2868186165
2946586889
2975882302
2954177607
2973588178
2903926812
2967661723
2959214556
2769568161
2958815459
2636083502
1538147359
2965993879
2391884450
597508614
2191820155
2827918048
1116119130
128732457
388857429
1255812968
407519401
2877370917
419323695
535883965
2183329934
1474774417
2936265403
16802173
605275836
2946703656
2958383940
2950739266
2961395478
2964781391
2961902747
2960731130
2933212048
985987236
268396730
258071480
841276621
1043638675
2356362342
2933799755
197310522
279461963
2715786646
2774216579
2322860169
2511719358
514431689
241035347
1122284160
2941963860
2942019356
2942055319
237210258
2266975903
1115588480
797837696
1867021826
48079661
2959497746
2482704254
134250442
2155817089
2160552686
1605548960
2201357184
2890558627
2866127457
2955387475
2746764088
142432236
738880250
304182161
619905252
2559997596
453616647
283972964
2958889295
2957525108
2958736774
2953898127
2800447036
2759619631
2787177113
545665610
2299797047
2313426301
487320747
2159521167
997944966
2958410314
2905932877
1166168970
601739726
2951706026
359184488
1174278764
845169536
2802707607
2536208956
840897602
2768780677
1893948084
1451039011
2766324619
1482896730
2926392186
2664034698
2332656235
1178053284
2893281859
2946119867
2878213245
1164697297
2935899190
2933094037
122984726
999036643
397833618
2532338246
1009376360
2429538774
381891043
567054298
1288752338
2874749419
257403310
2931697376
2762077981
2927395026
2928011570
2694157105
2839980158
449651110
2617531596
1669215079
2901808912
2915602946
2913062034
2913639410
805628298
2909429684
857491368
2715288391
903356136
598993402
1172100889
2810092474
141577238
2877680577
2648017025
1514509363
2901422738
2881427073
2844401877
2877888711
2411385253
503996063
2863072295
2425582092
1653590172
1476824046
1440530395
1412704513
1348942296
2824203750
2878997225
1538059195
2858116307
2867769429
2761103256
1556467470
2783417354
252918022
2790324801
976229726
265286613
2900365022
894911190
2332181222
2450936227
2565098779
2900215592
2899187737
2876999985
566691888
1726074420
2864525693
2869101928
426223103
1610876522
788305609
2756599199
2655534720
1465714831
1117959930
2855932972
152988909
1259872603
846459439
2898214382
2607349296
2286495763
707187260
2839721127
1368623400
800042796
410268525
914546965
2889217794
1258426682
62220911
2852245621
1150160227
2861686719
2897338033
420763860
1617991464
2897433667
531468997
973450838
1939735310
2357142397
851179088
746724535
1931724300
1572981770
122236934
2538783990
2741979242
485358678
2792312213
2743447943
2866532039
2863597326
2824206361
1240870291
951781741
2882535368
2848837307
2868379093
868726184
2869425012
2869388563
2865549025
2837125179
2858395177
2762783445
2373861180
1560643226
2615320610
2698596192
1543958641
1698134341
2553939704
2788839953
2371764173
2721822913
2816172854
2575241325
2753287150
1953592296
2799932215
2797573921
2795649451
2772173168
2785573753
2783700872
401531387
1310729418
2769474692
2762200220
2750483794
1668589722
562819918
2484621572
634072877
2744742190
36055417
2743983448
2743876001
1375050828
2730514308
866432972
2724960050
2386126643
2587734996
2556284459
2614396506
321354777
1125457574
453284793
2683283420
2179164944
2661814908
2708862801
2731212803
2730151659
2267795258
2727408381
2694749748
2578449274
2685745476
2304135949
2723895928
2722682535
2318107267
2510934868
2718833776
2711281960
2354877116
2495347835
2717053329
988553390
2211946711
2711267843
2654112923
2331172638
2512428004
414197401
380681117
2371061561
2314338439
1644802506
2589389905
2314325312
497224067
2314323553
2314309452
2314308151
2314283606
2314245925
2314277384
874611692
955224090
463569449
1330708741
2625175050
708142258
1451173062
947306017
2607177050
2620641882
1913543196
2698865302
2616700831
2610076555
2419423183
2575517954
2613217171
2599611990
737886559
534796103
243867030
2611939254
2611770860
1943176748
2414911049
2680680568
2503318200
1945975506
2680986430
2680879121
547210028
1562346824
2636982484
2681991603
2680499787
539722716
1638035900
1394763817
2680166752
1660544198
2681218509
285883834
2679646601
498661261
2638001103
205708060
1679102112
372709509
812188470
149410894
508923674
2241550531
1541477473
2599619210
2602292688
2665092561
1004003796
1699674709
2564240960
2162604912
2171246941
2162608472
2162597533
2208634416
2574074286
787462393
1681789752
451921056
2604917699
988160851
2631205234
1306094731
218708906
383066268
2582200178
2592195044
264513360
1276243656
2642870506
2584664389
2585745619
2481659711
2199699564
297265706
295710498
2624432285
613441579
2583618307
2500735386
2630051729
2629367063
1011012541
2578321184
2624059258
2575408770
289260722
2571643346
780153822
2615243859
2611653315
2223784972
2607746703
2560639543
2560606034
2560124521
910394742
2548371458
1330680530
289797007
1496225797
2422238323
2386848486
2558198538
2553450865
2557664443
1493431724
1246708922
2307512570
2557216646
2431770961
2522198969
1121282520
983915180
243785852
1217041068
714889124
368113609
2462403970
1031449651
2396288191
1451645173
1691566950
1616476885
2504914920
2523544635
2361518595
1898662801
2595245907
2556926526
2552582082
2556477554
2553753452
2331059496
2555733654
2501706710
53196001
603430723
549598185
236097778
2501788223
1864228250
2437537844
2457280363
2333814380
2437553533
2457258662
1864382071
1104946712
1470083358
2592413841
2540533634
1258381987
2555188910
1441801266
2555213702
2570099087
986552126
2225374899
2532062942
400551295
598671716
406338051
1917463116
1275730297
1059648180
2329639370
458510414
862962475
2488205616
2496833113
1887185172
987212311
109687912
789052868
2220479226
496097387
2440953811
138180986
2460235076
1705713948
1864713518
273220535
338836378
120457896
1543897164
2383201151
2202166484
2497221110
2218311083
545077666
172601979
757150530
595764682
555615247
800559457
2194386851
2442835489
1653743618
589428642
2159388230
2184704163
2312508188
532519734
375965859
857205367
2328771431
2163751110
2524820226
620923955
68075378
1537902752
1281012572
553510205
2287484624
2285441738
597265430
399021441
2514644048
165459507
801827276
1872643490
2554982904
2374430760
1137386570
1960863348
616777271
441170617
2413457578
2589237034
1200378008
1930847113
2583138094
1288402850
574892461
2329592407
2319330315
2566024037
1056191028
2495954446
230248408
2478550007
415357062
2437645434
468499164
145180447
2275870014
1660908344
2501523837
1673962772
1699063442
958089042
2553990398
1716745544
1339754442
469894466
2374216712
2553861703
2553882469
2209678086
2553860826
2553898699
775383727
2553910843
2553923731
336144949
137228781
2553853344
2397658910
2459714808
2207073961
2295212636
338421511
2395397259
327259121
2521432698
148112684
1309360298
2463769728
2528871638
325173979
1621060333
2463985519
1631196210
1706371752
2295776305
1228890870
881564167
2470030621
299995304
1648928264
562503183
2431143132
2410335488
2368267602
500033241
1584784218
783645668
2553692568
373029312
2553683034
2535413796
2429719501
1111803792
784978285
2409693655
2468903593
522492161
2530916761
2396212494
2528235230
2357382306
2553664663
2316337290
210102368
2255975191
1649902818
1938999883
617700013
2553519780
1319860680
2553645150
1305943574
1721122735
188056040
566283960
2346127689
2458870609
2585603873
1606419523
1649128166
451104892
1972378626
2160287928
1629628802
2150549334
2261355537
2148536347
969966409
142693434
2513172244
2229288736
1455105800
2172969074
2395666092
2553147805
763359824
289114434
165546981
605900989
829954502
1937894958
599043266
115509214
1447134426
1722581258
1089304094
2461928143
856984784
2380958574
1416809462
2467063374
1323365353
1416701384
2332785202
912482396
841385539
1072420542
137278638
532484543
2579219261
619012630
741300445
2500298472
1595898973
318690203
2469522232
962415697
2519177388
2545245944
325680282
460662627
1706493751
1893162102
2432681996
130619555
507320571
2508934538
165968116
2342705706
1403222005
496606941
2342916914
851845332
1711459328
2495337330
512593203
171790571
1946557579
1046115463
1759696820
1935404059
532242028
62657325
232282693
2411906515
193555015
433446857
2522741671
1072734805
411929364
64297760
2525932940
487876316
250710352
2477228646
2469897098
306109469
2300185206
2525731544
914258172
423860191
1655067848
2547116360
188399526
2495581918
2550983130
2552833567
543137619
28541807
2275591554
2317793184
2556835751
2553320653
2553280188
2553244734
2564514880
895641752
243276471
2499423104
705179585
2345540074
210292414
1636814875
380093569
411108400
2308516269
391705457
633397718
522555932
1658799288
348788852
320996946
2442264254
1017873889
626867161
347622139
634270317
2552999748
473242947
1331235968
1726336122
353478512
390387340
1458525746
1584634830
2218266195
1901066028
635482236
2445596629
2457971267
339421767
2209333683
571699079
1841661403
828135402
2488699909
972461876
1106947634
1958943373
2582844700
2552930419
2444132706
1615832228
319103862
1011274921
1975210939
2536316472
1140915661
1592633227
2358313036
1335598560
421228689
1387517102
2392310080
1052376848
416185927
2287358335
1358086068
1310828268
1643663880
1320506720
813046255
2589738040
2511393886
1976871092
2525805148
1701209634
2193285447
333707394
2417500957
1012535418
588016776
358884691
1542265212
744691590
2462681724
737045412
2383936681
2258054013
543655222
2502326432
2552126688
1471446728
92839492
481664078
593766972
1665717751
623902376
566815848
1486456254
1043493055
1492974810
308127234
316155702
1861444194
2333227084
1976392531
192698512
316927185
1950234012
2170063526
1529193986
2417301354
2499215947
1132623979
230808156
2512854082
1013344052
1109898818
526083048
2572703753
258196447
627099590
1908185652
1875782713
2188651009
1338331478
2353840705
2552869256
2217798794
477166199
622040668
378392868
1855863200
1832642474
1567017080
269375255
2152118552
2160873364
2261360611
2587201229
432960750
2470623886
1653177030
1241650782
1561007016
502993112
68743527
256270234
308615523
2163699215
1295927612
1669408183
1411401618
1610108071
705404386
1330781316
1022555388
2322132527
491628990
2490772641
612868217
2417927253
2193171735
2308695512
760522627
2394925083
1514828786
1720105813
2286161232
2515595157
1526173657
2583593957
252203468
289530049
705204497
1023009540
1675522489
1382794003
1357431223
554009461
118757341
42121686
1586619583
1327048088
770409319
2309159041
1004488838
266403573
1523938070
2289769459
2548188590
2473167840
2543484434
2545250064
2470160178
2543560561
2544769411
976740978
2529874652
1676483641
2577216887
2483045461
2543603180
1026655502
2543047326
2542103706
2575764951
2529440641
2529431282
2443452000
2529465170
1538422710
521338162
759716083
2484099619
2487725832
1637728063
2539735668
2539281078
2539272584
2538426300
1060249429
2572495918
2535001980
2571875943
1859627696
843155726
2533703660
2497997877
2457083016
2472774048
2472783060
2532341810
2531374986
1387565982
814299558
2159011123
1829569824
248094316
2529272191
584640487
2566179635
2563596701
2523707892
177494857
2523647371
2523645042
2500103137
2522999180
2563626915
256767757
1019078491
623469720
1708981723
628286787
2562796229
625106439
1048951202
2521375626
2562497656
95854065
2539589097
2277879305
2152615026
170780814
353035597
1671259428
1055232319
2562019311
2314989996
1669781240
1680785706
319940552
2261396886
2458958676
2515913449
356138330
574947187
1285191703
1393704500
2511946578
2502084223
1176981410
335043806
444924370
2516046174
2559359949
2559364925
2559369472
2473195453
2559073293
1430327834
2497347254
1049433936
1336907480
601401140
2515819824
452751536
772822364
1551993157
768259040
2559028594
2559002459
2250605169
2438483002
2512781820
2387654288
423504024
379477590
372026506
2238866234
2508426156
1301361192
2147858144
2160798805
2515896748
2555870158
2513124182
1046984000
2475286015
2555915350
2258068181
2508949519
615733363
2507789869
703841048
2502403532
2499787896
2218113704
2500932246
1327416324
423249816
2408860063
2503477764
2511306046
1087602271
323937039
2503195316
2447904792
2502181014
2501871716
1343119465
1601258263
332523032
751735021
2295966798
1015373390
2495406276
2377544666
728643158
2355283650
749634727
2322223669
375280344
2493347628
2469498034
2498893734
571002851
596997074
2498845796
104758438
2498832710
68581899
2149760090
1958590488
600024026
1329126938
629444649
2488295294
2374449870
2492493631
1456796484
2380508623
1650887107
2218165208
2497187516
2490510109
452488450
905676254
2495084802
2496819566
2436735098
2436775886
2205888259
2436760195
626527414
2230617531
1617884653
40748164
1354718268
2176254573
597696274
1970033191
1111883610
1722260922
2360842094
2330877485
2547917427
1910591720
132729393
2421367964
2494830138
2438753413
2494585836
1647221504
2494301718
2363558445
2302044049
2492982300
108934311
2184197647
2184179852
2184170839
2184189361
2183984000
2184191154
2270113952
842738174
359278458
2547183713
1864879524
1864959469
85955307
2494009892
305476353
1091677310
1388121378
1461845030
1864981081
1636086554
45071543
1440807648
1715234436
1716201733
631697382
2263908978
217700577
529107587
2328571782
296534760
2490507559
570111390
2514834532
2545581466
781571947
1860032600
626967187
439559950
2541668182
1684244515
2481988616
2493088165
2492401062
2210100836
2265344203
2396079756
1135877646
482845520
510074806
864697339
366028247
490625617
617592431
483450665
2309137535
2263331358
2218497812
1103655331
1069109808
2265399737
878659429
2291083728
2409865548
916488349
804050664
2285774779
185147564
2182600315
2479164038
2249964551
513417045
903177007
2450071079
2257772263
232063980
553666381
351111202
842309588
2488984687
1637398194
2488416612
2482453142
2290484929
1605082561
2491229244
2432660274
2489068069
548416170
2543839762
2530815665
1645734320
2332788497
2543455031
2491748233
738437130
753589740
2543240674
738476689
1025244390
1208990623
1683791118
500514589
1352175481
1441936014
769648886
1950205956
119280920
176101363
2169436941
1460438586
123015647
38837223
589924319
547767285
1207847634
710423227
2264254700
763029516
2423590658
2396444672
593496062
707479550
1580941482
545774136
2223958292
2424291266
180286647
30160168
2489427876
2489432072
2489443153
2489429510
2489428352
2489437411
2414913331
2243362381
2243347386
2243332740
169345624
981830172
1011979676
627146587
2365072549
470792186
967325274
2541693159
2485666086
610587714
2489995045
2478714931
118772364
749174772
459013267
450954746
630477718
637144905
1121078412
800032436
1893070974
1473628172
375176405
1077863718
1614554202
117202778
820632524
1022043710
2539736157
602484883
2534988855
148143264
1950703782
1061668044
737553655
311874830
2371618575
1004953723
1132694311
129828635
1368684313
2358845877
234583145
613671193
1556113933
2241876668
2219194928
718617234
238516963
2254960631
2454137976
395055051
324069090
2447569599
2338210227
2539595602
2539626329
2483573682
631505893
565039322
462299550
2452610377
233789277
326558142
2177238140
2489074555
1889185926
1808069958
771671820
2539554177
609569906
1169151464
359118419
1937569146
1555311252
362147213
2328558456
1067348436
226436562
617789449
516468180
964611349
1028742823
370883173
2539117041
2525702721
1670741168
1966322400
2256704276
1661679295
569197031
602878127
1029112621
2159581814
1005852091
543299499
2392809018
2392851661
2286116643
2176083251
2392831982
2392857636
2392883077
611834127
712086618
2394116126
2488687689
1959911971
2222530872
2222524860
1530795295
2486647532
2478803881
2486009406
2529420382
2390937030
2485624334
1234658688
217763804
2339606341
2411492334
2349130214
2413184150
2218986462
2323192795
993061182
401319544
109445601
399947880
1269834565
1290904146
956656357
231767854
540367394
313307791
1882228902
2330631239
1544494560
2485336050
347702950
714757849
2355476498
594304688
1376410088
2483307906
1521029372
1471880574
1520988162
460999539
342193675
499647433
748704025
528831157
799965877
743341069
1977371430
600194810
595174033
1188871345
2330109069
386026243
244060990
51364667
943492422
1707684348
520372631
183296163
2282921180
616283266
1378775360
1471042166
899482873
267035644
1942377164
1422747512
547832103
312651903
1324404174
1864302012
1465450969
535661117
628472704
1254700212
2184788750
887224686
2218747916
1925787067
1275795206
321020132
998917404
2471473080
32846279
2223859239
1682912779
1411338061
1335246896
2471581126
1648384062
1420694437
2490561399
368198025
899894718
2482662295
2480619320
2359146748
1940048677
1354172508
1427379704
1928233140
2304293490
2420435802
1638181448
2443276410
2471117850
779524039
1965051098
864404767
466125446
2475509420
783480764
554652947
2477513294
2519608049
2165403830
705890413
1639995720
1337348406
20043786
1346872213
2395610437
387871787
1376740513
1896231336
2338810672
1418842164
2529368655
2177522956
2528566361
759532854
984701478
2527795396
1630191642
2476289190
1619957786
129527179
580872488
789338906
2527217157
1149812402
2385572112
1058647446
2472750943
2475844100
398374450
596159629
2173635432
2470199947
2527055320
101623051
2214617822
536563564
1557425785
2325155527
1164700236
120030462
2275991793
1726226474
2468442758
597733503
1599229550
1165541342
2393639701
2392136346
2392141477
2392136408
2393644722
2393645521
2393637090
2392138836
2393653525
2392136563
2410709226
157169019
1395274561
118988547
464178581
2412297828
1176841440
1465196318
1465174225
1464770431
1464707184
1398052044
1398038616
1398004848
1398014851
1397963184
552689559
1533254527
1202331566
341696747
635727299
2231299680
2475302318
296761170
421955743
1543433814
538873085
1466347069
536994236
162305399
287556220
865705351
1336673816
1285302955
1321552896
55786845
1269083748
1627233523
1505200644
601388829
2367287439
2524525677
195195021
2474718979
2474818513
2424390158
761203722
2523978815
1972423920
2474282197
436307159
1273729878
760319246
403569533
502172507
1007872202
2267491618
2451903170
1104453631
2469052459
748051176
591109708
604632794
1428925729
706902268
2456233550
2473305853
2450203489
752267858
1710980504
762635210
2466397279
603851374
61354045
820647396
1431961886
347511903
2287092772
2286023799
2233916221
2468566734
1596513643
1690730311
1559506352
467404857
995352439
2466478380
2471469326
2471446788
2519413967
1088219724
2468124582
147117779
268153118
1316072180
1326519396
213995862
2175683131
742701468
606274046
2201822985
2466079729
1243746666
1044954494
1858455817
286617351
384243946
486448107
1138414363
2464874136
1500625477
1433115937
2467657886
1604828652
2158994177
714483528
863231983
2504944091
2356747126
221821494
2288256451
2358452581
2509358831
1680866192
2446985378
1262912059
883319036
2463456336
2518689124
2471189394
2177256873
2514871864
244698953
745718858
320694134
1527850634
2463268010
731531132
2382235328
1647888734
1160250036
2241488046
2415246544
2449849938
2211451099
2457188929
1631458494
554241076
2466539023
914482308
1707925614
1079358150
1386859783
1634458944
2441761970
2182034558
1321976880
708893702
1003159874
1615152126
1921481726
1568060209
1908174541
1657959085
2176941347
860782284
343533813
2385005197
1027056259
1251554569
714554213
714685665
2453656345
2516016053
287003602
2177304267
2515180282
610622395
918190686
2469091200
2515667993
2468188086
2515311365
1372379042
595759692
217237667
897926917
481092427
1537824842
1338591008
1420701144
454095983
397223798
2193723571
2148738729
1457192568
597393192
948600691
2513490874
183763871
2493221151
2513049418
860283925
2464044403
2466179748
2466261440
1051639326
1427233598
1082475528
2416059041
1941587390
1292180767
1715735738
1916125069
307710043
2205031968
332442792
1262951202
2512685889
2452081178
463593204
2465047470
2482085567
315322230
826936550
571584412
2387030486
850420056
2261667980
338045455
700574166
583898960
2511502720
233608476
2462890434
1010381426
1851502502
416530967
1318245331
387908473
1453556965
2417828173
2509269365
1394948640
1257661170
2464814371
595962651
1449584264
629241328
1141725668
1081284576
1607823025
2344612860
2344625706
2344642351
2344629054
2344618352
2344618566
2344635384
2344624160
2344600459
1865161536
1688740136
1109686645
2463105486
2463108242
2463129829
2463123482
2463110010
79705770
380295811
2464278168
2432440147
224165762
525018045
1746439693
1138762291
2172423884
326709969
600546609
436963604
400276412
175776174
1621416866
510839043
527691674
441251955
200883567
2460473822
2251743439
368267971
605957945
611156129
425150727
134045626
2462618580
972379398
2463280166
1953475369
606317575
1319645413
1544893345
2417207624
2415984949
2316460765
2198001109
2193634080
1029623329
392242927
276784567
2433268531
2356118251
469055380
861130141
60004255
1421370360
2497456960
1108479986
388332055
2481438639
421123831
801934274
1297052342
1258263402
257742584
2260496169
1195608475
151792251
2259722524
2493400330
2447188176
1865752268
1453471362
2422316491
2421371592
2438863577
2418795932
2297715283
2416505264
2395697528
2434680749
2369483406
2223579066
2430872655
399299027
2409213632
2430831933
581763437
814498322
2431319831
2433937251
2281659709
939099072
1625971255
2353831025
1346571565
2408944494
2433204317
456696175
2408825604
2407915284
2275853432
2430089661
594442309
2364241027
2364213660
1471950960
1472003006
1475036239
1474947732
1475070589
1940533842
1940514900
1940526134
2401386932
792141740
2406214951
258908337
1695715663
2367362035
2405657881
618270430
2430070781
2429933764
2373707167
2185220953
71066947
549612330
2293606250
1080749245
1115337534
2280383084
2266048649
408765675
1616623050
150653810
730646616
131635527
584240193
857384604
2405381528
2381263950
2381257980
2313681252
2405385710
2404568892
2405368418
2405377478
2405374526
2405372455
1295591929
2195212094
2407063936
1140898176
69953316
523835139
2402545182
1132292563
572988073
2404760124
2371029258
2427004546
2402348460
2395400527
1907390772
2187245016
116181643
459439081
2365078796
2395476295
2395455552
2395468574
2395444416
2395480309
2395452967
2395453742
2395453932
2395450736
2395443368
2395482265
2395468818
2395410726
2395448882
2395417789
2395457172
2395468363
2395463054
2423469209
2271301993
2314697243
2222965196
2273666028
2273652990
2273657185
2393465400
272778393
1413914666
1967817132
1630045951
1157809651
1945097708
220211567
846600715
807619254
2202408966
206585056
2396716404
594413133
2375550259
623585367
823533446
1285283534
2395808714
2395796594
2378051803
2378039881
2358703542
2386860591
205611042
2164721264
2413000241
2392373498
1690724004
2183703044
2414213110
823607053
2371806037
2389530918
2388973262
2388967496
2388962125
2388952435
2384789108
2409163480
561150750
1403731117
2385987242
350512601
2346934507
245221750
1229926362
2236394492
2402535399
2382770034
361373917
2350196119
227924607
1381656888
2384783930
2384620231
2384369876
2403691145
1636398408
2383654682
2383636680
499192965
1119685800
2383394029
2379534817
1611597980
2399715573
2359829551
2378979901
545872292
2381671597
2210954742
2377900950
500904894
711963050
2394202456
2385982059
2184257643
2379946382
2375107488
2379537583
2363726657
2358800693
2359262279
2363719198
2358783041
2358824338
2359305995
2359279563
2358761327
297088332
2359204261
289267101
415153011
1228163058
2155830221
2154448490
1121889848
1708161685
512501152
1643649715
769629170
2215936214
1360836078
2287651386
1551132241
369166026
618947898
811472809
327849988
2368288418
2269847136
1536316633
2336962059
2340804617
523733780
2293503900
2378782951
1035523920
2306801457
767072108
291667435
375428788
1562523252
1357938404
1172175882
2379164305
1183059600
271027125
2216831137
1970261156
2182457006
476932800
36740940
2379331939
2370716342
2377785414
2379049218
1132309970
2378839766
1632767184
1441192148
1000741351
1569968078
191552334
2203763860
434175157
1148711143
522544155
2385280426
2386448951
2340926606
2301028878
2370270072
2377972830
239355543
2313035029
497513735
1083676608
293404195
2348776860
545689147
1291058845
727678321
1621208401
1621403774
1621408550
1621143494
1621116750
1621369308
1621153974
1621145352
1621361196
1621418222
598269464
2363611255
2368067155
774965443
1548906908
2177381651
1032275684
184210754
2368575840
555015779
371709013
333195178
2344564158
2344535921
2344586785
2339499914
1099815678
1321083385
613603705
2361591750
1351377812
1026421231
1970945064
2297159022
289755843
2375130246
1668795360
1577747786
925930831
1594893674
500074240
584118833
113788350
953028128
2172003426
948725292
2279687899
2287571276
1018555386
905808313
212533912
390900661
2317612854
603544080
983280223
168057992
2251320169
368965828
1053381374
1578624812
1576375495
1578668256
2364420499
1541006971
2356751205
437371800
2338531164
2347649737
121805844
1905328351
2207687833
2317303005
2274605197
2305485524
2300789070
1572112562
2299003021
2298828740
250447962
628265333
2254787571
2265164938
2291170345
2286335060
1430715012
2283606890
2216373360
2265230383
2249849046
2261641380
2272298833
2258706850
2258391436
2255498752
606606866
2211544470
333984418
903853506
1160629147
268135109
1084110006
781455618
345607175
555619544
2223359737
707050773
2270795077
2253801725
1183094904
908996244
1482826904
467522928
2225473348
256569299
346896038
65003332
637184469
2186053375
630424015
1500276745
855258163
1539318740
2246749459
2171437442
2160366642
2268059894
2268038756
1442888587
2253217322
2268040428
1326534690
2253214268
2268036146
2211256668
2228063076
2268042962
2160335654
2228070738
1435395727
2160359148
1434333552
2268045001
2268053359
169992591
514928720
551858109
1939270236
394549612
1478042744
2246599939
550152916
710530613
2268113754
735887167
2266601701
2249266863
2206223619
811588249
2249932876
929802222
1467456727
1467376746
1467365106
1467345044
1465038626
1464928308
1464888542
1464870589
1464857425
1464838489
1464779438
2266940634
328950018
284507085
1975143415
573848621
1038571280
306053403
2266811371
2263994022
1202349066
595680218
1952004931
2244072737
2265030360
1620701802
872649620
2263104253
2262221544
1733893248
2262961218
189354245
441896800
335474656
2245269093
1472408226
766372675
2169640146
2248360476
245311801
1943554544
183266784
618676574
1612726008
565260437
2261122963
1647380606
1602261804
1393289749
594197659
552525799
762732186
1605112381
1701136638
1396511034
380797866
2251310216
1298101866
1520875986
1431975342
1518660420
1518663421
1518739033
1296239066
1489470272
1955899584
1518714697
2222499595
1409046824
2257904496
2238306923
2257713194
1001125268
2244874639
2248791348
2244888230
2245117783
2245077972
2210737417
2210743969
2243978689
2245196731
2244019686
2212350056
2211071707
2248794666
2212346454
2248799370
2244981056
2210667288
2217015984
2210745054
2244007974
2212385318
2217023785
2212381902
2244012906
2257094670
2257078490
2257059577
468866048
536158504
1944119468
2246468401
273914045
2236250626
1393764024
1364667840
1510269054
2196805928
1462092673
1425353372
2254985713
2255011909
2254981166
1425316746
1425313980
1463978149
2196875862
2254981268
2255012738
2166360884
2166364129
2196879018
1462053234
2196883333
2166377214
2255002951
2255007702
1510340449
2255001001
2196877766
2196880664
2166361099
2255012280
2196803070
2255034673
2196877182
1425328416
2255001523
2255015527
1425325428
2255007222
1425315780
2196854580
1425321432
1463934516
2196856717
2255013726
2196878966
565382590
1018370112
196813864
1929278250
2254652406
347310812
1291985012
522427125
266708256
1696423926
2184299137
326237852
2222246383
2253654415
2175180210
2175174031
2185281860
2185270704
2185258148
2185275186
2185285123
2175159486
2175284730
2175281149
2185261082
2185265144
2185278668
531988226
1625039198
2241443052
1240301144
1253168330
566719814
2231472503
417535137
841188956
203639299
479446319
1840600417
626191398
941807977
2248943281
1039028826
2164705194
759787752
2227784199
2247617882
1665923395
2185383951
2201893142
2244729756
2183875170
2197928302
1924732807
2241582342
2242131163
2242330213
2233872864
1609572968
30054263
2241645372
2240137813
1594105932
821971080
635093871
329416502
2241010124
2241006252
2203679410
2218129473
2241009655
2241001998
2240327732
2240324814
2240327845
2240318838
2240318270
2240321047
2213830515
2198331697
2173470020
2200284698
2237045930
1912652017
2239970935
2239931148
72531717
2214666425
2216563206
868001971
613992895
309166980
955439360
1011389166
1536773732
1598589668
271340296
449362395
1875493676
1875484508
1875539863
1875501217
1874612437
360179441
403930821
993628021
1671565938
1931390707
1019301578
2238638166
2238635017
2218753638
1508071686
208864437
2217022051
381692269
548515474
581466920
2216700508
2186577576
1705212601
434584013
129612549
2171397842
758540208
1015507453
594071735
582056735
571733328
2215511979
258635044
468755769
1291384933
1733220169
2237842038
633736230
1619834743
432606380
421854236
2193998175
603318000
811122624
324218697
1103061494
2230879256
734205498
620593306
577897516
2234000131
737966665
2237356609
2237336012
2237333642
1036243832
2237217608
2237213790
2237209124
2237199145
2237188903
705847335
568611611
2230882807
569338152
1590269618
301618595
184516251
2224902468
389365257
1408547082
2191805774
2191801268
2191823058
2191829419
2191832228
2191835942
2191843651
2191850473
2191852704
2191858644
2194505539
2194564916
2194577179
2194603658
2194639160
2194646065
2194651723
2194653606
2194662380
1914807998
2234969214
840330403
987013117
1520802114
413667963
1587517232
231534656
2179738378
224071464
1599965965
632865680
1317338978
1800053719
800890892
2155255910
1208208222
1708342676
1676702498
1083658885
2231801527
2232762246
978077508
482110691
1691639515
1652991396
1691628421
1655102875
1864063825
1710086390
1655068214
1731334842
1653117061
1696803696
476476566
311414684
1038513637
1698315224
2208901570
2207504668
2207807763
971627058
2230341366
2206406849
2207278344
1927247401
2207260329
423302410
2207104767
105356593
1895735622
2210255184
459983504
581433514
1542404064
2199988301
420696381
2168497266
814274114
2192521321
285689750
1718178602
2199778855
702761749
1457305555
1700966353
2177692846
2204599337
2204416413
139528327
1941739615
1468730299
1599955849
2225485927
755726588
2225634438
1462158967
1411352892
2204246348
2202934587
2223489403
840469094
2224952749
2224935804
112233474
549463297
2223439536
2223429188
2224706239
1280268602
1356013753
461770081
2223719401
2201945657
235029749
2164816918
2201757621
884255713
1348458452
1669470247
2209700490
1593517824
2198744065
602337848
632283165
2211163088
2222099767
1903603476
430493108
1446271280
423504929
2192389295
2207151962
2184371412
271806684
845281142
600682047
2217877458
2193679957
2193675276
2193670256
2193669422
2193670261
2193666254
2193665654
2220811386
2220831396
1373079770
2193665305
2206622413
2206611702
2206605127
2206593318
2206584720
2206590006
2206612201
2206583659
2220731617
2175096902
2216039540
1531776990
219501487
2199742571
2214044335
1317818468
1663241275
830534802
498110466
1252882814
2198936127
2184483590
1011750498
261438411
2219075492
567707186
139380270
339670260
790826966
726972456
1561624699
486481925
2215240760
115547024
1495928936
2195274166
2217507103
2179674708
2217228013
2210911634
2194505752
972421304
1696828705
785722849
2215354082
559878504
561364020
93671585
2206751496
632189123
1239123499
1069468842
2214922802
2176103799
2206476499
2207641116
178891406
136430929
2181242172
1364981046
1951064958
2189576132
359959473
130581479
579741578
289782310
2210365597
2212254529
1069635277
129102595
587596694
489996608
501377387
2203092926
2199492384
2192703117
2210986562
2210563712
2204292576
621932053
607981163
413825123
113568888
2181306195
889902961
1111193893
821557230
2186490266
2207387816
1726020313
103389797
1331589427
731366960
218708148
421777412
1729010485
1271097853
2179825479
2207446586
1393000698
1046671968
340746291
929387456
602085179
1423142286
2179127659
702288777
1636237645
1348262611
2189388190
2176899922
2188713171
468817224
1148055866
491234085
241423643
529231081
2187138311
965513262
835878222
127032632
1531112113
1946787403
85479588
2201026716
358169647
2200883203
441898493
547343816
497768615
1020994056
1400041244
493870443
2198074057
62028034
2199519644
1961006010
2186524215
1052853649
1529233776
2196555918
248072292
1209987277
573259714
604313585
598397842
1950355394
2200286802
2200128907
2199882432
2184843251
2198111240
2198771137
1437296845
2199712081
1345450483
2188830980
1267458247
1661556961
1085043649
578015986
2152711295
1588273746
2199387679
2183972059
593644774
1718112182
1949649168
2173593536
1668935982
2195259858
1582564512
1577052512
1957884132
1666564992
1693078946
2195240749
2189657094
1669025688
1578829884
2195220763
2189709270
2189683472
1885532647
1949732076
1668990762
2189724150
1551539790
2160279151
2160261481
1549483448
1692999234
1949751325
1890890556
1668910728
1668995984
2189695478
1581993698
1576133077
2160227731
2195158093
1592680788
260954656
1397180000
2169521131
2183443973
2182826380
2183644192
2179024992
2197766210
1334301756
2170365307
1943533705
990485838
1401882578
1561374187
1598237376
2157575383
2159778636
2174928191
1008347454
2178188874
2184648853
1453935576
151454046
2191852783
595696354
175334759
441418455
2189716862
1220712998
292253303
1177832412
379605925
1043431248
2185535994
247539575
636764301
552479841
1090720362
567930983
921964819
456333770
1715852682
1359431274
2186268182
575238709
2187847032
368682886
483718771
60444524
2184738918
2171428312
2175808354
1270053144
1560604831
1538741694
2149988386
2149996762
2149933120
1715481366
714405233
714400487
714382486
714273663
714338693
99722237
96502207
597342503
404646527
104675449
1287549548
2183759810
871239692
2179148911
231851701
1691442684
232969616
1381679048
2183593892
1326115507
315309589
2183339222
1528073100
1882837626
529843191
1344084103
2166579516
596317812
141042093
362635859
2171011681
2170963873
2170792028
1496625510
1616432472
1690091768
1902564235
1895111124
1639132202
1616453551
1618636201
1639127161
1641659065
1641122994
1641177643
1592521693
952882334
1065428953
1961351298
1959038755
1958847756
1958870839
1958786911
1062649316
259006378
2180061822
466004017
2160071923
2170857423
2159264020
1960729003
2176701954
2169712883
626019065
127970973
719031792
161538610
587071524
518652821
2170645514
1644046290
409729325
1941852631
2167055566
1584012708
2156378086
2159766186
2172070075
2172095719
542794239
1672034294
824978934
2164291580
2155105227
2167568730
1374599490
2161236570
1331311794
1294828976
2168904162
550825656
578924885
266459176
1683860916
1080944352
448014368
62200055
1725975451
622085650
185819374
259740525
1551633661
2163231951
2158876957
2162861374
493782567
2167804304
527841997
407834461
2166929527
590767257
855210720
347300931
2160880258
2162816707
709521111
921638161
1652414162
131594532
586306966
1212520784
2148463363
2157602938
2161106622
2161087176
1274695033
553791942
1532041058
2158785613
2158745845
1461753259
1466822887
1349434536
229988001
1905634476
1957253155
1701107928
1901033845
560389730
2155215470
528042137
2157050402
2157041274
2157032400
2157023958
2157016646
2156926490
2156899268
1962849944
179266920
364395654
1674835338
1095447866
423976310
1615322737
464058871
1518004194
1093094815
1633928076
1864459526
1641331261
850469928
1623652135
2148952041
1432491932
1154212248
30120167
326717016
377413048
1714954250
336491358
212647822
550784120
1402919858
850495224
346372625
1078172587
1010257398
366063185
578864786
780556490
453961426
1341287310
1082949086
572793385
519246712
132435508
1587662599
1087584360
143614629
278928971
2151315180
1377282750
1324841401
124738511
577152891
2149563067
365982545
154905596
610184726
175592672
428011476
1667589252
1970444522
1802087780
544484696
1331708713
711709465
755870276
719532441
1630089781
1972023114
500025857
332290346
836225768
1719412410
238526988
595253179
1971772351
1971434402
1971377706
1971439519
1875399452
1971344418
90876839
531560855
1012900260
1970311070
161625162
777978428
605520431
1621391323
162322392
1554136159
718983525
1956625970
1454197927
1319620429
1938369540
375241649
903875958
1429196496
454496021
445362244
626212732
524011949
1918353342
1836745836
1889767884
174150367
550417819
1415070176
1336375986
1701662418
1698959395
1672792244
1703371753
1703143310
1701421958
1697431032
1687184180
1679701722
1671154412
534042088
262445195
1668101660
1663002896
1393199959
1559087652
1658087227
1301958626
1562585264
528224674
110162070
559706768
1641988213
521478504
1140816224
44631998
97875513
1100912011
1137840240
549628822
1637608550
508930362
1174237885
630024822
1493355841
1629859423
715553018
1628879664
489066247
1618803824
1441868234
1625583536
1500155773
973417033
1620708919
1540989740
1620061340
1152363684
1092947450
1416283218
336431821
1617396764
731383105
1615576598
1588512535
539149986
624636834
261759094
623312517
509057613
1559731016
969866364
1610190012
560521620
1380101587
1463939857
302569581
523516417
306814966
1017236708
735823458
789446268
1105379179
1552679617
1539670160
560946297
306148220
598840175
1051774850
289340326
1518692114
463247764
1563116802
1608183158
1544401758
637047306
1544547199
383253880
285067851
941640794
358066737
631897817
418224645
561324154
1282421016
287968703
1374599564
1607954426
762385862
630973396
996944556
866685036
1607374572
1376484054
1369610983
528810725
901431108
1236304454
1371110695
1033682586
1607190342
920950560
469867411
286083786
457410817
1516777063
255406009
1408774381
1408771981
1408770091
1390591098
1390608248
1390594705
999023527
972248413
302801669
424308716
1604480731
1603937984
1599988579
1586693672
1603148269
1601564874
412000151
1018606688
183074970
249204346
231138409
1598829451
594591144
1409157997
224422113
182364928
840383150
453993466
375424571
1278573878
120391611
1119966350
1330357538
757152907
1555443468
176136233
1592960244
1415783000
1415804395
1590578598
1415761502
1417784840
1442984802
1443041395
1443041690
1443061956
1443100586
1443067850
1501098031
1501150578
1501297975
627720240
120619596
1320425905
1259137573
1589457258
1589507095
1589508487
1589510305
1589493014
1589574704
1589545884
1589546886
1589547366
1589577602
1589597005
1589598007
1589550492
1589551716
1589552520
1369132130
722402695
773388361
739071596
1253626238
356726641
1541118974
1541107226
1539034345
1538948688
1538933294
1524570763
1524546620
1524363409
1538886372
1524356132
1524325866
943468784
1579275530
1311186852
1460080290
345883858
78492025
994634959
725517307
579597009
573996938
1571486846
598285727
1570237825
1004165197
1569939080
1569904464
1569899712
1569911354
1569919807
1569914623
1250118648
1561599374
1568283576
980055684
1208183138
944262205
1471841136
1564643647
851844674
1538466974
991427719
451644076
720268825
51694255
378557567
1271431826
1395018836
1013699214
1335567188
569352621
142502448
1536751260
1433423216
1543516100
200423704
847327363
858384924
1553871918
1556156095
1256260842
1260215989
1440648991
1296029065
916858266
436463516
202645747
1011294445
1482426673
1474858004
1500358482
851700416
619307204
66664787
1556284087
1331051298
1537691130
1165493185
1250034980
1555266517
1550745235
1339332415
200796390
1495665169
1550980050
537112777
998875316
1546629740
1546553796
858416857
837784026
1252254206
1394947322
1461441884
1451979823
1288294939
874492759
229829896
163161065
762828644
633882380
606235975
1526425952
115797763
1457337307
1142202044
1519444602
1543484598
1518452881
149917085
1399436287
1541179002
1537094863
1446509816
295050934
1425594482
1535101338
56885680
333661862
1014386346
1414880610
1440554083
1473782922
1414890602
1534364426
543573034
335575909
1451564450
1451535336
1451573347
1451569957
1451568907
1451566873
1451549522
1451562919
1451533568
1451530982
1451543413
1451500632
1451521772
1451519918
763634294
496934876
1480334708
614339910
768273648
1295101784
599411634
1531999266
1161170228
240933771
147956841
1527578802
1142538744
1527519440
1421756886
274309232
247988052
1527809016
114471970
786362324
379230880
921443071
952488050
153880278
57601858
1275537098
474170551
153336680
1375129992
450353301
1311811243
175813509
1189403648
1498273482
414157289
493427122
972860882
189393583
1514144900
1514959574
1286739648
1516077578
244019573
197466446
1514289726
1488556902
1405835148
583205277
884249155
1444080128
1383957570
201886146
1225852208
1488042452
885195006
900429096
1427198936
227586406
207180146
564646727
514376558
519603153
706343017
1471097274
582881473
1481342978
1058031709
1451597635
233205224
706087813
710430728
316897520
773504515
162461260
1464458023
1450766610
1450788350
1450756332
1450786099
1415121409
1415084004
1415086922
1415046998
545902893
1410035178
1478505835
1406941543
1406922236
1406895216
1376507000
366633490
580173766
1368562639
1429894668
549385567
571172328
1191202795
1235224950
553535061
973666040
521713877
1397193967
1368152018
1436392196
984268357
1465986372
1459416560
559449755
1336511257
1144280340
1288898538
1370253877
1446838232
1422646645
1344842312
1272137148
353854851
448373890
433972812
913239030
1438323001
1357145910
700832869
897488972
1427713052
1355661067
1358218814
1111227000
175693050
582681980
1415825534
1198960098
1055350560
1355584873
499162053
361855904
1015297686
896508205
1246825332
1419600426
1057890002
774186882
503028988
752214398
1303764907
134696962
1408364784
884680837
386054105
940499804
1358528180
432507251
1371756835
277636514
1376381952
768202136
1109099022
1391970786
1392991164
1381614469
1385196193
1060262191
349103676
288695953
1004854908
1386002672
91900716
1022711773
1042414657
1033302918
1034005808
442551808
242519945
528293905
451896059
1385866706
269014169
1194945582
396473261
482233172
591626046
234891624
1093875385
554550121
476247280
79387374
943007556
1186307293
527434304
1369667329
203630382
806760794
1369287176
295742597
298483573
1366589641
148743148
1345668390
1364469979
850909219
1363079286
1364069162
300902944
1327645818
238888530
1354411123
1090858471
595304962
601384161
1362217662
1247955595
1253619457
964018886
1003349095
1051459267
142659952
1352916024
1071826578
1352171736
851082746
1349154925
1348962799
1087055605
1347151309
152629841
1061199103
582691027
1273306399
1041162468
408934891
1143358562
1248647628
1336443763
144414194
1234686499
448846148
993281107
1331987749
234799171
1066030711
1028429736
1259411562
514204217
1092433770
1323858673
1022976192
1326894961
237687447
301363389
1131637950
978600140
339361985
1141960694
1219697917
914136368
1285343203
82299106
1321447334
798716316
849480187
948172488
1244492088
225036502
1316585460
1083240128
1276968000
1018729741
1077507536
52284736
588279718
204297672
499603607
547482461
407536417
466572935
1142980369
233150589
548235933
1290100784
490153551
883262521
1085622876
601598014
1227335108
593318482
921392196
455281424
457036121
1214583006
972677701
1304174431
713754523
146101703
1195026956
881659976
1296279944
362037491
1297968091
1298975838
1275311294
1296831439
896388264
1279208401
1085140538
1216333850
593046989
1054199071
333700665
250581959
552538882
1295003646
1285963495
1294402166
564415009
1052376205
293895239
465014289
1031004289
1291800973
1291317194
1290265819
922973515
985621322
887029466
1142133210
251699864
943477441
163910785
1055562571
1200297853
386097327
792194598
314957016
143705174
848486270
827371254
1159958292
938854620
228778065
762225571
243909074
513748027
895208996
1036167535
288236063
572726205
1127742978
824676733
1284509480
493016937
426724096
758192599
403382281
190614256
704287519
475125637
482849947
223527074
519784791
192605346
705367610
1283665880
526525794
971871979
337892564
937565556
1096093794
94824314
607747244
1151085960
482442159
1144017836
579079325
179921478
976821733
1278820010
966333463
1070291485
561116396
564762967
1225815960
89438354
412764319
1274209513
759251460
1111254374
236134337
814913892
1109012732
806451170
1274864484
114225399
433389799
170199978
1258192099
1112679331
857181204
908281080
234660447
1103735072
873473016
1013770028
1268453090
950203662
260724068
343199177
293392626
1205947603
598282884
418574872
294437650
393893680
1044892513
573879691
177417747
427899857
285405627
586028486
225279220
1138962314
975464510
451422916
205189700
1031443362
1185898207
1272786152
557697371
288875644
868264376
518738308
439115370
445433440
132070715
312069527
480467231
1060569452
540700677
702649848
1274854466
1267504532
1154312114
936486169
1028376378
1080350840
396562148
868473182
1127309192
1028206578
299955059
1274123556
387431751
1273114141
338298916
1216045826
601467822
1037391619
228911075
146576616
337020420
265000427
635403433
763263799
1265242386
1124025499
1263045596
391616547
476525355
897238472
1235316210
921496740
510386528
492993437
1071849840
1270181084
359002048
587385543
427346418
375824298
179857892
955406756
258073199
853284572
187777095
1268351484
318957712
788939010
1121025906
746742018
430484520
837778010
929724650
1115853187
1025699760
865200042
450037503
1029069140
458093349
1263930114
1219436605
1261414813
131302297
1184593819
559519881
1004333719
242637589
157443576
239482236
1264286090
597174842
626919819
302191484
513838122
1159824668
31388788
180796940
1262404302
499766228
472757089
116058062
70618216
46615503
187184667
1261944781
857797070
1045920230
1091550732
924070015
1215437190
1071260431
363137592
1228733725
1060434968
362276957
709602284
415642848
1156223508
1223838528
319598119
215114114
117053714
1235961192
588245716
912568422
289298351
819347413
1251072156
775690752
1079165282
1093667976
521537117
1079265379
1258548588
634481604
864935330
721178468
853795183
1256807568
631068780
1085063839
278075561
198854168
590299584
1251930728
125592874
416842759
165136547
64150576
1193055734
544108928
86296804
1179356102
335754736
475201138
623957237
1101372769
1246414387
884602058
558735004
504547576
614995650
1101741170
981091406
324379721
710981304
1248581984
290559309
546115201
520378765
312004809
783717354
1045763161
841461223
365575576
94336776
789331640
1086331873
1089661291
610275093
441569750
1218111740
608971820
537063148
332745831
141601797
1229624610
791063125
715394670
571523821
1003363832
545097824
1096127274
359151119
523674592
574102136
1205183430
635432978
1246741208
1183853070
615668106
869646673
840983372
1243654986
297982147
901366861
565916811
1167395719
558710151
992868080
345514808
317596539
867731138
911557830
801276518
1231779518
882990768
967565838
1049091344
604594146
1026285109
309704736
948073464
153894049
987591528
1241329088
414597050
581009058
598082804
983150886
1037239837
165706784
79467912
1200881540
620697951
532961259
33261404
864740516
232073435
1106000426
1033687116
1229410585
630936489
321875759
837199195
295705148
551340933
223439672
382471323
722247750
765224725
870452384
206304910
983921232
1194867672
1185562542
1125215468
454960028
725611674
1152274604
768858032
1057016533
512129644
1204037790
854892672
967827602
1076134770
341601987
1142339606
996719005
982141958
1059474919
1089155910
604510613
1032160916
1179528608
534120396
327862556
621959000
399967085
602886641
869865416
859556671
387057342
800376122
248128654
100382799
856268383
1213883154
442742708
428129247
1181123209
478831016
1207391036
914150694
962540042
948475008
105417634
491994666
144088112
167909607
904210603
637101500
947210514
181700752
574773728
1053591852
115875368
1220315395
1006067389
350246162
518025102
1007349691
1082758922
1132179120
965894832
1006416062
474856272
565126507
954356394
783269245
878322882
734668111
1051313911
1170318122
354741272
839811774
1147158781
771361760
484107927
1207774152
1181367230
873480648
489014504
760717284
1210447927
1105083684
34681396
494845346
200023955
165894144
757639609
1209888793
342009797
81551987
949438616
536598299
512308839
430669020
1052749182
559856888
384259192
1036886852
492438990
591874780
544113048
538911339
1065695623
932385548
611069752
245144993
428963151
1147156182
928326727
366404010
301822916
855018199
239306926
1029392251
1132930064
274932621
373253879
1104809124
106813056
1105473626
968452873
702615528
583358946
254769949
1153297183
578087269
1193906539
222417511
733912477
630425699
1038295278
581967691
52009004
940800006
948763286
350855272
539097212
542727352
1070371422
126969393
1116861900
983269489
108508609
1069960651
229407040
952728486
580994904
756824203
310453913
157194692
409103153
463984561
604638941
607737785
538045202
818064104
501554712
633580768
951347982
385997493
616608928
947924539
708883268
1177604804
1118653790
855883447
629297235
601987551
771853214
776582227
595299669
365932013
1049863256
485057369
1049796122
520332041
373879282
619652431
209928337
874950710
1042955606
709536104
320265254
1089047719
231382570
1111783657
559509991
122588029
314463104
83780211
821881069
439883522
588634924
1092695030
955008121
715191391
614072475
406061864
1127302297
338676323
1149539694
1109686898
327981302
168737995
275112149
410678163
448273495
1010006766
456983613
904203325
290576521
139633804
898909585
723200844
1145547253
129983912
377977008
783499590
1119441182
216738905
1102820166
841224756
1128014112
527535295
1124925283
1014373254
1062962826
916933033
895046496
488349976
861407766
405480486
431979185
1065356858
933090972
1002655680
1040562182
152309758
532894546
736511856
975885247
608831938
1054619929
211489746
970644038
609569542
603527724
785065615
953120066
967221560
457196105
932578164
519484310
629567505
337643509
404055961
954797988
955778809
953032579
261225438
943052222
791924552
287589787
393912105
413796970
597302415
396289198
735600870
456672765
899938848
553588887
506358497
526295331
396762849
588483708
916086410
501469517
914307554
453027345
624534370
824431327
601552380
158402447
473739466
394052038
880388881
599068901
539727241
393300611
412010636
154915030
892090974
502595995
121040382
886327170
292195608
435083064
496101029
876928418
239629283
505318136
244925071
434053687
547555799
536343384
836938496
548249299
536201044
476466287
514268273
521214687
823697287
465423407
590054929
810413396
732463860
622725662
801945979
380201374
793716589
345154319
580715022
570713052
626752289
560137761
315090211
471871381
