782958448442880000
782996606446632960
758329669506654208
547101409
76966092
760134016976588801
720395983272546304
760350369012523008
41799537
42349344
333328053
760320170602573824
746031971369902080
750368311565754368
3738158960
306158420
3093507182
760354106242248704
768117043002343424
767013232988999682
760323745093259266
760359199821836288
760827314070487041
760140095689142272
1368700850
764786496754839552
764540066467373057
3182527830
2360465983
760351640142516224
760316461625638912
760132767208214528
760356861535064064
94010685
755904440171896832
3012143268
739171672754786304
727190583333273602
204561460
2486530068
458730569
3853907363
1544238067
4059202769
732069398924525568
200924380
715603595773607936
743061578724081664
18868139
724036661529710592
3249567778
2964503279
3683361012
3131521701
4769717237
728328428315774976
575688988
1890925297
3432741485
2845998692
701873376109969408
3981208767
2189570761
712754297050689536
702022935
3287752033
722403415398203392
718556758613037056
717766560589484032
3666257303
710126885196468224
3323283860
4597753215
710248830982352896
2357280020
2701307066
2280128206
2247646421
4831632838
1897974102
4867006925
45493992
4872969829
4888301272
45531371
1582674716
4898267776
4829997946
480116389
4562118149
555932354
3538627814
1965550177
694899257766187008
4759189152
2855368741
4744176714
4744855273
4806326407
228230794
115047051
3183844151
3210828519
456636812
16370896
231005663
45882745
25067963
3281456646
4469370792
362942731
4775885793
4645740981
3653802853
3032968806
1481463840
90325724
4366944261
3980782972
18080585
400672272
1653582582
585439040
191058908
3672446744
4178610220
4568449392
4016598436
3279645572
41870964
4507772030
2230825880
1035420996
4332637295
94276785
3923246712
3906142219
87426634
3904988677
4092376467
1160361234
135061007
1935680280
4018611972
2180331641
3872678898
227218095
3876976773
1410277567
117664814
117621015
117743026
16565738
2938110987
2720113397
3436876572
3470985741
3425576957
2721146876
359029463
49638419
3258695611
3380254563
160878480
118328673
3299140596
118195230
117704859
2218547335
2218549123
2218544114
2218543526
2218542386
101510886
2775251158
3274423056
3365622370
3271703989
3255923756
3309740343
3088922126
285362838
27888695
3243621325
282743094
3193849965
2841655223
3294499209
3191224405
3243453388
3290450728
35885888
3219534800
3218745841
2933047034
2318724580
3149228347
186373334
210950346
3135813773
3093082038
2857566318
3119755774
3077384450
3120214164
1932623437
3107499852
2346118369
268656135
57300250
3098658254
255231666
77357487
3065025840
16147566
3060296716
314488060
69990016
2963773997
2599253090
2532035276
611817117
287000292
2998659838
2998527582
35233366
2966691289
2995173477
2776084696
2850644374
1073167472
2929344143
116470247
2929967118
2927216371
2917467151
2785787301
2911799281
2503846822
2807990789
14125152
2897380688
351461130
2610199184
2857885286
2806551202
72680981
331765605
276987268
2293565997
2720011192
2653638596
2616806222
142272067
2316616711
2396672443
26330174
2364086392
2310003252
408903331
358133205
64049903
84897361
390314986
563119326
934095842
631097569
312211666
2162213041
2161765759
2156387247
1897848872
153069142
143157127
933823886
17408479
714587336
116331136
10870512
28103121
406503558
452691713
94514240
80948185
55803499
96224346
67378997
334190858
27290321
31165000
33890730
20422550
100477348
82373829
240062302
267444442
54619498
231549834
222186145
18574837
50351759
89472019
194366298
74445058
88922059
90661142
181464351
160907659
178474229
113855278
158270641
111341364
135048253
132628453
34546147
114900436
96954505
84894348
83822763
76457562
47754408
15209036
23824467
