292444943
2677948916
4894705397
715367959426772996
2592506182
773013970965794816
4751097734
1612009074
2561570066
3818568914
4804281389
712005423897796612
4579965273
2351229814
308590325
2603167557
535609360
2788504375
704489175605596160
3797863695
724282965052690433
701447724558893058
721094762292514816
2293973061
489573915
724408933
744308937843826688
721469211697094657
4896560093
729119342923632640
717335755027255296
727216023322148864
704747615246802944
3826493847
738115516431208448
714241205228449792
714591307738587144
717120111438610432
710521681140424704
718732980328525826
714233452913098752
4921406865
701444231278305281
4656769641
4143651629
714604084846792706
4569347056
701444474128486402
736503802799509504
4657117721
738121683136040960
4317423196
701443576954277890
4164294111
3158116979
4392172583
701445149528879104
4569299477
4656841469
726850465451917312
3058085996
710592341678153729
726847520895295489
706540150218690561
4657077501
704745801696878598
738119153446473728
718908301577187332
714604812575309825
515660158
2809143994
701444001845661696
4624582773
4408833988
701444836906373120
711663214895955968
4569374560
4656927562
706420553855459328
712681181494554624
738118540998389760
714230115891343361
4880791809
725713415172448256
716010856681709569
719585322309455872
4408788857
4408766482
4408776556
709845437931458560
726845208458088448
4657058439
4569196323
719269633988173824
733682311389184000
736601987760988160
706569246155870208
709019755152330753
717505113326268416
4308213381
4921369155
4569380662
736507247010951172
4259331973
2560652136
712632773798793217
737095146777522178
715688947297292288
180534563
539643687
734812110404870144
433634667
734505516802703362
732681521837002752
3624823935
4649087128
2380256892
706786390726455296
1246125708
713111523489628160
728815732486610944
726301373399101440
726302041094529025
726301675657424897
726298176991318016
726297377414340608
726296406323916802
726294309666885632
726334124781268992
726333436038766592
726332844939698176
726332189739089921
726331202873880576
726330684298526720
726304057397141504
726303546715447296
726303212127444992
726302807343558658
726302363993034752
726608612940902400
2426149598
2721453443
724992928075112449
3191664996
3191754043
3191714714
3191710592
3177720648
3171924302
3171807414
3171890293
3168059490
3168101162
3169955215
3191725550
3177817729
3143074910
1661995796
501569641
2365554956
3145690058
3157100479
3143305316
3157011006
3157640617
3172919093
3143111942
3172891265
3194927045
1661534869
3143434170
3145898593
4073941876
3147543846
726254145259216896
719675555818446848
718799666834382848
4886658057
2864110841
2667383328
3881252632
723094863143555072
3400504083
4848210245
1608369338
3779841198
724203735703015424
89629960
4038139257
724356681191317504
4751082434
4703974963
1252151778
3714002899
708951049386725376
716721713648635905
195195021
4913359609
3270452114
719219770730614785
719215185685323776
2220565646
1228858375
3106180391
4120081337
2589600356
2519613299
4832664451
713811474561376258
2983339883
712792348447674368
709762822469648388
3121275063
709164329040482305
708740051513905152
2748295980
4408168753
707295821826498560
568564593
2863324889
2574699938
3024900437
2863354372
702878056613060610
702504459260264450
4909325685
4923754713
4885660803
4793210636
3015898047
4918569576
2538849913
4898571988
4853675571
4727447472
2865500047
2724208253
2848597809
4903871265
1117115006
2613545850
4214229047
579160411
697583772233920512
4878769107
4867321187
4863870305
3183725467
3792136453
4823769647
4819290525
4601284403
4698068006
3152614628
4605849274
4626017893
4347376098
4480794197
4393510634
2964838209
3079382969
2707562449
3847033645
4352584392
3919334598
4117656915
3437740870
4250313854
2984428653
4324661906
3130510790
3242687707
3582603797
3194830363
2872404578
3388237572
3892455261
3921753734
4081992192
2877999787
4165960887
4194737301
3858445637
2389315475
3819413534
3411785054
3288550862
2170367472
2464478214
3952604788
4137855987
4140139275
4041744586
3325580784
4119348133
3270654132
4047291498
3896960299
2888265443
4039249039
4048423894
4012027162
3739754183
3364086552
3201519646
3710522353
2259641749
4003799782
3391401527
4003679488
3982031835
3974569529
3825913692
3854582893
3841680433
2779887134
3832602852
3912881165
3880019313
3138413146
3430278676
3238607492
3383689097
3702467172
3690737352
3753468142
3254455026
3478916653
3389318478
2983226757
3397487668
3381241823
2366535312
3644131276
3290478829
3479362692
3405110524
3400074194
3495620416
1169061096
299256165
3328143374
3492019756
3035469242
3486385642
3430441468
2905831876
3428625724
3366075080
3421403879
712368704
3325700318
2986285690
3438578290
624304229
3291697922
3315616267
3314151612
389705805
3319537704
3430349638
3361297961
3430993217
3428711369
1578391964
3313416768
547021571
3394212502
3300824520
3304882044
3301812906
3393688769
1591919978
3303126589
2764499516
3300869323
3382578436
3239972020
3352349279
3181243908
14888578
379333667
3227929956
3389356109
2984736514
3286041991
2344326841
3279215510
2923454504
3166438110
3136879518
2682788092
329315532
321588816
3363206679
3266609406
3349870948
3341917713
3253013604
3342035573
777848358
3242552114
3244794444
2588696674
3315171598
84708371
1346904660
3236350968
3236885658
2887924314
22169560
51694255
3045300453
3303648909
3301641843
1924295946
3227950478
3288669969
3224759911
1380921056
3295836604
2181957174
770786910
3219793712
3210720486
3027794860
3198436656
3193715852
3120681347
2448068837
3147466873
3224982976
3209633537
3163464500
3181341021
3188860493
2783469893
3177881440
2420971975
3139979182
3136984908
2979223756
3140512009
3044607235
3128473423
3122564842
3122932296
2246427403
2572803824
3130572454
778856912
2919172940
2936458978
2836395366
3075743833
989963371
3045391601
117202778
3105544272
2419453345
3101102360
3095394988
1914856328
2595043045
3035186340
2156644377
2497234646
2777923372
3082096424
3074163781
390787696
375980155
3049321170
2868208475
3018971797
2397635029
3066379781
3065064963
3054736489
3053142956
3053181512
3064096671
3047919656
3035760572
2893304501
3035399088
3034011007
3044802940
2999919228
1614136548
3027249785
2882670990
3041773805
199434904
393362352
176101363
2489044178
2890085338
3032693613
2555347404
3027413829
3016252444
2942858390
3001423049
2415685566
3011883763
2569853396
3009815834
2698308627
3006798599
3006848627
2997650198
3003678767
2861735659
3000756160
2891578964
3000653206
2894373073
2937081855
2975310513
2989210300
2973044078
857994139
277582865
2991135647
2991154096
2988933232
2987653535
2984329881
2682465200
1909828298
2848208593
2287031892
2935575136
2980640142
2976708555
2436471292
1682699053
2948506481
2755990576
2979343984
2534413324
2967073997
2972641888
2981425828
2980706351
2937115264
2978449576
2975847328
2970639941
2910084829
2959458005
2965329504
2967207255
2953966992
2951249586
2947387517
2957646295
2960176465
2774216579
2938446435
1258280215
2935541314
2898954637
2808889704
2958957266
2937551144
2958273994
2958850632
2908293161
1551877794
2959299651
2955703417
2957130749
525079548
2935476225
2952694502
2909263646
2951222545
2741395510
2947301567
2583270038
2945438426
2943146543
2316385454
2937013887
2933998490
2938475859
2931521639
2769644278
2941359985
2167803518
2888363615
2778246481
217480023
2875494959
2934062698
1881010104
2921818611
2887046761
2865903018
2934347893
2901249155
2799863168
2931569310
2918691063
2924143439
762994560
2892838607
2903336865
2915304376
2804411455
2329019369
2909945194
2456907199
2878028811
2898848458
2858132650
2907340210
2529898748
2907081161
2880858380
2894014698
2891784973
2893959425
2900655251
2632569461
2869700333
2714576847
598428888
2913582444
2832919804
2896642941
2894877462
2541537501
2893637361
2893002064
2888617199
2910374576
2892602147
2907252745
2738037991
2872167732
2869267912
2907361837
2904153824
2893771064
2879923475
1543879873
2889601195
2906574499
1257839052
2885612151
2829484439
2881799746
2894851082
2538824990
2759498479
2881809213
2882645319
2882673893
2889905792
2880265395
2879198559
2408285904
1636277976
2877301397
2855807177
2726262700
2895123918
2869292349
2888962681
2894181841
2881257492
2861554791
2868007019
2803015933
2801201680
2865967767
2867719817
2867707397
2867592009
2843705619
2892710239
2829812947
1485854623
2866743183
2724668452
2866683827
2870051737
2851302900
2893180260
2893077930
2786559579
2866522954
2806491062
1355703732
2677695840
2865106654
2862674841
2543011806
2861933765
2861851539
2705991182
2857859918
2830740571
2861512901
2722451882
2861685713
371701963
2802544727
2859377591
2826816782
2860868351
2887146019
2889270211
2746605897
2860876912
1475473621
2445596629
2858322064
2889214704
2859438307
392290025
2848732179
2858220637
2828506467
2851299581
2881573692
2850857793
2822529930
2878357183
2844758645
2844664049
2828512583
2825619807
2825677960
616715570
2558383365
2827010465
2868328914
2830977100
2833082139
2838783599
2864533070
2866035102
2803438197
2825040947
2863354820
2751029998
2448341924
2841678824
2802644902
2754246393
2723400783
2800657481
2763562480
2805706750
2836362217
2798935475
2797808037
2796544289
2755156412
2785997037
2788322583
2832482030
1213543747
2783798668
2782578107
2782114767
2829200322
2758128820
2816622973
2779925781
2826438019
2431025404
2798424853
2816248159
2774855200
2819338904
2749944083
2774225921
2774057733
2769662759
2774215431
2809916124
2772545099
2769153903
2770511638
2371823132
2769913325
2769446992
2810544908
2747349451
2770497713
2770512370
2769670227
2769555550
2760978671
2764108645
2806117938
2762174649
2767243678
2764010037
2800860236
2478931820
2765287552
2799100171
2579533429
2763803716
2764467855
2750655484
2763956746
2781595070
1374189900
2763549621
2323218673
2452099074
2640337671
2762732297
2759926401
2587019375
1604049404
2789209088
2761554706
2761220379
2787024403
2785356218
2758236401
237821369
2757576167
548472367
2756082088
2764565503
2644893598
2777791158
2751590200
1621593744
2749607967
2774884086
2720234033
2752065478
2752602460
2749883387
2752507017
2772282912
2739154471
2751857560
2751179211
2676591386
2761417014
2590921303
548187082
2735646901
2745636652
2749377832
2743668078
2752062398
2633315751
1237627916
2729988803
2748063810
2567390431
2747489962
2734251742
2225197285
2713355610
2747539333
2744946646
2566015848
2612089304
2746698587
2745320312
2745326473
2731981947
2745719188
2651605347
2665467585
2680367228
1357774590
2740283302
2740985015
2721940614
618191489
2430669788
2716136394
2710849837
2707317547
2697645050
2730285569
2695933472
2691888265
2693771401
2727745607
2353677982
2727027093
2726571616
2674445636
2683634904
2587353316
2682177116
2724854501
2724906635
2680887696
2680092078
2724358600
2724288599
2723716179
2724181011
2723741151
2677885567
2721068008
2313152249
2288141786
883115454
2721186231
454280629
2721237761
1574622283
2229907591
2717793659
2681629571
2650338993
2667093158
1216428348
2717866983
69080331
2714130597
2712923531
2644853398
2337301494
2711048829
2665620467
2696177717
2617064564
1541576396
2673038062
244448031
1541524866
2586651926
1541480928
2570833621
2664521207
2660318944
1376731796
2596369196
988166942
2575354633
2569482146
2592176108
1447714782
2590213370
2637659073
2647464123
2590826269
2275540730
349390574
2638355009
2553240512
2639017041
2640912783
2639582543
2585030474
2586933938
1376800458
2551959428
2630524251
2625973199
2557278158
2547256153
2548222112
2543441940
2347090987
1532790355
2437750188
232969616
2480126466
2490887862
2472904196
1255685628
238923113
2443509599
2455556784
2506389645
2288537039
2497476598
2367992059
2444436678
2437948322
2285004987
2316464460
2261002727
315024659
356123505
255031870
1921668415
125806240
66084231
2414833094
868656085
2414949344
2439998110
