613280139
2526588174
20922700
372243987
703479701675708416
38225778
105626913
270068926
757933057139548160
710435581092880384
706975840400052228
763472729785901057
1007393280
21705181
2567365058
709948320215601152
15905092
29839622
248440684
306909253
320289589
14634526
3631212852
21833728
116909087
762068060932935681
94716886
2934798289
760961355033694209
54457026
2485819776
2149742083
556463326
2061121
4846696832
4334993781
15612663
1922263856
729401711622770688
733959456963317761
1374876098
760152344319389696
3431959041
738356326904922113
758647382686957568
193441812
703107784523382784
266378369
313099625
761700665726939136
2680188013
743167075712008192
174784115
746388429328519168
3576200834
4496549793
240753648
3231988477
761205647409090560
758071208948670464
2307648272
4005092840
2296588987
3131666757
14986598
707388367583842304
16000856
302881437
53090314
14993272
4227346179
2446676017
751201124397428737
760390621311873024
739050905413111808
79218153
753282814666117120
296571098
746483342665617408
378206995
730545231293091840
758386615748263936
3401268999
758732285348675584
1097852275
741085981609234432
473557873
20520465
18181093
219606692
24845003
115563859
788333744
743158468073263105
165466036
26015031
35253573
750530526587523073
4890494475
757117204198490112
148928986
629108785
123464143
1873524530
137926176
2624554209
104917498
2824210848
4085912423
4847878509
757643969526398979
622421507
2173646835
726251966683209729
2407771586
756931971670880256
1666993754
4874887923
754996337016537088
4635069660
15915809
2268518017
552983877
757753449706422272
2922437656
565017412
385147576
39916326
3345765484
235395935
2871899817
3406542113
117906998
51135886
738751364277391360
22059420
2770392971
3307417512
20852175
4894095909
134629790
2319104067
925461674
3087775833
742906647861829634
716000525280550912
711422245017497603
590496017
756656325195509760
2904618129
737860490609709056
3266623945
40991765
4822696863
55382537
702169748621004800
25462014
2857959281
708101508873764864
344233703
740955539354603520
4766971636
4427066913
25571493
28938202
707112530196471808
2175147457
478151814
2265048648
4872163366
74508260
733734867066847232
729014924752494592
565748639
1441673053
139849976
748342846328045569
4569376640
3797625743
752301418657165312
2295253513
503168326
4322135195
3265487802
2296825206
291282549
4675697964
1176846456
319654586
282325677
739975807431495680
751839746767351808
20964739
775937971
741453218652160000
720335136
2949252440
2937158490
1603899235
415381836
4835871809
3248283901
49159747
19463681
338825282
85912943
2242697444
20364178
203650771
751018971898515456
715341308940910596
15538804
3062364406
122740822
562731699
737262062
239568324
3560825234
2665614127
1132676288
749018250751586304
349158556
4811854277
748678848817029120
1183301252
735281631208968192
732799238468468736
3171738157
711988653963214848
3161154819
726250849773621248
260829711
1646393125
4174283472
2666317943
3309441619
702619066855362561
1493918006
47467614
63160617
704095868
27029592
1571317760
2774065329
3218943469
291640266
1263212856
620302914
709566051432972288
832194984
3279003277
456382054
214700048
1423118240
49441111
4854957470
18998291
2438867440
738926217458393088
727460067373502465
382268135
24254383
4508838075
743888382317600768
3321386251
701601375487004674
163422589
16166034
1672204206
4878828875
730537732687208448
4803435259
38311676
2971477709
4194540072
1109482315
4883703125
727104075762913281
4890981928
734541515385655297
237328585
1025187769
745598995775492096
744891782790422532
15726120
4017653352
4448516360
733987424020385792
481541664
237144049
1608647108
18822772
246570766
244734372
13337292
215149908
66521273
157879767
277261996
1890526069
4264991590
2971229502
3839902522
3040650565
741290129508204550
45436403
16711026
4918353673
4803636809
45079860
742888642973077504
580312540
2420554416
896904782
3432184030
29431831
3277943083
1964256464
708477796796895232
741908274149089283
703363516099485696
2744498590
114663456
52775857
3386624116
289457956
3265642422
127071710
167279777
53105686
4124770811
1879653247
742007882028191745
4099763356
3353643753
350996802
741349046720286720
3045002497
741724856098623488
2540221709
68357423
737758598508335104
84685398
3683113160
34462355
3830841735
2343134653
3131070327
703216957022031872
740969118527066112
4656972496
548686554
15993471
3090314615
1305818593
122152529
2730558604
740808601107894272
2684148310
706317600024702978
4608976753
3750452117
4870766967
728847408059191296
17159535
2259391642
207569148
2160478184
101622470
1553972540
4810775990
245137147
2354883653
733437157591781377
127537805
732298495432876032
2311823432
228554424
89533742
738934328978112514
714562596070952960
733156652715675648
3069216826
737449301807235072
723856508
430366757
710522692189949956
3186096097
3271279164
1347904892
4214460017
1920262370
628417129
36672360
738418230897823744
92658844
738090161976659968
2731242646
700470686444224513
361544166
739310829019881472
398959859
585964627
2905100962
48911858
232885144
354562870
4639899081
715988781195730946
738391286256783361
2742312210
2291530465
2979538748
3312236527
708107421403586561
45832693
2267174827
16076748
3062262691
1105069849
4867246779
700813035061915648
724333965742641153
2983624879
735670246003113984
877308955
4877208435
16177387
4675757580
735103080
737892669767208960
709484084347555840
4870478255
4926299285
735302420562055168
2332749517
14574162
709254286933229569
3150434708
15919256
724576840489250816
4254904636
525925642
4443734901
160310194
244630078
2831572804
53371954
2827276775
4894757761
362070052
46564642
4852337032
729762909597798401
728724570568433664
340067849
20793020
3229058694
711389721721708544
1442476447
706289747732406272
3207221379
56107664
3307295642
708830884300873730
705987379673182208
520029915
14136114
1271512166
22694007
362290415
3151484720
85881268
3404418880
1494609860
1604464490
703333870138163200
2314063033
1613727188
1702731
732607716103966720
4416141859
128429068
321685749
733343575635832833
4729801216
733323388110966784
30790364
717014160450699264
719565404285177856
697541390646054912
1579108160
32336696
730107474116673536
360324099
26184882
167478588
3107598376
4833934989
205115536
3821343682
732570374668423168
3313670846
146286855
15872716
15986852
721606048163962880
4512789449
4835031245
4585859837
1539389347
80728969
935307474
4848214065
722960270197301251
725140834451120129
702150725984358400
124267704
325164172
4599425478
4735322810
4480987820
18138592
4855572093
1324518146
1601559242
190890578
2573993016
724335691291746310
2541510076
16300131
855238604
191891492
300582416
3199902221
794745336
4835376802
282311572
226350647
141291379
730245646637092864
711562417952653312
22054672
327561051
712644158263939073
1608965634
720446894397333505
588321282
3009487417
526583592
18298094
258459621
710959152168902656
3072239888
26620582
4885969131
19291706
3067279507
3058742624
29184911
1480487906
4251095188
2430341433
3018203121
729370090022576128
714720425801084930
4353841283
721209064844238850
480083441
182722893
42641074
727834213492219904
725881474252038144
6013272
703615920
574185893
479174899
727402646148157440
725418618339639296
246156265
4159203832
2664516151
3261805074
335576999
582224651
55064554
354682355
242658172
442911245
25590836
36297832
69583408
709850508886822912
16315428
57519308
713091735140708352
20680399
39845278
4925828339
1619202488
22761371
2825610685
480528029
2555084754
3054459246
727690945332969472
2197133034
724444830756179969
1531833024
720048569743331329
209487286
3257054485
723405268009160704
30899109
109967135
4240150034
223708368
707706265665843200
76553631
2338340929
718283360540442624
45446985
28201999
717121215727591425
632284182
383416010
715928186723282945
3070366039
4854822338
47498331
713023512013774850
928494684
726612541108051968
258938878
4851312853
2149910088
727186705841807361
162897245
24021747
27520306
716495678873030656
701466738802585600
19764965
726604502082572292
4448060534
4520029726
726460293530935296
3299924978
1922342803
723636756449505284
76549234
31637577
100356343
726118217840631808
242602560
166878094
2965284615
4564005231
2743270227
3105859995
712908465279250432
29488299
531162864
45558697
3880198877
4904668651
374108016
208706690
21331480
4725506001
714149960023867392
4732288278
3207019157
702365521690365953
379327634
4434120134
2188860223
723650164058140672
3427200023
2808542293
413410965
3663739874
36973345
4895008859
714617914532503552
39606118
28252981
4739088137
204587633
3963492493
724487093137764352
722957781691559936
2683126404
716316762703138818
4790585689
16640037
2468536818
1492452385
16351724
3405940311
81169099
65401126
26279711
39609732
44320262
21934974
491805409
108192135
195510109
93583928
538467434
337807078
710551368071778304
32649134
3599475675
243291372
4907645052
4627478657
3392640418
33172759
722208627512229888
704462873280454656
4470226154
4738087979
239465003
264284066
69756680
400188508
14670431
53519198
4855154099
1613018466
3050006307
593843865
709943867416702976
390914510
890226416
4910014602
4109784853
81009375
1908955962
274263089
106275367
385412944
705309332867420160
1311042068
120877403
4582082194
3436790726
183958809
3031222930
2826806322
3237109164
218691128
714419097262538752
17397880
3308594236
68217466
720657626250420224
89929611
701878795058356225
708827818453540864
392425423
715641557194567680
33416297
778916437
4917092018
18825344
21346786
3372601708
2834406335
988002966
3774497295
110803365
2395733053
49021031
850633633
4827233784
710643313267716096
700745123471097860
887562596
705865207718023168
15138844
49379886
624826831
165196215
2288182181
2402006695
27046093
2563750910
3247344656
4569595286
705509322856468480
18459548
13447802
928829323
140892845
708646188174548992
4899610029
19548754
31973581
256295544
30046664
249015443
275597437
4890222477
1466184158
1138416104
701454656933761024
2911819554
874846453
296904144
25207598
2213972249
711547442114785281
2940997894
61868777
489951708
1133126635
125730512
712477493425528832
546019031
23098409
390594704
1584645799
286431051
4750874478
2690984581
325102575
15608555
2568992936
105161389
35022547
717739674400239616
3145803643
42961677
2954044532
331258850
1648639159
464240007
717439000382988288
77933310
71920209
589083224
16653846
4221857565
135232105
714558978131255296
913033651
48599652
53563332
4785292626
869904060
2574904722
3243707748
22064255
95094652
716813053
562538061
25416225
711654736114507777
244190490
464011046
582384262
2904627072
58069798
3164513660
4865773377
2276703510
3920426061
81329146
701870457213947904
18533533
746087288
73934117
1934798646
291789016
711152780975718400
701121977340264449
270528803
3150098774
20681628
708309848
395697608
3091521770
2570541021
1630796316
229518601
19416858
251341054
3266526978
3150313712
2934009661
343535198
235231110
4904126730
776408594
2226615308
4902016168
33952326
714973048185552897
715961142024212480
285161385
15588500
51522136
3617078954
704413621649084418
704413880995475456
25022491
37814845
197017935
74211907
1571215093
4868026853
26176344
143663678
259252751
535079024
714721364880539649
128033273
714897859284340736
1683541058
4409688334
709419098439086080
714777053208256512
21868866
3102067242
352418888
709808677612605440
2431240255
706990010042601473
238648688
3301245662
4831588145
289127982
13361922
2460042668
703117803579019264
3071500052
18857707
80350908
875459408
16444544
19954211
16204466
4779422688
316115307
3055088130
17133231
408481637
2846711961
15877452
70311896
45024622
3237300872
3025850315
1581243024
923964859
737292332
36574442
701543781280178176
2156190929
145394310
4599019225
707655800169361408
176323933
2865992597
4865552783
471224317
704519691075608576
2490179029
4788492859
3344387495
292684762
38830101
35590874
4746267672
346689363
125122422
118488169
2341358222
29960121
708768395987165184
3429352367
708719437222903808
707291191100837889
3299331575
3156120964
21970442
4344852192
2981584944
207609111
2566124461
4813986674
17087575
1465697053
4833128677
28926547
708009857958486016
585725732
862131258
3020137681
4911829154
89131218
4874557666
21862005
3320933284
2861426208
2435945696
293656460
4794182534
174703681
3179493427
702733797708595200
2988501189
32626943
14990794
701133859547541504
4580776040
498167911
4555448610
3169035458
21909984
3980578355
703262033727365120
1296438762
2334144626
706658301702971392
54705636
6209992
3069132081
49948272
705813747936276480
1639114092
3930009013
17172863
931391137
234306352
703040574862000128
168331017
144907880
4486567216
45239771
17961164
705815621301358596
2864480711
232330159
618647485
716823321
400352771
46786678
18598722
4489231947
15212671
704625987556929536
122483304
259500938
705209400089153536
164377995
794530250
312248392
3004335525
22454663
203765012
1551532544
4807599147
4883726314
2735569132
1935304837
872332808
18257459
101783862
1381088924
4859584672
702261605703294976
973988948
4284197235
704461363570216960
1591597196
3305347064
2421047521
16215350
362306058
1608662053
73535443
29435978
1191204620
322986132
900775260
3438493033
768021157
460685093
4164210783
208967993
190870444
108709348
1870270424
2840915387
702537280636919810
4841033064
3385160158
1107626262
38218713
2260656506
4375144295
21551058
574166517
19686263
3392850473
4832874134
700850673504522240
4063285643
75101299
4465186461
27991113
1344022837
3882169698
21027387
4842758694
206844298
323998361
320821564
2884027166
38257476
3066845962
3087647089
19915883
3062962055
4538147968
351327234
38465698
18707435
4817772331
2990456352
185203900
134594804
355690109
4864925167
612057704
4893031932
1407822289
21495530
2331296468
14545012
4635267749
299808547
3186967574
368948092
2849886237
3128032354
532807282
2924772582
138409823
35325226
2493013459
3909738633
59702598
2586117320
490401229
606907410
698576012653756417
54042025
272191896
2413996628
2431136407
169135314
754536912
1634832302
800884141
3697332016
4868045159
2832570943
389285346
570585938
274263703
4896226659
4898228795
2972085221
3318208598
3108106009
785676811
843863647
4831215383
16146535
4442344487
2905170543
4258791635
15808113
1930876176
2851644547
4434221542
740995897
2937516482
3509458035
54643615
2254884070
2784407161
16474992
4872555615
4875661308
16672644
2218511664
2218535202
1572660175
217974888
4579781073
565886416
4859927665
183753455
441317106
3379934837
34341362
436071689
2276320339
60499882
71755693
2892779351
4621651163
14800957
2827479370
19038210
2209184731
490910776
32168059
4853986913
310337901
186568831
2806004678
144402222
1253363912
4149690013
1869575251
2616435096
49205207
7771842
2570560126
63144098
22873947
3383534567
31403779
1565342845
2455252141
376799449
2615044988
827741906
311677386
4632733994
18755371
907186650
3241186765
1571631331
107290835
3408885449
2303692536
298740311
4585971972
32522055
787086385
1019735209
1909087813
498133859
386117076
3110899521
4154476582
4606946533
304078224
21025381
3179478090
234123935
4616716213
2381183066
150665125
3004152569
2706667478
4230149657
3283426488
4781755218
36713347
1181240252
2861342687
32671625
4830384705
3141369019
4750260642
3406063521
49251379
301198999
266326338
524956178
16168401
39979971
128790234
1428245454
1107042499
4269888616
4650062431
17310523
4703571174
49243929
3270296904
4775254460
1921271137
3011675073
16927626
448628347
272986795
4788912803
2646357978
21937318
607622157
135350927
2336977752
55370049
3301624108
35801082
4757645537
14330077
3171416026
16462209
4333864156
222205963
2975422170
451662665
1870269956
2253993151
2239840309
456478533
358627733
2264857795
1421631721
3222432010
4725985454
1641840901
1156077108
29826561
4617540689
2562177242
147644212
1479840834
214495170
18917517
589333322
1339160472
1969122456
76058560
4715743526
4416817287
4439734163
59287365
4483991439
1714431205
4698504674
3480513372
4628483539
471509942
4660363935
4647074122
4645678289
2914187872
4428000197
4419471615
18548417
17437437
239510568
2399025927
2925809374
456031911
3403594131
1626294277
2280037440
18846291
18353097
625195519
302690890
4336513454
4609420819
25921139
4577034509
2483271108
4546510637
124942059
4618185673
554662969
2386059667
118519946
2360448613
139944540
25402143
3895893964
422910060
4572956174
133063757
580857186
16110072
1297947752
390103810
4553874554
4541786053
413597188
4416452541
4183970120
1263477162
23318600
1308969618
4259423111
16162189
3241763179
88463034
3273997009
231218861
464204423
1141700606
2699663748
1291868311
2886412360
3122485277
146160591
246378883
4150302972
332400756
3576933737
33806698
637305972
127347317
2788486628
522147146
23687917
251646869
60718655
168918386
3320981265
21841580
3091316093
335320739
2748240700
4239536057
4294796785
34035267
2373857028
4009542141
457065217
16696584
4222439472
461779833
4048488374
38682264
4020313933
1380250812
60748257
4119695914
65518831
861907884
3468732433
1958205024
2739528379
4147751584
3286119068
375834102
441575316
966842196
3414559738
2489886325
3081695051
10308592
607637156
2975586611
2697910874
4149949840
3052592374
2156339536
2364957788
329443994
2837181149
307324594
115105973
36349420
18932935
4032664175
3319582285
3888008718
382717292
362074693
759965708
4082613496
2889357899
3313521037
3207574312
3146482982
1343632100
204513955
3509421138
2284183711
2361598276
1432673634
454989746
2424669342
3320557224
89004422
3150664416
304441789
3045432623
1653246264
2399701337
478686060
2489247380
23858111
3343850290
17756893
2849671016
3611205735
2537556546
3227184183
4036876454
3261398631
3025939486
1551870925
346269447
541287029
2946704978
3222409188
157510710
3507173299
1220560814
3421419371
3944983162
2213930756
3998364815
125088968
3314428756
125086730
15203851
44299861
48514926
3986231714
3283716014
569487350
2370981886
89243823
3387738291
2810238013
3980756472
2952603735
3235524089
1173065982
22641139
3984521945
2913047095
15361570
1928290020
3675503173
18198566
19848466
259404451
24880446
21377905
84268595
18893580
3049748623
56504005
3904388491
3784601953
30160168
565078705
47745460
31181021
3900950721
894454298
3332393711
276842152
3264417722
364462569
3841324333
2394373980
3787454719
3592477283
3316108238
1885129123
3872720594
543780273
707174784
15507974
1853944352
2577143024
143660061
448368304
242473304
3752166915
97333339
302805533
3672979309
231529253
1003223892
763686056
250558566
1144570968
395005906
15019111
2932270805
3269091415
45381821
441604749
910854372
260907612
405119861
73307828
3314461639
27571326
3796970172
3014970675
32486821
1186783158
703983715
3006487744
322382076
3737925390
176013108
2960290217
3561703044
390961385
3679650569
3073202101
1263674095
16582131
1604407375
805594676
2535290486
90300183
151599201
1348861086
3647758274
3321132192
1270349767
52557862
123921028
2203748504
134975165
15115280
3495163886
1314866862
3230230302
1532475013
3662716334
1206536233
46034972
214503914
343324857
3003712539
3601319962
2549020519
350612110
1976005932
3148754940
3309350852
591297698
3402912401
3613977554
135142252
2747035544
2151700369
2207002824
3489919214
3239944646
249893279
436314047
294991606
2834389583
461720060
71061209
3368306733
289996963
16302354
3432669381
2414515764
38697239
85293919
2712295129
7829912
3271553468
3313471696
962316744
478359113
31601858
982710054
1473779814
3500050693
1873196118
2401858262
3130115351
7884802
3463080794
167545284
47630337
14246001
2352090426
21965848
3436284192
2952725698
422058892
838627057
1117469634
1339835893
16808526
2480435185
3071251042
57567739
3428817203
1067027792
41803979
163535738
430330374
861100896
251216095
2571872893
860277462
1626105961
3422210620
224514372
3370382687
2196201139
107727858
2905288216
333768672
18495916
2546690178
3428209587
3109220212
82649553
2906090403
538547125
3068102708
3358367133
3236683976
3314649205
2570007985
3111946918
123085901
1684012530
858646280
3250886011
2929717149
3237341261
3225075778
3165917534
1427531599
365844906
233291124
3098633816
2914684102
1677338054
360170930
21691269
3343738493
215996801
815237034
2168227148
218974314
73310084
3404445525
1580774588
25635531
501344334
874757612
318073012
2968455199
3303516265
87562872
3405861862
2354580206
1934787661
16478966
323484067
531336948
765763200
3300336775
703561088
549847708
2719930303
3370218273
16392181
19312820
528187414
386081713
3291670195
21543525
3251305226
21680271
353732847
26070572
6529922
406456089
2577994481
512416830
3372741323
3098115975
487600344
3304479159
2476416744
357410224
37549249
2305142845
125267695
3110018497
2336874494
93461875
20112051
37836873
65210574
145341828
3195553725
3307929149
3045602443
283551761
161796114
2963105843
1206227149
31480713
1909377775
1355494926
116960062
2223691094
232962457
1654179134
731815814
352412019
21257201
3121160106
3015875874
16227248
22961938
2891552777
255710330
22549560
3330654707
31369265
270717589
61650014
952046245
3346481627
587080294
3254864460
1426915460
3294387778
3065753301
1347650094
581592553
211188965
379453607
172081908
607461624
820147838
411446545
79583588
3153595625
47818243
234071612
475110554
770759270
65936962
133424498
3110461377
3311299145
1117
312260192
3093237610
97732452
3111889034
3102334069
2990514564
2176979617
21147939
132038130
116415235
278661101
35712359
927764598
2944024166
3231244801
3091502848
17599655
1347805152
3234573384
3306093495
151525784
3227980190
2715192589
3232285784
3108391171
2492429999
2729610035
2976446597
3108460774
631816995
20524332
22699560
1053712459
90497885
33043596
26912335
262189297
445663638
3152527105
50782988
2664278533
3074074696
3300548075
1259475344
19169985
2377977842
167146473
40601473
1965609817
2676904723
539698197
1279112401
1668660283
1516235977
65293006
3218375976
2401704493
2429194166
3247907297
618360312
258274614
2436545729
3006938504
39294988
3145921127
17686959
3241808998
22264801
3082986275
3207709533
3245305528
258790360
2490299682
3062410455
21637503
1469051466
36902756
24932461
214657786
3224200161
14997156
3120700223
2359028480
577249994
134924292
611817117
1932263718
417562267
552324816
8025532
260590025
34040037
2838116866
26850418
170867740
1123899882
976570982
512653687
103905410
3185969111
19725471
112717133
48967891
18082945
3187179689
3179111985
2479159384
103619946
2202454502
1360948380
302991001
2529822156
26876508
47437249
3166924179
2994611948
3151872907
85937503
3153989145
1269467714
2756738665
2452134079
15571421
796686306
63258093
1936187252
2906076919
266536604
85892107
15587204
2290616118
17183041
16488269
196802928
188431295
3084733167
451603759
56390535
2246623411
853565910
15280845
11213502
3108027427
38188037
895436396
220237010
979622467
367528580
372590339
48072723
18220818
18957326
3053676360
159642535
108020041
93419194
2338240710
3043308568
105195590
3124122574
22181755
119477609
920161381
1549917763
583300670
279688057
1934770050
3078329137
14135426
15770843
2938825012
3038770585
2963067174
1735969045
2732355133
3089523880
1646455254
2383071294
2459831780
2472185130
25033858
353379388
2991368880
19428305
68887844
2819886923
16153098
305295460
1013889636
2922510686
3046825046
2634437819
2761636672
15147261
27783848
82800544
200493961
2221851215
517656712
8215672
2194543537
2491791607
501183828
35001343
1715105173
112638869
1214410454
55883616
2899359463
3020655719
2917567227
1090102837
372024942
2312829909
256092060
2422729736
2998889042
44383916
2736010837
41367144
2978072809
221659600
7432682
168524035
2574857401
220979657
2769714862
469732090
133022865
14283170
2913748483
235362301
3005722823
2456983792
393759215
20953563
3002561123
815783863
2969197702
2934938356
2939130839
2418036360
4882
157114840
2991886559
2521541502
2764625908
2201291034
147071542
2321606671
1241765726
2866923611
2989087021
267601748
19421938
2579590273
25828822
394322245
2478460218
2837623920
1467206246
2891580673
575925999
2646392569
2892519259
205845373
1308444313
74634820
2453289751
2943922903
298265824
1593723908
1666498519
1528856136
1563454808
1262150760
469281882
16125084
1536916315
219937434
2971322709
35831704
1884741524
15426911
30758317
142849883
34665213
2959338076
86792097
2534588126
2752967308
513101586
17567743
585509668
818328546
2903391488
565780235
16458689
2868135296
2859470324
2899469145
21312077
424609165
106130574
33829998
2572226646
1633782194
421945221
107546283
2861313226
2506344073
2466837068
75706073
131287646
2838001743
128199480
2458382496
30461476
533781390
22001536
2792633362
22066415
15701965
504736628
2518647968
19088288
90896734
237082086
2413191625
496525393
2518692883
719961120
56021644
889147140
894292836
607948942
516213890
2859007872
408649582
573814560
1714095673
2789589046
2824180833
2668328148
514902827
49481113
2679728168
449226430
2493702811
24796125
2698322863
2325789096
159244485
2863234980
15584875
2858477216
20175632
364957159
2420072065
1884949826
253006559
2806029301
22219257
193371072
2854918009
762373104
178332153
634952572
56666769
1095558246
32336504
2852626794
345134536
1946817589
371800458
1451559084
540658490
438794270
78599720
59159771
253006154
581467438
2721985033
2806411828
14240875
302304977
148552254
424260012
1350736134
1483928060
2518612308
87383875
340534889
61015843
174824747
2785460032
2792186626
1569375344
2787584596
41984111
121651264
2269484343
241220025
1712925769
2743928532
2579417754
2427211772
14111304
147253779
523439793
1870178251
1870127406
2472471091
2671006753
583875731
2261070356
2833643371
108694774
1320073344
834709314
2490434600
2356811959
185817496
316288888
315835296
2419402453
15209135
558093419
20635826
34188766
46924426
301561160
46756867
812495492
2788533098
298123227
172469352
2654653987
485505714
17595056
259574707
76786636
16477100
15467700
258739912
2786149663
1934848512
1574289182
36406014
2640687688
142419792
410105474
18552000
105677153
42883414
2339444298
589802760
2434559344
39154406
517967040
2382690786
2403311258
1390897950
1532339910
2236450447
2792329362
2327387503
2769973045
2168713051
22583176
990627116
2760824314
2728254464
235215720
849162614
254340803
2760099291
126487000
62383743
2745872925
37998796
99859136
27877479
217991748
17929529
2756852459
39069286
2755405464
2755457722
306055499
20592340
27090984
2725197680
1415839867
2497446031
817834376
45254966
462713999
1413995599
100949009
468561765
2697078781
525393190
2490125361
2650858927
574983154
1136175960
72915673
36976455
318831260
2645807321
114973692
2700284901
2614839631
2187388718
57625403
1526683837
2591662076
54311047
2706818186
2700074178
17072206
57834409
2734324126
802884871
940452170
524836260
31460348
2707113514
201433072
1018085190
2229118994
2573306258
524203339
2190715964
2233871118
192677544
2421357746
1588779528
2687266159
2444996311
955972742
2682762042
271513600
312805513
2560148358
341921550
128763579
104459389
36838375
2296218770
572225652
189585561
37990581
2543630461
49388157
182527683
19577027
475510979
201919556
2593597616
22310677
2347908512
344657245
438349210
92913722
1006761036
350653402
90280824
228313809
2429931410
2328959065
149543566
2568762210
17300274
2576318452
1116976836
2501491554
1546953379
1186897472
15227654
2170631551
1462525976
17111550
1560080772
463813691
190694087
76348185
2437960934
18150335
717914705
1000151047
2296871418
14540659
78204783
199317006
2500864713
28654816
843020821
2499362502
537826074
938207851
1599507938
169215309
153629442
15738599
85186385
53503202
700275213
2292854822
59759781
16444840
2307742779
300309126
923517968
298320038
2457890036
2468244368
1708317758
21338925
1563918636
2350099799
285578853
16700601
94161217
1959629791
148717818
441167385
547233672
2445776972
2396836951
2352656658
722182194
2414171270
2281958130
2294974410
2414146128
2414177480
2348264126
2361394031
476317328
37473667
2287734477
2305631497
28509580
918242275
172307176
271071195
16244657
31871030
49676011
1940564258
25096871
2408603368
2394658392
1349669078
2268627265
1228651723
2395100334
91298698
2330081768
241010611
898880797
76692861
1571239068
360285166
810053322
32921077
84208310
230069337
236893175
16082787
25380005
863596621
2374555477
1694437244
1716412609
907227301
17495447
2371207928
414488432
2339408370
18559400
48038030
824211914
71715641
1696192278
218330710
439549785
864173210
2293329008
441434232
20605679
410101714
2197351775
953173152
712353756
1380677004
1873197667
959596692
607612414
781534862
23255247
21836962
2229577494
2202946701
2312574006
21043723
1517607624
142696360
1195684554
1205219106
1556660082
42053162
1045353331
604630006
1465819464
1584184056
264192601
179732982
2258283882
518829387
470594997
275370404
219182056
15215075
434148407
2191595708
2239057694
25781141
26833027
61528657
351556755
23386530
2211981675
195375377
44409885
44961616
1031565246
868856461
55364251
10165452
812466044
17372896
999871038
1659465067
251927949
14369314
23018286
65589378
26905564
1921473512
64009474
1588403173
2168565297
1033838178
566575800
65092918
107745333
766547376
243112217
2170040894
54231904
484792469
787991706
447588057
2153729861
1660644078
1347563438
389171350
491585987
155007941
169175539
1965788600
306832456
1911064716
251305431
1594679162
18382184
74035510
1377719425
1335267692
421616276
197369098
124694413
14463848
325340909
1903518858
11751412
1861467348
17478928
702140621
111718582
121860139
1915528267
21415760
1855481670
27754737
195895813
1678694756
1517927130
71849044
1275149060
44513878
33923443
80612021
70963452
409761955
1552456825
1558921531
257739693
1071834306
994453866
19462341
284598401
68219213
1374823819
1415956902
420090203
216764896
405249707
818095
939922981
627864602
275291474
1107314396
1038728899
1077513433
1004208912
951289225
992823972
989262914
38709939
782589432
860040836
330767355
33742576
875708150
51228973
269510734
64420485
42174783
19128897
385043442
450663691
278096906
18490288
14676022
87510313
390322218
232717793
33537967
323477298
172867574
240544595
430736896
110857907
28283637
17494010
343093445
19608297
133888026
27352029
10069612
14466538
45954611
235389328
210617035
207634643
206296105
185502437
195188205
157363568
110520018
107106071
32774989
41383366
63352008
31329179
46002156
19471123
26919151
