2862049805
4705514678
570318492
2894531746
4638265460
764834275237781504
48465494
3717100097
50324720
4810046905
3154760255
4913617992
18155104
4832835039
3428030458
2217580105
2501653884
234831962
716702096544960512
496981995
2878654509
771435655503159297
89246725
769178288958865408
771003283943092224
3103611759
182755313
3688250123
182684544
734130296552062977
2521729640
3376195019
409902682
769147913901531136
844373605
768066089599307776
720193414961074176
1906926924
4875987794
766967532917919744
3378714227
755191675
86979878
240727628
718366968592670722
4829480626
767416460901806081
199884322
744022636846546944
758648270696701952
3037252766
757956534471196676
760208883663134720
2425549118
396126618
4852189533
3019385686
4821996597
2744328636
3238791204
91305664
300345707
3893437461
42857836
979985162
703048459092303874
805111206
372670439
2984750738
1706881099
731122950531907585
97237133
117559809
1629924896
857743628
738596252217016321
31327090
1137494454
326891996
2613973131
750679759571476480
702136425550983168
3042697646
727458578290884608
278221900
133729044
74279418
2309029867
1101995430
91393702
749975600585117696
296824763
731878395357896704
742029545814032384
66694829
1116546283
727188529223229440
735201516345294848
196588526
724531908705693696
259899534
3510402742
730327149580828673
463898591
47996926
181913019
567137770
3167941981
2468016271
3174472875
72547608
4384737569
736870031800180736
43141038
2180372156
4287276275
2484960889
199034436
741209860189134848
3350845865
3008855135
4901150187
719660285469057024
813907292
183774037
3413650041
735698116133818370
711500139580542976
735932238144151553
3604739232
732848214651592704
596569196
735891441763946496
18023146
862716120
2580646795
732117669873385473
953265258
102947917
2964217415
784545210
724683966951895040
111724001
2425515830
1941559993
718495692042448896
719207858403979264
717025760800817154
719201142954201088
718180497059356672
728312367210172416
710720404768333824
729971112566722560
731102075162116096
71499652
2761723447
449361669
74686265
706850970857283584
724231712436264960
711130494289768448
702014889712291840
3630430517
731138954288873472
725425807917760512
570368555
729705308713521152
3396525357
730242402175340544
3028263803
2418669053
2902086886
4386946815
59136361
704030994500866049
1215187382
1961022679
724728699283759108
3239708267
4602764001
703254748376526848
704347232288505856
716202458259787776
2175981415
341670075
2151781360
702078083742965760
718522455736918024
4497434353
3448131622
717987782782754816
4895990195
718434351600558080
3331246762
2432590712
1958472860
406534028
138100765
724075981514874880
72110377
2783882202
4408517915
3236074198
402070746
3196161135
244218226
719089118634975232
708293625323589632
3213391754
85284659
717362435670351873
1430371128
2451299762
3266795641
717474303709675520
158457913
4718871952
701588602569023489
1558856371
1092153374
2320854000
249342962
3242471534
604640271
709759485162598400
2324676453
713026080857333764
4822617544
450401213
2913585875
15674946
3252484386
4203542123
4217356522
1322400655
701172809431543808
56702158
3992441655
703052456150900736
555952239
3396970805
365485726
67250284
3343001518
2734173122
53834521
1262267090
709583481370755072
702155062974480384
2782595713
2719926203
3344033987
2340727789
156643154
3058629279
1344810356
707293700876079104
4834648209
4428603734
4873017641
3235706003
3390853785
3530936652
2870577699
702598434046529536
377902876
592779997
4733376621
2992197251
849547578
453889345
866015688
2973540515
251513571
65395797
375070921
4904519657
701150877051183104
341031362
4713904869
702876847474868224
4853548462
238374108
695240188398866432
2827903728
351513807
446709899
409103452
1344541188
1351856378
308333064
343469863
3109976750
3393801622
3296496683
2432429124
1270702687
182008136
2731156012
4704094056
4836566368
2252035669
4584407654
1959124741
2239387753
4905799517
4584984913
4666131673
42034114
4864961139
4900885570
3067858449
4392543161
4431230117
4821007504
3742379476
3045084550
4859535203
4407106762
563075374
1844725345
4891054755
2923900763
431542695
304425798
3031330869
105958869
2987685543
3708655575
458330870
2308070996
4850007130
3201178258
4876118553
2490909893
4878394048
3240388491
4700842694
1946885840
3378537994
4869841611
3233889563
3190987174
3155920193
4422422200
18955545
2946880435
3237153038
1228626991
4849162385
2799756130
4764861619
3190110669
4784512559
4833581337
4816115122
75240269
4702970274
3304861576
4696491709
3315256895
4839205709
2782980535
4099917028
3331215178
3964602674
4627805235
3185169420
425172864
2890481033
4750935974
4746499154
20276964
118984945
4462337481
182862687
3235798968
3028328907
1219568106
1160568464
2284958718
2190159678
4336175540
4601267595
4114920489
142330845
4423170628
4705357890
78785530
4409029996
4691428759
4702664419
2450838694
2743590862
15995483
22829716
4422103713
1289806164
562834994
4502536275
2415136986
1657362846
325443632
4376003747
387737881
73552370
68651480
3947593397
3414863027
4518639803
3396272350
50610753
26236311
2382623930
4407817659
212242631
1335140947
4498295061
169414879
3312635408
3312564102
2923056028
2508373081
998484409
2795609807
2813265398
4421439203
4459377321
804365862
3208629377
29698826
2711039001
2689744656
875431598
2826498841
4401674127
4410634408
4422412523
2271344404
4401501633
4365626421
2656560368
21125885
2831741324
218097134
123962992
3362269120
4309222694
4275106396
4242577727
1089406141
3547722015
171852446
4156397423
764634524
89759867
311316576
108970185
831730261
119578061
4252392677
392769339
4259271112
2697888986
121739884
4332146597
2821497982
86960912
201844748
4328394563
3296273608
149186257
82606148
3306925253
182578681
412953210
3864969749
2917651271
2913688690
243371409
89268361
3261049375
173380621
299264977
2888610209
542890420
3344684542
3901291257
3395675794
3843129734
4127823701
4275953296
2499504685
1642519183
67111350
460181314
4295955072
3889613669
1946366534
2385656118
4243869862
3052211780
3356892743
1401691681
3872351241
4233895739
203982444
3598369641
369741163
2869844368
4078435834
903788539
1899644407
4158065963
4219383327
2236120428
4123720822
3964161725
1039987290
2786970107
2557013239
140584769
3039361776
3041851575
30616016
3988396811
246243146
2796064773
3684013342
4111521838
3349163266
3760076177
2458031915
3402444172
3111922715
4104545045
2921846356
452924360
3059857172
3034146955
2980823265
551870732
342971063
3368103821
24707009
117784166
4059052709
111266879
21882286
468336766
2179595368
3142969790
4047821068
3375898893
901593085
1429898646
3591783315
1414182950
1352258881
838362504
26461065
2385587478
203062522
3080109557
317667782
316621266
861676915
1203589951
3873316059
3822503296
3304933222
2979721498
316586883
937741339
3029960321
1429967316
3400056441
212304424
3369750705
2939669643
249171465
549594993
528762834
3397264751
3712980673
2440632692
3400013374
187916592
498357986
833229380
3544586835
3697914689
3719164949
3422200749
476020625
3609745752
3617386992
3684025336
3674179037
3044590653
3588050956
1425780350
1654783512
1148399982
3683525537
3491465248
3315681727
3164589269
52721036
2841087828
174319719
3597829217
3295070651
3425110996
3634139836
3612468976
2165539070
342032499
138751909
3521545633
592847522
3608191102
3467350512
115124377
421119575
2850220995
282117320
3413445076
1075001316
20252979
3420819904
396846725
3412101053
3445698795
3483243435
3288466169
2331803131
3420318916
385970107
3254516098
3423690177
3334465706
3318984066
3419344300
3440010076
3318564162
3433232579
3434209565
3232684964
3279320141
962736456
3322763748
42000066
3418099077
716352768
3432929464
611843563
3314188910
3402983315
80206113
1918083818
3425576957
3433142631
1340398009
3310975254
99533531
121531899
3415361535
3400768725
3425387079
3242268154
543295720
2924412787
720429072
3421231557
3265844911
2420572710
2641391608
3427187745
2892584855
3313922520
3427621103
3291016359
221708895
1257862764
595026651
147966952
2992429223
1875943838
609863786
1217770867
3418240455
2897059877
3420639952
350662978
2721319705
951362724
3418678047
3295420341
2327161634
3238808049
3372321443
3391791610
621893
3308144593
3406906625
3402672999
1726307497
3280362428
3403594089
3408407691
75114442
3389236072
114576772
2987024378
3306794904
3215667785
2515642542
1377220574
3292864055
926055493
3400339960
91311579
3402487649
115320895
2232032053
3397167880
2731648015
340417392
1172793013
268684420
24880366
3359374408
448636340
3293173278
2435965020
2893457026
3368251815
3302664531
2899527167
3094048343
3246393361
606869035
230534892
3064711822
3012732920
1568684017
2351531244
149129891
3280519675
266976884
426226948
293737158
3368196771
3332646862
179244205
3345236139
2560383339
3327572559
500225459
3375829041
2583135980
79138983
3012258137
75738000
183780306
2507601324
2865678676
141729229
1665254478
2766250111
102170267
2912412702
3035349952
2796277391
485707529
212653426
228876118
240727360
3295804229
2895805461
1424115308
3086768445
1474576777
3239074691
2415945450
2873660885
722165220
419921411
125318586
3213618659
2499512312
624770017
3240546403
1720218542
515615289
540065586
147954027
81443337
235987182
434319873
2805368252
843320154
286347686
2296045075
449026362
337728524
2541213625
999124999
2898634701
1606356846
12996882
2596029222
2360920921
1659724682
284571934
2351262768
2336679201
210684204
3247625877
2282090737
2438084268
3003877084
21411395
39262484
2826067346
3242571927
601410672
3306916031
2435961565
20073137
2980129000
462230436
408548387
3303915520
122993772
73398778
3303021268
22598822
914366491
3299754251
252274093
3121122526
32842419
94299816
450160930
924114979
3208387996
3169781055
22953335
3118023225
3166789743
41899031
3291746819
3153090423
1944851946
621525959
2887105234
3187062341
310354167
546582398
159509810
3135829888
1858483422
416396674
3291252171
2884108343
21336401
3247595398
3241947598
3289903371
631067964
501246449
3288042441
3191903540
3135876311
2953294191
2760714416
19316036
931845290
3142447055
20593341
2901202097
3260705741
3260588727
3253093245
3254128283
2767355404
3253794412
45138299
46068267
1964215938
15837571
123240170
471144910
3240289823
282092428
3064488497
3243171317
3042211823
2687710651
2993814591
394279609
2895228910
3238150553
105827495
1362770203
3042804375
3144083849
3025519355
2611474646
3090211071
3187455755
1299538004
2768308156
86506812
3125166014
3104161929
122873580
31476868
2995657773
1158559832
3020353755
3136788610
598538645
300183069
2439511201
129157653
45346795
1130738022
575163093
966491690
1339112905
2567261317
2567165624
3061721086
1567765188
53838199
126004129
354376622
2985754325
2582267394
3178610559
3131072213
2371749540
2362544802
3099146198
2875706871
3144741886
111334297
425768734
2766202663
14527141
2356139954
2506921225
3127475859
3045366279
2819605731
2355909835
2843607215
3102876959
424529834
3147104588
456551950
2541619225
2476010323
3130649938
17946250
3101948631
435924243
2893150071
2805404208
115070524
3053378251
74178754
2357590944
2692605812
1026917994
705603235
3137065857
791416663
40543619
2889539573
397604006
1857429312
494454705
2989732000
2959862149
3120930323
2688004247
73349853
3119681910
3059770947
63290127
3129913749
3108887039
3114275807
3114496605
113324555
3053767289
88170336
2351586746
2902130033
2904994548
2902079118
2530240656
3117949984
149137408
2821286626
1259143152
344042039
455322766
3116397779
68695871
1485305232
621862225
103432674
936522384
3077192163
2290269306
2858700202
385893462
52735551
2162700109
45809101
3077637288
3101760755
20334980
946631864
1177754935
2310926695
432728861
2523115776
3098710095
84357021
3065974205
2539034922
193758343
2891427359
297592259
213596401
2831875820
2974965274
3086816312
1028830784
2804384864
1106075215
3022967483
1443297733
2766696342
3089809600
15530529
3077446045
2886898347
176463545
19402333
2577670285
2952742703
557773888
280579766
931878806
1469398314
1291236919
2922650752
2920564733
3062386885
47968824
3072223018
636318753
2292700855
3030165039
551146885
498678531
579943160
3070300143
573335584
2154858001
2589703622
537217133
56441190
2973093268
251800193
2591075078
2168389207
51664873
169473834
2345198082
1853881045
1652607384
2360019997
2810081579
60635140
303821128
309768216
2797846795
3062320876
3031425579
2517499850
108309615
2578827583
307574447
29018778
45565360
295586912
3046567067
1130865974
43233211
19723782
316240807
86064179
319132554
3044145550
542036565
362411653
3026686201
2714917147
2924932429
2795602159
2938809491
59583686
812874006
1978374362
2650008753
130175620
3032829759
492061378
2777257021
42600792
981431011
1489978741
3022789391
2850567065
2992669606
3015539273
3038408631
3030098751
3026840973
2964860223
2217983666
1630153602
222149431
323129211
2271125602
2820331946
2997861440
3022118741
2906185749
2891760281
451003613
2679782431
43918841
318654617
2952823385
2444471923
213727232
2692368563
2294499079
2966243356
84185748
2805940528
81343525
2918681273
88516314
503581630
3024436120
27327330
2940082637
715706952
3004896464
2472537242
1949562390
555955956
46877056
1229563208
55209561
2794265525
2787698697
555230130
3014595383
3014581551
296367944
3002530232
455510571
2846663782
2441504994
3001622714
2968495552
3000145275
913525249
2984817390
73209156
2736211810
457893804
565533555
2789496452
1499743752
56330972
42187417
581138675
2355332718
595858642
2533366490
472830097
250731821
2972190368
60932062
617205999
2872494397
2991707920
1255038535
2984242245
2990267939
2301241680
2472526608
336538725
1130771894
2987529340
74462129
2848139056
2460250576
240027936
2777616136
2953373260
281568407
2973191523
2981781503
2536744148
384454475
2898224974
2921073218
2175143636
2976390574
2955137668
2921467725
2508596168
443970455
2514238841
174245708
210607744
2245674433
2719517052
1150815024
57426388
2570773476
271441723
2946089510
580239506
2800193077
327511893
219256540
2958658059
2204014446
2952182943
1611207492
2956327551
2891009877
732920082
2936833649
2948641883
2821779061
2691857975
2731810422
2926875831
150993347
161814373
2179645501
373277015
2853222229
2546424162
175036040
113946795
2320098247
2603498210
2227250564
2840128288
1660120974
918835824
2190485485
716554224
2912735359
539426064
2764086755
2504291623
2899311946
295632624
2741928641
860237030
861419772
398962518
1095720062
2277883568
2539789073
125630248
285686168
56058198
2875131370
717957507
2889242541
2875198181
48114193
2887922541
292763654
228118919
2801848625
2754074312
20809700
2285819239
2572833897
2875168624
92775640
2844446912
2877253125
2371374448
2875677419
2827098682
304323642
2824681011
611982004
2493322454
49964152
2760376091
59557214
2859131764
25125831
2872050701
150770599
2402237049
487684569
1561723286
2769006975
2438774234
401466155
2817226495
2575260213
2794663568
2859867181
1030773853
2837016091
395258863
2476238018
1033298688
2409779300
2851537826
7753782
2180110494
2364713729
2559380639
908811060
2426969876
2802028697
22768727
56969578
540383249
2653913306
1855012603
25273394
2744314264
978526416
2733977766
2690337793
39339080
2473903467
2586656912
59505816
316348156
379749307
25679642
2762075505
142803152
766244509
2166678241
2582457578
315864533
316406621
2374228135
742752746
316474271
316045636
18117523
456590186
275080764
1389813264
2158855650
582590011
2541060942
36319936
45539230
64375850
2739405944
94153315
2755145527
2744646127
2734138957
746605686
45785774
44874706
51079567
2745497477
2459422584
483755141
2353528897
38641081
2681541660
964122872
2425694480
394018069
2599661227
911273204
356300177
2362547376
2283821543
2727566033
2186116027
2646827566
2572006577
86957685
2584496162
341916946
188714599
399979661
1489757208
2494210926
45638064
145667056
2151061110
2660524683
2481214894
414702421
2459779622
301910607
2582661072
1279109071
1969429968
292849151
2572779313
81300252
17736748
1342303621
2699200787
873802735
1575477188
2603806285
2496191270
68667445
2649473032
2597889199
36899050
2274467024
1212679608
341599195
190843546
367776404
2441355594
318666526
2399899344
2591114557
2158669995
17977167
568966624
153809757
1713246522
1415834947
342019695
2453384292
1423360934
2593327976
2364684148
263516252
487469026
2369972305
2572394120
1665865650
407694036
61189470
1581189306
531843083
180904068
1550781728
2573650873
22163217
2347381442
2407795725
1151962231
2366668840
2529836767
1427390485
277972196
2495193100
1904528479
2612373533
384803151
187833901
384336044
777929838
122415110
1080677155
1964186768
517528373
2203382287
381680217
2594518727
1712881814
35667572
2204863261
2204760397
487653973
2347420700
1008855890
2370850998
2501099688
2165372470
757920582
2403247729
2543179122
2581194081
2576265767
26660626
631073402
118499188
2562258891
327053506
1433508445
210765002
1577693605
158688900
186804554
1845551323
2490148579
222504142
329614376
424585358
1219304527
569932081
2188867296
1555769052
49991311
2152491866
1171592576
2425359108
1523552562
52975401
1552918423
2455085083
89407344
104795919
2233576024
2473706974
2196214560
117785696
68648532
1264416272
1173108264
1600660578
1517101873
124261445
1341378546
2442510267
205251709
1017947504
2401899720
327362772
2251651502
2432689744
242907270
1112569542
2401545012
62723427
1543288916
2361115130
26812025
96952477
2395445330
912865170
540749242
2310206638
52011358
405759787
2418678647
70667164
118719914
818303178
1379337361
47293325
1345184178
2364947252
542135478
498432410
288895322
310497376
1353032312
455931635
440150507
2373459912
2371229947
1153807130
2366278639
2370994184
116754222
2320663981
2330016222
2320848913
199895903
20447412
360782989
102856128
1627970719
1097649289
2362477457
632796626
2268561960
411797380
2329412682
95918000
2353183661
37959631
2347649139
1603568508
1527881298
2318644874
111376298
20674227
17623559
399505690
1322566232
22801114
2219544432
295317250
2228994017
761892660
2314319665
1887327624
570811145
338329289
49344223
1090187246
512427189
2304523930
1200425694
1934627138
341378344
2267579476
67302536
538879733
2216394544
2172785107
1211855634
489335185
2272274678
137682580
594764215
123600583
574054630
2229163388
1926524652
1933339644
2290953780
2297291465
305020451
2189507127
168584171
631021607
208470869
2304606433
1626811651
26594095
17314715
28366774
1595775619
2300384971
2269633662
1420280052
899697186
559835692
330856803
311990737
388302210
2261609643
113167963
27224655
582867703
20593832
1292266176
24844945
44584400
360093882
71349650
15133627
466008807
943869174
2186400547
218461787
1619099779
2275620624
218639332
929479261
80840247
1099584145
402014288
1017034820
81406385
1052493044
1260335287
1105169766
19774289
289421482
22132426
1829651899
152989006
273579838
80682671
278098811
2249218676
300768476
2160312663
2192057082
2205545061
80311962
2246095021
1637395836
521549586
1122550920
1201298071
1596977276
2239220748
554511653
2215746720
2213095220
97221441
1731527178
19388869
719359624
2177443751
2192964659
828544650
1928111876
106090732
1022199458
479463112
203029086
2188714462
628239256
270591973
2187274609
1159955269
2176259932
2179161416
2190353563
37176458
1612552556
405618225
102364018
2149029532
2172019023
407260057
1074922417
523513429
334027620
259803994
855814400
1969004425
333521530
2149195452
1964272699
1978817688
1975968702
1427616607
1879243567
1260442483
1930176696
50377529
1962898124
1653058681
168615483
333473531
338340432
1610238487
247969697
105424151
19227521
249108798
81090253
933789356
1413104018
204735391
526284684
47665193
175190028
255968620
1858471442
1927597574
17210006
1137383058
223436733
177355375
507095154
18126669
82621325
22905676
57432443
137281795
1877727787
1451076548
1608327685
1448678047
484936251
1281522919
1392629065
391320739
1443048822
913531975
1682837029
146233501
1224630998
241058735
338317289
1651130040
462816226
475979402
1617663331
1079936250
1437829759
974050608
1715662765
158368965
1707371904
544576297
595587559
384928675
555042713
18783179
32171845
1598138414
87220808
1530597271
1668899850
36132603
390132136
1290999956
1626411577
1604421228
1479276834
493326990
233630074
524563322
30418582
273919258
41134029
22713280
93433385
1329157014
1179703430
77978267
1489685881
1389649202
477845312
1570237692
1550714323
1520396407
1465237968
597015498
1356667286
1409796800
1410605701
1197505951
1338806671
210776325
388777117
1504303201
23328929
1221925326
258945251
575230649
1116320742
258045405
1428299462
202669763
112985258
179489594
124437424
88665889
1459094544
589204554
84174331
1483020294
1287378132
828917006
1479763736
392302755
536025509
1197653094
204920486
624739035
37055590
1414040264
471052769
998163247
211092652
743782213
957726146
886008744
39867125
1095409898
93956699
1183059542
1428134827
306855629
231082259
49450623
338556022
1243192796
196971499
1436013841
555077052
302080698
322584140
101803243
24853114
1102752788
577899987
481417485
1389302976
84809943
1192897207
962293549
1321009244
1415734621
828659232
567221461
533397974
386139532
70411985
285815482
947468094
1093850635
617415666
1402062979
25100881
1170370812
1136767898
46361818
1338720438
241235957
1194341360
371308706
405517905
43140869
19331448
1238877074
295182067
895104817
856586707
492021549
919371817
22840721
1151072653
1311357535
928084645
390639956
960922405
804210913
532148999
1246740222
190967510
448855538
27457454
1277714018
44418012
21117752
51775199
113670547
455759465
27606946
821287681
1130886456
978594228
416430008
1269998299
722946175
21065280
360670394
608215382
1257793260
838585111
19329991
1225898298
819195464
83362526
309751962
567149588
1003506373
706751413
463256125
600777040
347901136
307980575
341058216
1175627161
833426197
130815621
147874337
138090279
632850991
1102048734
736022173
1061431076
602831026
545542806
1039306441
462504166
849588090
158727831
75248663
312484619
326661583
1087408051
393261047
147980865
624342651
19774069
97423872
582469666
1148234240
1125107412
504660333
1125560868
1115325960
1088270592
342925254
29676687
467560046
301482586
1120307924
327217445
1004040506
1119485294
1110211921
994863379
44616196
420717528
595599858
937304580
893262480
634507235
46039172
245033236
221370063
507612718
935375382
1108699934
881415986
1092463867
1103561628
214031910
544122553
832881176
57615727
862846531
819301153
1084141885
119357043
1060788380
633619955
94552122
1004865494
851678790
988816410
449005025
633214932
932485968
36037543
71305735
787345518
1071785526
473912422
899703991
107039937
585923115
340582124
1063900712
53194516
445634563
419892243
593162871
848962111
1060092396
1044405224
948524082
471892046
581128347
184039402
1037048910
88674652
206131619
96325319
474201809
93049335
853550983
189482731
599144748
1028174004
1027196672
58416019
458486476
154464501
296306712
838164608
21769080
569153739
964612374
113355174
1022180124
28596803
763625112
316419538
555426860
19334486
702978942
275885036
392638753
605263675
154475267
124985826
702920016
997410164
886860828
327930819
122117583
911324762
539864563
565616577
881019938
23599952
20989388
45606387
919214323
745171453
539336404
32116994
313948922
941357430
20039964
899481348
814902434
16085557
960432900
303908461
945631087
945733628
627615046
25141328
359323842
702784069
621971776
926226535
938870064
358923394
501202640
893806429
791478710
108589074
435820343
281235737
607213538
551581921
930471858
866230891
15394903
567214582
138390751
18973744
568183629
929326566
75514924
922947186
778322478
405357912
919737000
386607890
925166270
912518522
916657818
904808172
44123066
816975847
818090467
880285658
332863381
466395092
897382254
348050515
899517931
519642748
882906925
853095296
604886171
825373159
599983301
816959066
388278609
402727271
863490396
869544764
790467902
207960661
766429466
765422664
203026545
348844674
855061621
341701666
208502513
19905212
533124537
448582250
707822360
843534978
61197737
440832370
636973567
67616469
523348413
835605920
514247983
393969378
529724484
761331451
17653885
271584360
605562738
780585726
515543034
765643753
540968934
784392432
439335176
804631794
607237501
807612566
710251099
128520155
75791830
624879361
331238589
798936187
600204420
590466060
191834658
794636690
377281374
20003982
617098377
388788879
777764431
267385659
91068465
67301076
406171961
506003985
769736473
772196226
754741104
145014323
494146359
777880334
527395830
629098177
774273792
478494029
20232158
49088682
631446732
292907310
499887924
747890161
554413415
58578347
709251870
394938684
112040608
396452313
36628504
573555549
705256610
717412387
28307315
612662468
533576769
546260625
720705108
57071336
169002949
20369266
705073700
113343593
249733084
703744922
600614970
707594581
267215541
24526844
526862917
83094422
325100152
555210556
399511862
326450140
90968348
618411310
322537099
114993845
25508397
470520678
72801235
631214510
587316782
82335435
538315473
447763529
29262890
270932276
109357379
584207062
419739927
584236373
605581572
454444839
330928485
31165973
426906419
611950774
624847034
548537697
279151633
540933799
211564201
601219132
449687562
410555130
621119973
388976485
20814489
414051405
581697397
397409926
423562062
100465316
609149602
95164638
315760439
88665973
255113054
21930807
598380679
267280226
576156975
597918619
558045158
581832147
454717841
41400882
588624395
336756781
14182821
496320551
41317402
283989500
52717415
73115323
16527648
572374808
281255237
314741534
586824898
573672160
592543402
392548810
603021977
580040862
560563161
538267959
598173605
515535893
55210150
408606483
471556292
70561224
418639057
397316087
326054082
598253604
597623104
412368974
322038356
552114308
559656742
20123366
568939103
188472982
525342710
522916138
556158247
556238268
416509804
576545419
43845990
202220084
519443524
372779932
558470087
384160464
588727305
334501925
297148455
570280461
410606931
441371768
552623396
536654166
563698259
66620707
556231673
586525296
528771254
191382072
570669416
77640028
124140307
369054024
546215571
28321749
581105870
301051081
576353902
506197669
581261639
42994314
134927778
577434255
527379034
81670562
573731160
574006840
493222977
579261257
573065588
153024622
36625174
572480768
575345383
568655193
409374855
316719882
39785535
136306413
492216057
473169499
565567859
49679564
262315292
567359646
525172072
229781232
554574545
50065875
537499959
36982750
397877330
201203788
536682054
204524708
375134205
511265587
361158051
533723232
30684835
306319863
564646950
505056072
228427135
423406826
563858124
480024456
563660879
481197918
531530174
199405803
409570748
557046543
18906599
560117492
50343023
372847751
51183149
440770485
560941506
435791733
542075550
479364467
18021807
369757572
370140919
365416037
445659961
493870103
321417376
462660900
403696175
231966750
138102292
84031346
113513470
271890485
215131820
65975209
555613823
479860225
146334807
374194942
461108196
366225941
284887231
82695088
18623751
81435438
470548579
533489567
197336121
335348569
400891673
438228308
163918241
255883730
390338011
441972139
412221827
550297462
329683784
549496810
515814704
108109715
309591808
51833768
279427728
287794956
266103238
213807364
313369909
531043637
411983350
236754630
535180021
434131913
426262225
429903093
249399802
430625531
368422890
489274910
279245585
362663093
386491315
386490833
368447900
386490392
478588133
540115365
348539223
448234419
268142266
203133624
352299231
239742850
409500286
537152813
325146093
413242125
467078770
533130748
532621928
438577965
245739696
529369304
149907417
34597152
181828101
489807891
32316034
50366505
81093019
521964915
473735120
465849539
66985285
122616439
518655929
495052748
405705396
47600650
253706517
461837684
372228794
29166101
512150711
371574084
204092907
19300981
403341033
498574963
486412354
414155443
409539717
156583098
38235176
334759405
491300849
124610725
27633173
402031570
143012261
127909270
443777416
355205359
373591679
488512659
470397883
54179917
485617631
385854234
133385809
234826372
449972414
304482356
476931287
304448663
466105206
454303757
456120705
479131169
280538683
454822543
65343312
15145584
323164728
308643942
471152476
469391333
274733653
258519954
464695081
349206725
383919306
404330341
237214267
451732433
233988977
436633449
97698172
50343384
457608737
173865825
464914064
27500207
249688471
465380714
432518322
106419129
372467083
463352752
406958773
387746627
211412557
392120544
379641717
222301761
40742182
112126488
112212057
445389870
87408287
111286025
159602684
450546749
428538410
361803998
300267712
83438451
450137727
452448534
425979368
177152767
92631513
446411024
267678765
405124015
271825939
416146832
437512089
360144999
360681452
432647168
271829349
404457379
429968853
20997251
266033942
17962574
408026920
329091267
200075437
390719450
282008220
297496179
197032545
373276373
345639294
282056646
131137405
425122393
378784978
305695350
341127949
416396817
222159710
206114720
425961684
29954997
386696748
98724281
379709153
163115415
347161994
354756936
331548740
405215376
366351521
280882127
252684778
416030102
419473761
361471748
228130397
79760445
69243360
17208995
417339838
358307506
397336955
123298596
156924039
309127911
388839941
160013531
126062877
409191728
406299354
339595638
18910464
406158149
372309284
412208614
228911535
317786452
48688624
400697548
410630250
41401844
254504860
396449173
320253706
312694387
217111716
252869015
288882661
321994138
349949349
308599594
390329484
368288846
348410811
243355989
302869065
362109955
110967784
124340281
223723671
115758069
370888590
96133845
149119130
29541597
283695422
276846839
149054306
359868353
243847211
26276035
312633502
343364671
309021211
366516286
346624611
34237453
279029743
374470451
193333713
33563975
72358128
260634155
153074627
321798265
372895587
46640060
370646148
188426183
308600430
330657845
359967503
331642039
235302727
370290447
243250602
189117105
365636108
296452271
302516370
68687400
365652547
285861552
83595655
46445033
21185744
17837976
22213638
271921914
22157267
78789634
222609251
315424065
342595348
280538133
361755939
333559047
358095996
19881100
359929079
360252810
285017926
26134198
272990778
34977642
177914545
43288675
237658238
244319212
347698675
344597247
320654117
355143023
329401165
310289967
272415885
221853482
175219117
323244580
339211949
117890408
17647987
290059985
55284987
349974582
114720609
337606462
345415706
349751779
24287746
103970095
215710831
329573364
347744734
42657928
305455745
319363406
199417850
177743557
181100798
334269108
164562633
300254057
274642452
24888452
306180764
36689250
305626601
327305053
305016517
126022414
341638985
334735515
32538737
328697935
340759461
335925104
216401990
191124640
237704170
11678702
317685743
339056823
19659797
311947644
329576438
41715175
327671104
335358942
263268172
132474448
246295405
318716689
337695265
153368299
109439191
93691653
328352313
46675246
42600405
311915732
247724998
316484987
332148834
86971064
316321890
36839911
262801773
331165358
330961736
22484685
313853415
50693200
300365807
223962416
330243254
154558132
126703276
126137803
87409256
314452285
324162645
265592137
269802533
161240710
28427711
170778942
25320756
299428027
170779072
317675613
314494590
61775966
41860328
222477307
265050247
232201555
323493445
18640123
312118263
176731711
118375956
40517166
17599850
322624872
81824244
81823954
70946412
19117721
120572115
271838728
156303498
246274614
271841098
16456572
266168882
274508793
150149357
217755964
304470455
153811072
92502780
104013100
293272917
152699380
219475213
218296265
260435498
252611309
310175363
301932395
311631571
292846296
19599467
244589828
244989674
220002558
20228706
16294200
95153701
61930407
306975241
286533643
49954418
308381713
253132244
287302549
191464110
300167073
116458594
256112153
161308745
284992774
205161133
257264424
302824451
304515488
299814736
218844653
302138897
87905257
172680892
281354163
304044786
303984961
105176336
128177931
303186005
16929466
49360965
244577812
301316110
209238505
184737223
299239710
300901943
216312114
279890355
274940075
279131068
297167671
206815605
63820238
54313809
125451680
264956771
173853532
45605735
20662765
216708738
23832025
287942974
180390151
224417551
250463133
92995417
211149019
181714788
244598581
278519696
56188703
215695057
58424423
283185285
246225632
238939016
277680089
149322557
281499801
130586865
130659375
17231363
275605155
110835487
244023316
210354542
271537904
251559697
183769353
266237345
62288564
130223340
25520294
151871119
139860114
172293442
267686854
268143223
271142971
19900531
266546466
268114711
167155706
267143742
83226522
52405457
44341193
14997308
256951032
262522256
240164578
256966217
130776599
260725734
231796867
26987814
251278758
258936455
217076771
252569532
219599067
130960517
45221880
63676933
74211459
247058457
247056633
77219456
32862830
48732768
237072303
101061026
247477669
248864920
229910664
248078562
250661505
192215829
168603592
159911332
197394919
229482998
193352692
217092384
61349489
19524060
246818143
173810443
239173598
250912199
108115539
249633477
251001737
166968216
235599069
235995462
237662938
14792680
248694863
183957848
133782016
20430564
244309179
222473431
191580646
16094211
237801096
160511946
88163118
80910249
199217050
97183562
243323466
41088519
44607488
87428004
166167192
234328469
21655662
232998985
245293682
244403228
193445432
108580585
229486571
198854059
34599823
108744559
159928477
224208980
229800308
241811370
240017100
220426430
241311732
226300265
241078105
218999096
237788962
185617598
237877448
89214789
238393108
216402768
40339562
21110334
102314155
238376967
114241452
219203529
236342272
221939413
234536188
123539763
53350946
234776274
63556608
213408089
233490810
220281153
233271889
228684042
199705957
78613092
223656601
27097975
60031479
99594303
15465822
20509988
23094795
225042074
203638796
171480032
126664172
212953991
54558162
109250731
219871446
184746585
113901793
19287786
19264339
199684154
149095871
138746217
68731296
20449691
167327885
94534024
193848467
206620487
34727159
209118920
155205958
53027510
49100475
42610967
163921138
18590843
182346782
166991125
195847056
74965961
19494593
112687215
17208738
173520513
24877683
193076175
17443003
176449074
112692222
116555808
147671910
20055191
40304800
174032301
46680312
166125230
60593032
109250252
158124483
112747917
188523612
177104088
166637705
173480399
14818506
46067657
46468214
20678384
154832900
153956623
161780621
117032062
92266257
144856525
33836883
55207701
65320568
49695246
