734439039877664768
1713035100
113413353
29176815
1400019432
723434980177633280
162216979
1249544658
43027459
78300816
763553929384845312
734062356339302400
709943204078948352
4201714636
4768563713
2213078600
1172930430
3092338265
411466793
4585682362
4182507921
328658556
606900870
288672302
2801668570
754778177877213184
53134628
707273996954439681
722738480523165696
584445875
751776769087311872
738668565855866880
3023037872
741271887536394240
3719745915
1660963154
2820857447
2773510709
3296797169
2657903120
226603314
715529036928327680
2342355983
2722454130
744867023805681664
713363084052729856
757076538676416512
742243216208994305
535358009
1950193747
698776780690227200
260236310
1647312919
874138771
4396862613
108012012
255818437
29244740
720249037518159872
155217515
469759988
2975248390
1670810706
817150891
2589678949
1668667147
2860096919
4370961801
36309427
746987791288963072
3123131711
343496382
3946791856
700495004502986752
2488586870
4885803346
3243206098
1887029071
153462557
2389373663
123897372
589164746
254031557
2350931014
2776175059
2261982417
31095945
133385126
752523253663600640
3097347347
30006281
2935721475
3393494050
751703766492209152
68971153
2518133659
1000377751
1605747619
2296202275
3044533329
3366238869
225348438
3905112926
46016095
468217692
720732159221309440
2748809475
31251011
743080153522315264
3130923436
2877047851
317890230
253428481
2192099668
741440853089103872
1082933858
23181479
1063472970
730687411303370752
727240201060372480
29993555
722703683159486464
577096192
3359438233
351721063
2434070008
849304808
3348767561
2938261973
34963344
274866684
764096966
1313565536
712279876124987392
4897788430
2501559841
4194931107
4895411645
1356537979
961196275
3348641232
3298684151
2375042046
240375818
2871029992
707110557267185664
261749735
112273726
3040012099
741499559424098304
2716963775
413455366
4751116273
2769356765
280738990
736288453437104136
4775208467
35867012
738747302655971328
83185208
3083809798
2377394006
171248753
2324344184
4524079395
734426021806637058
1954431841
3017527594
710095426628751360
708315480545746944
727472185464360960
2486476099
2254984140
334541961
742715660216733696
1177931012
769028594
505113334
2787729445
4831574189
173145323
1249866896
3297925086
21080187
20314473
2461212391
397914859
735129006
516550516
56174406
958235593
54942693
2804636481
25343565
4924492991
69112295
45435232
740127644415623172
206661133
3756943877
721865602306969600
1406989166
717373301446676480
734722052146352128
3095355973
1142469860
725593096868737024
739141800191987712
2892804196
2487849565
1556140357
2798468567
14291862
700465551307485187
737627871510958080
382854259
737638287972667393
4715345421
2486587028
4925099308
2381155657
245191224
44959884
737985284961411072
2866119880
17427729
901848116
4178698684
2787876691
2891834313
2473758901
198128780
736568701441413120
18953266
2359084391
2766588285
2794075451
192623118
575196718
2869307722
1587456918
390802212
729055803504734208
3377819680
711605337011269633
186804218
39392046
255034210
1257916388
4879294180
4878781283
2485742130
4744819821
630636354
90849769
123600583
712350204540940290
704796892643905536
560410046
95732999
23452834
3298312288
2963748893
519763011
4857357734
17731295
727179045339815937
2485924364
64750354
4179202113
748222202
722779008929243136
728172635792740352
2943457300
61887376
731792706796670976
1612658940
710459721128538112
265307681
1374510187
73236681
62135803
2739348212
911787835
726694727043682308
719906145184440321
722840000732073985
14847675
2189956967
2969130327
707905784622006272
155202983
3391901993
390263070
702737191550595077
297605205
1149340585
723943075068829696
632139900
1345057806
3221161849
3438302981
4885078366
1920628039
405077900
351009963
2904133323
708386901577900032
4640107290
805167630
713360377392791556
724156221129953281
702837997180477440
722407068993335296
4891572255
2772448424
2693060337
2181971628
2918370511
3167566834
2706668563
85535913
2546312611
630192510
40016029
2638175274
4906451067
1915012974
3310218380
113948097
2964866379
377940503
2430564295
2182380701
353454162
2874110489
715255911581949952
702706962182463489
4265500512
3189001238
4134083726
3208482538
53070256
363689741
707828391706292224
1669991911
720266013351092224
215785945
175295959
3980985262
2250432271
125368363
3654623177
709021352536231936
3044569737
716313786660077568
4598721219
157732315
16112599
40695950
3337720295
706221728121249792
715853417168683008
88153731
341176587
146603063
716132989508292609
985862521
3087653446
473023980
715017654415728640
195691123
4517617701
3038448744
20358219
4878926739
1421145612
625468865
700484869667729409
712328487340797952
1701221564
3347556141
343621761
705783815403409408
2809356560
383685824
27004930
705692481325821952
1973124205
12397052
424377000
3426134313
4584443975
2612296455
1431643836
711061228509110272
3355630360
2917805117
100449380
776125794
2432140620
2868080531
1509399787
351898773
2578786465
2250830150
2505187038
523365678
4904975769
3965585599
2984437816
1425213703
3077078097
4847687652
2207074980
705747582753103872
1598802536
68741628
4821963801
3092217927
3698857757
414796053
794641711
703398975139876864
708531566230654978
2732865929
3298227430
1394275117
66373363
3350570932
2571306416
700619550597877762
194624073
188314142
409768177
1199096556
21854609
431125913
35034039
1856634302
3080299061
798569024
366397696
702568320084541440
2903274750
2324083448
4173508133
225815228
2739287089
3349178709
3687302662
10684142
759410527
3768659897
248941728
2268102535
2809863870
1451023405
2857195695
2748603250
349445673
4879000455
701985545564499968
19716685
705075908
52365318
246222302
4595691675
1220106643
4248737173
1209245210
2339675557
23298646
4888421110
4919079419
2336761022
2294063062
3508175477
332067091
1063854666
1400302753
4352726953
987713078
3230701559
4575944893
2457253470
1367428447
516445135
4874497725
3017783983
4885262146
4508612835
267522954
21337173
4645699508
2530250000
3014310915
3311104846
2726745380
251646869
16253597
4334466257
4643559254
20232848
2741977362
3046779077
1484227916
4833513072
62143772
143029175
2330654513
130977311
1272551372
2840628983
2543896614
2938361703
60743126
4845513297
2870146648
2236170956
2390948720
1851408762
330259401
2222961211
7418782
284186721
253706517
71269831
4645887013
246344553
68347680
1950095700
3239277383
3238507791
4665215898
4351642826
4645633814
710225678
118460203
1300189615
348130743
2719486686
1324209806
2516124930
4000590141
4734293837
1868678738
379050880
1133964343
25657595
1278287142
4000865896
1081533210
2421380846
2213107423
1702148870
3001014254
320751995
398535099
20276964
1270678909
306235313
412323112
2696910775
3327478637
4572178168
4571618721
190198605
1637270647
3278362501
3066589416
1558306904
186513136
224653835
53418889
1608470197
4234438523
2885720897
400810784
112748315
1141568425
119016349
2866085249
2326604153
2902103777
970852207
1416094266
334687601
3546846615
2773596237
2248004857
244627772
3039183543
2184439175
1893500400
1623145514
3938872763
4075216875
79187745
879564451
4520362460
3654128967
4510442353
488846355
3751024402
2677304461
3323205996
278256653
53998461
2959111835
1365378523
2520525468
2924412787
966681366
303642405
2372173141
2264969914
4344187109
1335932005
4211608397
4070406684
2545742982
2788358849
2591680224
3017608710
131028775
3313506824
3872351241
612672504
217016444
94435011
296285570
1488747378
4317724815
2622374031
3472290446
2979773758
4016098047
318322550
1680599503
588973447
3107783908
2363263958
424394419
3325079295
2570459795
2412554777
127326601
3301559538
92075232
2354603203
316186204
316296486
316046292
2460079057
4266997827
20980533
4257463815
125928028
3137459775
3079287646
2751623997
3157936122
3322024246
524524821
378206995
745557246
54525431
4218712799
1103426514
972693630
2866497225
970942356
189100457
2715411526
3137370390
8866282
1006052036
359483776
1910856158
625558454
4285107732
1281819840
3401283695
1332621613
50425887
21827788
390886306
3965229623
4164182920
2159970682
1705743014
16500843
2895489596
474698871
225452881
211154075
2319734610
2975505131
2919257502
50630528
899794140
3247267463
4143891853
19729977
1151747892
2920310998
872815381
1006081536
3822503296
4066805897
1724850223
1279810237
61524799
3645365235
311654967
3988185084
3312370353
838367047
3149669720
4031423123
2588054465
210684204
118195930
207790736
2717179981
53034219
2959996474
3817766663
1060001168
2491232172
207499547
180139167
903578155
2396634450
74219748
3981855442
2458130270
433318795
2726405260
3622366217
3358560065
701858228
546777114
3349018007
2429497027
3653867061
3143510609
1118095195
3304081762
316536075
2219989460
3347325089
1648684369
3091378637
316578808
3049943741
317799380
602675974
2613143381
570602208
568637431
570502084
310306411
253016817
3726843256
317762656
1378002421
124663419
485105616
3469074693
15205167
874505142
2765487801
316331425
126059855
137705079
82689908
21641427
2170957687
3306981280
2544335930
45404490
220776068
319122617
27404391
117984477
3841963582
2458051544
3828597455
338180205
3762208337
1326535494
1268333359
823044884
442894930
323998361
3208384941
3690211404
3160310568
2709178268
482971278
204521910
3171160269
1227916478
16295823
3368241053
2756965823
3431330625
3035638353
254749160
2695839951
435352625
3169894708
3301423888
1010107986
2340643513
3329180980
2540488970
3609684614
3231160427
3697986797
360488971
2976796559
2365646844
2945959759
1885475462
1354766557
424141332
628335375
2939282075
478067141
3658981757
15081182
1296620989
3614724675
2290872542
1303530595
2279680844
951121602
3329220077
51042610
847376136
224709022
2815613005
373591679
870450067
945931681
251113918
1000092960
3479611639
1543344079
3168773042
3464764097
1303819826
1049041352
36280067
3401314714
50644744
2949439823
1263891944
2834033225
3355272018
198863946
3034947399
3403368253
42034114
2992689970
522487569
3349787357
315104962
2764529091
2691735969
3429702719
2483903944
38724995
3336799889
545116243
214673436
36036999
6120542
3008122042
29165172
112591514
2239168555
2203677632
33014441
351758000
14784939
2827812868
49783954
1123642628
901537399
372562827
893834852
2991948728
1643909461
2327579196
104674131
3339320505
20766956
592248104
2955155603
3003807303
2328593431
108541382
3056882171
505128641
2458188217
3258504160
92479829
303937344
1292199480
2158549098
3430456109
563281155
3294734870
84297665
3360489519
2202984493
20224563
1891593644
426681013
584960685
19768990
1008629899
767381952
814968864
304266877
350838755
820147838
233468102
2857662815
3399439972
3079492648
1700345958
3165910443
370964129
1680126858
2942179658
381164388
2527446426
1430770668
3413670011
45557837
3417943673
3280133917
2505202274
615135061
3310663366
127967449
2815569432
3054506033
2611830371
2148780209
1963114699
21643958
148305598
1965457579
733617661
3374561435
1889413764
3409553049
466157075
3407541435
191789666
342011546
226662318
249812910
2905586965
2351968045
30160168
600120263
14795444
52949300
202773634
3002057294
362035439
1183108200
2801698838
10869022
335421367
56653728
3095204387
72054184
2739978119
301523650
2651443580
50607986
375854213
1024865137
2811286050
453252817
2953233739
1961215519
317583447
846906536
2981391982
2979755664
138889825
341633612
1335599142
245499504
2508851051
438391186
3370624737
1074147517
309705905
3291321552
374500668
269842666
447790922
317693123
18907301
103715601
3285593010
2872051948
3263253388
154838894
518294616
895234316
1227841561
2688004247
299206846
3285371046
1680994094
175711277
16126957
262817941
447518314
36711363
1240176822
1272947498
3080511838
19636850
3010661010
349859689
20043513
461818086
23123622
3327136402
315797677
3330918983
402354060
493284199
716963870
54449062
3384728757
202529252
401977837
2597715181
20670616
1044661212
2439846342
3019681239
2835617326
471293861
49804228
2736632025
869727206
3304299880
3383605503
213223080
2489391388
464493072
53757167
2682105606
54249845
1048647366
494306386
18736221
1402099903
2319200347
3124065232
2222411630
3380824523
2895678225
2437367090
3002207350
402937312
1337575639
133236790
708023583
1428895292
3032286119
896260094
312577484
316032963
2873030134
316108529
306034918
445708036
128370270
21673946
3355436691
1120186334
2849361027
424304513
3179553394
466279214
1351938654
301850119
183707120
2464807905
571189619
15916118
246231430
466131292
2218728553
3349318391
409256035
164717172
2213675616
3138338070
217605071
27485335
98583506
1327855724
3348059813
966842196
20449585
2874417591
84704680
323685364
255682490
316198096
81305054
182493733
112166465
3332349958
385495268
1656413190
1410723450
461500219
259975018
1626294277
569194033
2343777133
3197528982
1125937411
3248003890
328440716
3349825990
118065669
2680336646
2886658179
2515075344
3290304783
15987393
549602180
2785949082
580857186
3245179401
256676266
18623527
2593852866
2439805694
3251187941
2232256762
3342592936
468107490
245870559
2890172064
524641229
830785820
2515374205
871616082
2911126348
59147531
71658760
1276270050
1305737952
349901114
2223592112
2629217704
119644401
746978280
1911103357
86695935
272175633
3189914117
406191376
2186062965
570285093
29111590
21110473
14385336
3234132223
1426454995
19734037
339697820
19061720
3110855320
621162834
299591843
3322745062
568011741
20752106
366329677
722291904
2550843704
332792979
3329770990
18906599
3241578872
2224585255
3157003525
118351622
622743271
3296230617
256060066
277120302
2338584960
2515619605
431673892
248868797
80043213
466383044
267678511
467152181
3243397089
272346778
47158537
2935742684
2201590952
1904761490
1311688130
2274835668
2925246563
714564630
2882832663
3077427671
586322699
1331857249
15066876
1976070637
22941794
359742735
16242432
22423611
2928946654
3313848455
359618576
263244696
222853245
3128449070
2985913181
504601602
2589750691
1222081195
1029073418
3001093795
121406363
124596859
288394575
3024767848
326665662
126278129
3088303481
62014896
3228937691
239295541
425886052
210556794
3306308315
2974562080
2999455959
22629259
25537232
2920073996
95913054
2583758533
3006301704
926139738
143861319
3234209557
497862799
366672743
226691555
90804267
853398672
2471504124
366330233
489515441
960385638
2507557358
91673645
238507280
317781535
2292488509
15288851
1244628656
123694443
360173263
88621782
3298992591
525005120
318448440
552450278
22353416
2846298737
857001662
390628590
32126283
95590606
18018806
16596200
18282606
1920286645
2789505515
980699918
3292973933
419704126
2616078570
15467944
124149414
2607123872
3234829756
1578025410
2283337874
2497922608
569901657
116453891
2565960804
2601329148
342822563
2438762940
279502731
1096210890
348420346
362939921
2150530628
3175744005
2993989207
2780451658
56424516
2803970264
2687617208
783033391
2917554232
2865020757
3241872345
112560821
2926214071
2994052241
2261776322
764213786
231810392
204864531
2870267489
1586704147
2914527363
3231270424
2874198561
395345906
18737059
3245275252
95785319
26366459
2303477106
3144283277
90453400
87155425
2464438418
2575305639
3056806587
11294522
217498355
3030176737
17120611
125524036
130641462
78588817
3095283904
21925346
1437053400
2789516472
280964527
