4558206579
33014441
116512570
2706423577
705296870
285925478
340963050
762745684139343872
759674719121641472
2844201621
24189880
188199005
3390665254
4765588741
1941818448
582301729
866408604
3029624567
2834878073
2797247657
4322235675
746003491940876288
146108320
3306452321
3828622966
28263834
702215827525935104
3133129541
920983284
3341148963
736434219774185476
2889984516
736853486076350469
3391672031
213411392
1639183758
733526268730204160
4870330521
730991094805237760
402346116
730575320714076160
727942992527544320
2485781658
725405327693217793
42458266
2782224720
592932886
718332443359633408
882868866
4857816142
1345580348
719861198112571392
231377485
3247355824
4698025386
580129275
2806258613
3418851852
3060235391
114860533
709834580187021312
279612469
1250340806
112912697
4870830581
764375840
708091115703046145
2658524574
2603610276
92214380
2937574099
4916341873
242268358
4857171477
4794556458
54982930
4449537796
4853320192
38022318
4866741735
65602026
780426085
3018960919
18225578
141314706
4770438013
92268292
4749608450
2721267708
1227192296
3167566834
4582202473
2355244596
4415939114
803059159
463423541
39184757
2834221636
4668806968
4572971054
60040299
2784278855
2486243202
4651673635
514274532
4581780497
340365561
2914116544
229491351
4606677132
2893517239
2588663610
369869543
4516329617
4487579416
4198141815
85918337
284565044
2833599255
4432884695
3234108048
3818016520
4145884212
2825260071
2707153254
1584197114
4359513076
3316546573
4254929475
4145144152
298093949
21245956
4018307595
19574238
4237745415
1055786635
3229745313
3352929621
165130079
1480608914
377772652
2897016000
187677530
1540840399
4155608780
32439697
78435629
1591038127
132789518
4102659793
2950638478
780073794
2840297054
78486402
3009723212
2827287788
2855449623
3231069186
4042829772
25129372
2812908133
2872647555
3111597292
3023145684
393756935
3869487134
317821695
2912700577
122914727
2832342387
1544372160
460777404
3403279061
3306314424
3276886398
120186182
344209049
626729461
2872639048
2938370841
2968955726
746689340
14272347
16710197
237219446
3721786816
2644680802
539539884
319025793
2484571358
168929372
2826306403
3306357500
3727441036
2916949294
3574709415
453221269
201179196
2841652475
41687358
2899361151
3615350953
16495008
3700764627
329531410
2916604288
3549643944
2842097139
3483050487
3676803022
3652341617
2752250394
3662323461
3091302413
3657212187
3256171963
3633049816
2846551735
3643443315
69420004
2790105439
3233920613
3382121055
395264515
3351297111
197042544
3551118617
3131055880
3234756039
3422978644
3330734465
2799945386
2796417967
21371939
3373346234
15035654
2291521562
997735476
2823844460
2729513808
631726257
93663419
2571342366
256196009
707067744
3160323650
23307970
2857905234
540593106
2882509938
224231200
3160561052
3433022176
414141288
21449974
2914937290
21484526
2937680624
3366147743
1946902675
156285331
3370367080
3111095561
1592502890
3237277425
171671452
14428916
8910722
627771230
3015577899
3312974185
33449297
3007403246
1695839551
370827550
3381190151
2756330977
349308252
2846609613
2888140440
108462428
2954999301
1221486553
2808801171
2950724911
294236607
3298083042
2744698019
3008561324
479599061
2494398422
264672540
2872543355
2864314343
3280151839
404813617
3167961865
2834289033
2750302040
17665210
408943225
435329328
2918445657
425440651
440384887
222537923
3243656034
795561996
1537181251
76234636
3161535259
2957464534
205837266
2544518762
2936987344
3361967074
2900013880
2170102245
3065568030
2877151045
631682301
414486197
764586908
2913992235
1606657686
88629127
1663845524
3018742509
2218379491
54134690
34083622
117292850
3257118732
318002226
374138602
1033324465
316599799
21436890
2789451130
2872027562
1257141446
174408001
3356478616
3266320730
14976478
213994048
2377898010
127708999
47334164
89765059
446159705
2782040341
2820923855
2905424053
2797610641
294762800
2817936454
61512352
3183988877
453834363
2181045176
1542649094
49878705
41838636
2837642577
3111890933
1041969373
388922087
2775396834
2864218512
2889301018
2388947027
521578328
585273426
2891994706
2382251076
2790691692
2829532397
2850300196
598519289
175428809
3299529719
928272938
2946046265
2912176528
2871728956
2817820231
132672132
3081977922
2752990603
904022611
261953628
118652552
248430810
3017043311
438536188
2851573509
2848576095
3351523401
2607290564
22493135
1271954526
221826856
2788558728
2815224697
2878502879
2865611657
472516307
202660634
3256976960
2761553580
80907749
19595289
3189141906
2949913042
253597942
23175747
22580475
2839365077
2877494417
64131711
1545965588
3167458949
2877716099
27201623
2747746256
499781396
50041569
3235571258
30978919
2275193557
3162022620
3122336938
2863088809
74275571
2768551590
2782981740
274230527
1681730618
274633406
2893976604
70928966
2661249611
209813706
2946694850
69166865
88513353
63913014
2862495071
2750233147
2437486722
3251243318
2904165428
728198754
339165305
245147605
2790717530
19015287
333688436
21060711
449599788
2790781662
2788941283
3311620756
1342662104
2936057751
2949539184
2181751604
514947615
2815870364
1709693468
2831436002
1947572312
44065910
106558293
2593705760
2757793657
35873178
2904814125
19351599
119815139
1318542156
40153378
219204598
3153324049
210308712
232330808
2871404379
23293836
1494313123
250315620
2738543068
836242932
229017460
368589376
2914039854
14240468
277039971
621393400
494257164
3228079731
3011487746
2678804532
258455685
123265054
2834518025
2603857171
3222770337
1197201529
272270018
33540385
1521009007
2454270684
2547125580
3262628341
35806747
47244501
184149724
422055996
2964303931
446724878
2857609488
3352199583
2905590149
95067738
2485827151
2871568275
394916752
3013508928
32508431
3240293607
904587308
616914139
3009642183
2898020071
2455878782
15477254
2932755040
2651162580
21811894
2781185739
13777142
450116016
17138423
590629399
2563342344
340970752
17952975
2450525172
31512965
2374778114
3340741907
317430307
2834903284
3346242509
2884628193
1717201566
533169125
2792833279
2829039293
2861640384
2876262085
282904277
2795057922
19124682
2315874928
753709436
2744779823
2586452870
1941008899
2835111105
2836353328
3138347781
3229787855
2890519873
2561555594
29419129
59684261
524788308
146608835
2424974508
573681593
3071892465
2969732621
3323788757
3065755409
190826183
105733248
2786216155
383520156
604125800
2525538594
1544380099
47482681
149964729
2815306126
104072115
1171635090
3033186133
2541491857
2782186519
254316614
248206059
3104057478
3010534517
112967246
389848242
46882943
3219017217
155635152
868426039
3161760900
3127988673
2784263971
2494152044
3111278345
73914728
2963588296
2899637490
3187155816
586953346
3233654790
2534342832
566492902
121213203
93921638
70295497
2959191198
2360259134
39218092
515173826
3185061097
34749996
2835723900
317712646
10207502
3168050349
2841723208
1377951030
212422415
1155033787
176874550
3017453544
3059294465
2935678934
3192335251
3098110989
200602913
849029940
3334047935
1093445436
2841870589
1556456528
2816482591
3208048924
2814040284
233771946
3179096653
186996039
3004310281
3257176775
3299754521
3298163656
3298746363
3222486998
3256107874
3256618625
3255845445
3255466965
3255909670
3255758963
3255357629
3255664589
3255593098
3243244804
3245303939
3256364481
3297971866
3296817965
3293968163
3255988511
3292026363
3289535854
3256097890
3255768455
3255831953
3251888494
3256402823
3243435160
2777315983
3255911855
3299516183
3298814722
3298747750
3011756313
3296051343
3287890821
3256525379
3256452659
3256841957
3256075588
3256027427
3256009966
3255273795
3255349191
3244728550
3256566244
3264676037
3298690163
3297318927
3292344531
3256942985
3257268700
3256264121
3255666203
3292700878
3252465268
3256113339
3256039474
3299462638
3295631591
3255965559
3256509335
3292128383
3289020970
3257107702
3255374128
3256056789
3292309091
3255620596
3288506799
3245603811
3250698147
3296358549
3292213247
3292245579
3288179525
3255897011
3309460474
3256152455
3309648850
3255445625
3255277545
3309475253
3309435239
3309461777
3309605236
3309537347
3309437633
3309443457
3293852871
3309326661
3309440668
3309494458
3256082025
3289039931
3309439792
3256193188
3256131179
3309425565
3309409421
3309411491
3255381160
3255605734
3309330567
3309427960
3309379365
3297437697
3297772588
3309449512
3295880111
3293476203
3256554652
3256462707
3255976893
3288852455
3255888201
3255668009
3255754013
3256339918
3255450789
3255912347
3299395066
3298677245
3295601861
3296129751
3293878576
3291335939
3292357264
3255424894
3256422213
3256032202
3255670492
3255730288
3256279911
3255266211
3299485599
3298885702
3297562721
3296733789
3255343719
3255980289
3255986338
3291699729
3289341903
3255436695
3255804285
3256532123
3255606257
3255574323
3198684248
3255268755
3245092367
3298975624
3298827855
3296273122
3256582355
3256680874
3256047388
3256224406
3255379997
3255373288
238093393
3255587609
3255746542
3296626013
3255847750
3292368598
3255883510
3255900040
3292442572
3255962967
3256518135
3255668333
3233099572
3255589906
3292431496
3256148302
3255797249
3255632439
3256445861
3255951249
3256283092
3299711903
3297057671
3292920465
3292688859
3256413490
3256166321
3255919199
3255898721
3255764403
3290035155
3255789579
3244819731
3255411142
3255271353
3244195366
3255303635
3255787114
3256894823
3256119609
3299775478
3298884868
3298305263
3297475360
3292519475
3291046048
3292169092
3292178284
3255678941
3259020508
3256672361
3256656382
3255993292
3255643335
3255271551
3255476667
3255844941
3255591857
3256500753
3255946941
3298016410
3291849789
3255926404
3269943377
3257024290
3255872002
3255286293
3240820295
3264613581
3299150307
3298746893
3297398097
3297556564
3295522881
3290631563
3288974026
3214545085
3257126013
3256975539
3256911676
3256179333
3256565945
3255837172
3256546624
3255700996
3255573719
3255284445
3256642054
3255698913
3256963966
3298745087
3297354815
3295528750
3256814187
3292646181
3289093672
3257165913
3288530021
3288568366
3279969659
3257012914
3259978853
3256429191
3256617257
3255789485
3256334644
3255719524
3255965188
3255617699
3256043386
3255675825
3255696436
3255786659
3255602999
3255738065
3255263859
3255411100
3255472961
3255873129
3300077063
3255802318
3255610666
3298174929
3297908087
3296220141
3296239751
3293849157
3293510063
3292513054
3244929280
3292599981
3292292603
3289800735
3291493984
3291733805
3255699850
3289342246
3256456775
3256595303
3256731148
3256543247
3256630161
3256252073
3256442813
3256195054
3256076613
3256103914
3244662495
3255923673
3256942600
3255592012
3255565875
3245093393
3243688455
3256446965
3255521121
3255714965
3256004369
3256487825
3107110095
3255924447
3288288527
3299538603
3299182175
3297938698
3295827934
3255485885
3256460991
3250491178
3255849911
3292587556
3292071839
3292139710
3290559867
3290673508
3288935860
3288657405
3279567275
3255875145
3256551513
3257089331
3256409567
3257192603
3257216025
3255890680
3256836993
3256922878
3256293316
3256558229
3255797189
3245018681
3255614446
3256123511
3255791783
3255869381
3255942424
3255980848
3255874275
3256033384
3255648233
3255885040
3255339227
3255322571
3255537431
3256841889
3255376059
3243555581
3292187002
3255772607
3255632319
3288219029
3243336467
3255389003
3298761927
3298972013
3298753018
3297999687
3298286721
3297965044
3297601523
3297419104
3297371303
3295785063
3255248793
3256075865
3292289697
3291392397
3292198641
3255950157
3255249933
3289724968
3288634731
3256618503
3290122331
3288896037
3256575843
3257132469
3293476456
3256310313
3256215141
3256118441
3256292585
3255711339
3256251849
3255919529
3256153047
3255700053
3255788477
3255857884
3255661187
3255663003
3255651231
3255669947
3255573695
3255644764
3255593313
3255277275
3255403499
3252396969
3256545027
3255646954
3255838930
3255374105
3255588725
3256538175
3289639547
3299448243
3263210321
3299551697
3298762498
3298289303
3297890199
3298767225
3292197899
3256137909
3293605347
3289341753
3293875288
3288886599
3255520787
3257006464
3256475391
3256672888
3256703350
3255843959
3255369395
3244743341
3256030083
3252293116
3226194845
3291958271
3288777239
3300069567
3298519007
3298222432
3296195703
3292750947
3256677113
3289636763
3256003522
3240414760
3255838833
3288714256
3255827157
3257133335
3255626229
3256430063
3256615882
3256012743
3256076843
3256118565
3290194816
3256130002
3255982096
3255946713
3255640564
3255530465
3255565295
3255503171
3255952575
3255536092
3255277353
3256059645
3255296049
3293633363
3255788513
3298306421
3299155894
3296286101
3222644474
3255706823
3293537615
3293200871
3292172469
3255853990
3257142081
3256871993
3256524803
3256531372
3256581191
3256055373
3255911867
3256025272
3255754697
3255844247
3255669203
3255914691
3255681659
3255489209
3255578830
3255630238
3255666292
3297177519
3293279740
3292258852
3292607212
3292087996
3256402865
3288685157
3255601348
3290817657
3256388339
3256600570
3255716806
3256229927
3255894940
3255788675
3255755926
3255489305
3255717784
3255476639
3255428163
3255960581
3244733176
3255754288
3244967656
3256290430
3292594943
3256027223
3292190530
3256303498
3256553171
3257182096
3256301638
3256403123
3256401921
3255986943
3255791110
3292164250
3255691744
3255693759
3255365662
3255835037
3292129714
3244638874
3243873549
3255451912
3255671092
3299688615
3292168630
3292116723
3292181075
3243695745
3255871835
2958167482
3259424716
3257190934
3256077489
3256545639
3256650827
3256382051
3256091680
3256150001
3255430719
3255828274
3255615891
3255485681
3256704472
3245174115
3256507721
3255882562
3255713543
3293363573
3256253680
3292300702
3299973431
3293733851
3293482953
3292086369
3289389892
3289478795
3288777886
3256697992
2830488368
3292204024
3255369327
3256174186
3255930826
3255606995
3255701884
3255803231
3255822670
3243426747
3255503681
10720422
3293472183
3256174703
3255339388
3288978837
3298636575
3299338864
3298824963
3297188614
3255495935
3256927457
3256361794
3255839476
3255779177
3256025824
3293409352
3256576228
3255669118
3255649515
3255368254
3255746098
3255441953
3255893703
3292119964
3300114959
3299995366
3298887191
3298652200
3298892025
3297352203
3295423917
3255634725
3253806183
3292434880
3291372502
3292174258
3290713313
3256817943
3258400330
3255793576
3243240779
3255821325
3256049021
3255649817
3255696304
3255672785
3255240009
3222495996
3292553477
3288817828
3255569457
3297551123
3296335347
3295660203
3243240886
3293747877
3292515443
3264545703
3292222216
3255814425
3257258081
3292289483
3291627257
3282698975
3288993081
3255302825
3263652581
3255742395
3256679446
3255786808
3256175673
3292799015
3256599688
3256605676
3256359310
3255837754
2971784542
3255697197
3255422843
3255591711
3255278649
3264848945
3255689122
3255810946
3256710899
3299429015
3299847965
3297649773
3297237599
3293682867
3255671812
3255333587
3288710355
3199375256
3261659409
3256977772
3257205292
3256030078
3256559045
3256077983
3256125201
3256042522
3256449969
3256456408
3256446196
3256123018
3256376325
3255816927
3255555651
3255465107
3307305881
3307364008
3255351160
3255621047
3251534279
3307269417
3291987178
3255604636
3255595396
3307358626
3307361224
3307258485
3307264479
3307301543
3255428727
3243489381
3307312445
3307303925
3307305521
3257130683
3255339958
3288714233
3307354468
3307254105
3298291103
3298962615
3307300859
3307252605
3298194351
3297484084
3307300007
3307350286
3257202881
3222530066
3292635994
3307294799
3255730037
3307349506
3307254417
3289606708
3307297907
3255747129
3307250643
3255793354
3307349620
3288742287
2589671154
3307252803
139292752
24206059
29292341
114864431
908483689
3302925592
3011938292
209669688
229251600
854203626
3112569449
2870315974
233356535
2757067388
588742677
287509784
2873322143
2810611336
21381909
2832326409
116375949
2891286716
3062294475
2899707171
2849221607
3146048883
1550522623
175472962
2987605712
3254277759
3196928964
3063615107
1240154665
1721196991
58323501
327148952
1012388048
65974890
2800681614
317366798
3035382864
1798988210
2775294374
2796746353
2831147669
2410129064
2544931616
2613116995
2977968005
2811157786
2784333590
2756240359
738946819
224310598
2879163272
2831362383
1853228562
2942237229
2781099703
3013893589
751492326
2822277833
205808291
2611804032
123666193
1121769416
23260256
3036832407
258922134
277475162
2871006265
2837175356
2826870480
259808059
99943864
1226427252
274109576
2975528247
868801212
2907418647
1531368576
2598430662
2801159485
578557982
1317712621
996957625
2344267592
16088638
2657734262
439568423
2208474051
265220205
2891807243
448525219
2916902981
2786982535
2863787846
2339700744
18200596
333130312
701166529
2782715964
108155579
11353012
2770286409
2592632125
2980869012
2242547935
2847657333
1659016651
2987613632
1149694885
488814533
3023298357
2797681808
2867978738
3044945416
2782756512
2794683217
634338292
3016020228
120279200
3075683053
792978680
568278064
2586377694
2174759425
20973159
455444298
86071272
275653130
2541766878
2974750750
1686790926
2815394001
140542416
3136448118
2784707673
2951963678
3164582059
140060120
2826540395
557265175
719124282
2816364996
361295079
3205670439
35231502
2585165988
1516445281
365059084
990639804
2992643773
2753872050
3190261450
2543902960
18146977
2832127183
505775222
2900583291
2424475506
109200080
3192088721
3124506583
2446713998
1686315325
2328682482
21514744
138885425
2883864873
161469460
257790013
2340734328
3091330540
2960379222
