453166869
2890145473
704003710763065346
1329759553
732821317167239169
763207405446504448
763236893710491649
763206864599453696
716087091390754816
46005835
3297957266
1963636892
251334869
2967828789
969394026
761669498218905605
4917903689
743817307399479296
3174472875
551931304
707267557972004865
757748344441667585
3295260783
716079982762704898
762347651455221767
2612170938
245603499
701474129195593728
60822030
3244577374
703451173139947520
713547686813769730
762014528943034368
3185246114
353942336
4850913092
2761385045
761980811377729536
297200393
761860087409369088
3909064816
2420009549
4858220534
2882643670
3312504139
757047488788389888
761565530079625216
761574797935517696
732050493837447168
4905013638
33477292
760287726163800065
4281034708
4476755775
564108145
375211745
67204867
707425775562043392
166022714
483742024
721871676473008129
3310690212
165660868
2908898389
745701145608335363
3997158094
760845778566905856
2162411711
754782754315927552
2885492367
3325752480
727283326780858368
4198561153
3081936365
4256905576
1660005078
19507864
760250758839148544
733907945222602752
724852598545719296
713050784984862724
2855182625
4129820476
1149313891
4841575191
732849934035259393
105956955
2972848120
3310253792
759491725400440832
3105094663
2534754690
719895141754875905
417633002
2929055071
4820164216
759116126592925697
757715115131232256
2891498792
3736489454
303011370
4883848992
242182550
754089259171282949
3736325423
3982256919
4858693787
753792921258823680
754052085818200064
1300120921
2938284976
703971127077552130
757294559751729152
504065927
579325241
2761309372
3388634187
709656726107242496
705052908
2822759127
4730548583
728085546745008128
197857555
757744999337459712
756953554905030656
3350317853
757084404141416448
580960422
736596526261252096
4903456756
2401805582
757243477562363904
270974099
757012860300132352
381720991
4445344996
2367231456
3308647859
238864122
734514806531756032
372631753
2413278510
3321892133
3368674179
1796226024
750456293874212864
753811977659527168
242150290
755946541186244608
57648353
130396040
1317103532
2497803116
1436839712
3288055874
746958063903596544
742799737213095937
3403390929
30008797
752334516073730048
430346382
4848107842
2487276194
3220619743
3634560915
749437865126404096
3060351651
281340488
317034331
754150835991355392
753263379364581376
4552251555
372106305
754380638300598272
2487030809
717128548289527808
234062567
754103118040674305
4830946372
716178924531814400
4883385137
745178859855745025
753317758637662212
710600638
252378312
708375179450314752
350957823
4838748105
185422918
4827581367
752111294199828480
2893029503
172850700
742760144329662464
2493207396
18324066
752243053033697280
744759229160914944
752989373386326018
2356620036
1485666516
88560280
3120408541
752915020346957824
752893150113464320
4178877375
721857713857175552
35235917
4550901515
714385856434462721
751505559162150912
749498200864718848
2948851148
335584261
545434185
751428005843480576
4647592096
747583324802154498
4249265003
966917124
2404453245
4165691579
752100009903022081
3426235073
2215448862
751048519121862656
4925938996
2230006944
3283953655
4657517375
311413969
751725085350694912
751401175287685120
3260935801
178517282
569599439
4649233108
998142259
488097963
965501539
1536591864
712777286232182784
4047916408
1065753474
704854120843182080
3355014665
30836262
4810324045
2432742207
3238473637
585049662
408943474
2282936848
4880085081
974229530
452608887
1168769203
2904807443
99612525
150842415
3058680216
903822528
475535605
4318567395
2924131564
2957330807
2341594842
283266624
4653362454
2417655697
3168650891
750434027086213124
180127543
733152031163199488
1039101626
2396443328
2508885485
25509848
1027279724
45046421
1140724914
1036508545
704162359196172289
2165766705
721781354
3296127512
749917906922713090
749475235427192832
734223780726312960
2891954462
723956910458855424
4706047184
724103971955154944
35074392
728763353884065792
1125488473
749164826249687040
444036305
2292136151
748558611865968640
4472451916
2485034298
748346963809157120
749172679182200832
746870377847099394
3014439171
739004391043301376
4833082455
4712533821
83529672
2574376328
748882991611543552
726500374446759936
3820830374
709501531079331841
119629541
726874275454541824
472958256
725925091947597825
811683632
4900706209
699081512717651968
704064912436244480
2161926902
595278451
4924435949
732389927527256064
3393046558
2914528602
3041711724
2967045939
2904111333
917583157
2285834730
1563179112
266237071
723556627731873794
712090950571524096
1112607858
118468893
2610189736
710525849372663808
23620867
4047197867
352043276
743891450597761024
1027197984
4523037814
860633642
459781135
2171772377
3039977329
914159732
1258483537
334685506
2617364598
860795521
2952145916
301298981
745010185761071104
77802604
2955624508
447520654
746127626809507840
731677215491018754
2264162462
36826110
1196702083
2556620765
736556214885199872
740971936876924929
745864382182264832
3307812161
253742957
715033830
299945621
2348195125
4529154567
745738759405076480
1235778986
251719652
3305376835
204106685
4890612774
743664321188761601
598833964
1868154752
4044039503
416131374
428094054
2205333283
734060709575852033
743978919154573312
742950922570063872
4828115399
1353672415
921528463
1729318207
744677615592628224
2320210598
702919498257534976
2295990558
4419556275
722357458258292737
355808146
119554552
2332461433
738586553820151809
4675003039
738819069428764672
744555795552079872
3544254439
715381501261557760
2675891848
2753621615
799016174
465189617
3248188076
4914569215
744319262429446144
3136812577
2802966954
741036279849230336
153496523
360182847
389757167
147043979
744164838730047489
829253250
3281359393
3506713464
4511290755
3281061319
419898329
725566233962287104
743929921706274816
734343267001700352
739500958682599424
329638532
165972513
4829554121
743649892388700160
3710538312
443012628
2384518568
2761304392
702016467487825920
3073486302
743457463291150336
2716385548
234985554
731911966315450372
738579216220852224
1415535960
73546741
2514659031
906801457
3297680497
713493188070215680
31757463
2234944702
1586810059
706453465413898242
706498306126585857
449140019
735049241014439937
739114026152669184
731925817262014465
235042904
743079120481849344
486491460
4805937496
2713167774
4357084937
27585753
4765658361
2903202967
1133139157
2932948055
3182276401
2850674038
741017156360544256
72176764
27445441
40018553
2488442047
4560540681
1529575068
320042281
42242112
3086911481
53779995
1649409660
739478544431108097
737164458879918085
788022912
254463485
741735390818766848
742168293797072897
1360707248
787179476
4136218032
2804972335
739236666318172160
736934515499667456
3621302594
2736873543
717531911086690305
35603197
48039782
4663913414
711709939815849984
3015869070
281377979
740630046713479168
191084391
4823647300
433634012
3070479827
741893240098455552
723626850862399492
159162625
2967838643
1424310805
721116406717100035
705925526997835776
726272805856116737
3859278792
701923652346867712
3146645637
2975684789
2209248223
3288063182
4863650938
3307194460
3532974913
530947722
3118907058
783133250
3162797816
521145901
1865814050
736309600589352960
740580352704405504
3541089134
2538815009
63931658
764011932
2865108518
739231571790561281
3303811583
832652809
3300273168
2676720030
703528321
2455515199
348166600
2337552050
1478151894
404426570
725692571855540224
394954079
704187130352783360
4107384373
2994491961
3366803539
3317984928
1322008752
2727500300
1221910657
719204518907371520
414030370
381106621
2651540599
969418994
707982754844176384
4396683815
1445328775
3251377883
2887915605
1196598144
52487228
4283087124
3140577160
173394074
494977578
4581894552
4785520348
2597625508
2311123039
4563713235
2518011308
731530124261097472
1186918596
710254581150683136
2956418053
4096869192
3242341764
712281125368889344
737076116012179458
704447789787451393
3253119253
732661265181626369
2984285059
4330976117
3247966210
3399487799
3169787237
733701807420153856
3293149738
3720108465
740569401095651328
4872215417
3104164795
739494475567861760
4837631834
3009104231
737187845199278080
734422787981467649
3051092096
22654601
2267764915
4050187994
740293191845347332
731986302875410432
510382695
3731773152
391778276
4388025929
587265229
76331344
51227315
3351891501
739676026041716736
2403100794
715038659980996608
1401260965
727368318592626688
4001299514
2367748421
3284607379
3246942738
65393016
739056814470221824
96563577
1192107560
1408575811
520177524
738235189235716097
3268465921
324653991
3370303714
2598517536
237079647
3273745836
807654798
1006905032
2803406944
392269229
217603815
3344285051
706372737
721323380444672001
2902154755
554287867
2903234410
3427021929
4148201785
33546354
1307351292
466781524
2235334489
52456648
731382193096949760
2712920941
4307655681
3278482046
538124420
4562914515
721881410638782465
705708701
721050472
2164867897
2721784827
708792287774380032
549405614
2310823129
2251079622
717399094268833792
3038913323
1015425800
3763976414
4693824895
2936907592
3020839767
84060129
2175231098
34311639
4739943857
2266710229
717876833342111744
4007040681
709093294932885505
2870247224
173662138
77508776
4839382530
4419538276
702004954442153984
4188722854
1393071781
4150603577
150366971
2904325331
3303795967
101418463
731474479424131072
718943537123995652
4484967312
699447688908005376
1852482200
701027482
544119293
3007640297
728431996507062274
402323023
2467778944
96386722
614073528
2888391681
926077717
3701391137
2244795490
3315769879
3976485501
116642859
739263506109845504
3423164873
2917035792
1056834980
971490978
1977658183
2915374409
727485046471413760
714597413697228800
43982696
726350729787506688
3437268711
2897632470
3125395449
824476236
2743101994
2308075261
2279578184
3240002789
718496433310183424
1289825270
3387688223
1157272800
1542619274
2603606570
2211893882
3228449743
2166444874
3764848394
2606000640
1658914160
4916334563
705376185
4219373333
3189267462
1615685676
2942333825
2291528347
2822092262
1307855556
1505268548
2453858216
733733034
2880277959
711041264905527296
2311429245
2513707375
2181527387
2926877450
4857043361
2522674205
3189904141
737329812906364929
3002454825
4603016058
3098688848
3042920883
3980009483
738882939140734977
302440767
738986982588731392
734167727104004097
4630413013
4840934152
251915993
1607105454
3235950798
4113227008
553755311
4632519930
3896161155
736869073502543872
354541580
390399366
584885060
338075901
221291000
2221807347
4309805729
369314354
48516118
4820680678
729719233127534592
714680407598436352
84134518
726751733414813696
257250014
704919137827561472
4099696199
35840475
633759728
2440331234
95949935
730320448341172224
88608233
706610446778798080
48358335
725702582404960256
4406655613
3086608887
484486761
4277948255
4818318226
735887493778804736
716707472400986112
974530447
1715055703
89745553
3327480823
732689939083599872
2900957354
4831887406
53162167
714450443431071744
3436128372
2353794460
716560003621068800
733133725597339648
854067583
1442600959
3139561848
706482736190484480
474469741
3559430779
734895107690876928
577606328
710656368387215361
2352421399
2906466940
462137358
113658160
3493260859
396149222
4060713647
4085924125
732276893773369348
3950136434
4029696253
2972718610
4765791287
2950073002
717188551746711552
3438733623
4307439215
710671800611504128
4817040654
429126059
732905517119614980
36523997
1020314622
407476654
2964178969
30893959
298880013
96766786
39881709
1636643838
728246241671270401
727472884482977795
125719232
82758426
2160259743
400101402
3053040409
3264611002
2984337017
442461446
722025552148869120
2710732235
728335075968946176
1925128302
2512927621
3238112987
1905504918
709534830346678272
2488789836
2992775704
230157464
1466290070
3970276642
3177844394
737321703353765889
727947072142454784
4496164353
159550292
3642416723
4188381439
339354590
4845139611
717572479632478208
2383506642
706492929871847425
708674753926733825
37870681
39234134
2486250183
801789072
2917422913
43490968
735267701774376960
308011890
1486425068
1627064226
100107961
4021735403
2901932688
3602523195
2982929218
4765907615
1347685640
3395376672
736978013439528960
372053657
3130878173
230408179
727133433605029888
311750266
3153061172
735906911904731138
67130435
736929214897782784
549558433
734522797364523009
1883791927
3478057395
734820217306632192
3183667592
1920332660
4789344598
3012725091
3425190679
1487859811
3987735793
2210024780
3848691434
111764335
158163210
168532310
309377530
735164933327855617
59637306
4129126872
282941399
3579326297
2371356084
4244182216
1046468594
723655310439682050
2461641977
3019518475
3312702888
1567983162
2861892297
2942680126
515991308
599607548
736277577631928320
713464824944922624
877184588
317997398
711567826348339200
725381955584442368
723904218189447168
589805157
4831112800
4799957603
711361531
540363334
719262171734151168
57032850
735636903710609409
3401601623
3111013043
199572098
723484556565876736
728458435155517445
2371046893
2994538570
907868676
202807042
3596146814
582448730
4476527117
3425117019
2964153943
384484405
2967058008
493015263
24560383
2649438229
364675177
1528275252
2814992106
709471835889520642
3066358337
2386725483
396270171
2965535045
4704417912
3405121438
716925258633252864
1274548405
107283543
3417908109
2411859859
3297201039
1883842183
713021711646646272
708807094942748672
3334017507
3163536210
821942070
256454852
3081110092
3906863112
1198013053
86000763
466685506
94039934
731358763463020544
105496588
735574834348843009
350499920
190084329
493618504
32182594
3579945677
321175440
733504196536721409
704209719783727104
264206649
565189666
229579541
444222110
704177725011939328
3080428830
1523077759
2987658237
34100739
4048366647
2303985993
141360116
3742716019
3207792412
3195937303
2491595046
720629114558922752
2348327827
779161207
518789335
4269157812
4552738280
987482862
3726632356
549512957
4902108748
520773046
735004745522380800
3707480776
4308915443
3942889273
731253797314560000
4902336879
2455348053
203719739
3314035073
731092841917743105
735047972631773184
3122983383
3307684510
938712446
4784210745
2413312908
2657499167
993168734
1368818425
4380601452
1659363793
564027979
3298155442
726964147
3632618357
247140910
699619371031855108
577972253
724877942
1187809416
729589282285981696
2666104483
2639610249
734244535874813952
2771977806
1206471108
2948872684
721174511
419918003
110405622
3090939900
2649990120
808208779
3759003259
729751441213132800
4149418770
4819603979
86250859
3187799101
2485128702
3369121881
3081607173
480403222
4380722056
65892118
3296494069
732901323503505409
2773245016
4619726833
4314825132
727728403172986882
2177414187
204532482
306467531
4846484240
234291663
321142241
4601530934
734575966815723526
3493723457
714146898215583744
4037710761
734457139532550144
322797030
149427485
1510593464
98481558
733810707754422272
2941326042
710959239
3250367774
4611723093
714973309247569922
3346228809
4715942765
731798506810298368
368176759
4224935626
3225501196
354119440
295004759
601356709
2882297241
484151122
32878270
3318101923
733121610341879808
744016832
1628715086
3903091218
183888587
719392565523394567
2363120191
40868956
3574884202
16482279
2902783410
2772354633
2253310186
76522583
734055158846357504
299866597
868418168
854734399
3434283375
733963436615446528
4689889981
3165621399
724291309268271106
236691125
3181811554
4841416426
422974893
733976427180232704
2311441104
49985909
230096081
68543135
3051532826
2228519492
17168296
922030621
302692855
406954802
455024856
705954876
393413789
3161996092
18682798
730805949695467520
4795458877
1642233439
4082811981
1213783832
2337487915
28068984
2846102291
4728834152
714800333206249472
717458556157566979
4892376472
702898824696606720
733383135027560448
4731436290
3001833016
1325723058
726307634
709528334837878785
2157837166
2748888025
1856720000
703116694076542976
721067418802475008
1936305313
1717496528
1254591836
2685586476
722978040553172992
1510569907
392252461
2720125673
575873685
43725393
1152648396
2564749207
384114959
4804857259
25515127
732841271312678913
733385780694003712
97108218
731985734270390272
702186356496273409
3277128799
35823993
2999901278
2753668973
149607548
2329139835
733443500037935104
349170437
3011939964
83433706
64480346
2987202693
1155464052
2931251045
3355867061
2720159578
3137427618
308770994
334781576
2728920916
597520133
263966258
372980030
3400632238
710200135045799936
521403015
792792968
2162433472
155427594
3438562812
145765167
715992935632936961
725383952815538176
598873087
2807402924
170025957
2873086012
2853093044
148560163
1226232356
74255391
768329137
4346409556
400539441
3851192848
729053866801561600
174442702
179844774
718326463
3326982252
142092110
315485619
732221858137972736
270087741
708460361742061568
378014474
2789688648
454854979
122792894
732523192942657536
724387097923067905
3390915303
3197054252
725219362198659073
3318591095
4339164552
430037492
494503992
3298098154
720077805850128384
720753778551623680
913050620
720401877892870144
4255760470
1608988561
2196422153
2993772398
705175141605572608
732947142952767489
1478853955
435196115
2451457122
2292107117
706490532164476929
185735096
3783963495
732696987989123072
2983716579
732729809172713472
594204468
320903666
53393682
3292600584
3358697440
1102264249
563788587
3465222565
791110124
477789966
3227536010
2927232216
730485937935941633
2750967526
719142825619800064
1012546627
610367315
3021388904
716539894210801664
721854949798227969
562321576
22258215
2668362598
3241338719
22724558
731560092622000128
181410351
3121437141
4852613180
731081620426522624
2689088415
2922311136
2649436796
2314163281
2760333309
727084711818854402
4625609663
258039359
79852948
712223297719685120
730815781420867584
2714141515
3215313916
860675472
731501985631981568
34602472
628828419
728579506731139072
3306999083
598948165
2347108903
718470336992260096
1049504880
576360128
81941754
1121076954
725041649223630854
318351223
142571153
3843096857
19985032
2274151506
3939632141
2398570134
705567031505100801
312499679
730590667118772224
4240564512
730678451892539392
606104426
250234580
2940639901
1492152888
2382484863
2910347627
726897814295465985
3083058177
4440617007
732354119395086336
3166971755
730849243318112256
4195155867
4830176321
721244615769210880
4214379281
1206227276
2197620203
1730473728
2920899733
732053561329233921
957707143
711623264825679872
123276643
3432816532
710293380287361024
4882813072
1433668398
3062860443
29319231
707954713
518360365
220106137
2815506550
712299798800539650
24449160
2527707572
3259510164
4831667507
214549003
3427999893
3265236332
3097918842
703633899751133185
278321483
544727050
718786967803191296
4129647613
3550827794
2178335787
3156542660
709389114550951936
3722364435
704967205
3382871272
2478176965
3296067690
178197803
634766567
308440002
412243726
2584323943
4106007261
729708513795149824
430376419
129979871
1037520372
3100357328
1558039082
588864512
704933469944745984
3483006672
1094161681
2883174555
703150462095138816
2441845024
717081200049917952
1530836576
4330466723
585281244
2251346659
3178639494
361767523
356616440
3330366910
731654259884822528
3149396898
4301380280
1559713370
726222521654087680
3780376455
3162883836
4480313536
516063873
1948296456
1267609746
1607282436
3128285355
712353098254123008
1043661025
421318199
3313912027
2416168182
2500145088
110132285
181840332
833724822
2340644499
506921026
255667022
50060850
4757759847
4869791225
3665163495
727619178291679232
106491335
718272931562942464
729322906585542658
97474474
2620071961
117774651
1242154356
699339894469042177
1820476874
3058836111
731802533266657280
3964747523
704781040959647745
321087202
3035499152
727613812992409601
2945972605
2743163283
2178126948
2921649730
4552803612
4911296927
713876572827045888
702797364361232384
478670970
3687512598
1089907375
269321363
2902717472
2829157989
3221585461
718119691298844672
606967484
729842439893094400
125594329
2615741747
1399298720
4704159065
23276475
3927191896
1555797937
3302499697
2730284632
95382124
139843909
711693255256219648
36206251
87393526
4883307731
731788544444907520
730388159444484097
1362041527
2607415274
731660131235168256
254323469
3862471641
629908105
731360885701267456
145005290
724345238140141570
391011144
313640704
926425194
924236286
2384540377
2457486749
1388444304
3687131961
2194905853
3934078992
2994653855
3094373424
728355313007501312
382146024
2513705617
1743924798
3189045927
3102492866
2885187973
3273877896
234533513
2576145644
2688187939
1634208708
3139774980
731628159007903745
4041738923
3256417538
3428232311
2370056566
395107379
1255824421
2939942148
2292738231
701399535290081280
1451720558
1669762951
3002376965
873098820
700751907082600450
733862588
727998111155654657
3226181536
440596754
316832891
1214487906
101404920
122202667
729241140
3351313961
2351801880
3024698630
104517646
4876062335
252806168
2925345925
625446561
1389652940
2982988239
3889048529
3021892164
4634307373
728833803410608128
323383982
50173789
2222425177
464519986
172495718
2402976382
1559794356
2417639786
724730480801681408
30620565
442397225
715656743464804352
2891733065
3000797446
4725169964
3730525877
210651490
3053061802
3225672186
721163295114170368
3266697703
4906921264
4766055926
3400768733
4144381283
188975804
2864218221
75842847
3320573520
3010088379
107703725
992776476
208784054
2229968016
3340512351
721487751879749632
3164871962
3321781711
3208021343
160243391
715728774080409604
20161538
2346617696
2512545920
842179274
823305673
618833952
731315906744193024
3046938066
2543911036
731280777745403904
4876215240
730702227736801280
4827589045
3013247284
3282888864
2941167148
3169286329
722519140070608896
702596495279853568
2742017806
2728750684
3368948658
701302341480292352
4673944873
2869241402
731012492302786560
728884739021656064
731107867021987840
1104946566
2431746897
3317903592
1065020210
3917306615
2526592043
277016893
3069446152
3539940203
307995305
45978336
2734689288
4336305676
3783782655
4104839654
838502630
3431577687
729974840828960769
4880372060
4918516689
358774806
3271169444
1562577199
3146773992
4859327435
3115783963
730055605528965120
725062421841362944
705607570032037889
719961859546173440
2704415979
729721097474740224
3998484981
3796325174
3110992297
2908415753
4865218408
3091192859
3152226467
2904007876
724645295641006081
701876462480187392
3088590001
710880478601957376
457885533
715862362570563584
4378589895
3075618500
2947998218
4346087195
718432701494112256
2752117892
2813011163
2492334193
77536877
3162046128
3024043803
228283349
3738463334
969101125
729360926252609536
713262934558969856
709572490624806912
3980078889
2902396453
1188154735
3233827202
4820480770
730533705136013312
3982102930
2833381238
4466079614
258498987
702619790
498134741
1518174488
721517545
4920785445
4628945602
704389077949399040
858477206
4813863843
726128194303221760
702109028013441024
2890763855
722576498922622976
723073018927435776
2571121648
974740250
152577600
2385428426
728951078876786688
3302275253
2952826800
603244309
2268946862
727237334635155456
724178553743396864
1272228188
4135696577
3413134792
2553843145
1961688235
729836578541948928
4284674013
717478242547077120
859014168
729691310228160513
3988965862
4739471601
2170513075
127351810
729769075971235840
129278068
71043470
756186655
1871695014
1241991925
3603919512
4485572296
87749789
236093677
727142772
98218690
175480442
1096740391
3168231665
729766678314115072
2226326757
176163901
736975658
1532436738
3316281479
3276432241
59605615
2629017958
2640138527
705546929296506880
4853877035
720143935541084160
1131656473
2578653841
2478236187
1660940448
590071503
723961540580380672
3409092892
2863624298
2774648166
708214845787734016
3056010456
3662515884
97687933
3337682740
714539481534226436
1145763060
629553031
4875426736
4828195153
727694679932706816
721003794138546177
727964202837643269
721357739671298048
2711601706
4012781482
552163733
729309730804518912
722270438441750528
713540511659786241
2502556816
3942388276
3642672629
1126032734
111489009
183443617
2874712599
3318918133
4575281607
729509189534408704
4446688338
2870683399
56557750
2564752281
4644854587
2928960916
290264564
2831906886
4415063176
4271980415
210675506
3349397482
116579523
30870576
4700403522
3138902183
4213817266
2969251570
727716447351390209
3096490624
1661088601
705815615303520256
328799913
3246298846
3093879988
3408308687
1335900812
630800665
720244890836152320
729348116122460161
1017704599
4854228837
3034591266
1195388785
3348072232
1679513431
728898971037487104
721340456186081280
703464334245158912
165881619
700506287738646529
4624268656
4022139327
435301123
723611505401450497
2894501716
2896572421
729243811172339713
1291423939
199031656
4047172252
706767908937080832
2662216945
928969627
722852685565677568
611394409
4802684242
3073845346
831938838
2194751933
3034097241
73498641
3108825707
1851418982
2978736886
4040049743
2714345727
709889110983495681
30486149
3051633147
366722746
728962320173551616
421003190
3188832946
728952660372684801
1844303365
3381078033
3191638166
3418539575
4562707094
3885766869
728420674365071361
715267721768775681
717078810445922304
3841894408
702820591573835776
2604927945
1039760700
711211365889941504
726846334184083456
1483062722
4315173701
185848527
22842457
1345541498
721386305385545728
356408049
56446814
3411349558
2786590193
2748043721
4886393008
4903791674
3263761637
402994375
2738538604
728692316790206467
20226402
728664821449764864
4820312615
700911427
3102064563
700697140838977536
728340403217387520
1250974298
3567942681
240088604
1548921792
2596485368
183681829
725342376923914240
375361190
726261304256806913
3314044978
728514116156018688
212948337
3014204043
246660694
3453492801
3247238418
407492357
702670143789232129
3105371467
3102319346
2991626890
1316202079
726216746722594816
724073429704396800
726975812226961409
208566377
182119089
2451155328
142506099
703299537826217984
356590508
568815587
2776638539
1445346944
704355084201648128
2845903104
978854016
2276772074
726368911344672768
2189665519
708130623060361216
2960623765
3190126692
1726617510
727566711218671617
299441540
340388593
20072713
3169136333
4843597413
1589392754
702412692884213760
714419000483180544
352523732
4887150034
714899020108292096
735964532
3144976397
718606243208646656
702256747008942080
389500892
4860463047
1258060554
3233967870
203165359
725035721178898432
724630492381892609
3223986940
1101432529
551221920
717923171551338496
723810686657159168
726486595
9530552
723762650522521600
2957110517
1050168986
373436935
4114436429
833078976
1449850776
727563469445201920
1280370799
1727284866
286171280
113516478
2508887485
706801102054932480
4552380099
3016366641
3324862503
3158109150
4573287133
4658979501
723917223350407168
743071560
599456294
2872967559
2968873691
835876460
708693819911446528
2593251358
172467507
863382408
1217249228
179059127
358203518
855292340
125825677
2867092559
268525594
542970393
3313620541
4855190056
2395455103
726701046907572224
2438642066
3635974215
3034577622
2986699897
1555055844
695991716973830144
739600692
3346221489
4749274395
2674084878
2794996723
1644143070
715231982645587968
263234033
27187246
3006133394
411024412
1348140612
4786242398
837158532
3307707900
3472987042
2382863012
3146767585
1188503671
2528221099
2544674323
36552531
28220002
3160455992
388820466
217942289
305129276
126912801
3272262470
3353996542
2817669488
705933495030276096
2306808834
1371412549
724052114184515584
349695577
726108241415958528
1500790543
717426447984492544
2234708887
3342155553
3031670861
2900365252
898981885
3102478108
384570443
704438204531810304
2763337315
308429422
2255609844
2580815599
726501997877284864
4890739820
30377179
3927751115
106958966
443576096
357821895
727063971405115393
2530594243
1418854476
4850050115
1480276970
2197421563
2965763157
4645330163
231826956
727127405287059456
3910862626
2986178701
3398691809
3050713855
48320268
3307264348
3325483454
328096018
283278623
1181028978
1493183245
1156527528
119166312
3406032269
229559017
3109631120
723152795134627841
722101707380027392
2316955686
3434350378
2510420558
2537777133
403026859
719627664257114112
4805382395
2260896191
717877549259358209
1465144646
232153982
1066918544
721327875333439489
1521717686
1972452648
4876719233
916623229
79265541
717863013647253504
2902815308
2706731833
3241027687
3186054166
2951124648
311109083
325423526
53186441
2963566917
449180298
1590004464
787761434
114822964
4626834561
278671866
723221065376370688
712837727918489601
593266800
4885013429
4602527477
864792763
2723586703
58051730
726493590256541700
94599026
150310182
1250450887
705742612154683392
1534959954
3365599458
426705666
56293707
710599799477833729
724508480439234560
3299119029
2871784493
725446202968272896
4487949808
412101026
1584641966
164346059
3308026148
3319249287
3370176460
116564683
2914012509
4607342843
423392755
85904000
4700998952
3372228873
710438895209598976
262261267
636927689
4211126261
2554157220
761374920
4881667511
726695887666335745
395476769
2167156218
51218444
4644790707
712418183509118976
703341869120536576
3006950148
3260195977
43706890
3241002931
703028032
392401306
300400239
4321375584
3406051159
704156976704528384
1723582302
4055046496
2811877248
2922394737
89788908
1940068933
2410037989
726128167346442241
1345381646
713504840060690433
702544880
2919080023
706641031551389696
4799740059
3304139798
3361792420
1892306743
231075152
931994970
721737017889927168
2333305123
719585706805305344
715983295582965760
994350253
320498299
3851868254
714102301288476677
2729070219
37528118
723091360387977216
1545755888
2353805672
721678725553623044
723612430459383808
2765237719
488636165
725989122310066176
4855607014
457098670
120637903
1445129634
4878955773
502542864
2680177961
4426209407
1175754744
711801093018128384
238421269
726294977337266176
703109503265349632
245172942
3329286337
250143521
2776853179
1610553510
1386803094
386533263
725840024365846528
3346131814
222983632
716473737890017280
726171292488052738
2904191042
3296450060
231526346
3633055756
2168341498
495799804
2447214070
3188157866
3515464457
2834710149
4141707983
56195746
3327986803
3233906461
3363205551
358490101
2284962020
3378587793
1640925896
3693667455
2565130592
159740001
4718763086
2200784743
719245778850553857
2173458875
101078953
61324836
4632759214
723949985402880002
204543934
596891921
1693754521
4013393660
706346574532640768
185760770
3408464355
3019034568
2903400675
3441563113
1278450907
290291546
469832886
2148104472
86595402
2518621284
3009387905
1656872876
2874361110
2740000315
298355493
508732042
203632485
711591917713276928
4331952433
1369215469
72916226
2160880852
43313456
3987067455
4286911949
3079099811
2962784500
4180708456
2956608781
227192329
716798682490740736
709524266
702934113427333121
201019969
1170248059
4886379614
2785351115
865581631
2176683261
399473750
36527691
234172277
3044920230
3383283305
1465332908
711300400901529600
4872731099
239436098
213277501
796070101
2803110086
534692725
751351387
286952180
141284724
3078578345
516779902
1398754657
3627437176
4844778440
725714753629343747
3438630628
273176430
708891825461993472
718411423701860354
74770609
3817512861
724780404855578626
2914495925
236691176
3301357977
724053273804713984
2417823722
3903585797
708306817873367044
2718880491
3609373152
2890612345
3618294267
3423616841
2708056884
4050931874
1541373895
323546292
720058149416206336
3092168989
307129908
704002803631464448
714853495313137665
489991596
3068742488
725101331514576897
867787304
3282187602
4880997819
285861431
2358866580
636027750
3080805987
4294359732
722175440002105347
2236923064
724762149063561216
3080259742
3187075173
722155736986464256
2943162086
1515229392
3145023646
1913558227
4339709668
4404813689
701210147830550529
703360495911186432
3409389100
3048832338
4779893415
1116425234
4302867201
725342049139081216
994771285
789629796
3775165936
421187465
1272745880
4258340668
33197167
3133506496
706215244159385600
2922445674
2164748236
80083224
3339758607
2445073222
2736473377
3369564202
4891689015
1720889654
210114877
2961606936
2951456808
3888238452
717519820007211008
710152476247396353
88996126
99863060
721801498435280896
4220333183
721511275499544577
4891518939
714571852463677440
723496464983281664
2317250703
724401549338894336
704034391362637824
1974554276
4250746574
717371430887886848
2562943498
2730394004
918187776
3194739254
2417751524
306394188
725105320196870144
3193835138
2320684785
3587581156
1650787994
714539540493557762
3390205173
3270833256
529649780
2548888332
1263331573
2721674200
2940171702
725051479548137473
2527187519
2602629286
323487565
1410818941
323671758
423192556
724994167420665856
701141501838024704
4884808129
2950918343
218342839
987145159
724961828770598914
722338665410666497
704382677110169600
3572220863
3350749733
2799886068
719590202143072256
721648143260065792
32820219
2483808030
714186665154244608
724042568447741952
2581320411
2401835215
1578774882
57834228
4884154743
10207502
3547721232
3219213733
281822817
3097832179
3571919172
3984936833
696588569599700992
4612436547
709069239609630722
3472872748
248126197
2814323785
309268913
760149044
3907706952
709933311850729472
1071158210
712289645980209152
4699687218
103572034
4251307333
928260421
3711488236
2811722402
152033391
4251404122
59842041
3087491828
3371490095
713402523076452352
4613223852
3362779654
1266403195
424065633
4900354708
1096109888
706147886338318337
1365011874
4179958092
834136436
3389943291
1066471736
3328349260
238366401
4872464265
2154520365
711285999108820992
1605672349
2597313283
723623174428975104
3092223052
2990844849
4915224334
3070741421
148408379
247030700
719993584892710912
615496849
268026062
365153170
716969193988612096
4782755408
4388368055
4821331679
3039809860
89286384
3874848497
147322063
4714376977
1669136185
525727825
2958469510
3817852942
60855013
4800660013
343776615
154721924
718804502443397120
706889456993832960
3068719166
3243433062
324642630
4047474563
598524888
3131893815
3055999495
703069056107212800
757428511
14782114
710193215492726785
2790189306
2642012435
4745530229
495230324
219459881
1654767421
4899831311
4564431493
512700809
3374101492
136682072
712134375299657728
610618094
22341769
2999340740
3443028492
4391393116
712715003116146688
701092701484089344
3112501283
3017564397
702978850439847936
724424407632879616
3393483912
3866327056
4801486692
3383091219
265838711
723508041937608705
4665832700
4282670595
1834577647
163686997
215888334
3424564780
772363290
1441438266
3321897050
4701531017
260993466
712682568190009344
4705614823
705552440968486916
3332840172
704648537779412992
2161317515
3249904795
268978683
3634571237
4252614772
704157874398892032
32518493
3025823962
2837785948
1177176452
4507254442
722136747057029122
3099571678
4889750038
710368852039901184
1685120558
4122944441
4645514899
49547799
198036583
1481950004
3472233856
29581654
287445847
3327611299
721770595474485250
1177754690
4321651541
719357459375067136
1441857560
61970223
4864478379
721382161128038400
486882357
44349120
2825137444
63564373
4160725407
277282635
721341283814354944
4275004294
713083364689977344
2233668927
370378915
1029840510
85008170
57266075
566796161
4866678646
718545513721774081
413438171
100952577
160495776
4833001459
35099519
3278193619
3310220960
118442874
724243723706454016
707300198515654659
708757016311894016
1087546580
2552639959
2991583981
1920366097
2334284640
3637313353
575580642
111698159
47065543
3877648333
717297728427073536
4757104701
704297814814232576
3989144633
772967072
4203168695
3149388089
3653337015
176369008
701138611467636739
4395050476
2739001875
4879928487
79697701
2811605702
70810130
827313158
722281456987299840
724087121854783489
3388894222
3271405842
1592348131
4488506428
2247898434
3395011425
540852314
612565037
235160669
2176610345
796508731
4719512897
32163796
723627413389889536
2438425301
4339390289
30893930
3764382134
395636402
2762122287
3309047033
3367075805
3384897071
4826279747
421516121
3510921074
1084123854
919551217
3931063942
4737835269
707734123654356993
307677214
4410774079
311600650
2154130867
711918221658595328
349504742
4884540341
31073020
4401377232
3316444777
4924131385
717880350056124417
1364039736
375113130
416776813
2724577513
3316933782
723650225450172417
4301604029
1459263930
723649155294482432
703180703320535040
706481409762959365
3024259266
722248196559273984
2453603485
721887283134230528
476895285
4139429714
703151554983899136
561297883
4262950932
2606235267
723669604145500160
709586126072320000
723250314917359616
4646993176
3449997314
4914924105
952715329
4498170514
720628355062702080
2798733941
607462360
2220611513
4319642417
717951509007351808
722074824105811973
4266217763
3102800413
2768091099
723853169130872832
247594522
1694354370
291316040
3702358876
720788840554831872
4205209839
723889302417989632
3421609840
621566866
722229721279410177
2903131529
706496983184371712
1445028187
266780557
2933545043
714294761126031360
3848818812
4237864540
4909714264
4784543485
126847937
2670319721
3813609732
2858219838
2747632124
2624527247
25930817
3724889355
712892393536638976
267994104
2984490376
4524197595
258816431
2869504876
4837804278
473325554
4516924287
719000597895254016
3147952091
278076153
314970110
701319631672254464
3389014547
707842573277270017
716275173779841025
62374282
745116842
493140202
723693674652114944
4838412927
718206344290033664
4393085182
723711611282706432
3225154478
722077445608894464
938641034
2919000626
2606946316
3312666141
65900880
422888236
713511833752219648
718243466053087233
3885038434
3040724570
2653567509
722754024676683776
2878779179
2809098140
4483671383
4057106308
39999606
3245825218
286916232
723811080451956736
707093864620892160
3264996283
3438372039
713402145958076417
101704979
4794503596
3267410684
3794268197
704874025428713472
717978408425242624
717964386242072577
706638953764495360
712999612592877568
2718492003
711145938748907520
2170050217
717952260215599108
232873751
207206658
717968304699228160
717943421697179649
716495308880908288
290349738
2917153911
4897218447
146740735
4919047500
4257371801
2563612319
626279750
2452824836
1732201122
2322080280
4883322021
2927761232
4185335891
1069868040
750438577
549603346
704421785924534272
2990723063
381363686
722197815049515008
2960509084
4459230081
702231233091207168
2233920888
4412307495
4316437288
2321943717
3015419962
2749368653
2567243664
3168033301
136727411
2449459370
564793189
2421570901
723016965548335105
2866266642
3090385523
723735509458030593
4783762162
850295090
713397603799437313
331262236
3056251436
2531312325
2479799268
103909691
2605125375
3280363808
2592441662
2905675856
28144478
3064092679
2343930260
2294978427
141064031
2882001226
2983059983
2780267450
777197426
720783261019074562
339578779
3498732613
1281917341
714504526988910593
701645329121288192
719667220373245952
716568728352083968
456394138
721371737431154689
2821021137
139198317
107325134
4336185856
3288408473
720809381420527616
143180875
3147544802
716482521597345792
55802086
4508090073
713452518622281728
2857832121
1230300835
2932904281
4872574379
709115218404708354
37213533
716283059650301955
2691938028
50541237
4609743493
723496667761270784
362851627
1253330244
125361684
722062520580759552
384568795
717037800948895744
4874470905
2846835268
4806316298
710009886747271168
2882750731
2909274030
2674814650
4696507164
3314318644
713805489230987265
715505721266274304
2615823613
371264387
4640524992
938533862
1312988197
2703372955
103199490
2649678654
2777914817
3195693571
478154294
2218476251
2951756392
174819679
710947055175376897
717545008769867776
2858325300
1547011860
3084035072
926291168
1467814232
1160531971
326632695
722938865510539268
743875266
3388893280
1870175564
1628814278
624704308
1706265589
723398831446974464
3257078887
3003055626
3245496319
723019052549967874
155365769
1288219224
427748247
722966690498138112
4238945559
3011125028
112619691
348853150
712321912693780480
714498064774356992
337390321
2591389334
2388591778
3110861177
714584719673917440
713312347880685568
561889072
721903285683253248
4873377695
720501084897325057
2451290295
159352258
705906916141178880
3248172380
424760401
4190774417
2400886359
4850960836
4057194617
2807789760
598741599
715333490426773504
1689117108
2452357308
50263492
2468925683
228154362
2971411567
2343145736
403192578
4665601883
119202844
633068403
719655606525759488
4686219734
3872455659
157177292
4634847017
319908799
2740293250
2527441302
3380055434
4542183347
1283526366
4078880848
28868117
52612720
4212679061
4267205493
3794983817
3059208260
527867387
235793465
69085032
553114664
716578981064151040
3167926319
63312730
715365856457326593
2748549125
549567739
2395581720
4783074740
2783217309
4250337077
4891778415
4436623157
96875796
2694277303
2893231272
3363016917
4040533941
3249510588
283314512
722100302304948224
2797227821
3078297627
2415908725
439718302
718412686216794112
718454004112625664
722554496023465984
391669702
4797022413
1538974933
102467373
4015781772
357644484
1170733094
4194760217
2888295036
3129883012
1117691083
4917368489
717258225477820416
707049786755579904
4882843458
1961433540
712771831531352065
2959221460
710356593448071168
3294435890
77273974
1650820681
236886039
2432016684
4273573539
3426232630
345430194
3005646248
314775607
714864092096237568
2268023785
1597845535
3012643960
4395156148
4544817679
539470812
842824772
1323700297
67254696
524502124
788780089
2195368586
3183386259
4873790975
4264726755
4784262940
3142035148
847112869
3220822249
3304493160
434774800
722823684801634304
1549494031
2660975407
332421077
565821085
439279483
4691268859
114302175
4226788513
2516927292
3233832739
4107121025
704333380280692736
722360157703766016
915906198
1411743878
727221810
867393091
3067884874
722805988286447616
633471635
215110679
1913511210
79481839
702264037191639040
177756652
213174254
3544971317
703006206957191169
3822902177
722760115363975169
1894979629
26290055
563313450
4888527447
2933964475
862236104
1322504894
3807436696
4322650522
3419625424
3095784929
2277654510
3794028497
2542050109
2738221320
907866535
710188678493016064
2281034648
713506333371277312
58446072
373375154
700948792078684160
2716348589
2285147937
293312309
2815188740
719286348352499713
719793780531073024
3023258710
2158846408
313095526
2519680742
28386821
107009993
193225949
3345415179
768239726
831037502
1610988150
2466471038
3264548979
2911375516
498555982
3403362495
716961243064565764
3409824023
4826503153
2508714932
3062391196
2251738932
566149758
214561071
3090913676
719716926059110400
1401863281
2302405583
976537501
330640318
711067882566844416
72799066
4503357331
469815182
2205751538
4868246656
4519073662
4653316820
4840613992
706698629407338497
2378617922
497009943
4323816855
704193341626392577
29856715
318572508
1597190670
220666971
1043009911
268066613
810988710
467533042
4474901239
2776546272
716246006208159744
29966953
4911677170
57514968
519379028
1338000265
3763741159
712571213751590912
317360471
176924096
3430867197
705243946193022976
373510501
238242127
1499176034
320442975
285972179
2925798997
611881970
237140869
636537911
722500438092877824
217658639
722295210479366144
321757945
36053100
2942286437
2361895725
935686764
2767672762
1599212947
3930757456
33132363
26262918
4274677286
714624029068541952
139407238
543780426
2293056920
52444852
1583258366
3689339482
3979791509
4079864117
2828722807
799021104
714808356289048576
706967292790366210
705260335020777472
721029435172986884
4333227393
104295183
4202976275
2412228417
84188277
2864015878
4872912796
4693500793
3234307098
55473704
479137365
721093577934299136
3071688910
914256744
3514685927
3006855764
722159786079436800
2160670276
1640807804
2421316934
3799332318
49619506
1001784277
1005563978
4884934603
1447230992
884264353
715212434278060036
2857512100
707362373246525440
878696108
4020460573
108953711
711945414799466496
703548190574817284
2245490980
708962252083298304
720887728078852096
3838368993
4842104752
169975503
1525044019
1517117382
1516542324
2885905590
4224210076
1146903235
438134992
1474751366
2767232721
707147249231511552
3388077755
3194983058
1584560496
2851648054
305326623
1473071750
3582549500
606621966
706997025800192000
1059352232
1962345276
3282191246
4649484163
100606185
2356343789
58484266
3075465867
622237065
365636583
1160377758
2242671866
515990408
591945577
550999826
312836897
3307146475
199657432
2519596271
2174436461
271683911
3282552282
1636868497
35475572
4434025159
1036153220
4838888109
4105714647
2899846943
372717622
627580976
720267268182171648
1107213019
3299955354
221778028
2879261147
383500242
934846292
4922876044
712057921320951809
821284117
4140353414
722674330581254144
635413653
1217760914
532270474
455981671
1705448400
4857727253
35070400
54147149
395025127
861233660
447232327
94561312
259491490
1083349471
3387780957
708024858333093889
67171981
470793716
4212757103
4587057687
709185704467812352
2196809605
4198973673
941315748
1219661227
3026013565
436343376
2588673910
2223672580
181675096
3625365443
2393253820
339111762
527558339
340264164
34954497
710208216190296064
501949349
446753773
1438590739
715296091713843201
1198733928
722123274780610560
4473243674
157452293
1964501563
3734185515
1332829370
323635454
4305998535
473669492
57415738
172837605
189274275
2465121771
734064404
4552182798
492499567
139233938
144962445
55424607
