1368469118
759059094669971456
753008885208748032
711598740457562112
2656426593
761770572862853120
3105537637
601346238
755121528359022592
713409490272432128
4487858847
756945394978787328
3312740186
36699408
731750697302032385
2563122997
494758799
2359132927
755104466463035392
3878272812
744494308267524096
853259838
754429515699478530
756499026241949696
2341399530
3386714115
731301920212586496
4908265010
3029494546
2750067464
718517651954364417
754546824866893828
4189649903
218773621
4436320633
752124352771096576
4760869454
746390494050062336
751295169270386692
727416818046894080
2545436657
73236430
17502081
732336278855921664
2189164824
1239688873
708684228163141632
789793705
236551220
738246388564283393
2367660618
741068948905578500
2422267465
723168833662406656
745972832765644800
14563516
746877231583137793
4877850855
732097373954920448
277125802
2485515942
3089155533
743036332801462272
4797474673
742709110064451585
2854755036
734832983300050945
723545296794357761
171529970
3153417528
740247239910555649
1956871338
162876920
2826216461
729104492873043970
313427517
741507120709783552
197922702
1146682754
2253372247
3290729322
4208880767
2899167484
713462145376133120
633150966
1128075277
716046306221764608
738527003888910337
22090051
3580248555
394678997
3023037872
3002887935
721785130679996416
146666161
386206041
250149117
4873857554
132789518
730065392811544577
344313928
726834650929348608
4629127277
2791121294
2255765415
4599975683
2989111002
76357246
4737713356
2288723564
730471367741743104
722469445151690752
4715345421
2382679416
43661233
2290924114
2800864021
4824186496
286243372
719939067136385024
725755206978383873
341730948
2224705434
2567913765
263612334
2369506560
3433383154
1851434622
57892088
734054113944739840
326689586
2156954059
150685462
731483760563257344
733202968581808128
724570471300227072
19178402
4725977593
3315339692
431687186
711009338836389889
4825855639
1191864590
732093672603287552
355512660
3101504400
4249591816
1061456222
4891804264
815576228
1245951042
729669531862478852
4908683097
3291369402
3273047593
720857189569572864
73774016
1401048752
15246549
27867738
3365988797
727593816455262208
325530769
1558436612
3347234823
721996071979892736
3323943190
3130941742
3527186236
3266608729
2464824599
21387734
3106483679
3429103498
2789629292
710098131627544576
716472517
714968903105941504
55907419
1475007457
4578930138
1343300730
2587836241
4749061663
2358645936
2415404833
3906603977
706287175583686656
1410228625
716686568501616640
1958769228
1561634388
3203979482
3130392645
2847192501
2172271177
1265040458
2398263498
4900608854
2865603940
3347987716
3486027015
4899141679
4886542820
32337880
700817522270994432
712334829388484608
2869148025
4048278259
2413821780
706038235030384640
3098734556
711847292081475584
711705467307724800
35518332
902987556
711283008347574272
1194309277
1020954092
2237457655
710335878153908224
3410396065
705636641847676928
32384729
877012760
709942594894057472
4657250113
1154209735
2945954062
2291062934
367860799
709595644671950848
3990088875
3091892309
709074949470707712
28839304
134891802
498117494
1870127154
3234397549
20637343
3097122456
2421019135
450580440
4179932914
705060925561139200
3778978099
3476832795
3343136594
4471701574
706112293227069440
1870179660
702831927330521088
3410583327
3277197810
209506717
703159269210746880
21558596
4591209678
702218307366039552
4675298474
701677304200626177
4337651662
701655193335631872
3240523526
3409680646
172852209
3174034754
39925148
4892625371
3743021714
2320731828
1055786635
3283629240
272118514
1579787725
4755575306
4918444369
1938150769
54704213
4690997322
2396475103
184780576
2905343127
4268916380
4460684428
4788718635
51548400
3009871927
4869994420
4840430390
2889712563
2349347329
4753747355
1880640066
3234554156
60420690
1855155312
2710001898
2968781331
2654535949
410717872
111225697
4138732137
4049743339
4842787089
4553693603
4792028820
3225602858
3050444026
156822300
135284140
4051105637
409053479
1431910202
3482130022
2594626578
3168560418
2953422203
1710147264
2937635744
4768389514
706934749
3276257160
4633251613
4731736157
3642876553
4247900654
328243175
4798405535
2908293891
1669318776
4673962992
4606753152
537375077
4755200973
4724743057
3395721712
4737453197
1026539424
4716389845
3448610894
1675128804
118199365
3016015905
3888439092
3374017493
4285586656
711450720
2337885853
3345492100
260526683
2513127154
215379212
2470437846
1870252058
4539679819
1578095880
3904959972
4550647832
1125937411
3312631405
62561220
4448538554
194663746
2314793880
1363431912
2338499696
4196412080
3389961419
3151193198
219976460
2908157164
3096936397
2302305006
992571740
2767608269
4216289299
4214489914
4201269555
987590311
2790845054
3301095084
4298571135
2993906433
4011871818
4303942637
2253052367
3380638684
4095912312
3534282977
4007723053
3194031034
3223083523
3223499449
2432792486
3191073937
2571872893
4158894651
4075563916
4010226440
2273453585
4167832037
3775566377
4193930112
1030694736
3566632276
126745416
3200060140
2409081037
3032780110
4033326610
3358025795
2395821553
65927256
3854436803
4027220187
2379003705
3947126175
516859030
3894151109
1590234146
4060089075
4091066327
3485884402
3562854075
4073155150
1221855379
3262189247
906473184
4063268720
4065570080
3963955452
4062503472
3259533338
4029620532
4031649200
336264627
26065921
4043232688
3386708031
4014577633
4001760737
3552477976
2282435717
3739775000
3837638457
2975257231
266655848
15796096
961706424
3298014613
3964746981
3395888806
282720954
3195774341
3852088761
2829768977
3294519901
2855855979
3999234807
1964071002
3022784680
95705320
2721360805
93146330
3988670057
3987507159
2984880114
3402417437
2154028783
3832138400
317763505
2865267181
890619511
2915952233
541302955
3387215283
3118456004
3052144801
399276259
3235137306
2502409610
3312748369
574396448
2318349060
3861083541
2895618422
3745926253
2358215442
2314750706
1544433296
376048203
1122994002
3837331156
566273326
2180934732
342206150
2709386286
3436289099
191395439
3128276925
1422394206
3501406815
218082596
3103625553
429021730
2164291925
2840430491
3389497619
117947844
2405537916
1731076880
149207100
3534965296
3290157881
66033904
700550929
3348460882
2602018501
2753092446
1730461166
222592835
2999643543
562739106
3155853408
2335549002
174618314
16199232
25357173
424412749
3179698566
2990047692
2581015554
3509259854
3173651177
3545057417
3214770661
3468240374
3588630916
3496942214
73255925
3021274802
1698170227
2595693222
473279639
2809256199
2927110385
3266602596
3518891008
44227461
1457805708
3494479281
1032432954
2853741102
3397234119
2654555875
2761344864
287409069
3367386797
263358545
438132665
3394671405
1024446733
3084993203
1206526830
3314801442
1702689662
2917054520
3374253063
2336151079
2311128258
2318245345
2319124477
65260474
3304835283
3406016031
27188645
1949322637
3306828624
3222676980
3192438824
3235222537
19331152
2257115702
2541357239
2991738137
3229373377
874777166
3387652570
3270270474
2988388635
3380165962
3302499057
508067360
2827315097
2989404364
2681735878
3019097842
3225975615
2310928508
3102013813
18906599
3339291910
220495003
3367889193
3332412915
183114110
3360382054
1687123081
3244728920
1484256702
2379961994
3316268159
2944360687
708888523
589194482
3004839077
2991100738
2293873393
355752178
263479742
3105864599
3324206165
2951889245
568088930
2693341045
2842177893
2672575764
2507264242
3178049755
1238238938
2351198118
2843090711
707205644
2787250985
191213034
2312501143
1694643314
83382182
