4055814263
723617037998804992
728869865021427712
4496549793
412728892
2245899935
40720689
3138204981
702137640875745280
4011295732
767196294548860928
521017945
710375905873494016
185723734
1109981646
758904203058130944
357299551
105626913
182675444
16300297
126320142
2206808225
1333333262
18874834
421616276
42946422
431071870
349803020
239510568
245084395
412579619
738751364277391360
14247236
1000132999
768303937820643329
18965348
766060565534019584
34757581
490742490
277261996
923964859
37856603
762121016197935104
4708521556
2468722422
766437842188926976
3031838358
707809027594592256
3227406518
766154137998417920
705299120
15873436
2587680230
23262079
22165261
748869539366989824
765058456189566976
23291748
1941136946
2545800401
2282579370
763294483786129408
2186910222
1692866593
702359243068940288
762297683876904960
264879105
57257276
2445380668
757622570019594244
761386480782630917
16382445
18087450
4596700642
2562738300
6529922
716371621380890624
2868663736
1543944841
756997448157900800
759570314879655936
280813248
16189405
743167075712008192
191891492
755057200901398528
759707273702891520
452921304
912742626
729270861383995396
994569332
175954697
3171123041
3926052804
749727308362113024
31516519
3371890283
3316976666
2793194547
43439588
757334954971918336
748946826972332034
163416612
391226570
451662665
294991606
294812841
53282955
249880526
2832021548
2389984039
26070572
3078607647
737090258328752128
20852175
31403779
60351729
3505437800
1265896561
70279623
745413665877155840
343141985
745850287756288001
70122045
1661242646
2856180336
757053208652984320
3063286416
749793160428032000
368067145
4766528851
4872555615
4857438269
4759057768
726475738015236100
428982482
389841834
8633182
2371338116
756509123999625216
2176616959
3309286052
4402415655
3092410071
742467368392101888
2200221
702936621402861568
732633469671624704
720048672801701888
720281941908463616
726872852968931328
74755679
3237055402
2715535644
1123137259
415381836
3195553725
202563542
171331846
236716980
741270822933782528
39606118
718229460076666887
737262062
70499835
2421067430
4884111634
732767937170284544
122060337
14575220
1305818593
755068271859212289
425357728
93153190
250433326
732096545827393536
67638477
158253154
134646702
4867909685
361544166
4852175399
33236524
32189132
1922263856
4769701782
1245111643
3006474567
1672497379
24880446
4835871809
2871899817
752839469930348546
242991940
293127382
18380580
737141407786225672
22312331
24993563
4795127190
30892730
3887770873
77150957
703329593403412480
17549742
21025381
16901643
749880905087328258
25080097
4729801216
446169823
3188870142
4725588639
178533201
19825385
24022663
15784302
291282549
129281932
4660593077
115563859
738402282690228224
706666581741318144
2149742083
750100432333123584
251000898
143663678
715929146086592513
281055314
33344949
286680865
743080153522315264
703615920
466006535
3892714043
53019309
2334633194
203650771
749018250751586304
162452290
21705181
129387446
2197133034
746063206758518785
16000856
3169035458
26184882
2349065176
374138602
2763258527
3424620287
491805409
2274942961
386423776
53503202
32774989
21147712
292684762
3072239888
16028985
4647876373
442369692
2849961462
743158468073263105
549742082
66521273
725887653351186432
2995824966
769017439
53116265
4750143917
912824995
58995875
3435767417
4803435259
186055485
60903033
735053789468594177
267905424
726202801299161089
188958822
775831849
355683234
708187734414794756
983956508
2965284615
714726389212119041
4815618100
41745189
4886779211
4026944416
1526704598
742903596144984064
1157143663
719550531870597120
381049774
2791589299
734933729328517121
164554364
171337448
436037147
476315898
51830686
524024759
38239546
4234947375
327367588
18876259
233291124
27750488
4856706634
570991688
703107982322589696
20023919
160310194
2953005265
545792207
538111991
14764623
18353495
49031157
2642438760
735203273121140737
736397290408050692
338298739
4333362383
3269357526
2327459484
1000886101
2486294322
734114922641100801
4568704223
4703441367
1559329484
741808479690596353
489851075
375533975
76042404
206919813
179732982
705522154285064194
607622157
1612067526
31119062
67095221
128429068
730568102446931970
600697222
728722860773085185
2174191855
740327313699528704
1330157610
2785095528
712955476028297216
114663456
31830249
122806408
3237278478
803449489
2484980275
18267698
733278643007459328
198894665
728681218041098242
57375140
4554001753
739778969352867842
840018332
2718594296
705309332867420160
291774022
735572342131163136
717368565498773504
701823048484261888
4005092840
1359600571
52775857
2936096173
107381209
4924437246
717548434308222977
4881794710
2890612345
562159372
32294529
2841747221
610031730
376744269
580312540
518744362
737383897189781504
3229058694
65943167
482322289
65437348
1093709436
49379886
722090981860970497
705414651551461379
1653099896
276842152
342710587
736894355135336448
735040185457577984
24227893
708283434389602304
249921880
156772236
2273217888
291249899
30626499
735226568377835521
3571801335
2571870453
3344398511
344233703
728724570568433664
4854822338
728981660566433792
715184357443506176
3293510066
860061086
2251749680
732685674348941312
3301624108
719565404285177856
2834406335
55310956
720680245230243840
95420796
708477796796895232
498167911
45079860
67602503
302881437
930160098
3252859349
4903394613
4867246779
732725828404936705
707374707801071616
37515801
732607716103966720
2560148358
705119727216005120
26304307
4902016168
720054910184787968
90570778
731872848181100544
260748607
729294900
3333874145
2467000814
72726106
721529722887245825
1894460682
264778993
720048569743331329
2533447226
2236543322
1549186382
21868866
3273507296
22339420
726604502082572292
85881268
1702731
442911245
977253516
722087486189608960
1346444310
1856743838
2485456808
27934012
4636869615
717336516440285184
28938202
724043136188735488
18695035
343535198
378401826
3683113160
4833128677
2889924959
53351127
725772889480413189
726003152391122949
2788080711
3115572368
4828841986
598940827
726096745810280448
552846282
3324030311
313614157
2828254294
84759456
16711026
3432984973
35022547
3168605253
724487093137764352
725154675062755328
3963492493
33596934
1873539488
16721452
1626294277
379327634
38228832
42668357
2570560126
1582072040
325102575
376965102
22511826
901802455
711158759494721537
2736039738
589448567
71529455
362094371
32168059
1909087813
724714084319424513
591297698
706990010042601473
4649610318
29184911
400188508
346339018
4785292626
4463431703
3179493427
910233571
32489614
4122944441
2826806322
716426082380066816
2601873347
705669838274994177
2860133013
53563332
16444544
18382184
2209184731
722957781691559936
704602328448561153
836232336
4899610029
18298094
2854722753
3266526978
598718727
3455796672
479562736
26919151
779004793
712057921320951809
21970442
15195679
961710014
19052834
3092183583
533154242
31601858
4417733775
716823321
2683551037
3814387102
980930306
2975154217
713373648791298049
1330404805
1858043575
2442313279
2735569132
3599475675
36615211
2306324480
501881127
721760683080036353
479246835
713850774086750208
721784720133124096
27727001
3130923436
4909991121
195510109
3029059092
620473700
18359057
453321264
705865207718023168
775474824
4870859956
270528803
720837416676753409
22804865
75380297
3308594236
3447346523
717396395267743744
1381088924
29030995
36713347
266326338
164377995
612057704
104459389
123386371
4794182534
4251095188
110803365
3676507156
3087708577
19088288
53105686
710843615581380608
4240921873
2820712953
710643313267716096
383085116
3814645340
718157177970556928
496086861
1362903583
4877191041
104290832
3795937454
3126027352
183958809
28201999
23281049
716028447554998274
2861426208
390594704
48911858
232330159
30899109
712786914273660928
4893086944
737292332
905890309
928969627
3098115975
133828438
291640266
3101788133
17217502
702261605703294976
3110901117
357223929
356246624
3321712610
270717589
3150687218
4045660337
2842091538
24733117
22454663
4816128388
15035209
4495929439
4924131385
207609111
3316838280
710106564292681728
4813986674
15115280
229518601
336138760
931391137
3240232688
126979461
3299331575
874846453
235231110
712477493425528832
4790585689
1566209258
700723240793088001
2369439054
591997247
711841035652096000
712007780333293568
2401045405
1953456752
16034560
868130508
520029915
426578718
525925642
4187444843
30726383
2904632356
4429124893
222600125
2245406964
111625135
703462383520346112
710285573403967488
95094652
709869601782427649
4817772331
4913944311
2471494160
3126719169
4905922076
390914510
707595705418788865
708345581307965440
138317773
2915571722
221969181
16600574
3509458035
1645963704
4917211434
2231903899
916560306
703040574862000128
43261344
741493478
189862077
4831215383
1244408377
23255247
74211907
2356290679
707099959183564800
2990514564
3150777746
273455763
706173555625562113
2421100213
55027309
706658301702971392
30657398
3115930904
521874044
2329498706
4154474782
2398110300
4788912803
4825127106
701221078429888512
2209191336
81974865
4771986321
2220919208
4316400039
3025848132
371348311
4628214947
2164468974
3310061299
4888471890
1951189028
4874393293
4886530931
4707455482
4665825668
4836129400
4789184786
4833066859
4825256368
2720845304
2695207296
1954608908
3948429093
4709438696
4766593333
4555350499
3134052730
4735997372
3349213564
4703042276
2190806441
4713799508
1018851926
58089881
4624874774
3385700741
1663170145
166407912
3111843984
3009598641
3023082531
2557051928
1708149662
3079087298
55662182
711302713
4140314758
2872802717
259222736
426064867
1656690139
4174248263
4204641447
4543830254
4461699736
4461721108
3414120423
4432975223
1414962523
429318317
3950522368
47412126
1220689255
1007796805
2723908644
2572684834
27405272
727579554
4409298341
1613445530
4106626803
242195245
4353216195
4053144732
2163213913
2230281321
224128283
551406078
1427876635
4336763535
4097554272
2841988975
907165284
229981090
61999902
205956051
1073998686
2398650812
399791192
607628977
2850097217
543761086
50612121
365692881
4201435997
369848597
219067214
1042238328
4282819514
29255143
338446585
828418250
1885021777
3243735985
4184949983
4238082255
3402917805
4294957520
2744430555
2730550162
4281976934
3144976397
4211412579
2431587924
3444014238
3809844799
478359113
4183653971
3365325754
356719711
38230712
3951751103
2288977705
15040392
2860733118
46293713
2178939366
411874764
2861233596
3974164534
4184408480
3008792249
4007124496
1056540600
2331756852
2440897910
22470256
3084203982
3387706582
2732706189
4039812556
1916775176
3903958940
1464159374
3577877832
3255933962
3301938989
1589835956
4080419151
109340131
3972078730
3367748680
3611199133
2942343818
3247652073
137365854
3114412881
1556960804
2965950168
3879458835
243247317
540965575
3070479827
2165300178
3907016246
2529837378
40977169
2942680126
3885744912
27188645
66126399
3306378989
3310962215
3842430093
3923039368
3583515864
2217670960
3302989782
358469260
549594993
3008299552
3643240702
3344018759
3814698436
3742343609
3644853740
3458644392
3319515522
2174567106
2341520681
3131623191
2753428251
2994185267
3724947141
2411677429
3657473233
3223228575
2982601192
1167139111
3005634387
791448553
3281729774
3763943363
2866293242
1584379446
3522950243
1902596023
130424856
1537072814
1412977818
3025155123
3546060372
57174418
2891911252
1329298075
3279144499
3314075137
3401770276
1592438106
1331112800
3442078212
3548811381
2846758906
2888048364
3298326875
375336957
2822745390
3238963080
2296576808
3414684853
3284519798
3556578555
3523108281
445569887
2829015610
14941706
1084614230
1157144742
402930412
415446833
1944493614
3588562756
3578231056
2508882453
413929636
368214771
875679547
2278970130
196373876
3348556933
3441442993
2648734644
1002241196
1191908462
3430123510
2260508977
1377719425
3354454198
2950592716
94665896
2662162226
2667475560
3346256919
358383988
3245628166
840766502
3418187361
499081636
2382749402
3315376874
3421681754
2768753325
1471564315
594954232
2967443488
2331069590
3365932299
18515961
1210732028
463620117
2400449130
3417021142
542970393
85399171
214978692
2941435006
2845282020
2421067068
2995052573
1029826633
562550408
269007183
394429507
3040064233
3411729790
2870812057
3311922029
2918921470
2433336447
3304784927
3118778244
3316348309
3437549597
3436907507
3021325112
746159162
1465332908
46226913
68969286
470097013
459518685
2477587064
3291439916
2584397262
587623231
955210837
298814424
2955697855
198036583
221837304
3418403008
744704954
580269138
3100291440
3433205195
464730812
2966762284
3253829069
33688688
3432010665
3122283724
222983632
1371390146
127373554
81691840
2806299342
3333457684
419431987
1379806050
3424907757
1927169431
122861885
2950932943
146776493
3422116324
1264138435
244457668
3290559736
2853475556
3128441683
2406755353
3415276175
27328896
3178538192
19846390
833516857
3313385005
3082065641
2702628737
2987464186
1561752265
3283658401
3107421404
3403496705
2996036213
3410091599
3054406008
64373290
2267823868
26372506
109317539
3126469869
3207249935
1979203555
3106541429
189303458
3080255001
115313630
3372943312
3294392110
3031705654
196415460
1898684785
3324312622
2943286352
3170256731
3308457488
2226759668
491066905
3287612851
3375154516
228499843
24181780
2276630592
3302896464
3361560741
1679119230
3297970117
3373815520
123940587
1898504684
329315540
3222818198
3108825707
3303758335
146679384
188662989
3248939851
2255563825
1902656551
3122847536
1935473990
3021925089
240790026
3272231384
2970840538
3191523141
3289101462
3148912159
2887915605
2894976809
3140921005
1070331984
1110356209
3389916659
2911214625
283075932
78948763
2392694941
2563497410
3255337113
480953100
951831066
1610988150
1892145522
1284854119
29721517
782333172
848377190
2826727225
199009654
3218531363
3392917546
1914556004
3063559240
2318848143
153693902
3285234578
147410160
3295609254
3280951176
38060668
441950175
3381579897
27485848
3193687783
604783863
2957062216
2856911344
39483383
3227365241
305376693
1566536312
2927970669
144392119
3298789982
3171417078
512830326
300583679
2740331928
782346649
2529545312
315557987
3068631298
1360815800
3383583969
3145800216
54483384
2898391527
3312455620
2262133345
3386663182
389991827
567323520
3183910099
61003804
2611360124
3374101492
253990013
3315603237
2351859552
1228152176
2524210554
3266297953
3288288786
3388438029
317645794
3234767385
580259049
355784391
2890437081
711887670
2889487876
534937677
2304537950
3241356483
2820369955
3281674424
2609254610
3161687718
102475469
2746127824
2333871500
3065706389
2501185880
2749254289
1442229133
606412878
3375713087
1355294574
3209565467
2869910400
2861454369
2550074857
2887251988
3350139478
388454092
33211104
69112295
123989468
822614558
2835610593
868100419
3007639785
34717830
2823135292
3260000162
2544816846
1447522692
434943367
2922367381
27852472
22607674
1523529534
20226402
20612535
81692223
3243772832
1710291146
497082587
1975073083
3222497448
2556377588
2657808633
2611846795
2849169126
3071688910
3248154774
3267361704
3302975055
117490946
64525058
97486299
56910689
855465590
382514964
3029882899
318565504
259404451
1398182017
450266680
2849526838
3086675593
3044832472
3255474008
2766430850
2186062965
3161636493
111724409
392101319
446450004
49799231
100304573
137920087
19430780
25537232
3093637444
2884059089
2882688844
3135510234
2960819484
3212576698
207627630
2957732800
75584152
2560704823
47065543
2544674323
14292954
2245974151
476214711
384568795
3006556924
147374788
302731548
3012868017
87749789
1650820681
1593195907
1911903980
61091928
3076393297
2481828650
2173646835
49380243
1056121380
717544904
3177841372
2977883528
2724599273
604104740
31098846
3323579398
61149653
370917257
2359003817
208211058
27445981
2880754731
2830545333
2762758684
3177456572
2305469192
1318415052
2452222328
403932208
2603778012
79308392
2670200414
609318775
443074225
149252376
3281418701
2203993285
2845983983
3105877394
40294066
2242158134
856998786
136986438
231786281
2823890536
37213533
1335944408
2823978634
3244288893
1445379541
3038663996
510772504
1123876268
2758197011
911861857
14956673
15560613
3063996411
2904107319
2382427232
3144725996
2618899069
244329468
63963244
23463934
2285834730
2889089469
1372088095
2904153197
3225129273
3289972804
1349787607
2345467698
64414615
3189232478
3178146198
33923443
3184633772
1413330535
3233982208
3129345971
3228113703
527634075
70120224
436301143
1870252962
3000633645
45571759
3023691432
2883315670
2872133147
2761291757
2356714531
2854815620
629879443
389320918
2364412586
15873448
1665950912
2580990793
1104338628
3217369330
2884951139
2477854344
46786678
3102590988
2421316934
2493652700
2586374911
2474370350
29886563
2987132896
2440970576
3081118311
3094962786
1019735209
3079968370
1894979629
994453866
802020978
2807992256
247469284
310660918
3051080990
