757215814185422848
132111956
2402241228
394274636
2559925034
17327882
2417844248
2845849081
2903166449
3538500985
1890202945
23062853
724019731477331968
713472415125344257
711379509073719297
2287887180
620452874
3271255423
144265513
886886838
185506586
311628957
707546898127822852
261749735
2972875817
226944217
557867182
594233612
756613546419650560
756538867113717761
130294479
44709846
1453102772
2314499738
1337177720
172255937
4885803346
762698265125089280
717609056039514112
738196096468541440
842298572
4832670635
359119795
559623797
1710412188
48103112
461720824
761225447040573440
30221032
724286729667137536
107265071
757126150187548672
3647359460
742901217555185665
759132323199660032
3878161637
420498131
173399910
352335305
24935003
622611127
3309041036
82724751
2971753953
426881312
169194976
458375893
1964285881
56792355
591451860
3362688082
561654065
293294124
4438224552
4205389155
1645629559
2892068073
3102748469
66054233
3680833583
3177406031
733310629575053313
48310513
78968880
33670079
3686178436
3415494767
1102507878
4906810334
3349299893
704646562014744576
2494331432
1638727260
501159947
328414096
755471379655340032
724505787658297344
20421133
4276222618
743491001013141504
703832021957619712
2252069544
4224729994
754589407068450816
713852691525591040
754265851092570112
740891520656678912
753853324487692288
3227340509
82464591
333074358
733906393686761472
731459657169031168
705226118475997184
43557700
750687817865523200
577096192
725122225943269376
495810881
528113368
707914657584062464
1359226843
711761118578868224
2838333676
2562268036
456536128
4890494475
720008230412410885
238708986
2948377131
2317775503
2365686348
131318450
60984641
2607022364
57057518
39523927
50495265
3083809798
494105909
703334512214695936
3208482538
706224282804871169
726584293464526848
253428481
747787326596710400
455827744
2645588238
4702628401
1049681827
3441829758
966681366
3315620602
527372536
3313488428
2414059003
1145837502
1305807127
37534534
4049454617
2663116351
23634082
3187760900
232793848
721338992965382144
2556621632
3322033363
4861968405
292423442
383418826
746810021581824008
780691290
52268679
43416740
448516309
1490530716
313671566
2241400218
2497274412
4854085877
1074916754
397990778
505410336
635478934
97782182
4219311875
3167566834
4393219043
717104048109920256
4886170642
2377631569
704656190475739136
2803913821
3342600166
1599562578
2764770081
737604537490374658
4805891677
4857980391
2520178490
737395361589956608
776367025
703539625537773569
4236584177
703157869042995200
703932212144689152
4739489355
3878904333
565661023
3629616797
3161637466
1599739404
10324632
3817070415
4308377177
26331536
2413910084
76684146
15201203
3820134261
741634472622297088
709943204078948352
541851795
294749416
177584156
1449755377
1225624436
1848671983
742153601372524544
712156468548661248
4433906895
1375631622
737225323415261184
735895154154950656
410322459
1480205558
30051204
4731522134
224183827
1356407618
740284928668106752
3034747479
4756211659
1975814814
2991818337
2909443215
3297050356
718117017153306625
1497123636
457123526
2751990444
3161020437
229437912
3190388565
701020174640619521
3066034287
738316840565362688
3380261283
2186834279
2864458497
1400955523
54266097
567225741
4034890894
2770753891
728739688320774145
396095407
65664359
713431250808283136
727540810372288512
3089815810
4909348120
735934944720097280
1425000152
718174565323640832
1246520911
2866119880
2872304111
100449380
712365246808072192
3711628096
2522828272
289511094
305248807
372086400
348130743
4063985534
4890072615
3298312288
77180390
867189920
115681686
1568492526
4884501977
107229597
14883354
721443280693698560
179556712
4680714752
431309198
2498391473
4866237363
721046621467906048
3135565264
3876731894
4884818511
2356754006
281489352
440361238
725469917844262914
247684341
94215036
888171289
3405505149
4909002009
702200373172428800
703939788294852609
17427729
700512166949089282
4660930233
198128780
719200358573215744
3013595631
4254123791
3266469216
25690056
4924248041
4849239880
210556794
713322236657020928
328484372
2290924114
1125937411
125600441
19644086
2245441478
2979773758
4896094012
4460684428
2950928613
187579804
3110360439
703944949260128256
299210853
415519370
191789666
4717892303
88168692
3018467488
2350913900
1115323879
2298341586
744578856
1463277210
293791698
564055182
577495624
1007914338
929814320
617115150
506452425
748082850
294721975
84259978
764705198
760244798
581437308
752666190
729786589
702922484
706039650
550443246
610426454
626965289
617281395
503739991
199821288
196126228
527263353
580317404
357986822
192614271
535775308
507978519
456563603
447604823
428910519
426893809
423281416
365796401
270558654
277219458
270144865
191538067
265189534
257383771
208039433
164837677
241676571
64702102
183181858
180976244
175852204
144239897
170995643
170370392
69110088
157118936
155822737
155397830
155307808
72316855
29339878
62030047
150284790
48127664
110620103
112262159
106810875
97406587
94467293
42625748
82956656
71213519
79401825
68445039
