1002688512
493097369
4833148215
726121597
3757840816
22552767
453991657
884879492
764506435338268673
764279663040598016
2227779030
3310806370
1114955359
164386441
17260432
496962106
3362289555
154350597
722372035322601472
1090545613
268607705
762176262664323072
1604217788
1662161772
131037538
1635677628
2388064016
592926325
4299284368
3006943505
156005263
2596774856
759574109797904384
2956823595
2440459753
758868343977762820
718233413518540804
2536111699
3412180606
149765791
2895077031
2343737623
705489205904990210
1391350698
3207796485
2972827084
762315240335896576
165841221
313604056
4347642208
48618687
711509269686984704
763110260726960130
759375052882272256
1556367132
467095708
1920694380
213742986
3188409004
2746940134
2499565012
4744232172
3329031779
2320257588
1624209679
142641622
856718436
738134245542002688
266634532
734980022734184448
754049285206007808
264565063
602541225
733290958054363137
1436520596
378632065
550886971
163883335
743145610203832321
723250765666488321
2916993955
3063636825
2288867960
17988306
1446615380
732475084317687808
264405065
495087716
762290549168701440
4720066045
3091734409
4531101323
141976564
2412630853
2985987916
745170672465260544
20753249
2586834118
759311069131239425
438370279
3012634397
2492709546
334430127
4633412716
177527404
748614598216007681
4330951468
628630459
201436130
2160994059
323744580
1471263182
2641993872
191939027
2734347136
292035865
2731925088
444940567
1013374544
2851689504
760789294961360896
731036637094907904
727508636101173248
2823857708
25581002
2613070278
1675231147
759793387834716161
3176679381
557820662
462601250
3382450157
734556026519867393
1040401819
2728623581
760446550212476928
3360626662
847881204
381073861
364223550
4446213928
749549923897606145
2963672675
14986598
374331041
757997400627744772
2217490687
15830958
618834121
1917715891
1963850396
1354697688
1556259871
12014232
380971294
363063169
3094670795
190561615
757335634839236608
591737420
712999726988263424
329263056
199152706
1273170217
1065869268
101817931
493305276
1085678095
3044549271
2305331754
256301954
4433906895
4082130077
4151835616
2149327614
119905272
2512863471
758627050253127680
2964153959
1331026008
1228249628
704969307005063168
4848775169
758502571061440512
758487438931156994
713244282660872192
1428549980
423977954
2349061650
3822031216
139960419
50014086
2305384272
77108562
526569688
19755416
253937917
2563988061
516797208
188162948
3244890898
3093461728
4375571242
377309935
730789144872538113
718509191976120320
212166170
578590553
924485012
54384777
55623038
738706958971195392
725219673172795392
56123341
747432848
1572171775
857804828
1676569332
754325269834588160
714220676354322433
3426557759
2573238288
492240985
2968227363
757506045266784256
4409965949
4389436174
2824210848
291090934
3351917422
139585281
2876761113
1396160526
730571878402772992
2540280492
66629916
4063590502
3436765251
730720588898156544
372524794
306086392
4904131077
756164635137482752
756397265393180672
3078668503
47349812
3438236027
3510553816
755731688089681921
1946279084
741082385748484096
3238458571
740823539654230016
1347947466
1406429635
4450223533
3295706489
357282134
3077997167
4586715734
3389753872
3437737738
2556210408
2734007490
3135376335
1673457223
457029141
767633252
403618249
755578769667227648
36032320
4005375497
3237559850
2940317090
2956676622
550610808
487886430
1944338258
2866855466
147697271
388017575
22826527
2386122563
745898432435462144
4263483313
1519622161
486927177
735013668149137408
459977548
1868119836
25997639
587662105
856574665
557967806
3129782371
1621195915
1583275585
302812806
4914818095
754049814766157828
3389157543
4832017176
830705222
746817623598456832
1262449176
770203729
754319153951944704
302182232
554485198
237422304
2437033617
754381963079876608
43011800
2962365465
3830266522
738597882358439936
752766609178042368
1124779255
1104914118
754033235265413121
615004763
265911390
1359947382
704940933
715952015952723968
4224729994
2873998624
182532310
4076742065
3296117679
65887828
1052934420
434463520
3321592581
4664350462
2545538228
2151598624
2393057683
753200781373894659
395693272
71012905
2337182648
3031599634
311370190
735981320929697792
2438168052
704326161006882816
725436898131501058
752227975517601792
1852363334
3980404815
750702174284476416
751945606235561984
600614581
734271955466080256
388195705
29304563
580041278
730664565353152513
216215783
749748673760731136
401898288
1940230142
750244669519429632
729658508812103681
1061445876
622677158
332434862
1494471559
750493520314691584
717815956853096450
372658255
14649254
711917359410323456
158984672
750014343476027392
2970570763
742721899738828800
107651327
748119655638769664
749437391002271744
57335176
748915773104594944
706071068931395584
2976896483
2796819331
768449706
4304569101
707596534519566336
301613788
161323516
1184349572
249703664
353130070
46157821
211344774
7643822
2989360995
2766959566
7869982
748188367720943616
255380730
748105613838802944
740213777329750017
3950586455
3479556381
3910784247
2734396106
456151541
136319693
717444416143814656
3708036082
620098491
91673645
747114826011385856
736423835658899456
717820719942356994
742417604464152577
738084851094593536
740935255251685376
17782191
2985783561
3879933556
3188480306
2186062965
711317920064925698
3240190259
251800523
378123589
746121519848390657
390343955
75612668
1322467172
409381881
2650357997
738470232721920000
31003434
3007151129
51050029
2188627836
3019385613
1558227372
426992845
149970513
1198838155
735271497334444032
2883103967
388531851
727726985062035457
740812383904538624
1039146655
2870290431
3657743835
1908558662
704635026609147904
1188101502
4714531247
53986589
1012996154
2536419440
740991491003322368
3206051225
744012492146343936
718550672732499968
735127612687831040
184891251
1698706230
38171160
713342533397581824
722451739258003457
741624457048035329
743506056001650688
3166867476
743466007008808960
709980317013172225
3094102506
180959867
239260196
1568785052
3423297976
137163729
212691885
2451211718
729411269036539904
868597310
559398769
712391385370988546
742856614840020992
2987859993
792177979
718573506594791424
282353135
554531942
739249240233250816
4462201876
3298661475
305811736
4808501420
742150862856982528
353255769
742128232582025216
742035674338070528
19981064
741659361571966976
2615991294
383593161
158231391
4885725393
2966327285
4635734316
739015331197243392
741114949414453249
2483712130
2609788878
196530444
490865075
741271883652444160
729821257303265280
262554664
2291764231
726813332670431234
3467280254
599946424
4853364562
738532668971704321
3240272615
701781225430716417
710901247
2580787003
1949920460
2448136214
927290354
4827763229
129316450
729584501857357824
2824584528
2537574258
18583464
2331228284
49592004
731582807277965312
439064573
32789366
100789335
3347226033
16580053
738035764835979265
735693297042104321
716640682425901057
2462035774
2414191840
737442313509691393
733634084744880128
128782304
734525260314337281
184477052
737278089806352384
2197587482
2999939496
1137195830
1601190972
39651447
4845425309
972396618
4049262748
495208916
4192485503
4583436941
4703460018
2487036001
119368219
2360563064
306564400
726458873578663936
295175550
2705078588
112653640
281016231
3087517098
735256126833319936
240384171
3495193365
2347578242
429521274
1381088924
342811401
263260951
231786281
4884663951
1249558998
735404842156490753
701102031394701316
360190971
734570188092362752
733862879628251136
725766627787182080
399875668
4001919197
4343534367
18439997
726320163767746560
717450282096050176
554604102
2964284337
703268860007419904
4201562172
2829428812
175429309
17798031
1372081291
1006220695
2323834254
734076993608790016
250034113
717389316750708736
704274868423028740
564596532
286393664
2487385507
725373619153567744
401574177
2980938244
4872076323
2881695195
2423235167
733047068588158976
730626235680710656
2925893231
1336740169
2568345620
281857908
406784040
732988761483665408
2585417504
729615274291408896
542779946
185204554
1433673721
16248319
3077376802
3448315829
120954131
4427312121
715666133500764160
4605481949
726589128335343616
732033724452212736
3434215918
64591444
1370817422
701251398826983426
2605103118
1867600424
246945876
57125693
459520913
730802587184824320
2313310740
309615033
129863114
2583747290
3054391659
2326328472
730504163608530945
741527929
2718215160
4548749955
574715548
139306561
233053831
741650502
3181032961
723136945031782400
731024392625487872
4715995101
716269216362405888
726856295546949632
3214557274
724954252590899204
3910262614
4395434332
4215914703
729157227630735361
241299186
716271215447515136
720270652955971584
799272060
856536672
710201761160675329
716108117939851264
740459431
1385601228
69919464
407061342
730109333116162048
729797809713598465
376465044
3188049300
3306588124
132845751
1945218524
722109381110734852
4639981427
2921875815
199465313
215423949
2790061536
109115273
715170204456583169
1493267851
723875794284584960
2401966838
1952374177
2919574385
2533206973
2917273804
94118680
419081441
249171657
1529384179
2496032305
249450659
1614081829
313340722
4315493894
136778379
4645907842
2716852787
208083510
277334813
269952004
52340102
543615264
4236806414
728126064346570752
542962969
746524177
4576210399
23433605
4516899917
313055473
728442951693533185
4208257286
716634795380514817
153874480
3012811346
2279396840
2286189025
3291277538
727962561275146241
2873797336
256159701
722471949276995584
723792523274162176
2822882988
487681865
825551054
4651499122
862531255
157422214
350509998
2739292956
319222189
4821963801
460651488
4894794579
708695776831086592
962117257
3383515703
726805328013176832
723512510607826944
723052811781443584
474650259
508289937
17283008
2319049443
201496268
721231589934559232
4464470293
726869113113600000
721819339901374464
3307681498
2634464907
705750285893963776
4128235517
601343719
58001368
3127459311
102475469
4282336455
724087537732448256
3374604119
719086510771810304
383380564
2382825494
4440567683
45185374
4858938772
726357459208671232
1704802272
26642035
2352513506
3406446334
820381303
710506331493560321
3055089382
4906810334
3913528203
726094103260368896
20672657
97033937
726052612395700227
304796190
4241831038
3309484983
261944831
725071490610253824
701092261661163520
2907866171
2687010289
718097734780063746
310433532
716579224505741312
2536562859
3412865163
725723397272047618
725568201300566016
713269503287771136
725344330525884417
2582674747
718134587176665089
3825449758
156656964
719932421102309376
560316053
1210346707
703395040236847104
3896318180
1188166700
3316976666
725092804473540609
724835863432192000
4418510428
4338086056
59578389
36799968
719617517900210177
248653644
435099091
104635681
724623569376960512
118866507
966287864
723453450487488512
2790501222
2323982664
1198812816
4841289484
2294237069
2453830465
1574223188
721790878352695297
723180675109650432
34915251
536641174
723701197585170432
717828787744866304
2521105277
481319936
3405505149
3221178311
717807588352634880
724005379168829440
3006886772
2850280575
85008170
716748714279350274
177767812
982939561
104839561
61621735
186109112
521733249
1639836846
1447334880
538147752
21488683
721412153828204544
3202736795
2493355837
716578854102503424
1367712626
1001050459
705426759987163136
1511712380
863635782
18939092
2873650007
723056873914552320
719604560298434561
716809355606302720
109237155
38523962
2255571352
3762559454
4157441837
714435675047768064
3260702511
722175773377957888
135611825
66061149
4888017034
335185972
3393773163
279410307
704507354935644160
136032478
433677013
128092593
39762375
3357798585
1317094604
722118859554205696
356198874
704112614234857472
2739889669
4712833043
712026537436930048
264981094
597247615
721345543172177920
3124998444
711260269440327680
2272219330
35369817
3893406312
5800582
417746389
2878142896
720206868703023105
706003650934673408
81332101
721224122693332996
160047813
720759451968479232
33846442
327672977
3591814515
716596175298805761
3164547750
262558339
1603871376
720427840873697281
821612640
27812035
346799966
2816336729
25636822
259094749
2918029352
717042825033093120
1459012920
702549669721870336
18382564
3666288737
3426480118
161971690
222294778
4870092732
717795440192782336
3332493113
125137499
15725513
4456278074
720020595111567360
4903923777
4163942146
3091728423
768464834
4917435856
381534440
3524820742
304566630
54300306
3345973101
251831914
3376473117
1312304335
295151013
461720060
718539149653975041
716202020647149568
2424947843
717014607215398912
719560390988980226
3647314583
719034167288324096
4842400348
3385445194
2823730759
2719863232
380703999
99774927
383284523
380679365
2969751515
4277654121
270320632
505100206
701322659330654208
2844182236
704414688705159168
1888202821
1616158050
260576716
21607730
142313596
3976256729
4829064076
1165245818
20805399
4233975208
36935615
715969123570827264
3157003525
525910396
3341502623
20750719
3068790141
2816608066
521975547
718317240223952896
717428626430554112
718447644671090688
580857186
499601213
717483857893859328
3230914433
3394811787
237850360
32609472
718170878593339393
92548542
717974104456867840
264970000
718092930385375232
1576349760
3331835352
355784391
1894005691
3318814952
4472255368
2376980754
241674327
110469678
109345229
263786496
714186387155718144
717508928893030400
585712783
134308931
2813521404
857117095
193631666
3356297872
479803612
2700401366
4710267736
214225051
14861810
716760195729334272
2987494109
4086759376
180433202
717074281658761216
4039092496
562988517
716950383483027456
715173671057375232
3309807320
2232536197
4250952813
209818224
1643672396
2971229502
716639244735881217
716513960145526784
17640231
3093127102
715812807674085377
12792792
256564193
754598448
499013793
336208673
714547098692272128
2189936066
1440375378
17029618
3396431957
1536655843
291831562
1519723458
2911956082
716093235320459265
4371347480
710787192222838784
2660180248
273567679
1920525296
414317772
1655073500
2526588174
2817331186
279872903
320391793
2450800081
2611781262
715102426446106624
3942647969
715412601761624064
2389728948
4445126843
4520787646
715222488695705601
212419876
3099926523
433703320
355847732
3313622928
714934273137053697
4474124001
4859240501
105018761
3095912637
29688572
3283700682
18122537
713784702415585280
746298618
2559891481
2394772772
3039733491
4231637387
116951694
3349751751
4713403349
730363158
53890890
714409013719474176
592386345
4664134095
3687522436
578180487
219947655
2464348691
484950824
119161370
2336776077
56161580
3123424035
1547431790
1511674250
709919172503932929
741355412
4852663881
1931809044
2437852846
4821438604
130186841
2752800019
282359747
3479038641
713604432978685952
713377912041263108
713413920900288514
2921864643
1967682474
702510713387016192
737400630
528243949
735258139
719043164
93876868
2819462915
2896564637
17545469
1297364972
305655418
629585432
840014678
709416900086898688
854677051
17442991
283684650
249774172
4399971317
712353666783518721
712661694103814144
3195763956
4214116529
4077635597
93111391
378266244
1467165913
4276998676
3408851824
719837709
2976130660
538873947
961282621
4680846319
711318346889830400
16209933
702056982
1220993366
1012724688
177209025
1873037726
36854130
710999519178137601
1912550539
51645818
1712377584
1954969387
705427289908113408
291478996
2161774436
160681232
294796440
50790802
25935480
2459714353
4351247854
873988513
276532659
436681226
475812507
710263337226014722
710181568959139844
1600903298
897159042
1335229734
4675876273
3817385475
70837914
122564535
18907301
2392314652
4860932231
594110858
3730595055
2304018650
1654286868
2410929128
738795732
1330871912
628755761
21440866
32727324
708297967204245504
704438969
583816433
199517218
3353727100
205798811
708121348409827328
123980020
38677657
299415684
707752037581246465
527020459
702748626003611648
1800870564
290525222
53567343
706337839475077120
1796082210
706617437672882177
707310484890980352
299859524
1615920542
2396634450
706218693420847109
2295560380
2921471531
1331778433
604104046
2992908243
4285045756
706121118135017472
2220986255
122792143
3352238488
553779413
3422073940
525680804
1626294277
174784115
178415010
705560136979505153
3018147821
3318535859
3082222447
478042067
3120164332
236159644
705842520845107201
4862169304
2850329398
127389106
961662590
182779421
292038088
736241719
143377881
474949437
2603853223
4874192295
2218170768
705451182232375297
458377940
59947704
4696381484
335426737
153034994
3367800809
162927810
2771486542
212316799
2425780527
2523333967
125992697
4010750872
504790756
4568139263
50656394
193900279
704865352828772356
58784259
264900604
111318052
35354684
264436633
462926617
4889059491
2746116951
4924147767
4446466762
2187970621
633808894
4257426827
4504267216
606409399
213055184
703982965437689856
1407463806
2857195695
19379419
440059575
4835935229
4699400563
3437030721
303887115
703016410319032321
4884955833
402011202
3170907307
3083129673
50709869
3054154591
121477706
702940417344589825
700662666872815616
2841481948
946857836
369687947
624975363
2433842988
4925038894
3660393194
15508106
4836015611
2309682624
220692468
39576271
292486992
207325109
590499342
4871351621
4921275256
2841434326
435188759
2987959893
334695879
2588077931
3309110228
2196842512
699972961499947009
91161202
2234813473
2470258831
701008458682867712
701219590592819200
47344403
150374044
4229185393
2363179548
701068235966435328
433800524
97220087
700695112947519489
2953740562
303879595
78869025
2735178584
4893510914
4395717315
3224836960
43384002
4829328731
3381814792
102672485
389029230
2214645408
4427936837
1020342217
3425862484
699261664626135043
4883488773
4905989234
3002081669
2181087470
216863247
4835217472
2562534281
4415998539
4419605002
574811444
3181758881
1292439571
21749967
516478373
544925107
1276148372
2830179367
599521231
267125168
100329692
64169878
3427842173
18087450
204389162
752608976
4349116049
186095782
113047084
1242327625
17726642
163069259
4817613766
2172632484
4830628965
26896141
2903851821
1610310398
4892798470
4892355165
4849588699
4890417724
696887039644561409
4874214045
2886485879
694640599106871296
1868578758
1941723414
3918082169
4888398981
189839741
4877905785
3303593718
4837186018
254576618
2332843521
696328159155916800
2897908473
4801739185
411864884
299927467
4876371244
2223971572
63826204
3388866927
1439099905
4051159373
2543896614
188468190
4872182056
3658822756
3131627301
710278115
3005186345
3296195861
3543212476
3009928088
4857332726
102067046
245507493
2193840750
602378578
4805344229
2309219017
3006484925
4782832148
101413666
4862018841
4665215246
35522900
2762042553
4868510506
123037273
930315194
7950382
40261738
158926744
2822819688
4783008981
4836820387
2857060924
585660162
3154338285
2741552783
3244101544
131873971
4675635350
4863351471
2872661847
58286378
30271796
168930894
4797450681
63145019
4851004732
124913941
507416720
1040868524
3424819073
2936325250
1032587216
3436760511
234530766
1258444693
466490339
4805380938
942649616
3638310498
4851692386
266779150
2435905969
808387
2591260712
122038532
2494112058
2936568541
490797102
3242261656
1957112370
32774989
1463150749
359978222
1458172694
4138211777
197182827
119861739
4811300569
2325590926
228448495
3787710743
753998863
926404434
20944649
1964253824
1251598134
2534387765
4195317388
2511239942
4826453164
2334687678
1055384082
3000372784
2485500560
382304101
56709011
2984160987
884639222
2704217691
2872686400
4350982822
575656595
2444537620
1734308330
3436707555
24813238
4837410478
700800823
2828464867
3131845030
3963577822
1075543993
767625942
156024083
555699085
1289975851
3038655951
4747159529
580978766
3090076017
327326028
16151935
107277912
4829122205
273380014
2248545698
3901338003
4828123174
310401449
3132629257
4783670676
2301948846
4616261774
1010521094
3224562804
2981312501
364033642
2776472635
2662178612
4821935775
2612473498
2686453238
4430929781
90478743
4538576853
3351725236
24411256
487980621
3869727623
2182373862
479389875
3293754308
13116372
4432241847
482338284
97563021
4444725035
3408436755
357870799
518857213
3332619765
25625402
3277116979
2725476366
4799543315
4537921463
493418344
2584692230
4767598217
2966902215
3420037672
111029393
4407086795
2230286439
148291255
2788533749
873259369
2284887222
3408628462
4647583337
1685919620
562762571
3253268577
4609022234
4775898261
3455575513
433509900
4119180687
1367451180
4616055492
2971286339
140641080
119243702
124567136
594739923
1925501515
2361710532
49366012
480752391
2201162858
3145071122
4300080298
3398316035
374715980
1368863274
4703438196
2564784632
4740431843
591986381
2263104476
2798103318
4755489339
46230046
631298697
72635570
341935136
3479359334
115681686
55459257
3840572321
3433727055
545377339
3118413465
2901986755
191301904
2663033660
400579790
1146175190
482133423
1908533748
62010077
54244669
46288579
41866281
461902868
258025056
577460870
821187889
125401643
3480236423
606479797
331532704
4063463235
1710147264
2490127118
4481650821
566430203
885902718
3327317491
2943975532
4720613777
85723075
1939552088
236268927
541465065
2905578772
170749947
4107594814
3393785121
1351360772
88983317
3337295067
563868934
4129893730
3163262536
3412116381
2973680873
4607510357
2876447451
241639739
3300472882
4690516064
3995982263
122674117
1250290753
326709007
4057672269
1904607696
4584020603
4027496903
2924664327
3031192491
78631526
1453702609
102246979
1651671452
3287971497
251146902
3289833693
290509123
2901977337
1174871359
4627379073
2372096470
38515512
4613432961
4030569315
4485118121
421236392
3176992611
4598613268
3391499692
138179169
637335094
3091365436
50882061
3603237917
4500748343
126726637
2779791018
1025644664
18788469
4632132181
1491065210
4363455196
124949619
3581734425
2386927074
2339595207
403712260
529472542
3058623891
4103988195
293150253
3340774863
292872860
4545690862
382296445
603047962
382534543
4523038949
2824024813
3382306972
3844466007
2529994715
983695039
4296397887
1953650886
252145522
3011246728
588746667
2277857480
4486114641
4536478214
1912918034
4540590252
2565820042
65004127
1468979970
4482854175
396911609
4305732323
560713709
225271647
18787733
230465725
275219597
2916905348
79218153
1099674396
4459026029
2478141483
28681426
4300414163
1024684736
67657700
18305815
127389860
1711285056
352278772
4514479214
4478728220
3995685389
4091664921
2557884649
2398306956
166501881
4434011296
3036559105
96451596
183477924
735031304
2255388805
1118171
2705805788
3305242060
3435571330
4506535878
2898745401
1334062393
3410418201
359638684
4411825101
2466086545
2549390509
113084080
21182766
2916239230
91555542
3347159213
69919470
2865423908
4010696086
2797134487
3708976403
4244224572
2430294991
3942526167
189743551
4333062274
109831426
1362949182
4217086613
558873022
362043432
123184926
4341304815
4340916881
82899461
4235957548
1349238858
94907040
18364478
4331733437
4331190377
2361454338
32983561
404990920
45809841
496736029
4320256413
3369584943
4097375938
601179654
4312564288
582171561
196237322
1530715176
29451092
3678458957
3826127710
3389861109
3345355077
3082303119
4265897181
744207572
4260027267
3676335314
2690565732
3305363223
2350946252
4233842423
18426970
4233835275
4166654224
4277438147
3147233617
84217658
24291868
125978659
30231573
472610943
1708943732
4266747879
3298878003
230458767
1105693836
2235067650
373183879
3828646995
598452639
105684821
1077222290
4258704683
858522218
4215440014
4252829524
559888417
6246252
3946258834
4191516527
4240684816
3415266478
3435388533
216629030
2444055547
1571444102
499207389
220983975
398073394
3127465991
26149705
2497402308
596589429
1253205594
2945007994
4204728143
125204823
3107858327
3314950352
2231666462
1961058026
1424768365
2303839887
17394255
137088402
2827080301
3313541435
3815158721
499397940
3895981461
3678005235
3490821375
3175428040
391395218
4208612861
2277519631
97348095
2793237814
567933962
240867878
3969414132
3272261203
1308570774
300827010
3061552896
2265048648
1882834410
17831553
3328823160
378817170
37141133
198080922
139860435
1190249875
2512716611
26976364
396698077
577535723
155665716
397808398
4159194028
93637779
1333468460
4092397685
238237497
789378648
2993346555
252217966
3020241649
1327870124
630379079
4051430367
2976044884
2797913863
2920754547
1458522751
559648837
242003367
458720961
33269486
2808139210
528807413
3599577021
30362443
4177448837
22972326
1253499546
117955028
189256797
3637162696
1413532916
463834204
3417882825
1444014740
3362780892
50763889
4171544002
155128548
3212629523
48531274
788225755
4203467065
4063838783
4166935883
1248208026
2732925971
177728250
3942441676
251219367
387991058
163143738
1252478844
17927880
3151998212
1672450213
114580153
3044932165
401865693
3010492622
3198352106
232002022
4089507852
372759264
1272437244
457851886
4111893917
3231120212
3587389822
4150948065
3469652358
1690921502
712460408
253378980
142415610
2150200928
61062172
589748471
269391673
485505777
4149192322
1720636778
595808345
2694895650
1634960929
3394119802
3608048892
2887368658
2753490355
2192794177
3037958831
3322806670
3402353565
4175569093
2213571951
1924501530
2741558324
2872008271
201079861
486561173
3304430481
3936065297
474522118
4143805925
1694437759
2202478220
4078300373
106279968
585005966
3107344925
162835614
21641427
3813739754
3903958940
2206514929
203185669
3014782713
382410650
2904173992
2987493472
4104867797
3278302538
1948145024
585571672
2870395647
245172192
3684121823
2836304214
3680912252
3308646723
3475298488
3073580007
3997768994
4150181425
3948995117
1926147229
3077811656
16518900
737025547
953564922
2464480735
609231228
3312974652
2746404311
3336698031
2886574744
3311194702
1126801056
2920048708
3010687635
3426100654
367292638
233176052
2971504611
3472261573
2801140221
122393238
2514834238
252870678
2882468736
2765124565
533182355
20812535
508780264
3222808153
2807407659
2340231942
2878675709
2908267847
2339850401
192677468
93085095
301822903
2411607831
732536311
1305130988
69080516
2372299843
4116208211
18326953
4032277961
3305445513
3198017812
4002452313
59785531
2782936939
3005968997
4113233717
2942323255
2805618968
1954650488
3983047553
2807511856
2778721921
4111443717
620955813
2221645249
2543875482
1965457579
3039231293
58785601
3107027765
125734612
1588940017
3323933894
21146228
193956724
121190725
3207574312
127222311
4100251395
3184644938
21095053
435712899
4089189983
86595709
462108141
2547889467
19090892
2181094165
3918818657
280214073
880426322
213553986
4089986849
3789554176
211907847
138912349
549987460
20590436
207484549
4078780760
2981417529
3150313712
280429962
2343866784
4042053795
460633216
2925070311
494209874
3098707774
3381679853
3144977914
37515801
3383823959
4048511293
197657553
1262836190
32756912
598277881
272540137
3643408947
3705997102
26037739
149797759
2704655150
1688303834
186183140
3988185084
3307446309
1484891485
2990330538
25230984
129270661
424711422
47627386
570229143
2523685068
1566844316
4040719708
3970186702
3494962467
3428925028
1189008036
467886509
3305616953
3905066969
2197456512
541673925
565154191
4001301443
121306307
4030414684
4029957851
37781634
137208470
2917797668
1894688462
471215105
3948066614
2470439072
3331785083
3535670969
502198861
43561403
127694693
2920038271
14678279
476642851
1661641590
2449449464
1318725050
394183539
2201198069
1245276818
1057211
137687327
3872418857
229316244
144093827
271488276
119179203
459792430
3996653860
1169389176
2917079770
2715177395
558914542
3974140786
137519934
358344694
3036157654
19562970
560354232
125326190
3982649999
32671625
2271835561
2290600011
213324896
3235908223
281497981
249930632
1582676851
405250123
3092194948
369257754
3429656321
291254327
159301876
3078390471
2243751272
223382695
3959385315
301058376
3952111157
349532319
3396485823
183807205
3885621983
3605109916
3335539719
110315670
315517829
837053136
3580491795
3317733095
1558664252
570261335
3115927369
394278532
2651505366
2961936958
3432963269
823030158
347192135
117385091
2829020795
2864764397
3937663467
1320744625
2902057778
360170003
587395486
263718682
919860212
50836899
1976281350
177409136
376825065
1026976202
1336656421
498477928
3294933957
537450947
187602221
2736274884
3920838209
454618588
3792290725
2204002285
2468237604
3494997732
1120255921
1149095756
1249546686
400951233
983711234
57766779
2275137096
2954593929
719959671
2973398614
48391026
487657019
3884923283
587830547
803578933
1895992122
1629803222
2570827794
2937188752
3806869767
2945750435
2853902782
121306346
1590737970
1854262651
40736486
3329728258
1249603178
3358197820
3772421655
3188604401
2323859273
3060029618
2875893664
711625628
343507680
431087034
140509785
623058549
2172643549
89635115
3192510739
2785397830
3774471615
1152656340
3400100609
2159897706
105335024
2419200571
234872431
1011764942
2964836938
309874805
2985897154
1605744104
3731710032
3472067174
3505441818
73278102
87691660
3668191635
720335136
57780941
3014436959
555116944
2697712520
196721385
226919863
856424041
282148089
3823922595
3823672805
3710648845
3282700560
316270727
2801179161
3431679310
3478455195
2752071501
3719566273
3112103710
119730142
3740009721
2895246664
2732721720
1590990140
719600372
555395009
1286248532
3032780110
3786262521
3785330188
53385799
3780786976
2398354726
1209365148
421801052
2702986498
2811732331
759727044
415920804
1834262755
2938975939
438800774
230776022
2761225869
3392214868
2623640399
187168499
2657134070
3419026804
3092443319
3087008288
2438998560
3380458949
601239899
329847629
2318811627
2495552270
310283502
310313006
2888257283
3633814408
1829303797
2715992263
3503657956
3733642162
88010998
633083426
2850850752
250138462
1089151836
26932777
3718821203
3435319306
2897106316
3395383307
2148015337
818557620
18065828
560507396
103657845
582912192
270897796
2318825218
2992993689
3130923827
3612589156
3299383081
312430468
176936398
2690084487
863009586
39286260
2825289974
2890135187
127473572
632870513
3227524087
2564140818
3240163356
1913410831
331238137
3577417229
485115603
2705904385
2182414638
381142106
2289791888
2692977458
3114397175
230030801
204958039
2551175226
2864693541
2258957347
2863059508
3140022599
22845410
303394568
2769437587
323943381
630607837
84148841
1340135869
738465409
312641499
3411120310
2199524000
2721381986
604619919
2559444493
3176381915
24404437
942454994
3292612292
1643909461
567659315
2379344640
171761906
3625462335
3146138241
2929234738
3436177624
3309721344
3243836962
1586592853
3288580202
258091499
2763816967
833324251
3301619366
580524050
851798726
3408748949
49050069
634516933
892229460
3554003356
3582611602
3517503064
3183945707
3578717895
809399268
3435951953
594118742
3433765144
50386536
620113347
386254929
562159372
53911127
3008620010
3560066176
1253050310
282737088
1307789166
583543380
1467100110
3318420526
2525312984
987340878
252905412
1498388114
356514158
165100373
215581580
962928998
17216565
2300108336
2931327899
701986731
262254309
630567105
1902915931
278055367
2212971405
720845822
3318082440
1645121688
2905540594
600778606
90895650
3290075944
3253749168
14895970
750536210
507073334
2766768008
556348830
84704680
3422992605
88210310
564772950
3064955985
3198944409
3089981693
3088079387
3439034097
901537399
3297508715
1186671962
2377947056
282149727
3434554150
2934258478
20528789
44320256
796793461
194645592
621453243
293036112
1532341970
426723697
124829064
108078714
3179167150
125401949
1913054058
56223872
3403199819
574093000
125049715
1115212932
2405123515
3087675507
52239132
585990326
82806216
74458316
2975160689
1478463188
3092543608
2654907324
3210283114
355841382
2519348373
2407566750
3392750777
3342350091
2333237990
111486617
481644055
14297863
3305449985
2787788445
801795853
240257055
3333857524
2363081180
3349088481
3310058166
3318230085
2300655132
2931812780
91277426
315238678
123926189
508142417
106411990
2688989568
2433366651
3396343203
240181436
3300580472
842581903
3092888967
2176970772
2157417348
2957230342
3306932239
3020537982
3376749226
3397572508
3101985905
112970794
3055659682
827430223
2922367381
73273499
3182178367
104667201
999631196
24523347
2943526927
143520518
3259528156
500391228
3291078703
3398811022
2880038615
1641591187
948802081
2920715885
137693127
3380772891
3358654444
1263468025
705395447
3399644603
3254914312
965435695
457006249
2192705582
3129219250
3399173345
3397993961
280110293
3397726047
303792250
452774464
703560140
246355564
3394172711
2430086715
751694257
80632798
3025416359
3391724939
312138136
192618107
3356795013
3025756229
3296817384
3276999588
3357402153
3367560268
3094638239
3291247782
183937564
1532530435
2340701115
3375216087
2559460920
70453455
705873627
172005235
1031376103
3295735883
194975496
434259718
104674131
3158893823
484372796
3386014101
3285721662
169997085
2968315570
721709616
2162744403
163861697
1395457946
300755895
3169257024
799037858
1709291630
496119009
2839053112
2853334021
3064946405
739027538
576549189
49518404
3180820880
188367633
375644393
454175441
290683608
35324599
2331102907
1247415758
3351794403
3277032476
182435281
282129994
3332611198
3371774038
2329229700
2283405374
548071834
3369784264
2951137785
142842393
2516573688
1638684612
2774851390
745950049
3243914415
3015168581
1368263742
267449695
3371145508
3369815230
881995380
3369590213
69710736
118885688
259762338
2741758937
3342553762
2148954592
3366233103
3364173334
378245527
197607704
187408180
3364699785
582475407
121196357
2291365525
537583757
3363462214
3255205745
850323991
1698280890
87031170
1257671454
2638902620
833625493
197040659
3360579215
2377179667
3268933549
3233205543
2999635392
768217681
2472026007
2202380756
2184318222
3342316995
743172212
12874852
2224763370
3331605340
1543895816
1853887302
839100079
3305503840
584929920
127852347
3353830456
920020159
928120560
2821282415
1471003279
1410723450
306732505
202382634
216654508
1255773595
19068720
3350426285
153160988
3320934585
3349681683
3025751818
3258821660
328230356
3248449616
3253001794
3314049322
1094541222
3250011614
589667177
2385538538
781224246
3234098600
234470696
1262792839
16782604
3342907018
448336938
47336979
145892003
2963970350
1147702358
2705031775
132121530
2294941328
413485685
1656825386
3097322220
3254520295
33828800
125993371
608469433
3211168833
212015820
629672014
1694425855
3342057729
3248133962
3342264135
3165481786
3341509889
1411655360
720237278
2259765408
3340094884
16473793
2411600863
161871121
2198702797
363839354
149477323
2703354577
265734096
84642200
2922747525
1327786555
1591290853
48320268
425882409
33991831
15212700
67254645
169484874
3305130982
2285681216
1048144502
1679297863
2861862076
3295276473
2295217322
756663138
3250253887
82721258
102770707
746950860
468188253
793594320
141371370
776012142
3082932069
484999518
2499276548
2172267510
9843782
289579514
793891590
2870376958
172566006
730735664
1120186334
389841834
2829694630
320789821
2990307364
2451449478
2174422944
64367632
3333070827
1477544401
3249567109
2997762248
1963306885
2239616394
2546303992
3249165638
541080194
279872608
255290925
1730362255
27213810
219375047
738634158
3329915807
2779074806
3071937514
590179403
865196132
69852272
96747030
268959985
15543641
3244764056
319021110
561508760
347205531
15213469
874716878
263359642
3325583787
1273183056
2934042384
371640398
2921279939
3300249191
719405994
222333554
1573858520
2982362590
277120302
2527175636
2646453578
1377078668
32745938
141315474
628135521
1738724533
69493520
34348732
103683047
42794977
836381360
545529094
2646862058
440229235
3043811160
259930334
79363749
116514634
2457304589
20752106
575486192
3231980093
291612075
2984378246
464014396
1979399923
1639051908
205626926
318499708
3194587850
262328575
299840865
3310218616
307746606
1849378134
389174099
2768547553
3309245049
3197736936
36346533
3307198563
3293147813
491567467
2866736417
83949431
768306276
1352250620
322638454
2421056659
2460764006
24436600
3142075631
3306636964
3306541613
242922360
381919729
1969630836
1202918916
307572043
185445642
2437662536
14993272
2981029871
82227090
326759185
548665987
2751366099
1051960560
1432736605
3240451487
3258269056
1660247222
1180515918
131800972
2975360088
1214042917
1600302416
252504967
36832842
524610484
1897219140
250879924
31999403
120961179
2331687192
2283285965
503873696
3056689301
784280640
3223718119
332792979
120115370
211259621
3060504546
2814259490
624036196
952046245
3299791077
458103348
729696848
187871633
271995115
3294244131
2612068104
3010841003
2890098342
164353291
601417118
3189619742
432294867
1265443165
2720124552
3015024748
2567671489
2727057961
2387461947
196342852
358905141
2920310998
2354054062
125730768
96752967
3045232990
3045250090
150586604
2995096992
172359524
76700929
2799047290
421272959
187848138
3110577513
186838823
1952857542
148363156
2977009146
1561264778
282592520
211539788
2513675438
255597496
2344262454
2325887071
258689252
2753488092
2835941969
116716116
516189896
2712843944
3288711425
157257876
160410236
433116679
705746162
23813710
1379286793
2890951797
2940046803
134159990
2508909686
1055761939
249189689
1187900628
35883558
563136381
434193645
858132122
569903813
1176761137
126492506
536067354
313840834
2802972853
2389990893
3005715809
99740489
3138338070
464022153
21874034
17572998
2544340879
580276142
799916456
413132646
2908394842
1423699669
218304857
144578187
3254421951
3248862623
134924383
2924209379
1110577860
812146754
3210751991
1952542945
483680843
3241241217
1279977036
344434696
2883098746
94094764
446506935
2515041367
280052113
131317072
451195574
411872256
476942685
39523927
2730143978
29829354
84698236
3125467587
55889596
1601619937
1445123090
3002187119
1627659913
818751542
204538077
2751796116
2729135171
531390195
59813457
805015070
600345877
2886226879
1934583223
361734359
2821226801
843252474
2803834819
2178850053
3225375825
3199522205
105523496
228208649
265426138
3234862179
547864562
1321421738
1692601904
95566616
2675184187
438419068
2508321132
1974027049
286314305
626004811
3063715800
149334529
1151476873
3219366700
2875820104
210299066
3044365173
279818280
155629527
69335115
16707283
360613362
1275040147
56038149
112358253
1242637597
3047416168
15227440
3180706944
557289715
3200830029
389524877
2575305639
363437660
221214627
3097294312
1691051706
25999142
3198181893
2580369791
2256372797
2451467761
3187053220
2289890251
194179640
28812824
3060235639
348353162
861806923
36295559
937367178
259689332
2867018512
211409102
327533737
1661057148
102711705
18082945
3124194201
403487808
3136851458
21300871
2815723718
2595366655
37877645
2852645840
17070787
522540734
20501583
189770284
116766949
2267151265
855030018
121208464
2384273407
1489703012
22643768
15274836
1096474710
2684891533
454246641
778714123
1547710867
2281454633
884808674
140963984
3195157467
243792878
2781359671
754152385
775244426
78827615
2904929804
338287901
2264783604
871789290
221210313
42346547
930971918
3128186840
105899470
2571178472
2984834919
78414439
2335328952
239889215
3142286055
2992951515
3092390949
309715490
20228233
3154270023
1196531330
219937434
1240361875
305300103
387952621
3117245096
2838602591
3126262415
232984890
225425911
2420150498
120093200
2484311226
33610187
2857932291
22411342
1909909705
2710620409
3085660931
3065955129
1239426846
3000945173
2454902866
224461782
260333618
2964868985
17327882
522325755
2791910738
1513289635
1238960317
3091430482
636187016
3122520832
2457188840
432087190
2981474962
2858722642
2242304686
3160565602
2909675360
81383399
388454092
129319695
346651271
139587748
2497016300
27460089
1544211961
606412878
2713192609
26991134
1027408974
310870549
787300813
3139480161
110328981
3154712271
3148569738
217533546
3122187911
285804058
3153231689
159049037
446228264
856833674
2196084537
174024445
2486303658
2807682921
298903520
2894608378
2968326713
2980284152
198341554
2871415304
2891400481
2384126840
41153837
2868240428
911550079
214151426
444282053
1096369730
538525986
413283263
1604605411
3017725200
2765166641
1619153384
219179445
2864943557
110771676
2864449080
1490882442
14640553
767464566
2778675109
2862555025
2380746024
2874620038
2493848480
58751839
221964074
3142562379
77040973
565687935
3029390492
45289506
330509973
2765680498
2402637794
2848598255
2543599730
2861842971
1886108216
136102085
2543383118
2354391218
3106245687
2533378963
996309877
2889338488
25478329
129746541
2481600249
1871572418
2844197165
2341820922
2479551114
2448203138
885861745
1610982787
564175247
2421454984
545463622
2976764061
88009536
2416070556
3045435346
111998965
354355138
2942277155
1558861508
2909464095
2586576609
111629772
1945435921
2995187879
15257975
30176508
483176864
373474887
332132826
300277565
20434591
31945778
2855366085
252168616
469385684
3001472331
405386963
17907265
3119390070
2534533739
1141224980
3106021092
13172382
3108369949
317058859
1273952094
2191991971
2700847994
316579605
309468702
2856805796
3029728666
3122756856
3130229271
2310221760
339206441
330641128
478109062
123438179
131911943
204392904
2814293471
2879506720
2503816583
3068600603
2279285024
2332135842
28207516
600533780
3119508963
298602588
16981517
88431571
2382906458
89419593
2819215089
1572577698
45167431
439344455
150991194
565342298
98045874
487198659
91121377
248556696
2981258429
89382105
3126473259
2150009990
3052986459
1193291006
482457738
3114786567
1464332714
2875679335
2812591454
197327126
115461582
2499467670
19417197
5505302
54620194
1461262015
2991948728
2294638416
1898812682
2778608971
392485820
199264080
307954195
338213773
2801592648
5872202
574164459
3112703026
608490926
197210383
2984772889
1611477224
1011525038
2862364198
345621232
481712762
248922559
205831539
2896303295
454138980
481181630
836414624
1314970866
274295451
981234032
14114324
621498642
100053849
3109700661
381252633
43301934
324551259
3033371206
2867935546
1084793857
1445023730
3013562260
337272764
191156816
3093210343
3043780306
3117298389
533356286
1629678848
2952332346
405618068
3052162704
1561987394
3115685236
280269477
2888945236
266197175
44341805
1098513391
2917567227
2613143381
565451024
3112653155
561487219
2446267616
1886425507
2161697214
467581563
321391715
178747320
2160893085
284230150
2910592363
2367687655
3109094578
272175633
276018805
3108029423
3105142789
3050242134
756256903
563011390
191299298
3106513540
187050975
169524689
3103910231
211059131
3099269632
2193582880
3105091029
26877811
302881437
2981023737
1270080493
262012950
2874198561
193277715
391350965
262099134
26155941
2970531250
1244199164
3100452427
504526131
3041503553
176540776
596050595
75329725
2344405855
3095461983
3053109217
3082900265
3092178447
3098614454
2561145520
2430564295
601485507
419926874
2961172179
907240399
3026067172
2748663429
2991668791
14517394
3024746257
2841872462
88846517
197197609
3013210321
3085379379
17572951
2988558315
128371752
205687130
497105606
2682248161
3081016032
366093742
197046996
2481124410
3053103551
124544395
99087318
3082960516
612804939
2304920478
1335599095
1066176374
2770248633
2820655248
3070600039
887419044
2928825843
3079388229
488711495
2737431147
447011729
96187678
3011263811
3077982747
139712323
3035293869
3071234075
590552156
3068925717
2991058426
599355584
2274194791
3060810512
3063923205
2476764818
3018973419
351637180
494230237
86334652
2272143925
240302566
3048501990
265469690
601491178
438133606
737406860
3064797525
161552398
2926152772
3002378477
577064675
952702069
1230901662
3046318183
2220234050
3064299112
2970686356
119133103
276404085
3062832639
84927431
24151954
2989124976
1584413167
2909969334
1895725999
2700342830
2911479561
459796635
1536651222
1439150443
141366945
319324615
3039301889
2803056173
3024619958
2573627949
3015969750
94307430
2996315549
3016286937
3039590164
292140609
2907936991
1631405676
868305474
2922226797
2957764177
3013025381
44829235
54643193
3010922871
200658177
2531654441
3018758056
3022397842
3021585747
3003096526
1326142200
2926973358
1069351
186259230
3016211289
3015865348
3004415433
701029423
2570769159
1373016955
3008569748
272953192
2990890233
1556105180
2993497894
180574681
3007364857
19489239
159455138
135369519
518744362
14446885
2995077123
434331924
42960691
2979111233
77043781
215789761
761175936
2974947419
3003790711
3003032159
2999296788
3003213628
506466080
466854709
3003875787
2975602527
2827955748
2858913759
3002425264
2954040579
3002237355
187381503
2996250970
2972213279
586038013
965592506
2955479851
2225455051
2155844806
110529795
2999273307
2998902807
2998942841
2328757740
2935035216
2806666007
2929155626
902404772
260759753
2994040178
2845710837
346354732
51902819
2990114246
2980266451
1206064758
543509437
2966219439
2980380245
2979076271
2984177661
2962517740
2320936527
2985065452
2985021507
2477494991
2987703674
2875978933
2526588023
2932542705
509217051
2982602981
2984083979
1400078587
1859165214
569821183
2975554166
144185179
2958383843
866504532
733617661
2951715976
2980873408
2957472518
2557307490
1169030191
2977501960
2979123543
2975297262
53090314
1362646807
2978093251
2707322102
2976218615
2942650005
2978683627
2318609959
25276990
621550517
2896421597
2503412734
233344885
769708879
240753648
23818224
122208260
2975085846
22803164
2968236437
2941782088
2946897107
2972321751
607984784
745184742
2970236046
211154075
416370934
13354942
2960178347
1133913348
2969989713
630755937
29973952
1094226768
615038179
2951537478
193613246
237781463
2969004149
2962310427
2933965714
2958072302
2831577442
146425300
1329771756
724333250
2891555988
400806323
810499664
2961294299
2227567378
34635677
119328573
1709516838
244337006
2962541333
2913265164
28167824
387474868
2295176990
15088481
2878958733
1081692109
2771221707
18031710
2805660571
144686669
2837816134
2837699681
2784537678
2837392599
634176694
2959414145
366687411
88084053
2915566217
1096758907
2953712999
2381114838
1684394592
2959366479
527983258
790774087
2458051544
2937759716
2576962592
2958461806
542554677
2417338224
2947330748
36310660
998328097
2955440000
2955874205
2952233001
2951202981
2898684429
2954057121
2728555263
2954128576
2938816443
2800741820
2941668161
2924243711
309981808
2947758027
65760868
2951289721
2947841303
359539964
2721517722
263036313
172081908
429786003
456716891
2948096789
200008838
119413988
710899142
214134405
2918928400
2916691063
2913658625
2945175688
763929312
12975572
518615888
1030880575
2844241355
1971989420
2832134086
225923800
2942693398
281121545
2940073419
866219268
2579436109
795942570
2940310934
2929036168
83645743
1605703291
442749001
2938785484
1975310166
2345840473
2937695586
187893930
103465108
2940317450
91942071
2919017999
156214500
323918881
2936537145
201269595
596621961
2433011244
2715586658
16274410
35767916
97383592
2757159711
197594604
499391199
2934195047
701858228
38804737
2936673884
2936694799
2391749424
948830641
479185319
130845427
2890373743
1583193085
1358211684
2279192944
2870567902
2278095191
1418619889
2550505603
2883295739
2924637731
2918956535
78233046
2924250538
2894911329
2915556993
2917994568
2918697045
2837376664
1749081452
2912777129
2906686617
957260652
2927903126
1491270944
228889057
831073214
95287130
2915697365
1316959200
437774410
2439037039
2165589925
2900989639
2894545293
1456621334
2843653551
2857642565
76919759
1677669170
2923401757
2912079623
2880083290
2911941736
1361639090
2905864073
1048547617
2468378173
2907041902
198828689
854521897
779520102
2908656569
218709901
406456821
767555100
109329733
432997749
567383847
1398205074
2882797129
2437600770
2905797443
21758602
2558516388
2918189468
2918157469
146500251
2261146112
2917162874
582399858
2387026132
2387669041
2900975263
1196826841
2886505461
47239079
2901844325
25849426
2811653059
1177064514
2900735415
2492806256
1316782916
2871160951
954470276
2905702932
2913202111
306903323
2363846641
2895503842
2895211605
197447571
525719842
247278450
2880507449
707250541
2909586336
2839506966
2911389594
562017598
254160554
2731391166
19456878
726142597
2886985786
2305257338
1693645183
1209676766
292032560
170346943
2907731472
153548163
2820086402
2907757728
602340097
2879427502
2165989039
2906680819
2887216011
632644685
49081015
2375960516
451818868
100080206
1463246366
461996902
116623779
437977910
236898676
564783734
2883764848
1947726078
1947743676
2412924966
2882054710
131569007
2901872648
847072513
2879106287
115587493
2288632549
624251929
491332879
946449541
2587749168
2878041011
2738352807
1726068409
591947238
2872326349
2766458050
2865313239
2849917239
124566630
2869479915
2866171444
2448160640
488846355
1705671324
125834480
794606684
65694341
1069220179
2852393806
2857690331
314576923
2848325709
235103441
2454843881
200637702
2250201780
2864151910
29531651
455099921
161601004
30607214
17078020
769440602
1092188078
2861153745
126035646
2848542250
299992299
2278707656
2806040094
2493530304
2340507782
280155222
106286406
2885533500
36867139
2848476130
236464238
359174134
818553481
440195646
33249897
476375903
2844686716
112347692
30407580
2844652642
341190477
15191814
1486600831
212927060
1358484829
195049872
218766057
468982048
2528015376
120332807
2583375965
2531859438
240365959
222669008
2693735376
2276437316
400518302
2840056790
2828430387
2853876284
2823648982
2821622757
1325655541
2202681200
2220202527
2789256587
2367574585
2366321498
2429511272
726344857
282189177
2784043980
2342272124
2388845532
581909076
92043022
18906599
2468598823
905122213
286920267
2830099088
816248426
2824592972
215868570
2817876204
2420116397
2637950949
572619747
2446024945
524225520
140162884
2808725700
1216447429
2314606470
1857839035
2647889549
2795361954
2793822848
296189450
590470531
2777477594
1929383791
112048525
2402117734
2690168336
2752784274
210982320
2685542187
134327928
2235365709
2735509483
2733362838
586631682
541044162
2727474620
303334950
161649196
2529343500
278588978
2303000922
2615407218
2696228203
1467360804
2680434122
323301211
97168745
161423733
2726982221
150813252
2178524253
266107063
275560424
475302173
105540799
2316298010
40476087
210326336
2680731829
1077425371
301529776
261302832
2611824811
2168557789
127358469
1385714365
774767778
124026099
1636329397
2400428302
2615163788
1537154215
1043681804
129548374
2506102098
180585444
105380618
562083805
271136094
2419035122
2237421
136057201
29446365
449871615
2374311686
283256873
445764840
2603877062
100791867
354937644
16285547
2481055116
2567617520
785020580
2570463258
104372498
591524523
148649446
265645925
1306712016
1574168935
102106549
2578982348
779113891
602059258
54034509
437096664
2576320009
49390998
2621575413
2570098444
1683850694
95701024
99516220
812952302
303843480
2566988330
71413673
2521390681
2270870356
562350417
516689770
550033660
2441430775
2169893376
94708802
782902824
1376559530
549678132
557290752
894076381
584460186
143526150
980895127
1244879569
2529247656
1033274881
1709149176
2305401552
416834694
607450110
2231994073
2409793964
194487525
2460307406
2324516467
176819223
706148310
1705237747
29453340
48350950
747064303
1705130286
126951456
279335325
401369106
1049050346
236973088
165988348
375915679
2494815974
566631096
2462609476
342132083
1714180592
325622029
998131099
372881189
2445585186
2307159506
337916417
1111036008
304108789
2355077437
108922384
2432737164
29977884
744377102
1965776280
2487832428
2478811840
466982223
90530589
145411321
1962873992
216464351
992490127
2307595789
183734792
847395572
588689282
55046805
417369472
2205082088
592030817
1915890864
437066979
206692072
2463582571
775883780
781288543
60039822
1254652568
579408761
159142010
42962226
2387040202
2414819226
206057649
2433251321
264597089
2389660093
366166311
2228881465
158803306
1717716721
195433413
854016014
145008249
1380167695
1164339799
2407441478
312300104
2154971714
600234980
281655311
186107681
721298389
795204403
321330514
105975090
446487881
38722730
2377760095
267266588
2425828533
472973229
380518308
2329449698
2236735195
180412652
2212712047
244804542
300003605
153604580
2422981688
1166027239
2432531340
105112820
350593129
214876856
51310797
295999470
104575814
540370301
1115822845
496626318
185434527
110858224
564477045
2239829258
989456820
40501327
562920500
2426109342
41706307
2301508356
587684738
970143204
2414208726
1601858551
342679698
731702160
876911286
423914079
916935572
131908745
140160315
65464321
2276599724
566011485
1689075116
21835667
2463532041
2298628156
103554125
632384970
2428922034
1268197814
1183765633
94045996
125381888
382392656
292056399
48598825
43092557
218574946
421395020
258133411
29891001
15524727
109401967
2298479635
255060781
856712544
114837847
2382402638
2427547683
471665790
183383354
98549552
87608180
97449013
729039937
16751309
497095516
181877651
910796846
2397810996
2374450669
442248020
216690332
598308464
235764579
1443811382
338067392
1589846911
243903847
159122274
2414889510
228074080
2400000572
736027538
2416374809
143427300
82406624
563243055
768392971
211682347
18882151
270318691
131359705
197728967
733101181
2317840008
2357278590
259067553
374784294
261816707
2420004888
247922778
305026687
634278354
583425005
398921685
2240675352
135973567
1090089061
91824804
312173959
297740514
2397842254
92821882
11176062
285458500
2364489506
276699828
481383524
1608832026
252980195
729125791
154622919
52915676
257591333
124958317
951092832
136335769
539398544
597511339
794850709
590744566
442774559
78491257
380042015
236141592
792042912
2403281177
604163409
476482245
445717820
144244381
524990378
151085706
57964467
615662470
230297303
91587242
17176782
59096084
87510583
549801642
1252503378
17190500
2393358972
715263901
283279357
1014532957
239939453
18399014
1270144598
892064864
1244981671
479088229
228354250
2362086019
767294982
793947582
1964979596
403880989
2279511624
292410709
360147751
387944239
890315520
787043311
862305878
729741144
569206564
513670458
1000767104
44611205
280189836
47195230
127677963
2359498759
106904441
2196454080
2267481252
985345664
139583003
2382878384
561518104
2174765248
559023147
162806856
135550634
2215019082
213736398
2410344827
2387778624
210965449
1650216894
138516781
551264782
135970260
187584322
1288849112
2377181420
1728878305
536588279
2240581196
249389570
2352641534
1324491847
134207177
394416568
231896440
2266840683
469786238
195004331
215615038
1494324240
2181232200
2281003988
257989330
363697539
2168928247
560179741
125857102
219420060
15891178
139879475
122200333
1612854702
2360049343
905262384
1684060152
1408862610
70692103
723365604
613383840
63300433
485922649
258230344
177924755
1080928620
292626365
429401269
629686623
18400162
1670951010
41859136
49139222
182697305
588827677
127988110
2352435511
2362767867
2266818471
261358085
1870123052
257747742
376979679
577168292
769860277
2302301750
303541785
604092867
1131367668
387014084
618457245
98693012
831825211
805411297
455669701
229570590
878749538
420715263
598747079
289104027
2165765777
73475798
580039155
268204927
2253036493
73295683
1950611905
1170136100
871044362
161748431
232953988
1971444674
138005011
128546898
292333937
205955925
731713555
745803631
414821587
1850048300
908372892
1896169280
217918971
588042047
1416423090
1446084228
1631539074
126667099
121920737
1483407704
292524777
634326865
170732715
382928104
34246019
205972418
19531491
785902986
235810276
231564733
317932523
137892173
279494707
506283736
249260172
1610818178
633211148
196593377
777958170
266719414
176031977
92642197
1353125089
91377612
284131433
1661014088
324073921
203613388
1671082975
1881086250
586123051
217251219
1938084678
1422020732
470818104
132541849
1709677040
138972162
26262426
738588553
1412784810
1923178340
315429080
739044744
221616572
365747318
276093811
377139026
876722880
17413937
1909111470
517723947
596057745
362760752
279810896
782860482
116135875
133833793
156112012
164165092
549311574
552623190
428436748
1129472396
315772089
15837450
568720577
577675976
1865924642
1390503390
49989431
480264808
1880496517
913553364
140594482
1072811406
922466882
218240563
531546807
314975721
1269708242
508923683
1187158867
732093001
590556677
6979902
404357583
306305003
291377487
737163020
392401270
1397725352
167239380
333810583
337890419
236657074
599677550
499122867
585251300
272481978
481592624
136432322
245375845
128555815
1032849138
292219604
229289841
90511247
1325758016
979328672
187620604
970588314
30865327
100584854
108277568
261951935
18807262
78821178
46271184
292100985
383435629
56810215
224483674
536932398
355376282
844605510
609398875
388004248
350621340
361881477
251150635
350259740
159268973
583530254
1563936674
542729248
575904172
91708594
1583291466
291878014
583608435
139580070
17230777
412976988
582323760
465389057
152879898
408781571
711009782
1494434815
149691785
307757179
284210999
1011894408
1296385219
118878145
1061473003
295402999
125528165
95982820
33756927
263178379
717380948
78758957
221491584
154862917
161758083
305768366
583427140
122953104
586921010
552240365
283596167
132672853
20252392
1516647926
270063798
