735832062
513848066
758904203058130944
2390582370
2878671064
302922819
606412878
713975986681982976
503148350
761037417944002561
352318494
1262776610
4698477296
755808822506041344
706975840400052228
413081361
602267787
475529635
265197860
770119177596272640
760797919054364673
2585034816
1097852275
1921434373
22845791
769266771463372800
95468980
85219527
47554499
244104169
47630337
4716757947
3438874156
2486120797
2718239093
28931314
1132823768
752936205696643072
164619471
720363832384749568
739445559120003073
2995751217
731549038646984704
1433427858
757665483952762880
42946422
318582223
2288632549
243547815
3649606337
289984446
19607639
709101197391745024
18311141
532642459
50458131
4011295732
759511561648140288
747742315226112000
745238107952414720
769447849419497473
769422505643614208
351198392
2736359780
737817968810164227
742020072365903872
4833128677
2344309998
1276323386
750417608491446272
329918977
4720175957
702169748621004800
2646790230
343913791
365891102
746562005214109696
763495513375117312
244783412
19020248
2274942961
25423508
768527844179865601
1734949104
3249367299
563136381
33149044
30818582
75398827
729544241995759616
97689765
1468900753
757696715902242816
745640036176060416
869233231
608485801
718307100858970112
243209173
67364035
1594051610
569485011
392531328
703667249987592192
28847899
732447591770640384
767549684541825024
767519711890255872
3743652503
3165491177
761046271880671236
2648943034
3407205209
4885148617
766578845159796736
763952992131256320
47714715
165938084
1723193484
139910170
71148727
2213667660
757075431766056964
745850287756288001
23976626
748338668738273280
16571786
732515283902943232
733247737521541120
766294750769057792
4322038293
179740261
4851966645
116048117
3229506722
4617268032
4302395439
725469756061564928
22796565
758250899105914880
763743962897141762
78201720
279332844
755393532333068288
755807548570087424
757683750918430721
297447292
557492113
4795416078
1962117602
1715111100
764768269186326528
39523664
2608608055
759500976755703808
26348896
342864274
4686202393
38225778
4918353673
2604671377
857205728
764221649973551104
764193219491999744
118795960
2844693572
197459124
716163320219348992
538137955
14541364
751466597420822528
14871417
803647670
755621362757087232
726302922372313088
4235026421
761439273077780482
201942202
4662630175
18874834
4084761651
28277980
4188375983
450801950
2653568331
726202801299161089
746431706706522113
16468815
738356326904922113
2663383536
917284339
580130219
2792672981
70499835
716371621380890624
1529135160
756777951832584192
266378369
478151814
761700665726939136
759898772742647808
759839872169287681
761554561832214528
731159200743612417
743167075712008192
238429211
853565910
3153745334
2470149510
759798898533675008
891978900
61428555
4859565389
1543944841
759506989399420928
757875107218022400
733933060152926208
3427200023
759294647667716096
2195994710
4789198988
760390621311873024
728747280254304260
3035017242
704761579825471489
725330619320930304
1660488488
14177081
452921304
2823312696
131665332
17012039
724672701202190336
2995728027
2906630002
731203060064653312
439608838
1300823768
1934736961
754077707210809344
3078109421
108708410
739169582540148736
76907625
2730717900
759266198517350400
759228995481239554
921197083
3217010722
759214204255604736
33253412
134179360
451662665
437609026
245784511
2449645386
724679146387832832
746821516336062464
3448439181
4610383287
3750779249
629108785
195763489
370160064
1173765506
712157281408966657
26548315
67602503
743190122238115840
23386530
793199797
704407724088541185
1707545593
725881474252038144
283544480
227149451
1077414290
756931971670880256
756609071889784832
735491731249090561
754516453789986816
757753449706422272
1351920236
48293556
14240235
720902978
757347045971812352
2770392971
140638292
757289318863863808
726872852968931328
116631373
741341172484833280
751412238200647680
426125491
1468734900
539666970
749652178449510400
735558960686632964
183745583
1271512166
743843799353352192
249102996
341190477
711422245017497603
756656325195509760
140163338
755057200901398528
1692077672
1918740636
755434843849252869
1378075428
829937227
50936590
712072229463281665
2437816520
2462161765
141257148
213868710
2753807133
2367027760
745984855322791936
725295042013872128
171395167
720798731302539264
4852175399
185279440
20251379
1857503460
406402277
171331846
740955539354603520
755832796787142656
29538994
25081451
754952458808340480
2829241367
3479345307
4781290842
4915712265
4366925775
738588853758394368
725183974969106432
563975018
512416830
1441673053
755276103716052993
15250836
726475738015236100
274422511
424479663
15088394
74508260
343327974
3318281953
4680683916
345459653
320821564
725884572638928897
2346158455
139616184
806816898
57029492
410135192
2827273173
2887405971
80956994
105242809
84391238
66686131
727758138104020992
735996686456217600
548963392
735528273376083968
194179089
239510568
473557873
2736039738
18635250
4140568582
244365082
1725344192
155548524
4656972496
1518076123
24587270
206260416
315577705
22819351
747492336242987008
2879188310
708493805670928384
227567901
44320262
122077593
143660061
425310081
710219986
1378143456
105806699
81231446
24568674
882434072
347915546
322676982
2774065329
30461476
750718861121425409
3383175081
3221643096
754775250
125935401
329415374
34472215
2324451614
32279102
89669859
2920629492
34023470
4326868152
4736171489
1229971112
1645844790
320951958
718730215317499904
86617755
37781634
737292332
751902676011479040
1094114329
4488611353
415381836
242991940
747089950936469505
8866282
134924292
251334314
4700579492
3216839925
2572548902
520577350
729124848140746752
1013236308
734541515385655297
810179186
41745189
729046923173343232
726151048151191552
751612070953676800
355335944
1074436872
28201999
727172376392294401
2856180336
20265203
57755615
96399170
976371649
728815969510957056
23910844
1081973952
44883942
4726656552
16744260
28911707
197586081
3428247161
3282810091
4800796580
167289075
213165537
730145028815851521
2595431574
361196178
701601375487004674
93725379
792119786
545474475
275190051
1176746437
795475314
3245561577
22633156
750505052226220033
750470830774190080
748946826972332034
57865343
359382918
1255294398
750453713354063872
62052619
194672151
277261996
33421794
809300192
95964509
739137792
51735659
1727910001
15784302
730397585173676032
720048672801701888
3074470992
742334835667140612
322802128
2949252440
738293838993707008
749985542025125888
545305702
712691718353649664
749778127669256193
4633852948
40276846
2389259968
7808372
4852459831
3224688068
1337933156
60211507
832276069
2322642944
728930346109181952
4561034505
748326256320536576
742744109916520449
747891165194752000
162452290
400513420
1626202656
982995216
727875273585086465
15538804
728425654358704129
22837004
2950306658
748360888982339588
727749427318886401
544411361
16481257
700470686444224513
3291753758
703216957022031872
704469311339962369
2523534128
3196565642
23780154
1489444692
747384031092805632
508006873
705428448618156032
52775857
722411968888455168
459520912
264924050
259490295
20834303
107727858
702619066855362561
26346508
316033600
1206513552
747088496926457856
727514610912382976
545792207
2554740110
1305818593
204161510
746918671453302784
705177526251954180
49161541
706225196374446080
232335155
168759825
4854957470
17995409
897698454
33537161
270528803
1041950718
2811341428
703738045984591873
347425656
41147623
17688491
46476526
382379529
3148619200
519518693
537655947
1648639159
398178146
2933700645
16163533
4879246271
588878371
50491346
231549405
251627017
18244311
743829040717570048
245191224
235395935
16721452
4095598863
720874318901547008
3302596910
2419822843
2929053493
745684869116624897
2854438987
3379934837
733987424020385792
705155575135342592
4706814264
735420999139614721
2688690526
17204460
742475710464413696
251000898
74019935
22311903
742888642973077504
224652707
17310523
743782242476908544
727995824576208896
330934495
242984841
4437818177
587758722
262312552
3253872859
117207598
46021862
259858913
18866588
345715168
4895009092
2661849196
737722985902047232
3414328559
415196079
23592195
275743098
350149133
4857438269
193441812
3775783453
3676507156
93984069
3317288623
63951334
3153694555
4092379467
376268514
1406129269
740897844232478722
1318840760
711459984370847745
53371954
37015218
168701897
734933729328517121
138148530
743375921571213312
562595617
84704680
357880873
1721163391
2646099055
21341221
71529455
598684128
1355218452
53210588
709091543089414144
105893686
365101425
2719961
743342982875615234
961710014
34491026
225071374
2161099874
718283360540442624
3143162406
907186650
739170793679097856
27750488
733734867066847232
15993471
542947234
40874240
24443770
788862644
728981660566433792
1493918006
488799600
1659781664
3873614303
2438867440
3266345178
714562596070952960
120877403
4769550198
1890526069
2695893516
735864587011129344
4867508661
725276481455185920
390490929
3750139636
32774989
109854452
742161836183674880
1181240252
3117223187
524024759
520460203
2819061060
338298739
845893680
732767937170284544
23080680
22828739
113418708
733871931280105472
2979365176
28938202
471333409
144907880
792177979
142543524
1639186040
83832188
2514045312
868130508
736162274520489987
3000832722
26657285
552527556
4694417744
379789473
707587565143105537
482274576
742007882028191745
1057230668
2835162357
1157143663
600845680
367363884
1423118240
551239859
4898071876
712133672271421440
715356806072152065
309133814
739226374586650625
161933872
737090258328752128
2730558604
85912943
327561051
738587332861792257
430531784
2813211061
2267538912
354557097
1046114347
283025472
705950873998880768
703536063881584640
732866635309174785
737758598508335104
860061086
324586504
716539552362409986
738795842052591616
296610784
106331667
707889734291427328
435564722
22970364
17093239
377871427
118797234
3834362363
2438778702
3863605355
1419632412
714482749122347008
711260611867492352
17194090
698515993837092864
728251727250653184
727472185464360960
3241763179
3024658569
722832280352374784
740808601107894272
392047970
3733222996
702733797708595200
118492640
1718714892
818930496
706317600024702978
81305054
716537630
189997174
740198249827553281
2792290323
720796341308362752
3750452117
4898690614
131757521
22807017
2606892558
739947682890944512
1679185794
739085340594446340
172826050
20240278
2316494594
3914226136
1626066301
738704164998414336
1871951330
736249556111884288
1328206963
2764339538
361544166
708719437222903808
254083841
733437157591781377
735594241561403392
15872716
2327964686
1695197929
1590982405
30180284
251341054
2839452899
1345940180
2990513860
3178035300
729829490025594884
2905100962
268478219
4839064522
4471676961
260718880
20853339
53105686
734661007906353152
82649790
49045290
15989022
3256608834
246220722
17014593
3914425845
703983715
19660232
2927450421
737892669767208960
2478288668
1022147078
342455801
23098409
105520216
2820857447
2292488509
47539247
93470026
65401126
464266828
133743369
3241924811
85881268
628417129
2300128892
173908484
21750185
3071692706
4270724112
866504623
4886779211
3107409842
1012625209
291249899
716972670571716609
246103
3223914997
20570420
4416768012
720734736813953024
147398785
45571759
1012329853
26022662
1246900826
3401294594
3919901952
3024410127
569487350
714598479478333440
426824152
371824451
1468333339
440523471
2394711223
2166592104
427679559
244630078
1969346438
2430564295
48598910
1123137259
4256842251
269780161
15280845
707430302608703488
309422920
15258809
2628066159
318469740
1957948550
369705071
520344647
471237164
4902714075
148564101
713358617769086977
860687102
1732904028
997682274
163655954
254362857
105911184
84759456
291282549
19341224
183091145
705309332867420160
22821563
735548428898312192
48110818
4375581807
735708044349181952
234306352
1169473657
19774020
396148023
340067849
2463274765
2338340929
3986835197
2712335673
398959859
2841747221
1401422012
245564291
3844271727
3145921127
216385540
23241717
1009506132
4745509194
3067882366
19040963
594863522
110014280
21691269
636652493
3363447853
18791138
136815044
120151540
3247344656
717995198194786305
705984726830481408
2400407436
730444596120064000
19214412
734556651148083200
2865992597
1508717120
2742312210
733829884766621696
1023555666
734389647640526848
3301624108
385726008
110161115
733474614760738816
59702598
1079944946
1152079687
1572104575
702152134154809344
4902016168
706289747732406272
2462750999
773379559
717014160450699264
2244336800
4345726217
167478588
732725828404936705
2354597778
32605697
18380580
353181590
19147275
24578794
1702731
2680392235
4882425651
775831849
3307417512
724677137802756096
731395023825043456
104224297
731802686794784768
16329238
3309139560
2593915939
4532701272
31282286
76263305
730778431202287617
4311393022
942422990
133388711
93777935
4176516076
4272721456
3125905836
39606118
31285446
3139235347
720446894397333505
704967105402114048
4917092018
560323997
730597871456653312
720424925681438722
4854822338
740685530
4259652328
2830494476
3026713750
1859477016
1309173126
22694007
265600371
33237351
3433969677
3266526978
326021185
3009487417
2900392852
824460816
2889924959
730140646283960320
1945521174
718375439367028737
2832475948
715928186723282945
247119832
15184929
13337292
2826806322
4251095188
2955494208
613679071
24891724
703144735125348352
374108016
3924922274
4862071938
726604502082572292
145862955
3307295642
358277172
367271007
29184911
155986770
709484084347555840
295988417
3419534985
4081272921
727865149017591808
720898441409380352
3278075011
33925310
125122422
503270305
728365081730416640
727757130716041217
27743302
720048569743331329
2833381608
1604640828
719882039319592960
720536160284635136
185768634
2393406233
727186705841807361
727164953615060993
721209064844238850
722615365172400128
22271936
726087086495780864
883421593
232966841
706135285676032000
1432123506
4846282913
4351077613
723701237452017664
722957781691559936
556369891
241368198
4294243872
2485607054
4878097497
339736269
796792574
278559967
457743272
422974854
32694215
2711945658
317683285
4335451392
724641946422153216
16548466
1578083143
717885843558379520
725154675062755328
720825729043181568
718947164399935488
90570778
720805498270814210
23246458
719472023915732992
116630205
25920303
2149910088
723439478145085440
19788748
2364226279
2290064004
21660781
2717343165
221969710
2305663290
4851327989
378897061
2364693763
2283920237
3050006307
714720425801084930
708477796796895232
134249298
637305972
3247768184
30846179
634991976
437911286
2839415492
836232336
711385356491423745
714617914532503552
722886915003777025
709666290823081984
3107311725
21970442
456031911
4704053479
54744689
3410698875
721559165991124993
247378337
3814387102
583117972
34717318
35346950
327672977
3971883682
722495512100880384
2822274342
3092183583
27727001
2837831315
708035668274974720
1019106080
3104990163
1190665808
54328059
719482632996671489
718011164320464896
3584677937
15772453
721531965896310784
3963492493
2631777993
3730378454
16892534
765357788
718752647608672256
18731529
13099652
4165657646
720673233687568384
35401934
227010728
2704863679
4785292626
2813557472
32199461
97253667
710467986088267776
3156120964
812953368
2834406335
3327420822
58525387
4410278368
441317106
895908589
2780215928
270064609
710908633
4353841283
3360332235
714419097262538752
1153965943
4859307675
1421458982
620473700
706990010042601473
3150051501
15482138
1915012974
16719435
527424042
183591014
711242692186001408
110803365
1262310908
292898176
776408594
2553545652
4585859837
1616071604
3160565975
3647060906
322874617
1584367615
2588206733
15288889
30899109
2835584205
103167711
717946148896440320
8071902
4026339793
149984992
195510109
24102746
243291372
228554424
4759057768
710643313267716096
2581070247
3000400970
1928290020
820182493
398800444
822516655
154066663
4411045096
2929717149
223083302
132204038
417150122
2189130356
437832147
3179207340
4874896845
4877191041
25383781
2862682151
2181423693
116960062
16671425
712477493425528832
1952698448
20576571
317261392
718721640
144918906
3264365562
710908819799416833
4074792076
452727230
1390186333
1566650000
15966491
780269431
391735958
47010384
2393251180
2493013459
257236277
51204018
228157264
20271044
540472551
104701452
2334664718
163173677
49149248
421475865
422181027
350032839
169264557
242462733
23803056
304576511
716823321
1133126635
704114852042661888
2241219528
701488129903951872
21710345
862285910
2166577789
20634939
21862005
53544165
42948055
4865235021
408588092
115416936
19038210
132617902
11946722
3074077823
559155117
342460234
3244519341
45039176
520029915
2158855397
3305406949
1539564943
2363804264
2521541502
1477241472
21025381
4870478255
13352392
26822709
702938167817736192
194840541
2402006695
39609732
4821515421
712166699609362433
16215350
705509322856468480
3455796672
713508635545047041
141237418
16300160
279668945
3023842258
21027387
4252439776
4790585689
1777625857
24972394
3039929661
222727342
892037664
48599652
4828013916
483272505
707850926846046208
923964859
2614658743
135232105
314863365
4872555615
343535198
3070366039
4910014602
4471996216
705865207718023168
715258423764340736
3406102498
4816128388
714870226693857281
16672561
2495637565
712786914273660928
711439062519910400
60923323
33009404
235231110
1015531123
704774715987070976
32820396
2396738862
546204587
580312540
2226615308
4154476582
330619530
15035209
3098115975
4925579337
20964739
320980540
278315777
14746731
1145001696
711967818405773312
3344387495
704793200226078720
704413880995475456
704413621649084418
2756508289
1873539488
296571098
281055314
3090330542
2279446670
4240921873
57174187
1610738402
4745330592
708753692825153536
15808113
705414651551461379
126928542
4764953297
711654736114507777
3244370974
1952905440
707760360271511552
2861407204
19111563
17099112
712077329326063616
3436988458
53056010
38781064
17111550
95094652
3592477283
164377995
887562596
704487905683750913
2340698592
2601873347
993358020
2571779082
455537870
19915883
1406008382
498167911
714777053208256512
4097985741
28147866
4904668651
3926052804
3196652439
707725125236428801
43496074
862131258
2871899817
2934009661
2902433891
2156190929
50888768
1115845826
543452426
712936444600291328
16028985
589832969
3137012134
16672662
390103810
88621782
372050829
591297698
931391137
3401085779
3111889034
918833971
874846453
709808677612605440
154685524
1549917763
709743133362397184
16381764
2431240255
33545336
26070572
2747035544
710110865278656512
255164244
701454656933761024
244309723
258938878
3509458035
3321386251
1188033770
496097980
4432280356
2570560126
525925642
33713084
48911858
2878725350
426578718
103000520
702919804303360000
3060588907
251268932
626996581
3238315280
2935549044
3354224537
712415765438271488
3265426926
4040696195
49525759
357223929
708274832492761088
3590290879
712062457607557121
708914277957115904
1344713761
2749874402
4921210934
259500938
2166004434
707939598182133761
788672802
16588168
21495530
46499643
711359422883233793
711273432617492480
437233093
289127982
710227582101225472
482385007
14235246
132655244
2275550440
709406894905958400
1523891821
3033243234
1729322706
710479864109748224
32522055
20726126
4899610029
169701996
702779991717597185
991634754
20364178
709094532860813312
1890690288
2785853141
28926547
77911252
4476084275
3237255511
4584440356
318643743
4203449713
4268524888
84685398
166878094
707292879455019008
4851532317
54705636
2965284615
860530914
142445829
710286354807132161
2165364858
3223298101
2725133328
710244184876167168
3859273932
1380250812
32921077
702261605703294976
700583726758035456
2231569590
4914584952
543331182
243444413
3225924410
705876297466171392
1466013631
3312840571
3159182124
3783133781
700723240793088001
2737406525
3308997086
148720003
1603770708
385741477
707340444628176896
3004152569
2396226618
302991001
4185297436
7771842
49379886
124949619
252509775
707291191100837889
2471494160
170187690
708768395987165184
122802972
703262033727365120
4909991121
3384855927
706706552363745280
2834486477
14604102
708043387354652673
38209344
22275767
2959610415
704606495565082624
414057318
4855724872
3390254459
4877470305
333774309
4853643861
533469077
3299199960
79294405
238648688
704729632608817152
4876296974
517664926
2993828416
134312357
707267541568262144
31438460
442911245
2192436722
707164295486832640
4817772331
4005092840
706788167542710276
13361922
4484280742
4813986674
634557341
2300596128
4324580177
1266291132
3025485388
28230251
2389354100
4789873223
705813747936276480
3588610274
17172863
3196060501
706115867097112576
93111391
1567874150
503792483
302881437
2472997998
21527329
3075214610
706025478180757504
123429890
4883726314
1276312562
933062558
4281574153
27801361
705615270614708225
337679240
1012292468
4136931886
223688082
701552274766606338
1066855388
15138844
329443994
3107938812
18585570
2455252141
327582551
704289848673357824
956362448
14990794
705140502648193024
701712321589055488
2987757574
462132518
22001536
3230930205
822411577
142979922
31637577
3401578139
183748479
15544727
140801488
279259668
3646261934
4835041024
4893750558
4838473807
23860507
2563750910
3777068926
20264331
3320933284
3761572816
1941136946
245984590
1075939369
229518601
19548915
1146111768
2565489511
3783815248
4738087979
280273788
2456681094
4214589382
14658125
931908926
704519691075608576
973988948
726852632
704461363570216960
1236163183
2608302020
703687451240321024
387954289
4710370298
49948272
525595860
2998136855
704141312161878017
2423289337
23224924
3150434708
471013487
2432221788
3318208598
74211907
228015335
100321921
259252751
3122485277
2875734863
4637396535
2566124461
99794792
703986918925664256
2808542293
16351724
2434294310
489384661
31601858
387321930
462467664
3308850354
849162614
1003669872
339283438
27968672
768021157
256295544
1199259601
2930060695
3320557224
264192601
2427622992
634676291
250713094
125774271
4906282558
1421631721
4164210783
369533534
200511228
2442313279
4700100734
3406500304
490401229
702746783252926464
2845372259
1381088924
3679704142
702522556419452928
3059498179
4877208435
4221857565
2533985994
53309297
15321866
702230557426642944
361437624
456107744
21601867
3375544864
701436174980624384
3576883276
700850673504522240
3920426061
63160617
49012635
64485555
2650905729
2937516482
27952164
700962106900881408
30059550
126989065
630321272
980930306
350389927
2861426208
3182180725
700702872040701953
381666934
4266264137
4859785993
701199299741405184
35325226
460829801
4716767134
1639114092
50398239
557830780
1289627154
3489919214
2838550910
1442476447
578412819
2341358222
206844298
4813353536
18199486
4606946533
57519308
217286126
3062962055
49852308
30726383
4522846413
481762079
4912479007
976570982
65272235
3169035458
16488269
2163252930
76078269
697049976556412928
4829605667
4844254813
4922275353
3282242155
2885915789
731855623
2446411267
4159203832
2181839328
4868045159
1106003852
4852577092
4711747696
4913496852
4871954015
556550160
2877012249
109404985
4912039452
756212180
27538881
114474262
288981065
1339835893
2853370361
2216532829
886026313
3386851396
36713347
61104689
3355731760
3354347385
2897028973
177070701
44363702
354006332
292684762
2796903343
6013272
18694861
134594804
253656666
48520727
4729801216
4790591627
1513958744
748264116
1869575251
4160470229
16157204
772907868
2802755089
286680865
161511153
40342396
1005186638
2492097511
243031077
4874686779
3509421138
18660521
241339629
2389729930
480785251
3087574888
3349433536
4739088137
3187144843
178595022
294834870
16168401
4327242015
2275042470
30243170
47361334
4831215383
2347716589
529376794
14731096
2280037440
4329223454
65257429
4585971972
748761679
2745913274
246156265
2840915387
32168059
78308254
216802451
4187444843
1548714900
27320992
4846617492
3150777746
2377977842
26919151
2188860223
25416225
19848466
469845522
160310194
724754852
4434221542
2196774139
809659615
4509383847
203765012
3948640959
322269890
3908790260
3975034394
128763579
2414104038
1643909461
22454663
1939212224
21868866
18876259
1362124872
3167335095
205971284
2964197287
1639316617
56107664
191471032
39551759
3265732057
291789016
1419557646
1114886305
3062262691
4794182534
31403779
2613143381
319777415
486077978
3103213542
893630742
4456278074
32242327
3005713017
4833428800
179719307
3644280373
4579781073
22064255
476315898
344747525
860040836
2413996628
4775254460
770759270
3431512720
35354684
3298039634
3182559979
3301753308
107168391
389825367
4734009098
2284139588
40166196
858646280
2811485305
114781557
764622636
4453179972
3266623945
132656546
1727008657
2400274351
3301314368
18291767
3152378959
607622157
98201361
15583775
3742379476
3033123912
2927222132
2386895198
2386059667
371347463
108747975
1623145514
2319167748
187564961
4687199330
243447185
2730550162
2399025927
51827732
2821359468
38457045
153218852
4489231947
1714431205
38188037
358918792
3035660929
128044290
226249905
2360448613
4230149657
4550775871
306909253
2739446098
4552990573
38259956
400352771
292560045
2975586611
61279303
16000856
3891108395
2349119701
3005243005
612057704
4469773454
425505438
37549249
332494453
244681501
48425664
15188196
3153217190
930160098
322986132
11650472
18981377
1380859304
3346627852
2422702611
257082907
1656690139
52119056
2285738774
176534793
406525423
736026823
2528702076
1924171789
751976443
15768312
139732111
3286777436
1932816230
803921318
269170900
4331987129
29974662
18907301
32189132
132258065
377110109
2257558088
133492265
3709999582
2994951136
2732944034
251927949
22080850
112479899
18134063
19052834
1255509050
222512185
3686348244
1422241538
59956410
3345287044
500154514
289968517
16444544
196802928
193061543
4217979610
4147751584
337770742
555814348
7019512
395335393
2574904722
1002030067
803715816
4106830156
259834062
2374114626
17449181
27049579
2369233345
2855134941
1892315352
62538319
99580679
719085576
2350099799
34904339
331756025
507877806
324042503
479562736
3187175946
392425423
22873947
555288041
224349882
16680407
602927033
65293006
47496394
102475469
73377501
3246609508
2192871960
1967452484
4160072541
2979538748
304915398
3322438176
2425988656
22765448
132918446
3338944427
411967865
3244111974
892019648
4042948454
272642804
476030406
112560821
1887590629
2806004678
2447773698
3555191476
2320410584
1162112953
27754737
293445832
109685703
716813053
236149457
355028519
18825344
2291068116
160371272
581693482
3217694460
23109598
4075651384
518744362
256510253
368560714
456331554
3971943177
22250215
43555468
813902060
435459729
27124758
461720060
4020313933
2796978622
3934611792
4013935876
1352623212
766547376
18721583
58259777
1928543654
3135549293
54765664
42530187
547011602
724878049
2369193094
3906275604
57567739
139082621
16209626
25855350
53503202
15115280
1210022401
872332808
1633540069
202250575
3309654696
305894011
253789234
456865788
40173562
378844127
506649185
3874161443
3752166915
104290832
3573336134
2399994516
18538833
138409823
543780273
2173135652
519728191
2965653027
17849506
868915382
3249374986
2906581677
2452065356
174102086
1385135684
3843380121
184998424
123829856
125752774
411133921
315838465
25677274
347098469
100838706
537476067
236023605
3156235015
107290835
3150098774
2876092794
3150687218
2316563648
312248392
233291124
2182036287
1923870720
3308983627
17858631
3605686334
2489886325
3269091415
3656676499
3608837472
70279623
1013889636
65801511
2750225575
2347389008
515577621
3330295799
1657942056
3667107852
39294154
3313672253
2352090426
3242487094
236175465
22699560
384940104
28351670
160063119
339070345
1108521060
21326757
1909087813
38961826
17756037
13870622
704095868
3151620948
16392181
184301992
3686277803
433836737
586853452
16790797
2821068219
3612853343
2894991326
93419194
490936163
3098518342
3614080756
399178595
2347908512
735103080
66302067
3237579812
245919293
2960196001
403050322
200292988
3320888982
334755599
33588180
3207680566
2926732106
355515271
3460089801
379483329
494850177
487600344
20067397
139458452
3369909550
428567107
301265349
23983382
28654816
388310964
3288794432
3436873600
18785467
16700601
48719150
1016588101
567422544
281695815
3328813062
19428305
260997460
500391228
328676707
3186888841
3256695087
930411199
21559198
346225460
3398770055
16036941
3314649205
3406193625
435584457
183753455
16226417
365706281
3059045779
24880446
270717589
24733117
2890526712
100880543
67899097
1945513988
1122480236
631816995
87957969
91639946
349803020
71907621
1881598274
49518404
398092464
24620662
18372408
3404704222
979006225
222134762
3227752406
146160591
104727439
2203762693
242176959
51593556
266326338
547699457
1735969045
991677750
17258301
32260931
3313700041
961214442
3219826746
15991770
285434613
15254823
807531732
2373857028
2735569132
25564023
117983479
436314047
452628270
40953465
21440866
965255749
2862375177
282894960
484158129
3237109164
558293436
17012707
1932263718
400188508
3029098295
1419037717
18267131
194355896
19050314
1934770050
1595564346
159608463
2278667712
110958094
75742264
21045463
2660963653
3370218273
3168284167
2379236154
2469854654
778350614
2519580234
2317513413
253353588
20695280
17172669
45142252
146644080
1380181963
169183368
19601777
3225728517
2886619245
3087391632
23608092
3111226033
1004409242
3300608724
2916106794
406988440
7829912
2989128679
872343469
65599698
26137474
2989119465
21499368
1571239068
122542032
269771160
2549245824
1600188145
1013986122
822576654
1593120714
870303163
2967047944
2835672253
902259738
1934787661
145659451
74175586
968222028
256628776
2956105127
1570623740
1887582926
2218644577
163194830
3377767835
3196484335
203011467
109062332
305277457
2921864643
1909239512
3031182459
25380005
3152249809
2975722854
553589314
1378596505
444819440
2427192942
158614582
437673995
18893580
470072149
38346518
456722136
3351304876
2499504685
125565867
824371736
17640422
211154075
124898913
503955524
2870050868
41984111
76639716
837561853
33596934
842868962
2431136407
613692378
2470646481
872216179
2996198900
3194628064
3183585480
2331209359
2992530470
2763080418
2990514564
335505192
789755286
59849033
2881025401
2200221
182493733
1701419804
199924232
210684204
171633471
1290361687
3221696472
60903033
117104543
1568656350
815931824
361339501
860576268
28865483
314849636
267884847
1713527208
1072736816
3221689438
1616534946
239621529
23134543
45932869
287469883
2421067430
3186921540
2400901568
168524035
2344141208
2378713202
524610484
488713596
134917795
245689692
3294203285
49021031
21707139
2471632388
551114699
572008155
231871027
1855582706
37131103
3091183474
16870891
1578530490
830330036
2451433968
2480998605
2478705061
933261786
180928119
469371578
137327982
241273903
16568402
909196237
27279989
385038355
2998028596
541284866
45381821
16819937
2940151785
3261788411
48038030
183958809
350336411
2191481728
403667375
2918246492
1866979836
2388921154
921824922
1882111435
2438658560
156656964
42826901
522593098
97732452
3041528396
102487111
169841571
389359161
48100869
903572490
2745733119
16722475
87374085
611952043
140612122
796470619
23957625
15081378
291774022
321774180
16548855
19308529
2825610685
20565828
33879063
194799062
38516217
21043723
389841834
3041136213
32671625
17859339
16082787
131018989
1394480418
1966921812
398239057
61149653
77329593
2272300260
624805598
2531775750
40589647
77782711
267603819
271030180
385717236
514009705
36116203
218526734
779305904
323271922
334660170
344687656
8708342
203188066
26015031
1032290077
950426113
19360844
800721812
25033858
2283700272
21430455
1263011048
42362189
102148991
17092070
862430010
403353373
2785095528
484158909
1410723450
55310956
24714450
18775094
384916348
326665662
16160831
2359790730
2254884070
189967523
168838692
53757167
124267704
2534363947
3183253632
185723734
858921774
2369545460
2736035173
2331044448
2677247388
2904636286
209621926
2936126861
15545122
2414913756
80602426
342893331
3041231252
2838351779
2790326771
2890105554
2431254637
2875774770
15720918
18171600
1297947752
16146535
18298094
2680336646
3077615801
3069269594
20977776
3069173652
373024636
624067510
16499965
1196391842
2619788139
91948148
2319710954
185039684
2727284272
178141430
797482897
186568831
38214128
24556105
1942453848
2731795602
118952409
1877603634
821372790
21705181
3000173593
485423388
16074930
23094875
31251282
140665935
16533820
503662020
3194844725
3161530804
24600048
97486299
373457904
2842702110
564368350
1244408377
413593863
376744269
374817258
244337006
885752504
30231573
2816440097
254999238
755473626
67638477
2968182964
294991606
2479253517
2775892105
1584561876
992081976
3126551526
2205161185
3098006089
1229007625
16474992
37990581
17550339
2595366655
2308720454
17834336
27649741
37330143
2804833183
19077091
64302962
12165872
850633633
20852175
193862929
1183314973
18220818
3744281
463689095
994053811
392601865
898533348
316393025
34341362
784875325
835227511
2960818186
212653721
21251057
2224644214
2844429955
276842152
2921963771
1611519468
377117809
113349253
254340803
3234512956
2356811959
294930153
1634552636
3139880840
2307481790
31460348
1551101437
289118612
2799494833
47855979
990627116
811942160
387956439
582868865
16160943
19088288
124776946
754135908
2329498706
1895637186
2264701152
61170418
2893297202
3182440358
2929135816
48854106
1870464230
1359226843
233227011
42052282
1155734424
247552110
1475143686
2951525064
3098633816
2349669642
1342629709
371950796
1389824197
3020902735
18382184
17055162
1912521912
22204106
17118903
91673645
3070427221
323998361
32649134
2690489930
68825587
322382076
1284956808
2943889465
2269106897
24645871
1120186334
59386332
42311131
1484354562
2173646835
265122237
165071554
1324999118
15195679
260590025
15031515
763140955
35606154
25605222
360163238
1380313111
483945013
52776707
809930550
210427918
22331129
17580892
103297393
43261344
512417432
25878169
3160691984
15088481
53090314
851711263
248505291
2352209758
19417197
172081908
2711736046
2834152949
3163113776
504914052
124880527
1426467384
757739089
105643144
378206995
86695935
1892683062
519388948
97963881
514526669
2788887139
492545912
3019681239
1965905755
2902438811
215501705
2325709850
3161993878
2664278533
35934245
1549705375
123231225
2982056278
57871450
1639395961
2736697269
17686959
46815691
3016708215
275714700
3029326756
1671626342
994453866
30758317
1019735209
42519569
3160241681
3104389956
26420906
2249631096
371974444
2529822156
3120728752
35001544
340279079
21866842
868856461
564947096
2294559595
976907744
410462891
374652673
58352165
2161930194
18082945
2616205993
3128701518
2991368880
782932826
16711026
44143871
350509998
17072206
104459389
2657707188
755716560
2531091216
2469593672
2541453812
1688599052
2776040782
53019309
2743879908
593391790
179732982
363403209
221969181
849169945
112744382
1345702129
248768262
1451559084
2755468825
17028346
452339383
58850472
53026464
49194361
36179757
25684717
