3388528157
4900484952
745843930844041218
3892865780
3243724729
3002134054
3013538636
26250653
372308130
2835663271
1543944841
3981086373
307407294
22326665
471983361
782196414973669377
3033167053
3091750897
2881890708
4443383242
3188623047
2166204830
716448270822715392
761234321483104257
782706350849536000
782768243064901632
3305196260
781549917881921536
778710866875121665
2429793039
781945926172700674
772485569574232064
779883972889313280
779887174166671360
113495254
3640454533
733026136863571968
779899806227365888
360205151
2989003830
780102332772155393
221107659
776496455695601664
760645837596741635
1683905982
3519942806
775515746038190080
4045300161
2603390534
756414119301963776
768177618558525440
776469763845267456
777218341647679489
703502763129499648
777883223493844993
1863995227
717908272930496515
606439813
809440100
2890880938
3179505888
742151057283911681
3407929246
2914882334
2945626463
2563825894
1002251928
772974301305774081
734695126363197440
2437766502
2835492988
751340269505699840
3087700606
771381083069943808
2592208578
774394043786784768
774213685736865792
773530028839735296
21621749
4171398313
3033772091
785768106
1147156182
402999044
728249803289853953
759260941196333060
3194738754
739805689833357312
744888596272820225
772180971395309568
2219141834
770460441378041856
770757046740353024
58494449
4110287894
755659191189172224
112289040
4889185835
3848062032
1124218176
745892151125483521
3022909303
755348884394696704
4726039490
713180669300441089
366063185
783293912
707988829
129169052
44278640
742269740836478976
766754957932371969
767216138791088128
766482515242655744
1054980506
764568470990184448
747373925433106432
741900332620357636
760558303533555712
765730947413123072
3227703320
728630001625600001
2524815075
764883231158173696
2863788506
752627606630068225
2955236038
2872147124
3023274129
3382617689
2306108760
3384696676
1861271618
760340273150865408
753388942922162176
4818575187
4824261437
747142416394747904
1269973339
750518039397949440
749386036963258369
96681431
3255370778
718902120498470916
761707923798167552
3996449656
704809266918637568
152005478
745076680734056448
703190768312258560
2724985979
3431807109
726263477770145792
758765157745037312
746276164621111296
4697364769
375013152
3427024725
4785919009
757876926161747968
2508673738
29405965
4885846638
4718188475
758785902604873728
426660235
3988408275
396047766
3249588348
157756704
163582644
4872703881
3884394442
4142398341
758354750937165824
753718897073790976
4212537639
3111737526
3082279979
891165300
565803018
718388086951034882
4397080780
701959966081462272
896307440
2254111346
757125186529492992
3097489488
1871996802
756598493544902656
740816227451473920
4362418032
2526720652
812689764
4843053274
3044862367
3303330574
1041206244
3180289876
2757953789
740595558184853504
704625965251502080
1674080569
2810519979
724461405756215296
754351168357138432
754204607966961664
3015294849
1493620207
2440265364
2873126896
4518926301
735409540825501697
4711520640
753051470803591168
422336450
1638602214
739370058116411393
742593565293875204
4560938651
3071627869
712823998
3309783795
2919938379
3182334740
2805049460
3239075874
746673925623537665
3064496331
2882881829
750822690068500482
2540903276
2529769604
1591533756
968239884
2524925228
750027651989987328
2877568807
749819669377388545
4653805539
4272447855
2165442396
716028946190442496
60513596
1902492476
790362960
3530912053
748958163060260864
748442662089465856
425966773
711584876630306816
745697227688009729
4638226875
29002888
1540827008
4370682673
2715407094
2788954117
744317866015604736
746024858253991936
435853260
746379970339962881
2496620996
2408150898
716507554348576768
742931219881590785
4622861117
746049151071223808
4858753303
694754972605378560
745701948192661505
4631797529
742172127458009088
715885316759019521
724511000267911170
744253909959647233
744497059974225924
4762666284
27809385
739464229409820672
3291825698
3041202281
4083021394
3891100341
3821317100
779535265
176061303
4907720660
1197376298
182934050
720949862540406786
743020341476237313
1076117226
29510927
4833766504
725974214725931008
738600415810310145
3011812933
720401326656454658
738507099433357312
741090522937327617
717147473949683712
737517528453255169
741519491725557760
4302182435
733725075229270016
603671269
3294422859
720775058235514880
3238643150
4820245204
741554181350166529
2445036678
434164674
1943860950
705323204387205120
3271820960
389905715
4600778234
739319801689059328
1010428374
4700179034
335575909
2329938713
704030553343971328
740179693614333953
821788376
3790275617
725715361228681216
739108339846512640
738080256876269568
738602194669162497
4833284555
704922243709673473
3241472822
3181903434
731617864357187584
2218177362
734865766462455812
2888168677
206889975
1672951682
563368813
719357403465056256
734679788544090112
2924974110
710835616146042880
710289983739834368
720950737447084032
354165403
2664214153
2439987638
716411942945034241
723909070604886016
449344380
306199559
574442280
719981490608738305
734008125791997953
3297867113
2899917651
3362261541
2258175419
4165446433
4889499861
2935840242
794871662
3875962639
845913188
731868847406522369
3004572358
2851430665
724445478323032064
725290922590785536
3279067386
718544017080860672
4163439914
152981980
722448839852949504
575998635
1080102043
728949005170913280
726025448228954112
4114869569
2561503484
1487084474
714899908457734144
716711042378768385
4204890553
727935686960132096
727106795521622017
718651289207328768
4777509432
265556953
355940133
4523144123
724985733233016832
726110170657492993
719643162403143681
2705293652
725338568655134720
710401743855730689
1284912642
588453145
372313717
724382459194937344
1357372844
712985057581998080
2751699555
715445249800347653
706714896071835648
3292148554
964491307
197480506
723252179570688005
1678305949
712318187073744897
4765434014
96655484
717522053679685637
707668786544054272
2853649636
2720074143
716285749239357440
1441575655
715719993514663936
336537851
4019627894
715503593781112832
719298163476078594
129829974
3012109208
3131006056
3267477072
3254105651
716725279348113409
4579871433
705820926110257152
38019317
3187871046
3132557298
2954949909
350818504
637256289
1608419276
4809878024
3192881711
714001191328329728
716437718876741632
2916451933
716003382641704960
3107762489
2773868449
704505454815268864
703992286124834818
2300803356
715312846792314881
3109472023
434916132
713730707093340160
4854618418
713026910423490561
4716539738
712145377290379264
2450733077
704676564416352256
2261567966
707382020683526144
3105760248
3285753962
708356070780096513
2754774471
1656540032
4464693628
704728797380288512
4879326465
298053817
486987295
3220696136
279196140
4431220703
3078622082
4663356865
704382773038063620
2810315875
704622335911800832
2616568332
4885653789
341434120
13361922
2200600864
703103886094020608
701791525789954049
2869372007
4880831771
3899576835
229652696
2858119474
4851332135
4839968505
1215214130
3228794778
735086305
3005575283
4151251934
2534661463
2183416648
2704137990
1378540351
2853902733
4785580049
4828239368
3207462009
4611720076
552314453
2183586077
4866083543
1955840893
1311338719
3019385686
2297740455
1398762816
3294204566
4847887966
4796885417
3344815991
3730293974
4836426497
4787280507
4038398776
103358091
3394492635
4443563249
4535278883
31095945
4719747934
4474623495
3535536136
353060311
3427687773
4640085289
4638638406
3138410138
2787139466
3382224831
887892488
4615949808
2939760670
4481648841
3302260205
3271887180
3362543104
3362441727
3362485067
3362537140
3361973092
3361917677
3361912031
3271948508
3271988539
3271891692
3271986319
3361859139
2955877424
4032418355
4475604161
4502646748
3467755100
3208711467
4032810736
1492324658
2636503523
4383150160
4543853593
4553907978
4554088453
4543828394
4554012614
4543695433
4543734642
4554002113
4543840700
4543653925
4166070017
4190821492
82663138
4484278696
337557922
2996458091
789570570
4552400600
2722570179
1513750490
4554276260
4544144833
2610343206
4323585377
2497800044
2258201019
3575864958
4004081832
4207207337
173941244
3259051190
4461658642
4202244868
2851242306
4418393253
4253308393
4389000322
34188766
4448638649
3268917122
4375386087
4322864692
1011888848
2980301109
4421711122
1255228226
4228114900
3435431217
3356147885
4242267478
4056978916
4262440765
466782764
1682338147
4264639823
3374340167
852166945
113119479
2986811555
4221943576
4276710527
4050717794
3128475080
175316760
2659823876
554881872
2857348989
4393913774
3042294415
1392606889
2235428763
4274247553
3434327193
4296726741
3384304941
4371374954
3401484063
4093387522
1402414412
1494875628
724347223
4269428739
4144254515
4209369193
1633957866
2319206237
1663299422
3808092012
4245940906
2789287942
2492074568
3348594634
1247369688
4263013573
3458522361
3115923526
3384145493
4217412254
4132485972
520944837
390822080
2867242618
2760754068
2744634085
1679779320
1656692568
2943082165
4222083860
4242280392
4193244733
3271611991
2998961113
4230363372
2638047209
3145111332
4054545700
4040945651
4212877034
4188394393
4166111235
2893976330
4161812297
1646013361
3288556470
412546683
1862541846
2746743201
2222069245
4119580096
562266134
4175938033
4141239681
3374424309
32886224
279906613
2909494706
4026319931
1544500621
435064464
16482279
521922752
3864923775
4006228645
288236063
4078081535
4077738735
1578100772
46328997
118505412
3988936689
4053035119
3083612874
4049440943
3118492343
1053071611
591539463
4026862883
3886630517
1441576992
2974874335
3910304352
3986810594
245598970
3985550004
2740993712
20798135
2939655586
3026820839
352712519
3630338953
976361228
3377062030
3677755513
1585483400
2996017020
3864520221
315480303
3927615494
3135310144
2623113867
2900156357
3988992987
3924954673
2651369230
3075576424
3887457132
3100693652
3959163683
3411693558
3734056458
3939645215
551694353
3787018032
3049224782
3160171892
2889456729
2218311080
3875774541
3889185045
2924061021
814182895
3873278176
974091926
3630488413
18548136
604142194
3293613672
2312974419
3733704141
3750328518
390574393
437923958
151946814
343405773
3164241139
2927392330
3105019137
1659002090
3755389817
3454927452
3312275383
3030590450
3649538473
3430429426
2491537747
3208090943
3687451638
3256405866
3731313682
3704285963
2710855403
3398530817
3667605673
3163452044
2276601409
3318419119
1051069939
1475976716
3747793396
3322271198
3227623589
2854331757
950684839
3066060072
3734077035
1539324067
2199319822
3656109976
3723667588
3722250915
3712876877
3630844873
3420906874
3711055696
3230315774
3691868603
3613334293
572158885
3612353234
611438418
3699673401
3591404353
3234253768
3589408873
1275607356
3678949216
3309594397
3263220791
2855793522
3377449719
3669313215
3670374081
768755096
3644827109
3374855908
3659965817
2878670722
2257013030
3191951743
3433153654
3657916276
709205500
3543407533
3358582445
3493990763
3516838753
3508971432
3499736778
3399445419
2266468501
3315691212
3452811439
1726662728
2658130929
3528494835
1249231560
2807868589
3313889473
1972708159
3491707817
2738660656
3371466166
3366669072
3438599482
3279323527
2943730532
3399856216
1418553746
3308965663
2586294752
352714090
2250830150
600592549
457928477
2728584968
26385578
3004404974
3271735334
3138691453
3323346884
3184657404
3225770640
2494384345
2153895583
3376618089
3221910091
2943323013
3205184533
3321076580
2848306072
92990106
3395981871
3424454669
2905824317
3318179244
2800434282
389598352
2766461135
1693776444
3316132458
1892410495
3302776591
2958612184
2298427929
3316536566
2282962464
2991107743
969094609
843845190
542435740
3299586750
2863289375
1523421608
3296741318
3313916172
3283760983
3400622709
2777795933
266856925
1713886886
2479298306
14844715
3280154996
859509547
3256667376
3415024330
3414295258
3392234489
3296504354
3310888387
3172811449
2951032244
3304566283
3229056903
3304133352
3301335343
3271728541
1191859759
3306620449
3050938608
3293114886
3167771454
3305923177
288550895
3224764770
3304124484
3401988448
3245958333
2879969222
3059157599
2911811742
2248613966
3297694574
3395225195
1067039395
3389002690
3324164763
3349358459
1091250139
2838284473
2944341547
3235967610
2510148850
3298967630
1005968544
2252855202
516116163
3162295436
3301164018
3301124664
277275719
3300398712
3290599814
3392336261
3248470212
3376969017
3391671201
3298598317
222694603
3246462458
3379822413
3293514733
338091693
3258958645
3251276545
2955363679
3241992601
3300256323
1335199746
3387500223
953196397
3383727765
203036086
3192258785
86409414
3351286745
704530085
2853236864
2918195764
2985908247
3065694071
225124175
3385021631
3384046102
2929516749
3381854715
3374956845
3279874165
1959265872
3375734350
194926912
2944866592
3246878052
2261808925
2366146478
2157532760
3372039772
1763825514
1556768887
3188280031
3368967214
2188986209
849616128
2868094997
1056577771
565017467
1283938070
3229355982
2395464259
440188720
3104156538
3074783785
2874718943
3139674122
2809571428
769823942
1291825136
2743041642
3262841035
2906498208
2257130066
2895160063
3366173548
2334475556
3108574914
1278934994
1195152294
365066174
2874531480
1909096003
1260887342
464700470
3000324565
287931897
570531602
324763052
3269141408
57861444
295478420
2264584242
1487778618
3263363323
1117839846
3241678548
3356811531
2640665125
3356366249
3119612256
2220697633
3194180628
2750413636
3265914342
2471451966
3221682240
3238213524
2733249571
3342452992
3126569285
3234155275
1374381919
2519312431
3259565478
1084376480
3255769638
2893474161
2261067902
3233402826
825676507
1172613313
1548802573
3009556369
3293871389
3233553084
1679750394
2782680081
3346034464
2770070456
2204232408
2655011552
3253084783
381121154
380051524
1587414487
1877125214
1706048431
3344470948
583571760
3340956784
3251516293
2173876098
2670245059
175727996
3013006708
2951935181
1854857390
2804633200
3237646983
2665886316
2860740009
3221869963
983350536
3059159557
2645634055
3308023107
3322573137
3330703228
2613868032
3036001182
2718144348
3100072617
3246324558
2942928898
3302558554
3331058357
337681294
3327791433
2789052354
168588803
3233399538
105726521
3321861244
3228506604
2326235803
3245385552
3096882176
3324991732
2913100822
2883007942
2785149264
3146234294
3315378549
3154511964
3241081542
983688259
3231531926
1517811030
2497704012
1924575589
3228333245
3310290820
3237528937
3240890221
2550790614
1008966572
3140844980
3239866116
2646101029
2664416904
1514336713
3298265571
1644587030
1579204908
771417272
3312557992
3290061681
3228311995
3239853847
3309716885
3142143142
3224751325
2258647020
3311551041
3198134268
3238653344
3310189354
3238306429
3243859775
1183762358
324288344
3310727319
3307517104
3224513707
3146946526
1252040725
2647393963
3308655785
3102233575
307680515
3308933331
2995913484
3225007530
1165357657
3196218919
1717424112
3309031714
3308955407
183058802
2497945917
3236414366
3305671906
1387288278
3217656283
3307192379
2180154516
3300396796
3230619366
3232970197
3307012653
3233512188
3307130943
1480285592
1747486729
1979648420
1542631122
3225600948
3227823834
3184105376
3303582094
3227851862
3232139005
2509842296
3220592540
3058520324
2624993044
2356023356
2526861145
3300302997
3295753503
3033404370
533487714
3224053148
2465863387
3238029604
2930626433
2562571641
3096645818
100119617
2803587279
3144953128
327944808
3295070278
3042966668
293648545
3258085186
3248489747
3222645182
2891596331
18177524
2987741228
3222888684
3222935960
628603083
3221924155
1965477727
2657204826
1202391608
3253291990
2857508452
3036686565
879189884
2800293642
3218780270
2346207523
3185790630
246304283
3264744874
222007153
2711690709
1248723708
2456993713
28639104
3231428962
3261574947
2678492344
3194975702
3222861233
3190359703
2943505800
3253027199
3194789418
2842926304
3244851767
3166543225
3243341165
331642663
2180982127
1534095084
1718851992
3233034705
3185247320
3234990213
3014027196
945903294
2279999551
3112555104
3225276849
614185821
3153474157
3202231769
2719922433
2910411446
3207898827
3126330059
3172428985
2733992084
2390131812
450588565
2609660987
216200581
869687197
2899968330
2591059182
577277666
3163716110
2834280450
3167496756
2253749911
3142759555
2878815001
2842778317
3178586285
2305000549
3130698212
2796688419
3122100729
310448672
2841332653
2907943595
3044568105
3145890882
552448885
3159856977
1891047854
2584182496
1901612166
2876598502
3021243796
3140476569
2598668968
3143728546
1340950448
2229214650
1893089936
3135481459
3138243441
633198886
2545686705
233533178
2944277805
3137623586
3128516336
858588888
886739310
2758040098
3100912716
3127244921
2279299836
2801958395
2801885859
2801989516
526702026
2599552236
3033207443
399316163
1165091636
3093618955
3100921311
2335842860
3103134345
1412312898
280926223
3095256775
2440712305
3065801562
2514977615
3086697888
868408964
3106429370
3086003587
3104181590
3043622047
2241917638
3103858440
3108658360
2498502779
2269356464
3103829070
2817515051
3103062382
3014785229
3105837718
2988105976
2346513915
3091517814
1893139700
2923148104
3091352890
2805594073
386912169
2823209178
874394864
2898691845
3075407545
149414495
987723978
2562483433
78740023
3091140128
3087131480
3079472185
3079415306
3079399478
2998470013
2998521834
2998257589
2998262276
2929172262
2703808183
2833358100
3087576859
2715762675
3081880772
3070826615
3060843324
2625663329
2999234767
2999201581
2999125830
2999159132
1916949578
3088956994
2782710843
3069636865
3069562020
3069561354
3037990194
3018393217
3018322800
3018391309
3018323016
2901632611
2487331624
478977201
3064085569
467314497
2831545023
39915257
3080137876
3062284620
2778412595
822343322
1469310948
205106454
3041953006
3069132364
3069172756
2981762003
1375507088
994592820
1382837280
3047919656
2697220798
3050667943
3045716545
3045194227
440054816
3025492779
2352624181
2963878514
3052158814
2883001647
2766767717
3050577839
3048065997
3048319329
2160161276
3041835947
1069212691
1625372928
1244974982
2959638370
2989525708
1106966952
2909819573
2595072571
3039539584
2605103994
633105939
2721025768
3037027139
2999169743
2988117315
2986968976
2980790849
3029471500
2979216635
2983966447
2983921416
3033590661
3008668151
3018123367
3029234693
3017729341
2724247333
3026583671
3010758028
1525133701
2993514634
3013802113
2263581307
395598311
303342913
2183631474
2585586895
3024557405
2386370360
2974131007
2273174623
1311315822
2277418890
2995036112
588578920
2991832173
2740403571
2710995484
1548381655
3007405835
99249112
2765013723
2974822950
2883160784
2960771098
2991045933
2925712144
2961220760
1356999559
2887921572
2887108772
2990571191
485370352
114648766
2990782839
2985191871
2434889084
2976751039
2983671040
2946847368
1691824904
2984348019
2984175779
782049762
384243946
2972677983
2978645649
1275741570
2413772395
1973726323
864078768
2977965853
2978067967
2974403230
2954178379
2973231261
933583976
2699542975
2291107642
2973973548
2970351555
437829846
2901231398
2959124747
2950745334
2869290105
2655034940
2961774234
1590825638
1375736312
1590793962
1591952268
1592097870
1591953990
1450829101
1590834655
1592095590
1592123198
1375718934
1590799134
1590839629
1592100012
1591947948
1591950612
2958386863
2958362995
2958322038
2917949094
428512810
1948088928
2363060451
423123733
2296503429
2896858489
2827748523
2959332142
2895182486
2192911206
2881534136
2879137490
2893982310
2867738272
2946718070
2949596518
2950670111
2257114992
2861732903
2950702397
2781555987
1540845762
2660053706
1034093268
2777031859
2950815794
2766329615
2950484805
2949324591
2949733498
2362198753
2199539859
2199781948
2942169435
2908224035
2945522563
2889421828
2888171188
2944243975
2933125071
2247868877
2929345397
2937140463
2912621077
2935529367
1676922558
2934385701
2933367370
2932704771
1457878441
2931827511
2923612013
2652003695
2921780975
548164863
2921658143
2916576799
774430670
2919171387
1876941126
2919028263
243221194
1515342528
1489836522
1498068469
1489853484
2766096635
1717146300
2300913462
1909022180
2857560919
116769784
2915071183
2910898581
2912285192
2893099822
2901180760
2921356074
2898357256
2908797309
2661494209
2921213934
2890327315
2863294059
2908128454
2918155568
2905581023
2462553613
2897913725
2739461161
1928182172
2914742131
2376259800
2895915861
2656813962
2768126415
2892250057
2912992178
2892687545
2912939838
2911553516
700252359
2892689925
1929103166
2889885754
2909229350
2910599204
2692838721
2888893289
2908476086
2889609507
2840255785
2888597993
2879843093
2230647260
2885917193
2883753539
2500099385
2889007544
2878771167
2150059071
2883059691
2893837482
2902523012
2861237793
617562334
1643484092
2898799416
2879781046
858487039
446234036
2743673262
2874396090
2879179174
2476980289
2323477579
2357449124
2880167653
2786761635
2874450370
2891518212
2869283218
348347960
2866751662
2296020880
2893155204
2864716617
2301410832
2847987083
2889715832
2864583617
2888175968
2890083260
2842692770
2888971015
2886915943
2886078103
2884730431
2851784416
2850905463
450787455
365564033
2843512768
820555728
2878945700
2878357837
2846098967
1184770116
1949719568
2863804375
925834111
565750842
2863974360
2837283905
1496439800
2863679635
1416191863
1036645909
2863539763
2861692808
2859316472
2807438343
2855971872
1321306284
2737568189
1708402068
2843679788
2823170782
2578449274
2756486730
1129880358
2791060079
2850704066
2568023233
2791399858
2816371433
2820009641
2777374553
2573958530
2783188060
2792919045
2792644839
2839441452
2385317274
2800874440
2839656992
2803468066
298027175
2798700295
2335887528
2704959281
2799725020
2583091482
2799425315
2796087574
2794573882
2795264967
1473149214
2830768226
2793438531
2178399618
2793213586
2792945139
2603577758
2781631170
2738137133
2834788760
1414615154
2835056911
2788935045
2785309234
2834419992
2783944786
2783509905
2496778928
2782527249
2752127968
2760438902
228666652
2779816060
2779746316
2749507103
2809878235
2779073848
2778500097
2778873255
2823256268
2755341691
2778115312
2754929137
2815430204
2821174836
2610647995
2820693084
2820551298
2771019598
2671119442
2771836955
2809636609
297111509
2805343416
543774778
2769240886
2807524796
2481568984
2564031874
2768243164
2756731180
2803933429
2765838460
2739820847
712594566
2763233060
2798001194
2799165595
2765189416
784433233
454476553
2796652339
1977066414
2419527667
2764020382
2763952407
2794275835
2762296067
538045202
2777613944
2704722749
2729920554
2784800738
2751497050
2760869381
2785506264
1040751776
2483643247
2744963159
338691082
2758254934
2782573668
2719621742
1867066411
2756793623
2778575149
1617517074
2750775520
2756591855
2482539705
2755137058
2350515014
2673232562
2738513532
2673242894
2673213686
2738584057
2350497434
2673244765
2738529200
2352261907
2350898137
2738577673
2673248606
2673220759
2350906970
2738535740
2352237751
632813338
2765849184
2176043829
2385935755
2748226157
1873904202
2415911289
1655178020
289068021
2754593741
2779362835
2755174145
2779330153
2719629277
245547073
286356942
2778692143
2211164839
2753355364
2777128063
2395067861
1476415561
2378034458
2694125272
2752277146
783417174
1635901578
2769451694
2720589823
2540305030
2761783069
2751340024
2324102629
2761734116
2713626582
1457649636
2760955302
2445334765
2445324140
2445314454
2445258301
2650937290
2737378380
2760799032
2751218713
457345015
2283819020
2738194249
2757542227
2750370628
2622027651
2756123418
2729831184
2754807289
2635977933
2754333000
774882144
416842759
2474658902
2639626484
2749024498
2748683265
2412562011
190976368
742900184
2748733960
2665563564
2369711700
1935309230
2738295648
2746749714
2654410958
2392078128
272354480
2591562006
1518761923
2748423656
2727107971
1618805528
2747097049
2746434568
2747710764
2746948459
2745902515
2746396498
2747224943
1188014148
2726709933
377753801
2740166682
2677062477
2233852585
2509088639
2298661393
2745633730
2744775803
2744526983
2737487750
2735792573
820632524
2733634459
2743046290
2724775496
2559656137
332808438
2586009002
2741239877
2741207951
2405634034
2424923431
2740122328
2288706500
2539592549
2725064582
2740350460
2664636792
2740121049
2723416106
2668350812
2739650632
1567147706
2614860922
2736475491
2705450180
2705441432
2705454595
2705444839
2705411504
2705405144
2705398682
2705358216
2705450833
2737131567
2733945436
2721601694
2735198344
2705892750
2715329035
2720913013
2284089593
2736551493
2720163524
2738260397
2707001264
2738029594
2513228983
2698490917
742768309
2717307072
2373079699
2737393815
2318469115
2350075921
2722259908
2718184226
359578838
2451413054
2715548928
2729942589
2736486563
1468188330
2735786248
2731955051
2714654970
1630937840
2223217654
2709835568
2699031212
2583602611
1729753483
2471327463
2732198896
2732609835
2701323631
2701185943
2626510888
2728748842
2730847630
2683916822
2730122691
2729635853
2696836248
2694398191
603354955
2673726445
736832719
2690979440
2490407900
2175156300
2687770310
2726515312
2467207340
2717160423
2728545555
2608957325
2218885986
2727492245
2679606288
2647532426
2689171818
1547936162
1655225947
2267462785
727780363
2273700821
2726211249
2708306517
2683290264
507450509
2684171666
1667271007
2327704154
1072734805
1725944090
1854442922
1289852845
2722772032
2722742121
2666320622
2711266325
2423656373
2428110930
2683468177
983041818
1664223823
2676033889
2647253316
2163198753
2268059281
2724491031
2724244043
1260533924
2576047047
2711334515
2677670574
1155426654
2670722089
2720551175
2722703987
2419607773
2675401374
2721994763
2721602793
2672862355
2671854114
2519640966
2671072938
2507215912
2719360863
2718900597
2521270576
602484883
2715267171
1537771560
2653049582
2651919780
2651752825
2294407852
2637825906
2648950495
2645560808
2708742268
2577151704
2377065480
1927011883
291413576
2707838458
760778082
561721907
142432236
1387796100
2522406263
2609481764
2620319623
889902961
2620037132
2616596971
2652990591
37148153
527271846
2600470682
2616512245
2616394370
1421448241
2268391325
1905272689
614012250
2612872027
57941924
2602272313
2608232934
2606717736
1670254952
2602458583
2573890998
1362537277
423808623
2317013968
2566574129
2411623848
2662542869
2669092923
524354000
1517878963
1069208706
2662516606
2656114492
2585993730
347332405
2434045549
1860168505
2584370222
737519947
2598804787
2264208512
2302761111
2542560914
1012066092
961431006
2367463154
749155404
1950057426
1241222250
2296211600
2588494597
2626933493
2580387055
2632337223
2560273296
2580057463
2474152135
1628527026
2550951319
2567387726
1904551034
2363263891
2278004819
1585702452
2601930562
1403461302
2571835448
2571865014
2610372131
367182366
2601584459
81354289
2557607702
485200857
2536145131
2472643303
2542786506
2545399890
2575090714
2525092951
1635613422
2272215131
2439071432
2538351536
1145876672
2575175213
878320999
2410001893
2570015481
1112724788
2324344040
2331921525
812161183
2527940606
537060051
172538979
2435626548
520958025
1150160227
2455648291
2521001485
2525706408
2488393890
2264471828
2449858154
2516019480
616387531
2515480033
2433571262
2481987772
1004895877
1374876776
2428616059
2312418441
2431283712
1291163060
2366552461
2479945224
1193401075
613852019
2349993884
2335718256
2475561984
1491276511
2192855198
2471658942
482602394
2444719873
2201074844
2451673219
2237589456
2197017208
2455578102
2455599548
2455826485
2322350142
2465081888
561197205
2461839403
2367041530
546791884
2447130050
1700843594
2496877317
2353137676
2451884138
2296436948
1735569222
417439370
2350229082
1031717334
2377527194
2369233753
1470324013
2199053280
2443670474
2426485526
583898960
2314736566
2442037860
1083015336
1951089780
2347984282
2302163454
486334385
839758052
2294058933
1527478178
599430347
289801644
2268168584
2431295724
2201387856
2367457759
616507848
1704588734
2407140930
2362198663
2463511792
2418100363
2427815743
2459665523
1959414690
1700028714
1085043649
890387677
2330937368
822397082
2419616827
1499694854
2418578354
419990942
1460293435
2386785179
2418061038
2345751020
2308688275
1678234321
2435954511
2415273294
2397382153
383293841
2414746471
2440225348
1715286026
2412703044
2412112368
2406081901
2221148486
1589674220
2433817253
582724770
401246107
791183420
1413662600
725929501
2407837477
2410411905
600231204
473604484
2406880358
2405977501
2404907534
2401678285
1954643784
1256201022
2385697591
1293627967
2295380812
635402648
1079743159
934822434
1659428816
2334386934
1191382974
2400760369
89013228
2421987213
764339264
2397657728
755599854
543681047
1109170423
587173022
2324022294
1007128616
148143264
883319036
1631043193
580593424
762211591
1624216430
540666223
2239936254
1597369068
1463073834
122326174
1417910839
2374976827
1696099904
1038604105
1295884562
347946960
2350766918
1865133289
2336548449
2393213851
928718815
2392011156
2391828163
2399850383
2366096148
2390626838
2363276093
852678602
1620439758
1344538454
1865835432
1727435263
955240794
955291848
950406528
929802438
924447356
929963839
949689734
926762252
955144634
950548621
920495629
927018235
920482002
888020395
2245966770
2227811256
2328977658
2267035370
2398713514
2360262360
2360242728
2360260140
2293870543
2360270102
2293883082
2293895557
2293881151
2360258210
2293883929
1131012620
1954074788
2378817373
2379403250
380476544
2365273687
1976257663
2322702122
2370769974
2296955874
614986208
2375585137
1313835145
2372980064
1686768001
2369730377
2372976793
2283130914
102872654
2369768208
2371048698
1060437751
1976187403
2377106667
2366460061
2366457852
1921433052
2326920679
1457849791
465782750
2367325580
2269965217
2222339126
2149483838
360978066
2360105767
2281843885
2208847643
2178562210
2287524211
2360767868
796997365
2257037995
2352134791
2232813961
2323012512
2357241625
2357536187
37002399
2337831170
2169412566
388387358
2273241641
2347548170
1394055660
2189026085
357565280
748471489
2277132817
2343446797
852166045
2346354788
2327673128
2331996620
2218850766
2334565243
2272024964
2338177681
2256659117
2336875252
2292370389
1738620458
2314486663
2330881285
2336666151
2227127828
2334334626
2328375976
1945557103
2276051421
2290887273
2330698045
1139863284
2320614945
2269669790
2320239795
2321191494
258950783
2299393194
2254200242
2312964344
2161058549
1616336702
2277205430
2316139428
2312963852
971782674
2243879969
459946356
121267877
1341016615
1549704271
2314845007
2313534704
2309637091
1550457787
2312359772
2233512658
2310860611
2304507161
2310824869
1713967064
2298990002
590092697
1630728282
1856625806
1708133305
1554416054
2172424466
1574503999
1428438289
19333917
1335848491
2220673646
2286297194
764202902
2239284985
2178487845
1335467160
759532854
2299095684
2294094528
714786555
2275057788
2295168793
715553018
1717146836
1462171850
2271336185
2246038753
2245979401
2274321407
2285006983
2196784825
2218497812
1399128343
2273683967
1172175882
2281373402
1584515102
1678567118
1195906537
2281433666
368464380
2281465592
2281448587
2281452438
2281482277
2281470228
2247463805
1638648612
1627233523
2275403718
2251635850
1978076629
706966427
2246345863
1210841450
2277904848
2273052476
2277784976
2277677713
2171379368
2171376212
2171371867
2171365488
2171362542
2171359453
1973401196
1973469157
1973443290
1106423785
441898493
1166777292
2275333896
2275414046
907959590
2218007739
2261946178
2268804823
2275414603
1727645239
1077281402
2275008218
442105882
2220847249
2253450999
2269369429
2269399262
519813962
1905127314
1932722130
285744753
2216237454
577207238
1938705163
2157039405
246009108
2240131143
2267083946
736738110
2268366008
1679125171
1710667532
2248947634
1950192276
2257064713
1316806135
1601064889
345537605
767396814
1321236110
764496925
2193805143
1129672694
713237379
1072222212
1599839664
1364041531
2225785892
2212456529
1689508326
1720639974
1881228829
2257018308
2240505987
129552090
2156240805
2258401891
2239130506
1398193723
2255909882
1863979232
2234090884
1321634022
2225080957
1135555537
1370129030
633278547
527841997
1173287166
2244672854
276269662
813968341
595721227
2231664454
2246171011
2247710023
1318898082
2190045199
2157671759
142587680
438693292
2214957835
2240116440
1637947693
2241625154
166994201
2175520601
2155910829
2209354228
2233058869
2231203656
2235149425
1979172991
239306926
2231039455
2231294466
472403029
2158653983
2233049012
2231031523
2230924831
481548862
2159112674
2209389029
770535072
1700473357
2214596598
2214618691
1895713628
2204876619
2227454233
607638483
2203791341
1926517670
2192393473
2217854442
1964481254
2163417369
914510317
1611292160
2222277487
578131863
768635718
2195743334
2200968995
2222113777
1038513637
1707614226
1901291900
2194287815
2220233408
2207190619
1947828139
409648468
2153954346
2215358365
1569868152
365815621
502856332
2194111210
2194087905
1042069800
2201941044
2206262144
2191387624
2200712034
1279370173
1559108437
2204541036
87893534
2188515681
1716238386
280903749
2204611962
2185360623
2174894548
2184816351
2159177087
2198885191
1869731508
604002836
2198079698
2198087491
1208208222
1708655612
1693253712
1928182201
1930296049
2173997482
2188850672
775934738
1195725944
2174481623
2175719355
716947288
2148555189
625056742
960312690
1606885110
1415118576
2167008065
2168438003
798343446
2173073359
707940608
2172578540
2163113499
718128897
2163465326
1927684688
1897496736
739887456
2149016617
341900399
2163595170
1917937723
1643993515
351707723
1090461684
1615755438
1376537845
1911681746
809377213
422912186
1438780106
1705747976
1974835308
2154948024
903907148
2148411866
1672051664
1095584593
1976032194
1608908012
1976027510
1975841024
1975559047
1969120813
633840958
1971772351
721493524
1969934756
1961553312
1965640045
702297646
337854307
1962746785
1918005098
1829271794
713915621
1456775042
1327474302
1544427967
1586458687
1732734169
855207781
1684336706
1671735162
1951163736
1935585264
1861526293
1939042261
866647603
1524210037
1576970947
1292179592
1733484138
350077133
1666416330
1937965820
970923973
703252961
1936976959
1933333442
1933329122
1849678766
448084063
1925569062
1925629885
1306163304
783712110
1918578457
1462692457
775251272
470071339
624611469
392134625
1648181142
1876802222
1908949255
865123868
1907073619
1635919831
1907069173
1899076279
737722902
1219593949
379044217
629826761
1609089007
101414290
1891653799
1795327538
1889141449
1864909549
25549171
331611441
1885719158
1885354339
1872461334
601644151
1709280098
1731271128
1043286972
1881266089
1590089708
972355214
1879831508
1729689072
1878173934
1599137779
1868072791
1606240956
1656987210
613922753
1096627904
260840449
463741867
1869837024
583935117
1164935504
1868811480
974615786
1852900740
1715930558
1864859540
1372908972
1514557860
1858947084
1423235526
1726555218
1263775027
770035862
1757015142
174030990
1584688868
1071074694
1721204618
1721159970
212534321
1741151736
1686841182
1616448991
771630456
348972545
1513495339
1456710876
1663726753
353486533
1715852682
737001642
1720914804
1318773745
967883197
1716817352
1665542197
1704328771
1708718707
1666281042
1609783195
72650262
728029766
1699594118
1700494734
1671209365
1650647174
1700408604
1383068982
778258436
1400762804
1680669122
1083486097
1319737567
342403045
586306373
1667959260
1686681103
1604169859
617423120
1659342050
1683241489
1519433688
1682203219
1679120262
1659576013
800417310
1032583464
1677320912
1358537132
1655361372
1240262174
735922236
1590631188
1675609578
1674183283
1626100200
470297593
1648618386
1668833564
1387980338
237839437
1160418439
1658230536
704019624
1612051531
1623816542
1657507249
410469363
1362890244
1631237450
597490597
1210534718
1606970508
1606968912
1607003131
1606949364
1606961929
1602493722
1606945789
1606892694
1606916216
1602661993
1602627314
1602601128
1602557125
1602551599
1571037414
1569833574
1568701477
1568599098
1650114644
1013699214
1552000118
1568558622
1184130313
1086087787
1645030634
1647088506
1623108866
1253080548
1400907391
1636357946
1626365263
464870326
623362388
1537494313
1350994652
1316683116
1024519015
1480719962
595083951
714599880
593938889
1620816800
740969239
427900429
1191446028
481908095
1305294392
1618473835
1120060194
1603754599
1015835365
1613519611
1480081568
422166349
573002721
1618155631
603544080
933426020
250315225
716872411
1617128408
1063753430
847435910
1602186650
1541132430
629752991
1540139911
1167058902
1258505191
406389640
1618187546
1412782424
1339743764
29664261
1612397412
521200909
550820850
93688799
1597057694
954652890
845910288
501701475
1026372752
776874991
592775690
1035574634
1427027533
1602455533
723040278
598922075
1553718224
730925329
1386075667
1599085411
1599358820
715311194
399299027
1381991023
542448732
1560286622
1145872992
581405980
1308236126
1589534785
859470618
1412213298
378105361
574390620
1346928884
349421245
1588432933
1587114672
1587155005
1587129662
1460072533
1459969351
1459925348
1459817870
1387805023
1588136869
1572200491
1265186365
1587514928
1123455282
987079016
1254284394
984350484
1494856034
1494859466
1494826500
1494885602
1494881539
1562515374
368471392
1166191891
1576965242
1456797800
1036719002
1573854416
1569704534
1569448633
1567034504
1567044636
1581419041
253560019
717362594
1561633046
614085129
622360260
1571221256
503312149
863851256
1576736126
1576433870
1050856790
1565294312
1574172966
269284315
1109032843
392526023
1132292563
794808847
796854260
1569023017
1559419460
1566730494
1036974679
1566083328
1096872440
1563538753
339249880
910456844
724248914
1568277266
710284770
1198936232
594277893
1198499966
1036078303
956157072
549293295
377047467
410431844
1566036308
966088400
1563783696
1563742844
1563677244
1476028903
1476001879
1475862066
1472807612
1472762714
1472748811
1471040948
1470980616
1470958508
1470948043
1466153636
1463650706
1463625361
1461082321
1394932620
1094230837
595733620
1561208827
347945451
1503119568
1315965079
1547559270
1517514434
595743814
420261321
1479602540
556141133
1479642998
1381679048
602321602
1405837272
1322159270
1542421526
1552958774
1514324378
602683522
635682976
792451242
1055155628
1214279426
1553700144
267333181
1545064458
618881569
1327880976
788357497
1026285109
1552192740
1439173484
1439194692
1439247265
1439200357
1003470882
1551914341
1551763165
923494062
1022976192
1551309829
1528867932
1528856850
1528879009
1528820214
1528805664
1528788288
1528415940
1528402992
790230775
1348873339
717645158
930241584
1547461472
1053752012
588588583
521586199
827371254
1357804938
962407159
1129500440
987325530
1471960454
970474734
1538956826
345242487
434529380
709785534
553535061
1414759110
1537974960
1538026039
1537994864
1537962114
1367687653
597727390
1537566060
596715928
1474862610
144456886
1518310664
141607446
962554938
578471292
601663895
1304434255
189262208
1452789062
786362324
317821972
988429014
1367080548
960989161
330275259
1309419756
1511959062
973597434
320113514
1057880413
791896280
1007322210
588586549
256876944
1503472472
550708423
1081529503
1008410076
601979142
1376174654
612655495
1495149032
1291384933
1297540946
1275031741
312704768
1342179258
573256617
1437772424
1355740321
161128478
1488425244
468469289
1350424806
384633455
771888138
620305532
1220377646
1287057974
621621491
324517002
1464504997
1221102368
598543565
539237000
182771087
443695017
573738189
1119966350
1475505354
200712652
390256051
1450934036
1450886107
1450997311
1457060162
1240301144
595163487
568155310
1020385742
1405754748
1461818089
1424198011
1424177894
1437042542
1424186892
1424201492
1424183509
1424162762
1424160655
1424154745
1424115462
1459249874
1458617030
1442449686
1442435856
1442447959
1442462845
1442410243
1442521706
1442504846
1442398962
1444268262
1444221408
1444212732
1444247521
1444245601
1444204374
878088914
1097198306
1452440870
1424245418
1423855830
1423848672
1390944156
1164635924
1367468670
1296322082
596416894
7664802
957263316
1403520649
1403478348
1403494202
1403495635
1444611680
1444617973
1444573932
1405244138
1405217490
1405234832
1405210956
1405228364
1292138527
1403502930
1403496678
541205504
1388355205
1440087018
232259520
1439656760
1409654935
1409624774
1409625679
752934554
134100816
1182774583
1343472956
1099015326
345946270
813078416
1425149347
1342331214
326259646
624312106
335923173
1321370432
956504774
1309062925
374301024
991427719
622715903
365522029
806760794
1320800803
707555582
311159499
939592970
997089060
756096907
1384706666
840826646
1331161178
999023527
1142202044
1128866419
63241157
945068310
1120931136
918098532
1040269969
872096683
1144852171
924075146
870199436
209972047
484896104
837191886
1353458264
1362684884
939572852
970174807
1213644360
791555503
1240144213
1215816900
1297105548
770516546
933090972
1342745522
957143688
1341328177
1291912782
554521628
634603210
622725748
587859970
1093875385
842580930
1012371728
1258358726
620907917
568739961
792800737
1288941290
498941890
1087040444
544663883
1299842622
1052984383
1295137910
1121963022
1189775173
312894752
1159067383
1046516358
1191112800
1289164333
705679362
1255097414
1067555582
970879982
739594328
905987137
611978014
125072836
1270597519
347480821
1271014182
1246150063
634481604
610079307
704095171
1148294377
792305005
1258397546
506172584
1258085072
1232960028
1186987441
574487969
1055924131
543266259
1053880874
863672239
598796871
1122856214
1195110775
979558352
1137587755
1110548833
596574534
147353290
99722237
1216494320
499324444
858797347
813832916
443102366
549882177
1084230967
927333548
235337547
988087242
1060376556
1183804777
298209353
595251825
1166392105
136931604
563052519
590317196
612528447
139855094
853510741
98479166
763328857
878056237
1039273345
448073001
1037927311
730917361
843263677
604638941
774824736
794237436
1016252138
378286116
864740516
1067460301
632656808
1120528927
509948549
1126127311
772573052
1086123744
549463409
470802708
1110389779
601607797
286730218
780497401
926720660
546901124
713232218
732031381
1108141472
588819194
701250607
1005417332
1094979979
1087278367
1099881775
1094448667
1094406618
1094404304
1090506114
1018529016
335513912
1084596350
1084565538
411605374
1084564477
1084530188
1084515229
546717364
1081632318
233085267
790856414
724179194
622434759
636318613
261901691
111468915
549061240
985802106
859208899
181309803
472441384
1044030559
1043754852
1043676428
517838004
938061444
1013967864
609506688
600451454
1012560344
402359771
542673930
629601171
782239430
81961886
831659418
985459124
985445240
984542264
984196970
466093136
984010525
983982126
983777658
983558802
983554147
983531647
981876812
613180525
969395640
969333223
315918759
883852957
591544905
836668795
490213670
898632409
889618182
609424278
537047549
580609774
807187315
801333738
766228862
571773282
786088154
778966508
601319294
763272936
406327586
561997376
557408831
335492069
555257339
