1668837589
3825307939
2494203973
239510568
344233703
1039438225
196415460
710375905873494016
1665211550
3070366039
4700579492
5800582
24443770
732229531382259712
749654143422328832
2392032506
2979538748
257591190
1661557712
97689765
2886619245
3411516553
4235026421
245564291
33237351
3229506722
222727342
23259606
1496853848
481762079
2471494160
3376454019
1543944841
750514323391414272
3165491177
4662630175
33421794
737717173754290176
2753807133
2803013289
732681446444433408
752946815008317440
2918455913
482274576
17012039
723490698
1707545593
521928101
223341681
741064132905082881
759294647667716096
588643237
244783412
3598557917
29752569
3069132076
2345432461
760032852649975809
734962689118773248
166624682
785779068
115563859
4883973837
2699827792
1012625209
4831124783
3469574600
3341511353
702855713736007680
745417315819261953
316557414
87183181
4574404887
51195255
1305818593
754713786100178944
304675271
67602503
198565074
911780719
3344854607
709575342445305856
576578152
3143162406
282741821
3432148437
2861342687
36311109
526583592
3307417512
1146460370
4910014602
3743652503
1123137259
2856307798
185066200
130938557
756412737144627200
860576268
3140547577
720048672801701888
362314911
52162185
22400200
16600574
1040282600
2881422017
29236528
637305972
66331931
732633469671624704
242991940
3151208370
1441673053
17995409
2777471323
3406619409
40297020
478151814
24077664
720796341308362752
4852175399
50714689
2487754982
18554720
46786678
2493013459
1316586410
374138602
356421280
809484055
706653555399266310
753395224655884292
3221003629
735614732909051904
3166228280
2856180336
291249899
22275767
733399902403710977
485423388
26015031
729046923173343232
4791707720
3417429839
32671625
312684302
2736359780
17012824
126528164
3787536555
531828555
625735826
724677137802756096
334984455
18353495
25571493
4833071600
2917960765
191891492
728981660566433792
975456638
1216789842
1422241538
2584811341
7808372
710903894348578817
793999634
4891794551
125752774
1042992428
4876837073
3452057673
22970364
735103080
76058560
734674244492107777
391785748
34491026
2342478764
20023919
746675037831307264
3634162993
84466803
277962082
4835871809
3235055605
4894117684
361544166
376306696
251341054
740228502864179200
4841622645
736228871922540546
738541937657946114
2575393358
542947234
1648868684
2933700645
4878048843
620302914
274174407
313346981
28926547
3361444212
17721912
350996802
731734468126334976
315243495
104981431
703637991168737282
2398714032
18522327
2177572282
883695673
568527992
4077013648
1873539488
17495447
534397312
3419534985
737428349379870720
1655052980
2488108867
31532999
742498807808548864
198587698
1111775804
4835062336
729791984542453762
1660111308
3269028774
93111391
2449000705
242637589
3433130297
188684410
69792268
702058222119624704
2661849196
27453762
342864030
2873756848
375443475
250105828
3166353485
728251727250653184
1955656496
740253443562995712
114663456
192401378
740410759243501569
2792290323
551239859
715355590478970880
739170793679097856
706289747732406272
545474475
32649134
353536415
36672360
362290415
4885969131
339832905
2353974979
738570290746273792
735001315131150336
166878094
727995824576208896
2483770620
376667090
26184882
4680313218
160310194
737679261335719936
715377808793538560
343702505
3241732900
722508520642502657
401953891
733172551673864192
38225778
195876415
427041068
287151587
704284905144864768
736433043481579520
1262193878
270364829
1732904028
744194214
2339360882
15872716
48848173
27934012
701587635739865088
2664805638
2830843280
717312364312330241
961710014
50458131
4264920253
2329498706
409687742
4675757580
74419021
730166175955603456
204299408
326021185
41745189
628417129
32626943
2338340929
2826806322
4256842251
2316383071
1115845826
11715042
702695042260070400
2972362774
2972384860
731792706796670976
1220128500
730164460497846273
707454334070562816
1013889636
4736996728
16233069
725183974969106432
49246546
718283360540442624
2889924959
561648188
480083441
75472136
1535171269
723870003087433728
437278681
234285697
732607716103966720
4416768012
861763958
794151175
4513719081
716972670571716609
720048569743331329
4254904636
384013424
720818797444210688
198586296
2897715325
1244408377
728439317438173184
167964184
146170966
1934770050
17258301
702779991717597185
19341224
1025187769
270068926
721368788512477184
729764018076819457
2794033412
22071069
3039929661
3138553615
726604502082572292
714419097262538752
32615739
715704555565088768
1702731
2565826627
4437493517
43497473
861508788
329196439
1477241472
1926663354
723712874934312960
743322853
3137473514
1901275388
4375581807
2162418595
724428991587717120
701967006438797314
2276703510
7771842
705468576111529984
2451146033
726375059821060096
720536160284635136
170500501
707385966109925376
462523572
704967105402114048
4902714075
574166517
3164513660
117938636
274134586
343535198
4828841986
3096362216
4437168442
298602588
2926851022
28499345
251000898
18380580
16721452
522795493
696938120407863296
1003130904
724935432522321921
161700310
4905922076
856723315
2275042470
720818148564279296
1467525540
20730692
4917092018
116048117
2229273212
113243806
133135627
96426017
138409823
525040319
3443167339
580312540
50338306
156752362
724774382199934976
720868057866895360
76725190
712786914273660928
4785292626
701791398765400064
720805498270814210
719472023915732992
1032956725
711654736114507777
722957781691559936
714732815317929985
69430791
2543100048
708477796796895232
722944361374167040
714617914532503552
700723240793088001
2594777088
21666641
711385356491423745
722886915003777025
721554695928434688
722975545084895233
33879063
2382321121
350093249
322356457
1018214107
348814562
717879977241391104
60215516
616623398
3455796672
720798731302539264
2903194852
721099377402519553
24645871
4356455112
714701081113206784
3285215935
702311189506691072
188867550
721872515597926400
15400962
1278144450
117450444
3746923814
571903137
25884308
4754698075
721232115292094464
704015377366433794
3092183583
1558142047
2952858787
3410314453
4255777277
1268420155
4879744990
719735745095700480
282569265
2185666440
719925191980224512
3953695528
3730378454
770759270
720770789398556672
4749997479
195510109
4871740661
18363392
3663213984
237593267
140892845
697541390646054912
714973048185552897
701878795058356225
503955524
159086467
1604640828
123386371
2312511794
2841963453
4898070917
709366417905348609
3636394102
161594344
110803365
1032976286
241368198
469732090
718136291951525888
118190663
19848466
586853452
110574474
716223162913042432
89061868
540774268
1033638295
719542797372678147
1146111768
44320262
134594804
710643313267716096
719217782462816257
17397880
2178870696
4756202063
16028985
1677169333
4904668651
2389879718
252353889
3859273932
4750874478
81329146
2582983692
3260940092
24880446
520978968
362120741
22807017
803826720
257944088
977179363
900091915
711439062519910400
285719381
1257732554
1571317760
38597673
321919296
304337832
2844693572
444274499
4924437246
156992741
229518601
123678702
1151441124
1011747007
4855874126
22645697
2173646835
3318281953
19915883
5264181
3166325854
242597627
261035490
3683113160
198587357
2554982875
2226615308
2432221788
4899610029
331230978
33040121
466992330
3237255511
194840541
16672644
1639395961
48607613
296571098
714720425801084930
243444413
2682680929
569487350
183958809
3010777026
2843835042
1592246006
871001106
462132518
457743272
716007895108689920
703310501229498369
2275550440
32130152
3260919876
39609732
2570541021
3327420822
756899642
296904144
2433194094
33530321
709406894905958400
159608463
32703561
40074518
3963492493
4281574153
120877403
2373857028
715258423764340736
714870226693857281
18920838
180897456
550253258
914608166
17010913
4003361968
3244370974
4018128675
711026018048286722
33545336
3223914997
4791777672
712109096351113216
311188381
2491964094
2739446098
75274615
1023705104
3098115975
4775025980
42362189
2334633194
207609111
4777364477
62909336
2329289923
716545648
18585570
297191567
25150354
17159787
3353604197
1375860338
228015335
414257018
253860949
3063418949
435860035
2744430555
862131258
194301585
19463681
931908926
758275063
4800796580
15035209
4870478255
2466157656
2841747221
400188508
57519308
2349372794
227010728
2184797541
3261805074
48599652
191463695
4256635512
612057704
708392119157846017
2363804264
19802846
37435889
21814305
371950796
3299331575
706990010042601473
2912822609
3392089679
3463241362
575925999
275743098
145659451
23361211
724878049
285434613
3417123673
713081417429827585
2251125241
316551217
703888759339802624
1584645799
33253412
4809774207
241387858
2865242560
179831779
51813493
117983479
3427200023
860530914
4311393022
2434294310
235231110
293104735
403932208
2495637565
100880543
3509421138
32897186
3150098774
2274942961
543331182
4839340449
973038127
17571027
2325472760
4910220022
1253363912
3784601953
3091521770
3265732057
61104689
3150434708
65272235
591297698
4520336374
709409987550978049
2239513387
380448276
1869575251
190764148
4821515421
4493114113
313772276
3893210375
204587633
45120862
2311063720
4870859956
3825502467
2227362616
218526734
3024410127
434044315
498402567
3305406949
319777415
788672802
16711026
2785095528
453484864
1935600896
710840846757851136
3165245613
837561853
95094652
705865207718023168
4827926451
4448060534
710244184876167168
710963937316048897
107727858
4761642625
3087391632
3950544737
2853370361
4655279897
244177754
4327242015
1928290020
3370338622
709367103053283328
134234167
3959149512
705309332867420160
705318443655028736
3320274389
2849993303
145618378
3346488075
22454663
16215350
442911245
2560148358
67185626
3020137681
18082945
4790585689
709227901749571584
131677754
47630337
712948758
3426768574
706093305302417408
116630205
4779422688
22736010
4813986674
21868866
915762936
702261605703294976
74211907
931391137
4794182534
15115280
18791138
629394432
707572592811577344
708009857958486016
2294160370
372579816
2601873347
3509458035
113349253
147398785
2189130356
286680865
2412406063
706658301702971392
16474992
28847899
79218153
31403779
4817772331
3987161712
706866725770362880
260593970
302991001
2785853141
701488129903951872
706551082617606144
2566124461
2224644214
1639114092
264931947
887562596
23860507
705601337271197698
57567739
1952905440
1551870925
4877191041
259252751
704405244147474432
2732944034
704519691075608576
206844298
3436263963
3676507156
3065829424
14658125
700850673504522240
713327323
2665382287
81821096
22064255
93583928
703634995710189569
4549791867
2965284615
39606118
1276230601
126989065
2279386221
4164210783
514019757
874846453
1442432402
3087969039
36509923
3186888841
2650905729
422181027
3920426061
3363071103
3882169698
261126056
38209344
21495530
3032465845
3376763009
4606946533
3150687218
190870444
3279003902
3320557224
2360448613
235296906
1075939369
3386851396
4922275353
27279989
751789802
4069363332
18660521
43264119
65943167
288981065
4864925167
424831241
4264820295
476315898
31013444
4871954015
3225924410
313641424
1714431205
1381088924
59702598
53309297
3065753301
31601858
87957969
16157204
81406248
386039522
480900509
2861426208
4789873223
978597932
634676291
969161196
305818709
4187444843
2735569132
324042503
1544592642
2400901568
2209184731
1513958744
16425672
4230149657
3349433536
3644280373
60972923
27320992
2608302020
40318567
2840915387
4844254813
178063571
131607057
1072478329
2835584205
490401229
21578157
1442476447
44545472
2588699732
21025381
1428245454
3344387495
1884757826
72076895
25416225
402324771
907186650
2492097511
4579781073
133063757
4831215383
2865992597
294834870
2975586611
16584035
2341358222
32168059
3406500304
316592974
260139169
4846617492
3150777746
4729801216
31095945
104459389
450256209
3321386251
49379886
543780273
15538804
1404836796
1909087813
436314047
4832129660
16444544
4828319172
2588824195
2346016782
580130219
931287019
292684762
266326338
2937516482
165507452
3150244351
19052834
4808999989
3390254459
2590257072
36713347
14545012
4830563673
107290835
4738087979
3169035458
1421631721
2280037440
4814292977
21440866
128790234
4635267749
2982056278
16462209
16351724
26919151
33040388
2667470454
4775254460
4771822585
3074013672
3419694658
2399025927
16392181
1226407285
3217694460
4002888226
4687202942
3056142064
32774989
2252473178
3082986275
147351531
18220818
124942059
4543927513
3914226136
22873947
91283069
4211608397
635702011
65779852
4343118743
3149673634
3752166915
4328769140
2890805632
18382184
109407144
4106830156
2465144870
4036455631
3329273532
146160591
4289735084
4195021996
4166842720
4204670069
612399894
3263965950
174710466
1429287373
3530554097
4137827592
4083661239
15017504
3025939486
4013935876
282218911
381794645
456031911
3436790726
3109588442
3049757977
994453866
318384036
708734835
478359113
386759401
3795649393
713376499
316620332
18180382
3109220212
3821742076
78781820
3783009683
3037251386
2811613918
1030495537
2842391071
2682230426
858646280
3193865314
1909540352
17757005
190890578
3091316093
115416936
157800635
3376060913
17296568
3307717747
2340698592
16132075
97732452
860040836
2860194098
2203136393
2569139262
3273321163
3166634564
2490387344
2295937798
858970040
2197001278
19417197
1975508851
3299265219
2815747198
2822828218
1271723072
767938171
19134557
43261344
285852662
46553559
2312829909
552385233
2998383408
44363702
136422425
1470975829
2430730327
2950651953
2821264125
3024088539
992081976
1875262872
2951592241
2223691094
1279090699
25542482
37528466
226249905
42982510
295887570
491196570
254714696
2994611948
321774180
2713879890
2959843906
779305904
31496604
3141001298
2664278533
1626066301
329993100
512426193
103631430
2431136407
2991368880
283840407
3067906316
615252904
3085849101
3081801219
2987671754
512321258
1395554336
27741349
97939105
67104183
69449322
59159771
3033134043
255731410
340414569
50482949
27237672
276334529
2454411085
2984329517
100786120
33826904
1410601014
2951650024
2952183970
183431837
2957197237
329831059
19330456
1604464490
24380744
2802755089
2324691619
2903173173
2458244786
2650797529
2388075212
2264923554
2592306463
2319726739
740600552
47177657
423625300
2553154040
2156190929
2841875730
1292173820
2829053220
2345250086
252009802
2647466738
2812822813
710385217
1041106860
2580000855
2395407996
250849580
2674001280
1157045029
438166390
2723428463
1580614423
1969379714
24733117
2226491604
263940105
2351339382
338871700
110931326
46818339
34104447
1376798400
1189466677
506815987
21705181
366851967
27649741
1364484883
883316545
2398069189
2269991616
2402065418
379869831
209647054
2468569484
2334168565
2469403351
158575452
54042025
32673296
119185021
632564853
206872748
891989306
461209756
2269440188
158819455
1957187070
222345156
519088938
255199869
2229571016
366685169
2229575395
2218411878
15891841
16254913
581950210
69218324
2337834726
396044297
109718239
294991606
210045900
24247106
2345846257
125497871
374817258
259324336
2343544704
1380677004
1226651287
714213253
1638980946
724381837
2276465172
2291562564
402355096
83031818
396188102
226954021
240073748
357674108
555120449
2328478758
506707798
76090148
304643144
1885910570
30231573
1953032718
1539328826
21324442
53466583
1952823564
909470125
1731895364
474563808
2311521047
115276825
312195609
477277263
37582890
16123077
2241077238
39294154
255506881
1275369307
146644080
399665589
1074278209
23983382
620604622
607368250
841218992
21954033
169183368
221969181
123653013
128210898
1976963472
557128396
48719150
778350614
361543110
197404857
312248392
1624046510
1689267272
398239057
1634552636
1032982176
1613003676
563121626
350389927
463689095
618769108
766547376
863596621
547699457
587875070
441278262
16146535
38370559
156656964
334660170
22831232
558251172
24556105
2298999170
53861909
108932271
276842152
571461243
22532954
1114886305
20265203
274990777
624805598
203765012
32260931
34341362
18785467
993358020
525925642
61149653
239025975
565797499
77782711
459269265
16315197
405129964
55370049
2216432695
15650946
32135630
140665935
939922981
933261786
1115733925
118814743
1959209233
701347049
1891623662
51452908
101810576
22310677
53503202
52230962
188055481
62352918
63202029
16359486
189967523
250247983
1214410454
1892315352
1105102566
888650520
3744281
23685118
208220851
611922523
15744281
27124758
17686959
431983412
1723705364
48002904
459617681
43758222
426578718
1934787661
469371578
1013986122
423083383
32283017
42790254
1917542490
1594679162
751947774
761873688
271030180
253353588
1549705375
17372896
1260574405
868856461
229899672
1526148606
302881437
183876837
228554424
14247572
1327401170
29151815
203188066
242288569
36032320
18141610
346225460
124898913
22858466
94367917
878284831
15983306
18298094
514009705
405259845
46478528
15784867
168524035
19077091
428567107
16074930
225298709
236639474
278005891
76027332
520029915
27234909
389841834
48038030
16185273
350336411
921824922
16439659
59956410
731596345
902528816
431164621
868130508
607622157
179732982
20144167
414488432
16082787
246220722
754135908
32517594
821372790
1436859348
343327974
990627116
49021031
444819440
552355237
21717987
1707158696
15280845
144402222
220086346
50371921
78419512
291774022
2187077671
53019309
78599720
15368940
882276877
24956162
388310964
858921774
240714345
238862918
25051471
1355218452
23094875
172867574
48854106
19360844
959596692
16672561
849169945
329443994
37990581
35862271
19088288
1887263564
51228973
394570385
71907621
850633633
25781141
1702539968
455066669
1045096429
242618658
1165573680
435564722
368733675
67332135
399181529
41961481
1468015824
38228095
708348674
607006490
