744548080435892224
730702899454578688
38143745
574965588
2910680931
2535268666
58578066
1124227879
3010425370
4847946043
538528495
742969235543085058
743015549538598912
158094630
52995117
748786502
731907981437210626
105409023
175500549
735066007891386369
750414774
298773555
927621084
1686020359
4795507097
3256343636
2170660686
729169471047262208
720263984771784705
727533353713299456
726330777861001216
725328108769914880
724639716507824129
2880651392
706442535216873473
2725794335
721996009346170880
270511587
180685489
1870226372
721070772756688898
133435371
711426676064854016
716950376105136129
4924764074
145674260
716898780587499520
210137144
707658602367082497
3424358772
3151310556
2533021470
2876336221
709462179091599361
118701586
2942369569
4896180815
174172216
4598552007
4766059771
708250099470565376
326707873
4889594723
4464037337
1881902503
323747848
14918367
3427272974
1679952230
340099367
250087840
1498535407
701673083745263616
3397069504
1228546897
186067847
3729832454
89258224
4700958697
4870133663
433865933
371948826
701108718038073344
4757173611
259654406
127967449
3474278233
304346323
4888519861
373924856
696617750391869440
4600190056
4833883665
4632474277
4849008447
92953195
1729692954
178765209
73690421
3298569942
694657689989861376
255345108
4286673453
4802118918
4868380755
512652056
4335822922
94899522
4850877076
4614628468
629529046
1589122417
28609576
3241212374
1162457012
2741824784
4343910014
2685933681
43168576
4287299772
34336351
566311075
1531779301
4483082353
184334718
4119141497
4743622894
1943716440
1870118538
4653918873
350866001
3846222563
4638483854
383139314
4629315979
4602459613
1971571382
525042596
3007181027
19861538
4339434674
4574968995
4524953837
4459831533
4367695034
4556382761
2399916488
306336187
3874410147
69187039
1151185442
2610209269
3088933611
176783371
2880988768
2247928406
256481089
4454468854
2472151945
4290811459
315511963
2525504262
4403679562
3413815509
4391558427
1324471772
4380850583
4301391434
4318796362
3328845024
3328839798
3328930315
2908805660
4350534621
3675560295
3301296918
2457154388
4396508293
4398303198
3703264698
4346414592
1873735196
93590806
116660647
1522896781
3316402580
28141192
4250432537
4249249102
1942251511
3439235651
1695972073
3279442724
2925562963
2407269736
4287749954
3342103161
4219849481
301752431
3955234633
3708971481
2183551682
2735141238
4078435834
161054641
905854291
316060491
23218783
4210426589
3029423814
486632896
956967354
181213606
4211265072
259576649
377063194
118346306
2593734807
835234831
3022111722
3244889998
3124465897
1650117302
2205893019
4129761550
4190988687
4240487053
4110298653
738608858
2190249269
3117073250
3111211101
4118871620
605355549
3346813092
3021516128
1861663298
4008271637
2796386420
2337080207
3131359809
4157423593
3703454896
4138816403
4084547247
3328919227
3405026375
15445129
4082739305
3631008079
3270227071
3595477455
613268287
4029768635
2793775383
3246345291
1480024512
4008563662
3524817082
4031428032
4079984959
2578027621
1571074795
4065960982
3939016157
3188855648
3283550262
2483202764
150793626
362550965
4079676118
3912367767
3664181956
3487478716
389841233
140040482
3298538693
4069580495
174278117
4025003896
3336701633
3237533354
1030444435
3986082682
3848512819
1111234820
3404312735
3499278318
3347368587
2747586245
3258355826
3767572227
3404276679
3298276254
3298319474
3298349809
3298349959
2912347360
3298351927
3298311974
2242904184
1927178491
448248296
2911386209
1436667548
2559918591
564121044
3816604393
2991948180
3544214415
3289561797
3310778173
34318187
3780562880
2217961488
331491266
147032195
2935650145
3596152094
3521928433
3360103334
3777834982
3016780846
50944666
3238834748
3725559553
1851882420
118101438
1284225200
2866651435
3118392744
3702231553
2933149081
2230758248
3638905519
3614720174
80303268
200496304
21825193
117606136
3707095452
28267415
18606419
110334159
118144827
738235044
355311597
3384156983
118159374
798933842
3723737292
2891555988
117741408
117593307
117840571
3257939130
73111394
3017216169
3473134695
3378132561
3586149376
3466345097
3265741160
3681189320
1468851968
3200855399
3601550480
3191420106
117506840
383114635
3666890832
2443777088
3079851773
3589381094
3008712716
105109659
3638859012
2470459328
3334300753
1097252988
3485717957
3289656707
3533855533
2864518442
3665024055
3571976303
3487315039
3558902239
407365085
81485246
3538970120
147650726
3559971199
3052009878
3323696998
245275454
2918255508
2586537750
2998100750
149581701
2534374091
3415808523
215536039
235278104
3271180123
1455265494
425938102
3524090185
103726421
3402156792
2407473644
3322971959
3333744622
3314846990
3517342032
1175214048
3315454002
3377714490
161603076
3577884196
585543390
3472808067
2995622398
1486863464
3435509579
442610043
1004447264
3448808544
3066719229
445605446
113099592
3435076220
3061463018
1350950580
3303171774
523845753
2375844469
2967060153
1639636711
3314574204
846761646
3399739994
2300794826
2672924254
3407151065
3257772326
3341450854
315863846
2673072777
100687185
1949322637
2496551732
2445175518
3343347318
390539955
2927005556
3165443457
3287203458
2317149613
3319897567
3420948789
2976187714
3340865532
2260150651
518587955
3438918803
365763314
3323473690
1254809953
2946306271
1623667578
3433843047
3323379798
3318280260
1543821457
2672807181
3395598647
54515435
2932483243
2451771390
3290264961
3259599482
3225938928
3296899592
2930568488
3313803199
3319577375
3315676681
493543617
1240542655
3277916862
3238524175
1933407492
3333582765
487462904
3277951843
3312804240
257924645
3314051556
860626104
3402487649
18548136
3402672999
923640552
