751765688386097152
730321546942652416
702698163115700224
4059882493
3946387094
3646118364
3835998852
634180781
4180133473
3114458100
4045722618
3878973913
333349020
3265630908
3313195562
2530169586
3679068672
2768082346
3233397810
3952465944
3617181500
4035330612
4021282813
866460535
4010584334
3948265754
2876974184
2700236744
3323482218
3736510573
3778728559
3965843304
3310741123
3270777770
3011142649
403524631
2856469470
3846658632
3889010294
18548136
547544047
3589225992
2982187034
118203540
3766630584
3557907018
3666516252
3167359445
3322771317
3505416084
3457278817
3287012688
