1108695031
1870282586
746558045497393152
961130220
1385380094
701080394335174657
3365804596
4042097053
1505048544
1626728382
314838435
785913312
4574367327
1965562087
3031940791
746561787177271297
714795210
3001931017
51694255
2816099439
131579527
18088673
3009864905
98838383
2857844867
760580937004572676
3244830671
759957897300283392
3324559688
592483957
739091473547812869
716194419364519936
554998989
4686804858
721680125776027648
339434970
3164156149
769044200
717271809142484992
748648890635739136
4892795309
1306290745
2740583856
165968116
744480509393174528
15033666
740957399515865088
709117047112933377
3344365876
3315754513
2244469531
4875419599
372903462
54272960
718131778247122944
738558569688104960
706478614724870144
3069556835
313707028
121416590
4335794423
539140289
736014180873035776
2451706273
251640553
263924652
26162740
2635088846
731981454020874240
730410753929433088
709964584078155776
743587802
707677466983309312
728651472016179200
441151771
30116806
195195021
726156796004585472
1962366000
721712222926413824
3316643287
1125687109
1916773123
4885122861
719884878570000384
2261463534
2805143634
787728006
713911300733009920
297302770
717140820827045889
716411544704159744
710234169771745281
427097804
709938026718240768
4838364081
4925493982
74452613
4883557895
2373656334
710914212021805056
3163960186
4672656073
3780729387
4871421893
943690081
4892252614
3407347079
4869368746
4655178213
701658561097687040
4891019069
2420207286
170985512
3206486805
4536764595
4892357693
4635846403
4865152639
4775120359
4828149903
3164398719
4841042574
4834253800
4476164725
3254970461
1887709165
2997933063
2997210838
28723372
4777385837
321737943
4835638667
1343977518
4698084506
2164098593
2829622914
3010052648
3299980962
38019317
437331645
432714642
4752412819
4657176453
4290282629
4659123616
4721482039
3063624690
254095930
4731868940
2712834521
4756075534
4605422717
2892521359
4731552828
1628871667
436319528
1179737882
3145519894
4464375077
3000648080
3089855909
3227960623
3399618964
4608457875
2806105627
1132189146
4656814169
4544907198
341492048
604142194
4074623115
37508035
633341371
2454867902
4149334338
2959126306
4675915814
3149765649
4657661825
4659348496
2314414416
559850893
2731550369
3397293974
2285405053
4003961752
4610446242
4585963096
3133186817
2568992840
2418220826
2600683076
4553048594
4550481560
4550349552
4550446219
4548902174
4544411294
4544157618
4663379298
4663360639
4632782832
4640540178
4640792293
4567696692
4567938020
4542646700
4567800552
4567673052
4567713554
4561692078
4561616604
4558993093
4558932733
4558766658
4553147593
4542469754
294165989
2790178185
2912314833
1103594539
2196007690
2299147903
1654424078
3695413883
4126384287
4538899873
2190352825
2823574428
2431516010
1124562043
1190151853
2987653038
3057812465
1017853526
3143063377
2914990188
1459871443
569307974
2479633067
2905678414
1080534060
2293329402
3118824165
3002030102
4575692014
4564099523
4608059112
3250810974
4600835176
1352469810
3884254295
2297800139
2956112135
2183809735
2848023205
108729879
3294204566
3028626306
4587167834
1387565982
3386131564
546452325
3086718642
1587685009
353123154
139371577
2942100154
635582068
88471912
475855593
1939348758
3546743600
206774019
1389676207
4527449955
1621139090
2563209130
3226766113
2429253872
2158811371
3151166556
1219275637
3873099922
4213569617
3404879525
214884953
1351002733
756512365
1472356267
4611153768
4586714659
573037651
4242584960
898913852
2763636825
1625800886
4600867939
4537974555
4573544122
3144652183
1315991526
4561861157
3054582717
2785509608
612206992
543603811
2964975963
1556076956
3060439362
1515919292
112586133
1240728060
938069851
3104598031
798377660
2938815759
2229423883
3219693205
1029888282
4493614348
2335439491
324672269
3976431139
2269741992
2696975990
2779707918
476678279
2942315821
3309862021
2157709935
760532306
261056545
493556547
1069774566
4437346154
1138555304
1328638220
79168490
3164408346
4076829314
2284870958
3996122113
1441902936
3207516622
2956910503
3507904092
2205231284
298706959
2399345509
2805881249
2534342542
2341002115
1888044932
1660821998
503050147
2906711513
1122995431
2631291251
1934600682
631582927
1367240095
2837458197
4115192195
3267912643
1457012580
634876170
2157569098
1692065640
2340332541
1024869158
3251732193
4064277196
510765708
1320969092
4628403559
2751946661
1353435931
1635517742
2281515129
3395485073
3376622704
287334686
2956898048
3317625920
2609515965
587108257
3921960799
510030121
811146470
3872049033
2498210556
3133658636
2346324643
3265838366
3271461451
1288233780
835638966
2506576412
2407258584
617834024
435419189
3302661444
2889083116
2624350506
3006058229
1477705214
1252716584
3806313389
2599690404
2955859017
150355786
4263982814
3117142022
3263040284
355159298
1731200731
2305116294
403251468
3180813979
1326497532
2420375132
3294442189
388086534
4620221294
513951675
555194962
713794926
3186645439
3259607263
2165438067
1047559788
1655213137
566906442
2875063850
2261476939
2368854432
2780942905
2316961173
3092821735
3142924118
2234087213
4146812185
927939889
3743072114
1438784156
3018368401
180228195
3323872537
2938038178
3295679787
3698820734
2462671099
631946857
3971722527
1075414082
247847106
4277562808
2371839372
192274569
631405316
3271683450
4027714583
123025141
2669897960
3315372684
3321016544
3067665121
4241967799
3610525994
3171193699
369181069
1358021504
2615135370
3309455940
4144256181
2945617716
3795502660
3388358163
3388314880
2737413243
3685732756
3115502270
2441022846
2940344606
2892122448
3039559558
2550359081
3315711097
2600170936
2274106466
993577490
1850529090
1127185106
3303077723
3670304478
4601159551
278899082
3310966420
4498538901
713415882
1434343681
4544730024
621716440
4440072253
1124660726
4396358712
2463615704
3160353218
3300808246
247091801
2507026938
1367728705
98554973
1118728830
2527497728
142961064
519154692
3168153276
2367144888
976740978
4618906392
3416628161
4627037611
1876816189
279890788
591319775
4173005592
4138145182
1271141689
3026665115
4040592014
3343606558
572145899
3298698016
846146556
1192350992
3393009827
1621848924
3255428695
1649767070
4626623234
2507583800
548684049
1870945279
2505640484
2933393793
3176020770
3187919287
1386435254
3076914025
3635109019
124302924
731129496
2598634782
2179500110
2765050110
756842838
2297119993
3869661254
2448377736
2587152121
3404516920
3587372552
585658143
2957421097
3396904684
3108793968
4458919992
3135184406
3195976158
2259343874
3111836702
523045679
4195777827
573194105
2323622966
4529399599
2389510302
4462531940
2783498641
3255166723
3305741994
1062772441
602581988
1051965271
2868283736
4112281252
629301854
3318401965
3179216515
2880072566
2645845147
2645806050
2645817590
2645822443
2645734741
1646630172
2645673510
1470729164
3021030164
2645666652
2645664122
3931472540
2645663839
2351315559
634887800
3765228252
2494013356
806292756
456064971
369438417
2717610471
2659881067
4601466259
3331425663
3410585728
618782867
3438398135
3504224481
3369492377
3307422604
355262676
1102632696
4610579125
982965380
2510242374
3299925696
2316892081
2493766068
3121088719
546682861
3049581434
2875044289
2856694881
1708835317
3123394758
3259500678
314608141
1607168214
380681117
3016365720
3869359393
275543616
3257686753
2367425506
1597048556
2418609115
3191829229
3283648237
3029791911
3222436034
1239280489
2581797144
2446038781
4600931358
2283301340
3102459104
559890468
4343754792
3295479630
140776094
4157888485
3717622642
2182388328
1886397079
3750146834
4386061300
252358600
4404058393
2742548377
4120823861
798375601
525992158
1017817526
357468316
2189951456
3193767752
3842142073
4043708113
2468938596
2605912551
2565531146
2287061192
2943198176
4122557295
3100709875
1897409251
2869692899
3308808541
1048977234
3707293754
1957211480
3171617850
4609179793
3223604190
4559721072
2418089952
4126721195
2267557756
33420162
99656108
4559552173
603218054
125158781
3292020433
1563869737
2720308377
3041733084
1891047854
2892073302
2903299900
550690384
3223754880
1431834272
2532110735
2287741156
146573856
1654156206
1551638646
4533930313
2800923469
2227376155
2915031253
2277141264
4576734552
1058242783
2705750744
2352682376
2800201870
898577292
2341686462
2300265456
3185820916
1232179236
2243433328
4410663134
157887392
1471220707
1008348230
3068157036
1658544842
3377948775
2367490039
563168653
2875139582
797254706
977452556
246615600
4497221353
2435516719
811428697
3021947778
1946557634
298463483
1403731117
2480845589
506853968
3471977134
427847978
2829808103
2954252244
1266945174
2570772786
2538685056
2986359507
3911241073
2832633565
3800575341
752246252
2899216206
2194952670
990861229
454240349
3166038734
486627509
4520484869
3303093127
2473787312
4254987435
2857741816
4012398133
1429585987
3078777458
2731135664
2369363058
1674211922
2953543767
3190468008
3220216070
3306561180
2830978043
2398463593
4306175360
1929672931
1312335836
1415523120
2884573517
3138190794
140241564
3733704918
2730857270
1586687521
4242450072
2994404894
1857309290
3196970533
2351597444
2654686572
531880058
1033239811
1971353587
2938891459
380942073
4256928614
910483518
3368721448
1011911270
3276881804
3965541254
495521222
2859060114
2246834275
2696749939
4542050242
1182591834
3014205799
2847457550
1223579372
383786940
2998255052
2421670705
1856617458
4035826935
3222745787
3146573628
4276194492
4599804379
1375507088
411523521
2192137394
1599185130
2905103344
139243444
565250319
2390894978
1659202860
907686596
2847211085
2331214320
529699894
3189188232
2469926562
1577743501
1434729343
255870917
2271338581
1578309463
1853423676
506789518
2869513826
3358287754
3311140586
1235525610
3282436398
4608664040
2352635154
2258109710
3095937844
2238828095
2480659250
1705554372
3368366361
2416868815
3069116248
1735715972
448098744
1859996256
3316163256
876981678
3300940814
2601019273
3042489415
3308670277
3415946776
714433693
3224256684
1109755274
862499940
2920331240
3323144746
3064681294
233920887
3046065067
3703186943
942539420
2363964446
3198348098
1281552906
1013194976
3411231689
2346346214
1271746298
294116811
1539944130
2962820412
4135484352
580222541
586734614
2472588170
626038956
2949836393
2975614536
1141840044
941963552
3174599762
1582174669
51538147
3219055719
2186069473
585246709
1181869255
1146759518
563563214
4516257736
3245705250
4511055736
4541718203
2800767986
2510473140
3688961532
3288395821
2512341012
395268335
4573076474
173704781
1790665100
2286627128
325761728
3165117752
2826352085
552980184
3396194661
4483498594
1629298838
1632702644
2580678513
1151363640
1114832335
2644234899
2297989117
1716301224
722528322
3247124867
2559445250
2289335418
737383975
1080282769
1670571499
826007538
4527305175
2523260231
4243550967
961483638
841092288
3018305948
311630817
2171662934
2910752431
3383897053
1109363486
2899495355
541014152
1729284810
499810043
1589538848
2508789556
4404852481
4359488543
4381524915
30160168
2500325885
4389211577
4263114254
152851563
2189918930
611959284
4213053436
2960269598
4385009178
2992643102
4203261627
3264099265
29046629
623584562
2262431915
421403793
113071374
2959014826
4136173042
2261808925
4131418694
205957912
4121195592
59067898
4087013717
306382117
4050227172
2549117881
14619266
3295785335
3495045197
2567455480
3596883555
3248690492
3962344574
1193033539
2568737258
825749498
2951651794
253671807
3874588893
3208172823
3626514800
2997047841
3062245795
3080283977
1447714782
863878094
66084231
1106058852
3522642502
1358414172
3883171047
952108309
782250506
635480791
817825184
212796711
324817242
3602284872
196415460
2839522052
108556210
744395270
161707583
360205151
3387422293
3428821785
50731557
770991686
389290197
3450547756
3451635741
1735910258
417847319
525265282
2492040038
458892755
1634516120
1476373585
292722111
637201778
3020503592
3387473001
227697159
35465596
3284740896
61003804
157467084
2260543949
3324265708
753430424
2454508777
2864448931
509272874
3102969225
408221379
3208745680
556685209
2915991978
103170276
61091928
3241633346
163375129
212348225
3233708559
382131878
3118285011
2752915488
441631894
3145945077
295705148
38369318
19957685
2335583426
612891328
2657333536
3140608968
2914988043
3119568187
3148932401
3146475426
1461113042
3129425205
501431418
3147092632
271565543
2892930809
2160931957
3145247190
373802773
239246106
256500168
2994704496
2939585475
806760794
3010870551
3028733238
2957260504
2581841021
2384489019
3143071213
1690790000
2427645846
2946837710
3139597717
345779507
3055405878
2455300328
564533003
633057291
3036857265
109550695
2763622454
551442114
3102281509
2800879538
2852527153
2762333933
544327345
2717724954
3112948104
510464847
3123305051
929562660
244448031
2997604793
2994366875
3096567750
2753915802
457066743
2364361542
2351912342
188929163
3100698515
3078179304
2477702929
2777312298
2412568176
3039890019
129160876
280840376
2990340828
2938005190
1616287044
2878176574
3021154072
74808179
1413064813
2852417161
2730106465
3017585675
2835225130
2999612340
2996426863
2973787798
2968003881
2873347831
2982405728
2962661904
197310522
2647000291
2923603519
2942007337
1261346905
1952703816
2919536915
2768929116
2859964645
2807893908
2905720522
2918071262
2905808356
2840690780
2695406703
2390506974
1948292546
1219102362
2900369749
2436618126
2854483409
366063185
2885127032
2886034237
2854364061
212005470
1960085989
2658410592
81435277
2513152618
2707937489
