783004104486510592
765450039615426561
762673578420469760
2831209378
2898479558
752448487371841536
914471598
750928463926849537
723092189836902400
3323540940
4848773694
4897364959
4842550596
4835272873
3776774119
4853668000
3291643310
2862723698
4803319592
4798274064
4736824104
4752862136
4737864014
4724603412
4724507832
259060724
2894595415
4724531108
4724340386
4717473343
4507799234
3261572526
4609884272
4486730418
2325964293
2864620781
4714708482
4020201266
4713400129
3266643901
2546357156
4556875754
3286132910
2358267128
4708839224
3550712533
3279492943
3156398143
2894493625
2885974188
4700634264
4521553036
3182254002
3301339711
3929588140
302578377
3193150357
4673226522
4396008314
2854498640
3892415612
2893943940
3426672792
4468732899
599519598
4664804245
2829061259
2965327566
2997124188
3291568430
4620419845
2160253416
2943753998
2995940767
3726081192
2865499800
4612152925
4594269620
3905094624
3458521171
2840026751
2855338514
3129499160
4563133994
4557790273
4567511712
141111622
2803238605
2860495643
4178262494
2860692162
