2677202431
4267678283
4483435395
267099626
2440883438
2897106316
1062559285
219496700
1523352248
110557285
37678481
26391721
760812295035518976
23978832
236511663
181196699
267933351
4863633911
811660777
3417926391
721639575970426880
53134628
402070746
158013661
3475381700
2637947581
721116509347532800
2748544134
4842857297
4839664090
4757267508
3213813819
4037255536
3231561024
70643434
448284600
338485440
3350490269
316438252
4113158632
4149566442
3323759656
3296380392
4066766717
3286813525
3572333422
2447773698
2365841517
174618314
1564821524
3309669460
33217170
3674360361
3483069195
3634654456
131504052
3305372876
3295472450
2782418963
2479076118
1215363128
3358867913
3400178157
2983954852
3592823355
2176470385
455728454
3413746701
3408868833
3228415395
3324129730
3273561091
3642424215
3612853343
3364593208
3025565817
425400800
3620041336
3110600434
1419658292
29602803
3424604386
3604506982
3380904493
2890699207
2945478343
3454570154
594642632
3407358844
3356926307
2902353641
3603614895
3382020779
3601211482
3024963035
590641451
3314786384
3480913455
1740687542
2449951722
3572332276
3299712212
1465196804
298388312
3545344355
3153232027
40374575
3576467121
2994960721
626647287
605885355
2686048519
3588588741
2935253404
2411130088
3585373354
2415613883
2985317134
2317587666
3494046558
364082119
2803011239
47951182
839342124
2829455921
3432784073
327837002
3287268270
831691466
3543707837
1692289705
3580283777
3493548917
1645428913
3562403056
3434654704
3574051041
3485640315
2714795596
3399331299
3176602742
2300222568
2760379835
3024843800
2979467461
3579900495
2179718927
2996017525
3385971909
3559225521
3500105721
2429690898
2815432430
2665913965
2772264613
354139598
3044911406
2215814879
1319746946
395218800
3301411498
1427987660
3353916939
3411059733
3475330332
3570829157
3570774495
3570737235
