767108279176605697
3416153772
75019515
71031988
81475201
18305815
547969112
1146358172
4443179654
3115898899
15210670
15455253
475056290
4521305956
407062584
744108411088941057
424927514
3950586455
713229884
2530039118
3304113794
3347017152
760282396583264256
403171779
756456237089320960
2433923906
2695311619
42502437
772595568778604544
3092154496
26274150
1004702144
274207288
440478277
1928226751
4914539795
727187912199118853
903377622
2200401781
192538987
301579938
826537184
37252440
1857985849
2241098436
3396282117
13527262
237757377
561654065
3300140956
119099353
757585440719314944
713008254373076992
48100522
2855244022
1517360575
52944689
111225697
2845849081
19341224
3015933151
761977037976317952
758486422806462464
49099638
374990131
41411153
2903166449
753139377971171328
3995662453
3420965393
2583268333
4921650836
3887186054
733421930712162306
99859136
747721009445371904
261749735
454158712
762023868869509121
4218156466
431071870
731236432812101632
379767285
70156027
342426919
151633598
2906655619
31226007
3153844428
4826510725
72882689
857001662
68698563
41940890
4299954755
1928355998
703990775223169025
738609671909478401
57388012
700800823
713167046901633024
59943537
2916054140
450038568
3106534151
753911531084124160
2241196470
414003816
163987185
723703628775735296
58872505
3332044263
2574956743
714957218320293888
2692125771
3376781080
741653304581595136
282741821
2926128044
533414140
731112326485540865
754086125917106176
384330450
4224729994
27994089
4706270920
3580385187
302004290
531724350
2429083328
746887227435712512
126076828
50094643
1646856415
531487443
716051030660632576
208083510
750703231
732026237632159744
740327668898516994
4478395109
3159920865
702713126483984385
17327882
4436638932
742070107707461636
375994659
2302134816
4897014639
2315583427
4220373573
2749858280
3284112337
24431556
1935278748
742935092318867456
729061617787351040
368545981
737348402367844353
248892774
3377100196
49151228
1253457457
403841733
4547869279
235998838
370128703
1717464030
437036199
3005762823
3018870708
715417343103512576
246452808
121656624
3677742792
4100953924
3309169489
1222417824
2887465954
14338727
305430740
3951178401
594187339
329954688
1640532240
3142081493
17010913
3299132567
18416448
1160646937
4229455859
105662032
340020406
898585928
403715681
4070616033
15363308
809197435
3239955086
384919980
2804076038
4784452462
2949674117
3119800110
3104136063
2806227033
34047021
