3299682261
719899961651900416
734074777225203712
36068497
3115665477
732543232295362561
722431541570179073
723328454352056320
3900600635
720954712594354176
710675437576437760
3893150117
3343681690
716901524069175296
2819364926
2894478942
2902203715
2898384983
2871360287
703078502405255169
4656305723
3683091612
2398582033
3875092630
3158040742
4865750555
700843061488672769
346633854
3112216166
1273110458
704121542322593792
3049762971
3152155621
438526731
958303194
701326366910709760
4882808299
372137781
4746235817
3274300177
4918368732
702150175234650113
4841641894
3699497053
4765057406
4536250163
4880237319
221677075
3308809245
4779416837
701515069373415424
4896878735
4873300246
701751360325287937
702097471124672512
702355830428016640
2994673764
4213345138
4566841937
701825996140498944
702012157047783424
4888790601
4912287739
4857723664
4875399711
746061242
702192781092118528
701259249863753730
2771797413
3059294299
4775384756
406438681
1086354835
4908165374
4925672718
865176696
4902891832
2284231393
2859483072
592222488
4856089479
4848170975
4808321582
66246449
45289506
455160539
4831698563
3335320036
3355192185
1235234983
239313102
4387731405
2289935946
3400731807
2426358748
3002479288
3390823450
2806003092
4608016633
3234201185
3312510594
3261614011
4166778192
3673097055
3341048414
2900646744
4540471212
1172734308
4347042017
2308958703
998484409
3412898481
3428713527
4425778175
4291731255
4291591275
3421948445
3689857043
41078620
491648068
3731578894
3697259664
1930252602
3510857838
