354873218
777927463385100292
460592434
780450818394730496
2652917174
712673449
2177074008
621436958
2328577472
2977037175
777463830
748486402032140288
293585845
703037869410152449
789537871
1194603756
721956158
242481070
501360323
347317552
1443807121
3223737013
3168209881
2199763658
2552255094
315557307
17846767
386273303
569555514
430398585
769437592680927232
4860991122
49725600
255852403
3185805569
76288053
2367458515
3301245662
620925426
19935055
743256430619156480
1241388224
391785748
388779520
4771142972
582443050
16359233
1864655298
772316419404902401
807281209
4626421653
1289555262
710812601
412053529
35908431
1275239490
771861528
1862817210
14724142
774635477500559360
2695038341
3528564315
2712309294
250416435
217113164
487789055
772520733696286720
775089499361517568
4768484286
1095558480
587155302
16355432
518651331
21586524
764134452314316800
3272217762
768239588
746926174396420096
1638447835
387592038
2600432376
3029837641
2822732932
312080467
716824379783585793
743977665783201792
737241868807852032
4875371507
4868504867
260582890
21773638
3032239005
3854599573
147877632
2486996021
23043046
2670339350
49053539
360775352
313315283
246947015
301127241
62419173
18335598
3312811115
267431345
766353230427254784
389300339
701086983498702848
453747221
769604336754098176
4565551828
2675569585
10340482
767113556265463809
2490232848
1623432523
1861241220
486093714
173413459
870507463
483195215
113191013
52316976
405964775
417312407
346988331
16598579
4824795621
21171918
726881976456777729
2861734173
482203404
2319225781
472314695
736413657676972032
97984217
193030139
704693789152165888
4691892451
3820310052
52992196
3178390522
835994551
3309546901
2800999231
489589106
762090248159371264
759122027336896516
399151746
720397769123323904
86434805
2395525688
56506186
749774453379248129
4550430259
525368907
725882745499439105
727638400065507329
352950990
4832166038
95292542
1613657282
343156593
362035439
3168913554
756572121233522688
636817495
718936449303842817
512364999
2439192241
465389132
2900861209
754584600316305409
2609143141
428748485
424336839
33124066
596877210
350616077
338419756
703585656895893505
752992539494449153
250433871
4769407934
4175550795
605738642
20948958
743958793290190848
4889519829
3525958934
22799070
701297767654825984
19340539
710670621919748098
35521675
710090923355578368
531132347
2324741000
3542470274
320299755
21950633
2841202797
2477763391
3318423534
2611735496
1186485007
2187372420
24994555
265026962
1128689137
738500422369869824
289544679
17968901
14893297
1469045778
1016728441
1163775919
749230571008786432
9165412
73689043
540339031
3333668477
4828875556
701419149948534784
3929876356
3225804074
1437277225
3073581287
442191768
785968386
423646742
2785949454
720242931748245505
15258794
3958567768
270094520
30681173
357761992
747813693547753472
749611364
3665195715
747675719292100609
701973419089272832
531910411
740710720355045376
4160348717
16877457
210684204
2945893181
744331177998360576
77798058
737936894
2497224530
3065156973
383559341
476376898
2372765352
19991890
555921555
100867966
207500539
743487920460468224
2939706370
235235930
167092906
515672499
3254663659
494384976
2754448468
1261894423
702553385996828672
1188435716
734529455188811776
870740204
2745396463
719551000688857088
396283188
743389126305546245
18042237
400407938
4862064805
458995169
742665067200667648
536420140
18567451
419815226
2484960510
2774442017
740061514053357568
738108573134135296
713205419523444736
740984068934905856
736380828138119168
268144691
19186057
1214751956
815037745
1656517340
733085194102681601
2303772450
4493882895
2338856293
3143299855
2945207049
724369124063887360
223565982
734598728229769217
19050314
3032145463
712967096
310954051
316404290
2708274152
719929783
736443103280791552
1604110622
3259071981
3234651957
343531546
868540814
735818630730915840
3783809061
2927074312
2904820191
736332723942522880
705456481018052608
728956613726490624
735091155629658113
2207319324
727739451733123073
734376890702647300
216115027
735479128468623360
705457751372099584
612770449
734538256289832960
479116214
718926933082443776
2762085547
735311348712808448
732119931408547841
4312317077
2470481425
711790447266402304
36624294
966907675
733769935772585984
111987133
3311566945
734832650700136448
703647230129999873
703377450139430913
735064466065395712
721702711050121220
1279082918
730482964757368833
717697645909843968
253741076
9578212
704280514337894400
723875350925680640
308128607
729863024106979328
732392350195011584
732812488400613376
4348094353
59733512
718489424862978052
1953990596
3234061382
725283251791794176
711415433526554624
101073250
277654870
524954702
733230534990700544
3185034247
706820548102324224
722935906265604096
724213749926748160
40496647
4701418397
497176707
733556672010948608
516120924
2452698062
723398119702949888
722460607102992384
715140789249175553
489899893
2368390046
16011843
732148078732402688
2982655161
721908094280851456
734560544305348608
4754358852
735033273190125569
724843532159205376
971721175
1964424151
4884888406
733234015059214336
366745708
120014847
53886585
3231566000
733896729980854272
4861372092
544917024
722651386584940545
3435122068
703530413780762624
725156513359212544
724726672528932864
2931523262
734918674516058113
4827677792
17043764
730708916116414464
377982164
4870703980
2754257143
734897754976202752
252768089
4904888413
445745870
4865693271
13563542
714847572775591940
413348099
730465411297247232
4264239939
182957058
4674713959
715155987565568000
1639743954
4837037914
1341399240
2353713740
279049959
708975977884418048
732942597921120256
2358159656
4462500981
733233274483544064
220804067
869043314
705542978912305153
3816665602
63089925
724714958391521280
2938305509
3315788166
3292845173
723821503742013440
1292739428
711236405427621889
724462436456251392
2991399435
734133026846867456
574011016
734034682803826693
3291222158
2857791016
704181213767061504
3970370423
4695221534
724409818405081088
3044667431
3311139233
4895904815
866331944
705048415630135298
1135123849
723625618772992000
731374261848301568
2989469523
1399823216
719447310376312832
257857319
4585243756
550838805
721037299362889728
3082710258
733819709322190848
17243913
21293960
351762762
20975245
2543557396
16482279
4209872499
703494125723754496
732877004555587584
4082173048
2825564030
37835583
3494280263
725292011620843520
733379868403093504
22147031
281679641
732418250227757056
732704442781425664
729780122811809796
826940156
1287828553
1254822199
96431282
526869134
732187552099209216
726510848211058689
1251654674
2352665714
866941982
264810275
857190637
312413622
725280728611733504
731553917172129792
117810351
267873146
2717824075
2729145631
498634750
728016090928926720
702604283301257216
152663320
4615975185
473809919
326248683
730901164942729217
706156786391379968
702984178032369664
3809518879
726453358526078976
71831974
2765884580
724060478
718522945744805889
2849165739
709777110940790785
729878115455918080
2401606639
738484928
3011935325
4919696263
4672568714
541063101
3306672812
1452005390
730865600600268800
724923190984740864
312723929
898096128
33371149
728795905097408513
2850825293
4195006212
2324451614
730375388090654722
730258296804806656
1383127326
730045205844508676
269009464
2391271105
705869180973613056
729751267757580290
14774634
514285484
79985275
24726340
222381895
170391595
4311263896
726950229736476672
247888568
570368555
4062514096
1048835832
705605327547408384
3269622002
3024274324
4514321482
718939884791009280
566483251
2400217860
2844095387
1436361416
728811629224300544
727224216378970112
728755059924844544
398526314
728687645027667968
715409332943204352
728742289883934721
2455906290
146256159
704602274031669248
2245131804
727711265225900032
728290485412888576
595530676
595520381
595599564
2268719778
1104485228
2409451206
697906448592990210
710843835866288133
727699235412451328
1228491684
1523158783
2852746517
724111196077477888
2666170975
3289625014
725823929563136000
4838615685
523454122
63528097
728060141484969986
26261614
4296688157
725147638358659072
408900204
4694690406
2998134915
4824805912
95355931
722079596997382146
4509641520
3856658992
141936740
4117263736
725735068057145345
725141094548135936
3581046676
725053359623929862
2382819794
837720126
723307883979382785
246911431
3090304790
42936316
708190024118894594
844273928
3017368785
3304978894
727434040974958592
3007433147
726676644463824896
726675313908944896
726649102876966916
726631180834058241
724760592712605696
713587807684542465
3435896517
719718480363286528
3316533362
727282716891172865
16091981
710676076322684929
2959808931
702568772696150016
723217706518880256
20273810
818328546
4668897734
512118934
1888304437
1137771098
3294737550
71344581
3017905708
285936328
2909300512
306980306
716775745406636032
726128153123500036
705158341777977344
1628458358
2905534307
327657358
897935875
3351617603
300167191
38671143
725551497723953152
718004508719063040
2846753316
91091927
593093797
37211852
60508473
2534878812
99859136
703628988808368128
311289697
4799042412
718031045988323328
3129779854
3090158248
713105320780824577
703236681974030338
484808445
20804176
3384984935
721502780653875200
708411907024117761
29819222
519169014
722945608013590530
41564492
4911829154
2817108419
4847583671
2675223966
17205776
27108719
2916094244
52209156
388009025
24589835
719155621468225536
721324063465938944
2296677602
3288772305
721596128693772288
2492133684
420509964
702323062742622208
1563036619
1850008662
2804705096
2785259025
4918128144
16207644
426058389
715764689435815936
2779057116
719833568340504576
3304427951
4909846006
229545538
711656423709655040
2978521719
714727843155034112
23423881
4830272063
27186150
804683322
717660953584791553
112344701
1355458885
715652706271162368
717575283704901632
4243181061
4156389556
716146450615246848
260580315
2485598377
2875338279
3435223601
110834922
4340112315
48572412
1167318679
718981555062837248
716683882867896320
3314044605
1724175900
15260599
3249140718
4835711603
22781679
101221067
3221884908
557461719
706889990274285568
125368363
702060313970089984
4870447855
702024064940974080
2987593647
2909936586
16090433
2708122608
2902396409
714400270776737795
20947409
4924000587
4264180643
1187607691
41370626
2724286169
120396067
361559944
449255233
191886644
390471404
1528404980
3005613894
3163813360
702212958856855552
259975018
716342618544807936
2196043740
4274941934
1534715798
168222646
4697531012
4858549335
714922207236001796
4794703651
4719736844
2489339316
3086743327
18660674
2707483466
1671556776
710217280190160896
279794816
37378502
3322753873
2682092162
416699839
586168885
187062449
68545172
707395423170908161
2720047605
313120369
34013432
145109398
2408334967
390594704
2906582767
702231016023265280
66171573
34733538
257993811
896477311
4781251220
139632444
3308239586
308775450
715641882382979072
252219542
1376079812
49403072
40276544
38052704
59615269
276495628
16915314
342687441
245406755
15639101
26798262
217310485
19080663
75880118
387120457
710855357749399552
714892866275794944
1597398924
2409205574
161874691
443455085
3312189817
707821942733144065
112971281
224681412
4372554733
109541134
3245904676
21975544
16821030
712126252044267523
702749532065386496
707311380936806400
2746823120
137778834
40007891
455407219
2276461717
264284066
2218784833
2194635018
164503578
3066168378
132799941
29270009
245378231
4331988195
713489462647345152
276545923
709040943995879426
230367335
705754786243682304
3042329164
14408326
242937562
112560821
713041395439779840
4927441407
3233591683
45503103
75498335
3367647393
4703310584
390353240
31340710
703560655647801344
1653211800
715170204456583169
4828218313
707432819639853057
4750353794
14619493
712415150175682560
712775678286925824
2691408012
4839925769
287375118
234656199
168524035
3637891
118748397
17636062
199082624
119495864
4598734580
3067839991
4587434832
17357759
20517510
706197508909867008
715260626529026048
194410997
116776304
14283992
374718754
51320634
1558929122
1343632100
3361173139
263396714
708855031160770560
175627210
2230642142
698191085168943105
2495690973
2240065693
4663269240
50528222
2167814850
87475255
190929143
42802899
17529427
3416794690
366337014
58330896
71374488
711353466954735617
1228470049
3252484386
2588447248
2859470438
1464284042
1509925328
707830711709884417
2378215680
3104718700
703630092149334016
4900252808
711755846103998464
328757565
712936444600291328
324634227
3279124596
1156919562
3302649366
4870092732
182165699
4675289353
22666333
4916544857
707447989921570816
3741114012
713951294
2364370819
466159549
714835562671288320
705607742736703488
360235241
18725925
1342540423
2668472883
3039116849
64906002
9332602
412975754
1871370685
4310107709
1507327915
66504283
3195520743
26116928
4894947627
709206725698711553
3258059982
3097253483
212131361
713964720328425472
33808297
1884243300
830216101
2328163633
702203323479359489
708748101184413696
32117789
894274440
3157704238
4704024206
134020961
22629481
17431441
2745467165
2617745876
3196037070
19167813
564650606
70183192
2875921835
4867488425
1350480668
4883853115
4466438795
4647331883
3399546262
4183971489
3307914824
115867270
201359275
709322562996539393
2323481893
555092923
3756427159
711725963352997888
377738485
2332829573
711969018811256833
3411888454
704104294891589632
3257201382
121572025
85859826
710147776554860552
14354687
3013191149
158511639
701526702984339457
1669095234
3801141
710259108205694976
3546464536
920757319
705414651551461379
130636969
706895010424340480
4448060534
359004631
1582168316
60056758
28535196
24878405
488086853
3428100550
121725590
4894981505
1612056084
15198744
2885656905
20922955
2544527958
2535752433
3315334466
328116698
83283142
1522091
228688372
141303134
707780104231849984
3247102707
791383616
2940681837
2707958229
709740106337267712
1943315185
707816921853513728
701933895659483140
2736379206
707206151570530304
706775619896537088
4881338509
4922628202
707134351
1613262390
292912758
2909211894
1563582710
2580421963
3428708111
1549666890
4490534239
2894989963
15174190
3326863314
2331176701
2808701402
3218803465
1493819347
426401490
4297669889
488703051
253184298
178385437
3970446189
706676594991968256
707767936627253249
3418519940
22264801
406773893
285135400
708022950125961217
14687971
3304898961
3351126778
2493725984
41141744
756335156
706196460954456064
1147470042
1331935513
2387890326
3296782420
55278221
701583534490853377
574388526
432759971
3979968080
27742551
2400465446
80615264
12081042
4038519803
2685638976
493331895
302938360
632998200
385241957
707367866564104193
2341525668
99174753
862716120
3144799672
1442449898
2983856571
2363127088
19548915
435403700
2271889689
4119586269
1643698152
2885549202
98499217
3246762477
2921000167
706886557899300864
2401286981
3308452557
704332254445768704
4900765056
4776601408
461338436
2994735461
2404934279
133658422
201194802
319097748
3951305518
971009168
3315392496
36486561
2688529938
55415755
17010913
68998292
2560387922
18626582
2872605229
4500058332
281956417
25799272
3008081501
208233444
706570415154577408
28207215
4579781073
86007381
197700640
962643211
1119760256
704559630
622258373
193529978
1924210776
562619875
34191996
706682279175725056
16309657
4820191463
3181476694
886808180
706652435960324096
16698978
1358242513
4907645052
2382721386
2892907605
4107834912
614703652
4117391533
3239236783
3314097857
2932917463
27899074
4107953898
36417089
4724924297
2833585395
5551892
330870736
19502049
4550840832
2847346291
704519691075608576
3416418519
1311754074
701916911123083265
45479268
18857707
2811726433
277387898
4766155415
23989262
4591816702
3145423484
1525731486
2686071390
1514608057
704548231108165632
1226726378
701321102581039104
356324165
4431057075
4636004172
4243554505
2920828978
4840041453
251830089
4779793346
439085084
4334761394
538595373
4323283833
1268188620
2557393052
4875822988
2166999198
1063825934
4876837073
2349258876
979019473
4830485512
448136904
3154283784
3167458414
4427458421
18125802
4189211901
163373716
4134406513
61125353
2187790794
3097406849
1345763353
1355531407
1339878828
1354625228
1345483171
1373334506
1354921158
1596253088
4395335476
3945698134
147759481
271915777
107544684
2619956187
4504789697
77581297
3751854201
3236315797
2507252280
4406873536
8527372
2362445323
4280551394
3131566785
1382909694
4260197656
4487716816
325583048
3236087303
1965247885
1965230780
924621739
1576849484
155153461
49676307
1332166453
76083066
72238458
884418248
4553741234
4125332064
2555712115
739226899
256620458
41248642
2492990642
740557982
52753409
86584390
1969712334
4120267094
210812677
162331745
221992543
3676182862
3236695092
3258163465
2424669444
3397703427
3258720980
2218668888
3229417093
3119607623
511534468
571866767
3177634705
370525255
2950675005
3226499097
188790798
994442317
1952071009
2400745627
16784555
2388383036
290124485
349445279
2166659748
161467076
3013768297
3038215564
3019965621
21156704
3024803231
3008426216
602857232
258973547
2160910574
3003666145
2995838625
736251600
2996127824
760139700
2993173498
734592649
3002449760
3002432863
233205224
3002143411
3001761239
3001264407
2890986346
376073243
63277062
1186507002
528633224
1191452094
2951559122
20221607
2221009908
2666737854
456382144
805230144
360830985
919383146
99757394
2342425052
186637357
2753440416
2765655244
903015373
15203144
2412247849
1909503584
236095380
23987375
2578876908
279172161
2149301190
2866331095
2843336239
25744291
217513335
242465466
2498246894
199085031
30977179
2517060727
26967581
60757808
18013218
393170922
2371053108
2539460874
2244427351
229065197
1541579754
2658115836
2667432816
2474663484
2592261921
334728354
18333304
91244692
2537972426
1541516936
2515930652
144175933
2314561999
2292631693
2435539200
2434568857
2432845105
2433247615
1145658980
2494083984
2434331186
2432343188
2432495448
2287378183
2435566472
2312830766
2274999439
2434649136
2304023653
2276623705
2432073913
2435088530
2432496518
2276610691
425085750
17093617
18588096
14455716
2308125007
2275851012
2312648466
2299850300
2240527993
2278560974
2312241410
