36033255
836472752
177551906
782585911460503552
747040827545817089
3070091527
759190467497951233
706477221423161344
747402353087643648
708835904824090624
759288937533898752
3326353580
3694248499
756548284089499648
743086098088374273
4335048382
3435335954
712163638560354304
595198003
721494199187537920
712529741908156417
320046141
4880537737
722299907114020864
3280742294
3244990424
4351262234
3246029915
4859049815
4242209832
711115490542768128
3812620097
3657945374
2719246789
1731754537
4088493659
724902722051383296
719467978530508800
722591344535797760
720955120217825280
721160510910038017
3500063532
3808950072
3655744693
717189304879984641
227029913
4765691714
4925053797
3321639919
701674582130831360
4864043342
706370868532768769
719053297563230209
3701847079
719123255022395392
3505113387
4717560126
4760214193
4812259668
712334353687248896
4883530916
78558080
4718187794
701777076106309632
3309389376
3681957738
107745709
4887889707
4701768182
3987880583
3278052751
705361090947866625
713338254062301187
712640116867502080
702228320679624705
3632729442
4740304747
714928332698025984
2416510448
701224307230281730
4728006307
706855087344328705
2922996751
4536169580
714264527475322881
4491635178
712457431872212993
3283442486
3318718375
712109573553790980
4766754883
3610126874
701427274592026624
4807792032
3327986676
2318611268
3708870852
2875102315
4471441334
4895098014
4709086926
4188974352
4806474223
3164936960
3060014989
703836170501816321
3289430521
4856622193
704235617740201984
114675189
2984362238
4692591456
4520097627
4228184959
703857057674334210
702421758742237186
704101680862797824
703578949536735234
350024314
3999473120
4736155112
4786934352
702267459978440704
1870200116
1458919032
1966297009
4626088523
4901251467
3803631263
3395554572
4857373506
1411911956
3110219606
3613435993
4781601492
4830233306
852186258
131817403
4628008634
695509047714263040
4854519366
4851258798
4109822723
2306329045
3560595497
304167189
4513684038
3611543953
4825469485
4673176273
3339838693
4486108279
4669228789
381451395
3934383493
4468800039
4658064623
357538869
3349135512
3502900825
4731897379
3007385853
3161779496
4604434398
4543621549
4736907096
42612775
3270072104
2652845340
4631229673
4739208313
3613817551
3490456452
3755036550
261673551
3467894532
4696459994
121893908
4661673493
4712517451
81061108
1049577265
3374092153
3329300834
2743936994
3734506037
3716848282
297198578
3702417140
4230074839
3177701396
2989016141
1670735526
1700693250
3535371084
3538974132
4601066354
3655200432
242908780
383027273
3602990419
3631741097
96588870
3689684292
519475202
3603643400
91327810
3533797518
4322135113
4634957652
4602552313
4142893753
4623286344
2776113206
3681279132
3022080024
391339223
4552628503
3459152534
3007766681
4223901074
3682668444
4564867753
3556589952
3578257880
424229721
4424747414
3969827299
145698166
3414968817
2603436024
4541851153
4542657312
3326035285
3119455315
3381040153
4557396019
2977777741
4376735114
4552616713
2894662765
3415985418
3815096718
3733287196
3627559639
4493136674
4491107293
2520419084
4002441612
3886832414
3692550685
19875548
4486692194
3420778197
3898488198
3946348339
3684354517
333448298
3474113474
80546052
3676960400
316031800
3314824308
316415751
316269033
4145845512
929173224
4491885254
3591319706
2197419848
4245500354
3308958942
315512945
315873748
4032799576
3004424630
316141338
4217731552
1420639717
354307356
3412647792
4055949792
4157385253
3869629032
3903741853
3582538032
316366199
315872190
3312035150
3313341684
3716563814
103510804
3313138338
4214378472
3190574124
1008751356
3813588434
3300992779
604420053
3636514034
4434302953
3992052077
1161995006
77996878
3483261074
3315102109
4374970993
3364854374
4002439152
4066791672
323200105
4095906317
4089190809
3667941374
3321000445
3536834172
4285443260
3140261424
2794313937
3725369600
3424855454
1533331171
3509524276
3257198856
3198864493
3970540094
2994747132
3666118044
3300139639
4045481952
63091437
3581183473
2540842885
3404611573
4288691481
3248741162
3687750805
3149658032
3611483173
41634754
3604284074
3335444352
3993424512
1870262220
3758781260
3387550754
310298028
3275035392
3273836352
3706812133
88991556
3613087333
3721501519
3313368506
3403763712
3310731044
3161034559
64433525
3580290265
3513099973
3602350334
2783426934
176291289
318415179
1478999472
3309423632
3808386072
71460220
3756202993
1562975191
488205877
4111381925
4018208902
791769361
3327399360
4016966423
4256911513
4234234940
3659194992
3524233274
3040990356
4147650493
2942703528
3648716053
3344569280
1050822439
3792732558
3314514734
1404487992
3618744552
2155804740
558839772
3050988252
3728032288
414506856
3567769092
1649351239
2434686078
3701013373
3743099780
3910527374
2898239216
4074722057
4020270738
3591677239
3320657504
3826884872
3549377052
3390069258
3313268564
1464261336
362680501
3615140412
109192217
1734203504
3616856898
3312152168
3617470634
3686748554
3302760084
3922445005
3605940332
3683575555
3674765954
4000888535
2746007008
78541168
3324390482
3937588994
3489920177
91232459
3305156918
3690503294
3608777542
59833736
481684879
3837173772
190243440
3436231019
3570220937
3578496072
1363497680
3680566093
3016445765
3287362070
315679012
2185429463
3659978598
3870703819
119495431
3317609954
3571144520
316591449
952531190
3569990540
3515025553
3016513824
30441347
1535953429
3313319798
201155683
3458253433
419973952
587264731
3312921356
3768092292
3259857314
2282680273
3677178026
3323308334
3749361734
3687837797
3579355992
3518868072
2749817329
402575258
3286585116
3385965134
282372240
3745565958
3322539949
3755714959
243670629
182233248
3748912579
3746334614
3306367282
3583210772
15354842
3480908681
3379096753
3437901132
3687607692
3377267113
3327825644
884870900
3340161134
3357768014
595710460
3588157034
227943749
3536095572
132824892
161126630
3486769753
1138908374
2581327344
3306099877
175700091
3318346688
3678091575
3315815989
3312481830
3313433304
166481764
2986790742
124419967
367680400
719371220
3317763006
3283967779
3146891383
