733327805287563264
712699302959665152
728339844171223041
4580776040
4851156513
728884293385129984
3517297513
4655079561
2423206062
714702275026030592
3008620010
731519257700339712
743141051502858241
25230813
3003193930
4707212480
75268845
1524392622
3430856789
117518279
1330288926
4711495993
3386979111
707111850748596224
747371070336835584
2172846319
4707207943
177319531
365659990
23274910
378206995
141764283
4756206914
4919350494
1890842214
4717104749
4807275076
732681446444433408
2827377715
16191064
709576797302575105
2429611406
3291989577
1130018918
1240626612
788333744
4800017716
722044377699348480
1114644872
2208580462
378205013
2926128044
756137025380593666
19828226
296166587
46996676
4155924443
1960027602
295238714
742733946870468609
4741616059
2883134091
1014359022
123453834
757761877757878272
4746473109
628520399
706666581741318144
743857173462036481
179732982
1913410831
729733266572488705
136655165
2533447226
15830809
4248722900
320821564
386746482
117207598
1551042008
4902913431
25091906
1954898701
291282549
415381836
3225924410
312712708
2416860835
87183181
4852409196
391223147
620302914
2861602061
742088699165347842
2317681807
632391536
2391838117
733376950539018240
730324201546993664
240325072
391646782
749320888852549632
3098266306
741343481709223937
737262062
461576749
2267700079
743158468073263105
1441673053
361544166
714973048185552897
2197133034
3278075011
2453455927
728111708804239360
516379604
4329459552
4870478255
16412876
4885969131
739970896647970816
2709507548
542947234
4009465572
3018719482
4167213262
2486743975
326632757
724680438493540353
741200823623942145
426699049
92993885
552436444
33952326
218870312
2886648994
3198924868
3103213542
252652378
3008328756
325164172
3971202497
2308504292
2817870914
175745695
733850053249359872
576065966
746577380
75210577
318674727
2925125974
741205914397478912
2424453258
41129228
2301580026
53519198
2211888241
722946779554033665
862131258
406189891
419681832
3193914116
601065065
595808345
538111991
408905990
65212354
551239859
2944766250
4910014602
28201999
2481146024
2713220221
241839490
1005284010
700877796231536640
735143771982188544
709406894905958400
2149910088
705119727216005120
3301624108
2849886237
377609596
21064165
2173646835
590437298
54744689
2327612304
21637503
22312331
23860507
3436315173
292684762
250882048
632284182
18220818
1558571143
733278643007459328
724487093137764352
1003669872
99859136
913033651
4886779211
480083441
2536554589
1584367615
711285426020073472
45571759
228015335
65401126
739170793679097856
3971770882
2736039738
1961361097
34341362
171395167
723140529291026432
49948272
2414827232
705309332867420160
81993606
3139235347
251318959
3078749470
2990513860
48911858
708477796796895232
700469543836094464
705414651551461379
737679261335719936
740600552
1375748712
589606816
4228825695
82649790
142331814
329231890
2846200763
469626366
339436446
15466386
3292588877
22176281
147398785
2560148358
721377004092657664
25571493
95802500
1511154877
2317484126
736433043481579520
32486821
717713506682798084
706221728121249792
715218361974710272
51516943
1626066301
103106629
721587014982836224
4254904636
3345765484
299996425
4861895304
291249899
735458504643862539
378844127
17849506
707535923802722304
21780273
322874617
14300954
165694708
611255596
4880141944
102475469
1732855896
707385966109925376
340067849
37990581
2747035544
4917092018
357517458
3307295642
251341054
733651231579766784
3406500304
469845522
715335932052905984
2861407204
374108016
1873539488
4005092840
4894095909
195510109
831957252
18660521
4269888616
4902016168
3028948277
28926547
705155575135342592
194301585
707345644004966401
31487894
2353459099
40368200
4675757580
30988436
721722057843732480
47503464
753318572
129891935
327561051
330725523
730574115325804545
491534046
724373946561232896
45264696
729459196177965056
708827818453540864
2430564295
728981660566433792
731011333714382848
710908819799416833
4312138100
735103080
4251095188
3318208598
730947792223502336
128429068
503792483
2522001204
731082041035526144
730287304359579648
520997702
2616166573
4711362133
536646582
3044712283
718283360540442624
110777442
35354684
352825904
4852472996
15113529
21827115
32199461
3195945425
722500826602868736
349465704
190376520
1584645799
4764953297
16220605
4877921464
4841694010
374138602
4877387447
65455370
1702731
713405042
928829323
3164513660
729013915083001857
47467614
2730558604
709262594167541760
39039284
3072239888
3199902221
716017946166857728
580130219
3071500052
3174510935
726604502082572292
636652493
313015282
3005713017
32692078
820104013
350093249
584425848
546019031
703329593403412480
4897291403
726614412828639233
452074906
3316722030
3309139560
4711590193
1468043449
96399170
3963492493
19848466
4917362706
3247344656
2934009661
2505084745
697541390646054912
347911786
715377808793538560
724872267671437312
724774382199934976
720805498270814210
17010913
725436275621244928
339433442
348873340
164695128
722957781691559936
2379386154
708282547487318016
3241763179
2825610685
331230978
16351724
710244184876167168
706990010042601473
4587319596
22064255
4874896845
747136356
28075747
13337292
704124670602256384
34383891
21027387
4884249002
2400901568
565748639
1263148512
229518601
4174527256
134594804
1604640828
2570541021
3150777746
297191567
705865207718023168
4339654033
4785292626
32615739
1075939369
717879977241391104
3042640534
3119199190
96154223
81169099
2159970682
721330471716708354
2785095528
3348936484
712325800477872128
713746334860328962
4064180956
3316543657
4918763958
710643313267716096
1022356213
571903137
545840647
775474824
2608302020
711769452493209600
4246842273
2769370801
4893388940
2881377238
1120230632
4895274403
148054618
36753271
44320262
8071902
711654736114507777
717817295016370176
4827233784
2394711223
4910429427
53176629
1390186333
4918128144
3098115975
80659075
4814732601
704820967004966912
343535198
4836394998
4230149657
1578448410
3321386251
2165395147
28390577
714870226693857281
1400304355
12397052
3103466272
3573336134
516913210
3944280993
711908596984877056
239833025
4813986674
921824922
713589547
2455055406
458747592
22505070
156588064
437187392
46786678
1362533112
3301929360
4519706555
4304988933
703262033727365120
32487224
704856119231905793
1086606259
19088288
15920551
3165245613
3676461988
15115280
705254807297138690
4910562792
70279623
3019955990
115400999
710972853399592960
75982537
164377995
4608976753
118768074
2451869035
2844693572
25203361
3859273932
361882895
707291191100837889
102105134
1931667091
2830794107
907186650
3314152891
4865552783
4842037454
2581070247
708719437222903808
4555448610
707846655501082624
4498713569
4675190990
702261605703294976
396124389
76336208
27140554
1327239170
704711494475366401
4497859277
31403779
706658301702971392
146160591
133493429
30160168
4620271140
17961164
221969710
466205000
4680789229
4581488532
123921991
2527432609
2345490960
451662665
1701796590
402127596
3156120964
4416141859
4136931886
3145845406
17275190
3309755985
3126239900
700850673504522240
1941136946
32522055
151081911
1685873604
1442476447
1203124412
206844298
398959859
159086467
326625735
322986132
822411577
355690109
2241546788
921353196
259252751
305680299
976570982
4637963362
4859584672
719461351
931391137
1381088924
525010105
58896487
95094652
1014579036
612057704
123429890
2911368699
580857186
702936621402861568
3122485277
8921662
3169035458
3320557224
21495530
2449427197
4606946533
2406936531
458973728
2650797529
3244274214
2460764006
3125809370
1723193484
50889813
4852459831
594863522
3110399054
16392181
3385160158
4788912803
4739088137
63160617
2189452732
2744430555
28020119
40391067
2489886325
2281664328
3027307275
266436179
81406248
1146111768
3022998240
384942394
386200519
32130152
3347685268
4738087979
1639114092
3882169698
1438510748
528687422
238648688
607622157
1551870925
500964456
3062962055
190870444
4274421085
858646280
18906599
4115300843
414257018
153545382
4476084275
109779429
3087969039
1634832302
32168059
104459389
3150687218
3030768819
2853370361
3051544224
4817772331
107727858
1964256902
400352771
2739738814
4786926015
3047938510
1905375476
16177387
39345210
2177889870
36713347
3006487744
3081420210
49251379
50398239
1869575251
56681659
4844254813
84704680
16157204
26919151
4377025154
4127297952
59702598
436314047
980425172
32774989
633799759
4572864377
4572810323
329408729
3201628258
100026017
3300462522
4579781073
4808318663
2782805711
2735569132
3229506722
78897887
3282242155
2937516482
3072189673
133063757
30758317
4827030749
4784818256
1870158092
352308310
2280037440
2209184731
93251080
4203449713
491615493
2424077780
3186888841
4808999989
65272235
4259909542
3076115532
3130203276
3076409150
2983538640
3130964507
107290835
16168401
3311371897
4698941479
284788394
21868866
3349433536
3331789154
4768766864
3378954079
3153745334
3323292942
3274051027
4468272111
24140642
4645216820
46288579
3091561193
4569242293
2978546749
3233682151
435728255
338007458
1626294277
19471123
3305603503
1870115172
50851085
2377977842
163753247
1189008036
261126056
3390254459
3306043255
3302944770
3082986275
2823282046
3937406714
4003361968
277743038
3226863486
4035181514
140676200
285434613
875855270
4327242015
555814348
27279989
4609420819
3015921637
4262359397
16146535
3509421138
543780273
3869727623
24880446
22454663
4176516076
4401501633
4541815403
2434294310
17159787
14990794
104290832
1909087813
3644280373
18382184
3311247744
1421631721
3153286218
2204070475
42034114
241368198
32242327
591297698
3315497880
164399850
3964911796
87957969
3084537402
3927909253
412729157
4009618846
1683801943
311654967
21759820
16518900
273564584
17643390
3246305685
2944647007
906487412
898206589
4093143353
1019735209
994453866
3025939486
3743652503
949545120
37781634
2704722055
1189205892
3887503454
2975502085
121582348
135584180
102697154
135767303
122924838
146436211
294215784
3611821462
1631337547
2275117322
301279455
18290692
754556
3127227521
1248023346
1520724174
2410576984
2733961215
110007447
113510978
1603899174
545712876
966007776
383569213
966030967
341567292
2424145160
349501576
3342869199
482290211
35823945
2477521214
755716560
3153802380
186491600
38516217
3334124532
2699925775
2662406503
65938130
3433332425
17586118
21705181
242957324
2350697396
3254336076
575614398
3304119638
2941088702
1694753124
194460702
365613635
3372741323
478359113
2713036404
228847896
1007542962
726577010
2399701337
248887508
279688057
2407055273
2411966359
2512459496
78827615
2941750481
149103331
2207662386
2369778612
1152238975
776755590
450401845
450992408
33524972
221703157
316620287
345752880
312849080
115209818
