787068483360034816
716233743581782016
1488970322
763917443651612673
727935413147602945
718573341087506432
3066111542
784728487764656129
784365174107103232
782369692690382848
3222685398
599386571
4015816629
777090009400827905
821084137
765100875987689472
175262772
919490101
764961331367804928
774697808871956484
771691940307931136
740750558475210753
1257733316
702536714447880192
769591019314774016
454489987
3318790962
792623760
767393580256202752
767219715152371712
748985882695372800
765190653869367302
763316277502996480
764851228853415936
764790187926978565
2894730875
763647353148628992
760233073027878916
736435854323765249
3528046096
3225183875
4397386516
2672588055
758765157745037312
3187714207
756863022207897600
759677032624074756
758267775467065344
747519613223723008
747117701248724992
757969021052542976
1369670652
3038720564
2218311080
748309477615497216
4893311294
754486690186690560
2616396944
2461921628
4230940240
552748801
724173770705887232
1639087898
20967776
1330333584
3350894524
755814638789464064
743906759740375041
551357773
734437772681957382
726677641047216128
553202957
3015294849
2674939357
267449695
742654426272301056
3209216584
4845982889
4875273536
751133619658199040
754247452056752128
753909910438641664
2996509264
2585809997
733640285301800960
711878546587840513
1656540032
725122141646127107
43700949
4905552897
4910746917
1606973262
750940568738492416
581555498
2314103999
4628572633
736648092498464768
2436352867
749940439814250496
788185812
749419402798338048
749276066800336896
2888471327
3022909303
748622009404379136
2369376380
1431551575
746612339915563008
3393579315
2789889489
2789898941
310506512
2789967082
742745594746306561
3478027333
744650424133816321
725414701954420737
743776601637195776
743621661627318273
724286274010488832
4638226875
742115330504327169
740546777250598916
2920322116
740369125437001728
4840688347
701952800050302976
509362127
739858323558793216
718664127510523907
4854021396
561461882
1077627464
3050624088
3054517718
925565377
1593279500
739406029415428096
4237519043
600362274
740319231351328768
3160314812
2897831946
550732626
1954582148
165359292
1533964687
714235585540579328
2988412135
463120067
3769032913
735605859208859649
730816685851222017
739138477619564544
736659330049658881
4840570686
717516834224779264
738208343303454720
738712936915599360
712081145169453056
734001094884478976
1123611642
731624569551867904
2995365625
737839618670899204
3349698099
230012206
467750671
737708525674233857
2966081883
1238766056
2918080554
1650284005
3000018529
2438673343
255634974
1267458247
2502591893
734785728039772160
3047032826
2706549817
836410514
727807500796473344
762069486
832496750
2408880861
2523077768
604773828
2424045007
734352560845291521
3303713300
1017051032
1084747230
1689813416
847426015
2261747940
404156639
2888115845
616283266
737673605194997760
2172181766
737383565055381504
303943030
2188426640
737677946987499520
445398182
4186580177
2257966758
756111272
1238708996
3632770634
2369430253
3226055081
4777496429
731384819146461184
737667464729759744
129731094
2351341679
597203137
737353293278674945
1662466369
2699767455
3980183937
3873867881
3366999553
2343445831
1357804938
3312358597
737248468289355776
4905269306
4393998312
1148780953
701902133751230464
723132599196110848
405827522
950432401
737637401640742912
1334164772
3378850521
2277005389
2353104438
713968926904885248
1679279977
2738141776
3369804238
2834194798
3114110922
241428068
3167481494
2483220787
736651640619585536
3239899273
715996803292913665
79387374
721331455603929088
3150164360
4842750634
2963097305
427784126
731318284008595457
843435224
3025337210
595405312
221496678
2276161158
3182253857
731898442113384448
731109020543516672
731551167243681792
730410753929433088
451169502
730123617934184448
4205232981
2583718980
728329900902453250
730880808
2163751110
696010465613320194
725576129533349888
723636293637419008
725503073917882368
725792565996453888
2899912007
3908501064
4015056025
723911129269977088
2823058773
719711315372191744
3680953938
721654569336311809
721653322369732611
722685304818307074
722684891079577600
722684416116584448
722683890570260480
722683437979738113
722682465870036992
724944113838116864
3938112382
724240237103329280
3033497915
993153739
3832676848
3406500448
2994006595
713373083755618305
723873707517722624
720255013352775684
3039431362
723536696546070529
723320291858878465
4820756188
3202111359
4821249940
2720726356
240310425
1863995227
4479221127
3429108088
1876544646
721803600398258176
2720580976
719049768186417153
4744676053
3105611909
403179950
355771763
2720142934
2720644114
602272903
3233852518
1678305949
708893702
2720074143
706101686927028224
3630595709
3329435110
2335042140
715755902213701632
718799594188984320
1604879917
2923695308
360196468
440280034
550389984
701467982963339266
717105030881480704
1040478518
3178391832
712714681018765312
2993781239
716589546822049792
3068632325
4637072292
4213255090
3606047653
713496753706639361
4074846566
2335252693
711765440964464640
713472178763616256
708743989768409088
4206303045
4633975453
599756869
4844864601
2461529380
712785162086563840
712726852671049729
4695602702
2240849394
712063828058570752
711952429395419136
711005220315258880
711836578419646464
711682874534203393
2877011353
702921159717875712
315612740
4837988240
4533522912
710439608316727296
4920451498
703733970010312704
4588984655
709458718673473536
272058058
3058787440
3308496938
705511583506690049
3955666107
4634979141
1134127326
4277574803
4909519109
2568737258
3433301038
2787033208
706130937243766786
706250640662667268
2848282089
4819714545
705952144462110720
705256631475376128
4914822909
3348516353
2757095519
704039910630494208
4799888995
4686073813
4236170573
701140433846415362
4817946418
702273395258331136
4469112016
459013267
701155002501435397
3036006700
4670346673
4824891892
4671666096
4906222038
4711456040
3383113114
700703704341676032
700694880415313921
3922861165
700588148758175744
3938505263
4922814699
4858232440
4801716672
3133823288
359813197
3383478539
1066979971
4909221610
503299077
2509309891
3879771552
3843780134
4897689674
4898089517
4901095449
3315703638
1590456601
773512831
2258175419
915552511
3374873825
3667166361
3300678148
2888014245
4885244205
4205167277
4883118407
441775869
4875273032
3884608881
4881077789
4881948905
4197460379
2773868449
695748686354186241
3311913062
4878040139
4856939544
4870723121
1308597079
4873681773
4652908053
4872454377
4863152961
4635146003
4657695027
2833074856
4128874754
4844389759
2850361851
4835768868
3439245741
550325018
4849725569
428552087
4671790213
4822454769
1470309626
4357204281
3585530773
837160940
2273398248
4848263794
4691419897
4804021033
1314110592
3771177192
4442433689
4833404092
4838468848
4841509895
2827806995
4805672773
3423786863
2785590538
4836669880
1104181165
353060311
4830420453
3229319828
4694069222
4774674253
4765185523
2416098656
4824942099
4824278793
4697591060
4704730031
4818923339
4769718506
4629278294
4765293007
4730994858
2383152485
4794905201
4803515901
4718312485
4798614375
4796218888
4753369333
2883280672
4718387306
4766704979
4737759628
4737507708
4755152116
4735422735
4653342219
4732339032
4750377562
4222985807
4653487351
1011613922
4535278883
4723354273
4723151772
4723010598
4705283665
3154344555
2341002115
4537369456
4568964225
4710829874
4702736954
4689453746
4708713852
4699778390
468421041
4704270895
4700822533
4698719054
4698264212
3968948479
3194829865
4692648896
1880365495
4026534015
3299340234
194655786
4562039894
3532952955
1686186932
4624040716
4676489276
4653048356
4659051853
4536357988
4572776176
2797397038
3869656876
4671118274
2558526066
3397223952
2612255648
2411040854
4273584575
863985547
4585963096
3644906772
4625450578
1461453710
3009855161
4662011682
3351034773
4448411325
860147822
2948978878
3338449335
3427687773
4610337497
2432762275
4653900103
252358600
3312752928
2320940414
4601457821
3028087607
4647903702
3306251338
3427192694
2695210229
4591776220
4168062014
4644142512
2515228098
2271619042
1591305902
2668831840
4549979079
4583423067
2402289932
4531862537
3383256436
4212167897
3770696234
3835848561
3000166461
3121746370
3182832914
3320915595
4577382579
3254073822
3062970874
2893868052
1798586329
2914990188
3293511476
2958397370
4455568214
4537307116
2472239802
3046295816
4443383242
3250707307
2930902890
4516894541
740427138
3131539131
4620840679
1333778466
2989225463
2562137614
4633613478
4497221353
904807602
3103450382
3115348922
1487439920
2570772786
4465820114
3100733606
1322781277
3249195098
3282099060
1192046023
3247769161
1056942302
2882141782
2899957934
3018368401
4363546818
4622899574
4363647380
4622919374
4140782772
4140830894
4041741733
4041656834
4622790498
4437556616
3942391698
4437598519
4437578239
4437370812
4437448573
4363674378
4363763053
4273569379
3939428472
4437337272
4197906314
4197140054
4197040272
4197062846
4197045206
4197015914
4162292653
3939469154
4162141272
3899153954
283786439
462621839
2980291277
1411229604
480661025
3472485809
1457012580
4539733185
4527449955
4571031376
2909938431
3031077748
1918123729
2867560738
4557229715
2257640688
974353957
3350989569
161817886
4370291294
4271557393
3431605913
2203890263
1695947270
4569161063
181353332
1254713376
4554751395
831408452
3260526568
4540595853
3949692028
3293176646
4210245167
4548971439
4186766585
946650330
1380817400
3588193217
2708936892
2869231643
2309629610
4012426035
2731947171
417964964
1550059381
601416371
2756045921
3069050692
1351002733
2257834068
1320782785
2890038708
3235937900
3326303335
760780812
1516377768
2519774599
91010388
1421741305
1431711445
601185728
2351529733
222039920
2201792390
625486297
2200517593
756512365
3313406490
1974908354
4548873557
2908083904
4403151393
2872008992
920646590
527612475
448916066
1145145842
4540410826
4560737181
3295679787
2567856189
212087267
3290099174
3366200415
360350273
4052345354
2453546816
3496730597
2442033032
3234094033
153539226
2997225191
4555872386
1708653420
758553943
2796739270
2298181872
4113622885
4546539747
3016320092
1149256975
2751741743
3207052010
2392142412
4241744306
2261542428
2205236830
2764260390
4212965559
2563209130
2569779015
2850291407
1848913220
734852880
2935640914
2247794487
2747568942
2644392719
3129753232
4568082917
3306974864
1291453734
737479411
3094530260
4458623835
962128824
4255494854
1657959085
4254793633
1957892143
4628201282
36056076
3085638356
600613985
4538142501
1712374656
293397238
2155992678
622352384
4533930313
192441914
3864395594
2351232920
2160209893
4498538901
584039182
3101622175
2527497728
4618906392
519154692
4352053053
346354840
3073628121
1170673842
4626937872
2147772416
1080919476
2511053138
4627037611
3454081398
3213799222
405489403
1083592776
4202662887
3028549718
298463483
553279768
3971722527
3554566638
2712962685
1607022517
1583404400
2922483383
936072632
2258428884
2339198106
3044827193
303928838
1156312687
4093962784
1142265534
575764756
513951675
3303093127
1933466029
2383343292
188322811
1525691342
2526239318
1326497532
124506152
2944872271
1655011970
911043037
2286156496
3822539292
4229000552
3135184406
2696749939
3345167997
1361649962
2646151903
3243124260
1549200073
3376374723
2957421097
2234263016
3271461451
547421046
1555836482
2937549933
4529399599
2480165942
2507583800
1314618986
1621848924
94819296
1627466150
2730857270
2614455181
2549537496
3006058229
2216238206
1603189664
1845222415
273230565
1271141689
2877613691
167933672
3925405995
1539100188
3284191827
4452687265
1271906226
790313996
1284761784
2299365230
3076914025
2311364911
492984846
2286446400
4616803081
3313202598
2874820890
2338143030
2540426514
2944629602
2965771447
1394603953
2953631720
397288929
375634858
2555175818
510765708
4040592014
3764542333
3213702356
1084461572
1358655186
426738744
360619156
3869368453
3231994926
4385468353
2825579619
1478096874
4611234913
3178897368
3026665115
948055321
2942505145
4518514403
892394293
3072561426
296567525
2673136050
253327300
2994404894
2166368585
3466719553
1675390584
3155017064
2798848065
781541575
3001023146
2950180221
804901783
3707293754
486360712
3491904255
3040527032
1660821998
3039721265
2271087438
4610571134
383724322
2950081025
3434320955
3057927751
3313184162
2992811180
2924453461
266309310
2276761489
4560677482
600155966
2894978987
4238351117
3300758901
2904552381
2667879178
2523698620
1260818496
3013995826
3194961637
2465795448
2429042498
276667302
4540609041
1528504206
2221834888
284695739
2265065996
378149887
2740039302
3807399617
3379803671
3513398427
2249136320
1941171547
940915620
2326216343
878991080
2331505296
121475669
2240036718
3227319584
2789802049
2892237451
348397340
2930369863
2282392369
2211842912
3345989532
2907828353
1637188532
4602586717
2242636976
577277666
2887003058
2578148293
2781337904
3669201975
1329516968
3093928442
2907668998
1019709900
1066230866
3316857210
4354848202
4195777827
2957274444
610780079
3226307383
1523623350
277311459
3282083208
3742711827
3503249534
2945043561
3341694957
2765910824
2826685206
2161409330
4344700093
4528032327
4473701055
2498296185
2994890594
4485078616
4412179759
1634591276
3193044776
2970824625
543681047
2837104179
1934600682
2252065580
3388808386
3635114840
1255216854
3323459383
749589404
1911360600
2436717151
3921122043
2734144397
3293024834
2765426867
2778386623
2797237986
924545844
1420939842
3188697523
3252792855
2742430504
1735213038
402355447
4318004176
2892078764
4304785347
2730895102
4617144193
4387875974
2848336564
3954955343
2856756311
548216312
3275122489
1599414174
2785481312
2450396847
3221202778
3782298627
3103566730
706552304
1334613433
4210291889
2725091255
2973335971
3752077458
2281151599
2899427626
4234141273
4318055113
2940722263
379028017
3291520724
2543882660
552919074
2377336605
2895470102
1975124257
1007260478
4297386256
247847106
972649328
1887694201
2548634545
4297875628
4085994028
1409515441
3043691308
1175015137
3299034195
1092325500
2433636445
3186142345
2388624272
2804962154
3290577375
3851896943
463796285
554525355
1075414082
2533179098
3238678481
1572538555
552270796
702807521
1260479317
2556930776
3911241073
967606698
1406534131
3112608791
3407791851
2255420101
4186235973
2733604130
3226210318
3106226149
2924405106
3740564052
3083160302
3284290868
2822319747
3414251653
3260781733
4556632572
2302265672
565391296
3187215482
3246505582
3332637010
2435116016
2521160276
3271472222
4520254636
2778268891
4343076801
2169401922
224537249
3161897382
1579698896
3991226319
502759738
2766831004
2867208322
2803357396
4541373316
481666125
1615495512
353123154
3793898548
2465716536
1577743501
1431448962
2161351219
2832217339
2494013356
2901504686
4251810328
2518028791
2295801200
122845646
2346324643
588754684
1635517742
3397406533
2300655132
2250569466
1924007594
3028900006
1646521464
4350567734
904904245
2225827927
4476251121
2936792290
4557962474
3409457283
1969731109
4536922223
139371577
177352181
350267180
4417017742
3056572059
2423531039
3049414233
3928819219
1691147323
2553730982
2285352524
4538712734
1365369925
2956112135
3633606629
2431634557
3827113707
2273893802
2698056128
3395485073
1897695390
751126064
4163927121
4539117618
1442891894
3907623746
3301297253
4580761812
3063168387
3231208112
1206571848
3368366361
4539768375
2831902291
3098071013
2165564863
2989862546
610583454
2962318946
3623794943
2635950024
2383338466
3974174499
1959325496
718800224
1588481232
2174717921
2264089404
444889426
3108875587
1435250610
1938762289
3376181834
4039991897
2457337694
3112316598
2546785725
3771757093
2940508934
3094312534
1182591834
209055397
136057663
1594006380
1561745046
3029307455
2803958325
1327697396
3327234742
2770412874
1320613363
3025319615
1096602481
2997272032
2839397683
552926992
2369499601
4535682681
1190062494
1120070340
4197416033
2900638272
4538585207
1656783896
2907358806
2486854316
304514564
1271113914
1383159715
2478770346
2849632047
242917840
3227163435
2577419221
1347749474
3260870804
251780072
2873089554
450076807
3171023451
3312052912
3889801769
3239212995
3866354120
3064327141
2238355736
3699288853
577575653
709308830
3000608147
598741227
4343490927
3297865133
3688779557
205342689
702933465
183432204
1945498232
617159919
927386520
3273241916
2664025844
1732420201
1565972498
3255166723
3344404509
2574708931
4441305267
4261509675
3082655928
1137389364
3184171007
174038622
456768982
322844738
542754421
3043654896
1107917648
2853437448
3258269803
3143794565
3807018073
789402187
2645461044
3284133835
2870884402
221759474
1407917882
1110444002
716784510
2939825699
2760462260
2726122176
1891637593
894160322
2951493382
3346854489
2723560706
1343220673
1253470256
2520692532
2187186722
1570963794
3996910881
622371614
2700111244
2721666022
3248085953
2874011383
4001290521
2364246770
2267557756
3271602175
3233464947
2980033653
3199114229
1970035614
2971100946
617784277
726319818
3699731604
3319405866
4174306697
3146253669
2746650456
2283570138
2582014544
2865425093
4210837474
2529164589
3242240159
441275940
2723378104
531787572
1392803036
305689020
3343384689
1662425240
2765753627
776547200
2355980052
2225150397
4330609168
2546658739
3803039129
2877991149
1717395547
766752318
390073819
400130096
2250640500
2986006175
3862237753
2402837673
924737940
2872510576
313019542
545412280
2616105211
3372630963
2881735126
588294744
369181069
3276880254
1143654612
2640222620
956507648
816334861
999949698
103892531
4329695180
553699151
4149164112
3432054508
3337712487
2458548617
3054582717
3134703858
4606024573
1116750271
1527954073
2891981461
3277288758
2960271389
904493551
2971552797
2764033967
1257243037
1527937261
2677214271
3473930589
2913486586
2699844666
302833181
842727924
3120349164
1611290401
2523339271
2353202129
3018535576
2168022267
3327968957
838461522
2380883372
1628148404
1143191371
2310386676
3036911651
1950103614
477583039
836362184
4538643995
1475690780
4206366394
4263754764
4173294441
2156111923
2296637996
3232741544
2867994865
2600376476
3316643287
3710720833
3119385669
2936578057
2792718982
930405854
1589107062
2907901299
620812243
2968225881
307911484
497466153
994914662
1426788661
143284261
179296031
2755696840
3280149580
1395283178
2402140219
2546039969
163166600
3130445651
3234562928
544731992
604623364
3064824611
3188369875
1483315028
2187415375
3731889792
68499701
493424537
2792819785
3487777583
1046219136
3011115909
3423701008
2799725481
894172333
2545255839
3474205888
1137778585
1862044686
525722226
2598706184
2937468708
735948072
1485586459
3303526422
2532110735
1971353587
4444228457
560568994
2606567335
3052621197
551382194
1077789433
464265985
3387639436
3304621295
3242118401
3050736992
3191884715
3399020723
3281681036
625450455
615497959
1051417676
3055467401
4538208952
3476016792
1524284635
1847789762
2758353855
2429613656
2896506449
767945851
284190573
1017614599
458860048
2288623572
3318098494
3068600320
2739607725
2159359122
2472884506
3178670617
805617626
2998844878
2827821220
2387957712
3310617723
2618489601
730809102
262421451
1666080648
156495071
3059867896
2342904904
3146270247
347506734
544561308
369009244
1015743444
3742970354
3319876628
2366258671
2730327848
1379498815
2733469110
4535136982
2554258100
3496423756
1360529982
4578656832
3042680407
1069015015
28150763
3300762798
149603772
619144499
1407102570
3183266881
2285174310
3623831415
1043049416
1892650886
2398640426
294159873
3311862742
2555377582
3398912113
2977879514
2537531088
2689531141
3643852156
3155493427
2978426147
4273367056
3148797580
2953543767
2755744068
4042461554
4409980517
2951044698
3112400212
341602889
3386183391
874394864
867446365
2617525268
2348868441
1700628901
3154502561
1275607356
3441498736
3092100899
1457298804
227682447
2481678734
2839710584
3923412383
990062994
260372149
3029061090
3282701497
559364995
3724213457
1581290040
1553464213
3255137880
2303896038
3424030960
2348667541
1925158646
1103598151
2463615704
1016567652
1308935910
2645778254
3751011931
3167065397
1648476572
2654914740
2870117555
997775653
3225089271
3219693205
1720105813
3198441432
2844084395
3115923526
2847211085
2800668499
4604750773
3200432573
789001692
3082509993
2726846906
204110335
3326818818
3290481481
341705814
3097607411
2717298285
3773026578
3264674765
2231793880
3306232783
475978841
4217480472
1567404750
3328791553
3371395415
2434166693
1431441026
627151861
1531568640
2762983523
3121461267
3241717601
994037114
1711535005
2654470309
3021670208
708813567
404247948
293208299
3573369855
3219380467
2858311130
2430707022
1957888830
3482445802
2983402263
1726724515
3962079326
1219588848
3329455846
2402060455
1491451099
2365091911
977037468
2664539263
2906980737
3433985175
969994476
2602401075
2612370230
3190440907
2309881672
952996189
780000912
4213379289
2903279230
1701843672
2763717588
4258751415
4438479255
979213778
2472473911
1193382392
2347807650
1053785160
3119064099
2786157337
597973046
4240760145
1027199634
4197559887
3103923080
1680648764
3072480900
1609645351
3187816802
2763353004
3315374712
4180873319
825081234
2388669966
1675518103
1881010104
2763375873
3110670201
1246125708
3952225274
819471517
4453593927
456860888
4288875149
2701286309
3980479828
2557149793
2944610529
1713141230
892074512
1670161580
3167040548
3130333661
3714595218
3018305948
757757167
3160353218
2270930817
2942394039
4485657194
825947600
2681776285
3367143773
3534587423
3089574872
4379857400
1010258318
367485102
2213659399
4530835872
4541282714
2980080713
2747819308
4348621453
3166366501
724691964
2192137394
3676872316
938671742
3193086728
4109801495
2995137150
1592864910
504455500
423502728
3252927918
140396362
1477577336
3282436398
1609637444
2855441560
2980604349
811146470
2250306715
3165276722
2472103651
3007151420
2848478951
1013667464
465806307
3004650104
3292989673
1714012567
1974464414
2721820252
1235351514
2952527294
2191308575
3117158876
2779403928
2460859466
3232863788
3307188232
1462884506
2683883569
2933243505
1955512250
3406624642
3307672752
1244877499
3162588374
1584042194
2711722651
2423194896
336562248
2456711016
2615408507
4418466743
2823213262
2511277529
2517962998
3136221409
2550920726
1735715972
2310234096
3063191323
1690396603
3286368062
3039951010
1009171388
3067392228
4544245993
1469849438
2964376444
1862186666
486181125
3050683112
1642926666
3194811264
3243943933
1608410473
450297836
1438300760
2287712016
3838685723
1871787703
1553004492
2540260898
498808753
1705713456
1025975018
3248184741
3171981938
2995166348
585859684
2289021212
3300808246
2938844292
937115010
2691958496
1169980598
3321097069
417439370
222300207
272843501
1364715506
2959419844
1632746460
1919275754
4123464268
4211802052
150692007
3020200765
253594644
1556113933
3128027168
3190468008
452928663
510030121
723920006
3249754496
896440825
4523243500
1415511756
462731614
586902412
2686552833
1102942022
2908877695
2824448694
1628413784
895132039
4603672572
2848803165
1733948780
532857334
2960950997
3101604347
3951471132
3207749789
1083156894
4489572443
2200301423
3180813979
791331499
2734312624
1655701723
3110195446
1734665844
4193815817
3317149795
1007695921
4250292035
3007347306
2310599929
1188620275
2248124089
1374745729
1299203137
1289511938
1628471346
2213967358
2207276997
1329744764
1602277849
2268657318
3314241921
2954252244
2338487657
2675758212
2320391498
4533379816
1076117226
3187742829
2507464974
2855069691
2691095375
2344502192
1165184911
512988940
600254164
1616305543
446275674
2962777452
3142823299
3246690189
738063294
1255645746
3489265035
1538846418
2993319008
2495897750
4520519974
952441410
2866257982
2351890291
2151223369
3067198318
623265796
2462918131
2428838214
2808044654
405003670
3314451090
989079054
633840569
2398206823
4544730024
2533144752
3174599762
3222436034
3473938336
4385810679
4494781941
2432817145
3239657590
2642627574
2767154482
3230710086
1699291927
3871492992
3396617463
2510324192
2659337111
2760447408
3678552857
1470480968
3876257837
2520292340
874039494
1964940337
2855196940
2554912988
321289959
2758461875
3229397802
1949783030
3222624854
2732427399
2192889275
4493474476
2654397346
365002507
3846059915
1576160425
3131399633
2470393772
3348577578
405147530
2785646605
1868342305
1074366194
2570965945
3289283527
824681336
3390724340
3223304893
3785281335
3293008597
2418220826
2650186792
4250138494
718731290
3639669854
2829880511
1635053851
1951303400
322760999
2772201611
2427740995
503050147
756390908
2789677085
1276528212
2874590853
3161826697
1950204414
80658314
3293288913
2940494411
3144515176
2197541034
4384877067
1069954676
4031587103
2987836432
749487199
1634557158
1386536042
917758686
3232411448
1455977106
1898711701
1141873286
3357478049
3032183329
1015373390
2909423896
2995818066
1670386855
3917516353
1161805548
2535741936
1437541430
256919279
1669705165
2323622966
191928324
1375428072
3720504673
1248474900
602704977
1243874012
2988737944
711701774
527528269
2823617450
1933885777
1420421011
3004253817
2810818136
2884434210
2779903099
2875063850
2158097400
3383871934
4174690036
4033687635
3342827620
2473018862
3160741567
4142487327
2857503737
2322661883
3250559545
550017651
1210707859
1388104164
567054298
2511458495
2238828095
2709417570
2612281279
2661014129
427192452
3980000176
893476800
584222040
2949209258
2800201870
1927049047
3235919572
3969237673
632130594
2764455340
3437123712
2867719678
544136519
855776563
2586565658
602765422
400573921
2395099033
2841124358
2975514721
3918315437
1254731666
3132002799
590176049
1648015398
1649775158
2729122119
3282035820
617013847
3384671319
2323752493
3259051190
2286240103
316711320
4197704657
2907596438
2225848597
1595232552
4186355837
3098555098
4426220773
2858490884
3397540876
3369320481
591622060
2888657663
2319398220
1543601538
2949289456
4137882921
3438589523
901376652
1056175532
425783151
2700415441
2665473891
136066795
2789444711
2744498110
1128488940
2331851069
2300089195
349958348
2299132334
384238489
3704662334
617043152
3094543095
613274817
2608224685
355270905
437190366
2739770796
1962366000
2318736647
1861271618
1105729358
4267920675
2916198592
2855789273
3286138412
863827374
3655944446
4041603197
2899510808
3053575578
2867096829
2197998134
2462446265
4482305952
3123633178
4496128246
4591713919
298706959
4184349497
440534020
4209453393
2950915097
3108692366
4377658097
17938345
4493443900
3701181733
4482428787
4482420333
3291318395
4480996953
4361770212
2310533294
4449083232
553472781
3800753893
2834592295
3192438559
4538304068
4458969028
4458919992
4433513955
4429676338
4079298672
4431048281
4415083581
4415166856
3411032992
3370768829
3417630935
4415623455
3194137823
4479914712
4097847442
2224039734
3351791685
4385407943
3730635735
2698991321
4050689954
1918720632
112586133
1206746431
2995814481
4329194059
4341631113
4363221136
1858302410
4356790096
4332824873
2862281021
4151784981
235188568
3434761034
338013532
2438974025
4137763394
3372282347
4144430367
29046629
3360852335
4342297036
340539991
829782145
635653005
2451370236
1379974189
4401003500
572327613
279251673
4259687003
4285209556
4033298194
4288009341
4327144277
4324185202
2867568802
711606459
2856552867
4305775522
3131133723
4307865238
3442026492
1297930152
3477564616
546292315
531367375
3930304512
4189399343
4276303287
4258556242
136992788
2748673103
3722650756
2285519126
2760492671
4193240123
2189918930
2695108342
4209230482
3995727260
2434189297
2571385614
4347141204
3290040065
180707380
3252978503
2869416731
3135103460
4040962155
546342069
2209146940
3434486602
3025077315
3237723168
3099929877
4259158043
3076916726
2286161232
3854969979
4257692715
275693607
2557859588
4273801519
2495819648
4086240135
3492625336
1325749513
170360957
864871926
3422586443
1497679886
4173037221
4114503744
4217920599
4235383696
2992407304
3024870045
4274247553
2566083968
976316244
4173947955
2712434567
3799588273
363002061
1516644649
345712905
4210898248
4214365611
2267813173
4155074715
3911956403
4249039992
3292974940
4213148063
342420304
4187480188
2507358619
4205537961
2915121717
2924021117
560828849
4186345459
4091389221
4141630457
3344686096
4091377156
4091354596
4141614395
4062403048
3927260238
3168209881
2970332355
3988599252
4132485972
489074106
3008689204
1184952506
4130473457
1522977919
4121440335
4149425805
4174378580
4172377406
4128083668
1964551195
4136645662
3364345937
3462406335
3218837148
4128173393
1654276296
4123799775
3943158492
4121926456
4107936298
3160697576
2942980192
2247566484
3171142500
3424045043
60513596
599663394
4096002553
4054053313
4019662654
834157196
3913041753
2925514871
3996006733
4096128672
118683103
257423429
2246156400
4088746160
3240756047
3337867829
440791121
3033690891
702276581
606800134
4048462199
2925334635
1385237137
3643223739
4072144156
3016887194
1477590584
3475433716
3126126552
4045052247
2789761080
3300374307
2804132310
4061696009
3988936689
4043063716
4018893449
2374419583
1559548123
4012628835
122949202
217957186
2898767866
2997943633
3390115727
2370830624
449057685
438710653
976448826
4038898769
3985490660
1908201408
1857904452
4003401194
3429658942
1617541880
3901600399
2825434342
3297060588
4006112115
1260162548
3315253277
3759554300
3482227098
3482316193
3482126898
3482032212
3482190745
2444929734
2444939954
2449267909
2449263073
2449252046
2449240218
2447060905
2447049350
2447048096
2447052889
2447038124
2444971326
3470448613
3759559398
3759670393
3759521724
2449269884
2699461230
2699512903
2699521987
2699507702
2699538727
2699545237
2699530232
2699556805
2699565541
2444952548
2699548730
2727456540
2727465894
2727473748
2444978437
2444975185
2444964740
2444954142
3470475553
3470355312
2727517962
2444955860
2727569011
2727532154
2727498528
2727515042
2727480066
2486046441
2665215003
1149104545
3981429035
3290692297
2904388915
3252339356
3730638253
2149918921
3536381543
420517343
2923742286
4028385670
3869587757
868408964
3949739234
2180696150
4030727781
4026066407
2656124420
558575793
1894130078
3002464564
487906908
367895937
3918468916
2379860125
4012551497
146256460
2766602567
4018683147
2944851621
987472982
87403396
2991043516
3075181277
3119513495
1364334534
2879176897
2332158876
4022760149
1355926946
522220101
2986941089
452012850
2685828236
3347524431
945980533
2487764320
2202309393
202078363
1409196356
2667081410
3902779589
2519634648
926987312
4004797096
2293853582
4020696537
2303738983
1407725599
1068394136
1676558210
2598112533
581058131
520759201
3983946794
2601574338
2760472809
1161836096
4005794614
565868233
2993945625
746307906
3329630493
3793689681
3399388935
3134603154
2399625298
2258859592
3867145041
339383871
2518924261
4019809054
3268799402
1755071610
724846879
191573439
707808343
108778120
257485530
248399982
3307944986
432980160
439408042
2601005682
3916938254
3246588939
1609536044
227305595
73833029
3983643254
3328012529
3190452667
172897097
1550793187
1315406544
3398188273
3262763106
1209847086
3293881730
3674021173
965643990
1371568387
2227621667
2291160689
631505893
555221064
2408130816
369835603
29543558
2414957030
3973512280
3144963528
2939785090
328754065
3819957910
3852556228
1696028683
3865767359
895823065
3308270870
2332307294
2397810565
2394977698
2210262875
1690487209
737748548
96192594
4001029792
1719655903
2240268888
41043333
2942315821
275807674
2591274986
1601724320
2432949882
1470003344
341180841
2163708728
2724112256
3295651321
2924417658
4018460596
4018270517
2740414086
2987430363
2424724939
447194608
4017639832
3000528052
2619054635
60911138
772260636
2619088276
2619060521
3309960802
2573998836
2619054921
2619026915
3750003672
731313511
2858915920
3382248479
3341436387
3341425575
3987603677
3380630680
3380617060
1172301224
374539494
3065694071
3445479617
737833579
3481621396
2164957630
3389813957
3389809283
3389727897
3389821630
3389713515
3389773702
3389684043
3389792152
3389696823
3481664062
3481414103
3481456407
3481512268
3389679183
3289069818
3289155037
3289095788
3389822237
3389870026
2724630436
2489529254
3925387514
3969813973
3918357134
494413077
3958364352
3918147492
3918235818
3953530752
3925437084
3925633214
3969546794
3918304218
3838674859
3969785832
3918109338
3918194539
3925866792
3953564712
3969960613
3958523833
3953730553
1470729164
3078386366
2837716714
335468031
3010336209
2312418441
618299262
2436934910
566886408
930210744
388422314
2171863722
2569416606
3183583304
707988829
251483334
633109449
599289041
3311563059
2822988692
1349735958
2908750861
1422160363
2935279227
2827639654
3335833180
83462680
4003782502
3906749610
221891445
3126451761
3995786368
3964737314
3857799681
3974973441
2275519542
3926846593
985728427
2583494196
632741523
3726468086
3208090943
2949428183
3807468372
3631613295
3279552222
3998262797
2999806341
3076288563
1651355012
2970791608
1431984158
1155516642
1472905536
2154895002
3938442497
1408815044
3921285891
3742921522
3623385315
1955455062
3920928323
1564872294
3450181288
1595201480
3431735037
1472920892
1566921692
3874122377
3893601676
3938378176
3938453548
3921418336
3874125365
3874112291
1419110802
2994473584
3883498757
3891186802
1891224553
3921352996
3883614316
3883393875
3921385937
3874200994
3874206040
1891413282
3921428668
3921152410
3892819115
3933684568
3933754036
3883780132
3845536696
3874195276
1480992192
1564907420
2996017020
914722236
926002944
747957804
911290122
107789104
3910670375
140549930
3772357156
3602947572
2791974209
468208535
2781454781
3799583292
3295938034
3073664992
3980557456
2993383668
2312479313
3892505005
3438341943
3667870095
349941493
3975673701
3982464711
3982363858
3519570496
3179122593
3628605737
2870847654
328027066
3516886157
3315393727
3901513218
2187339895
1694437759
451655295
842485376
2904175131
826787910
1543430186
3361423132
2835278717
3338259875
991767738
735477974
431480804
628670895
3240411849
1381687333
2988235949
2970030617
3272460422
421844914
1709513695
1250131982
3105503561
212896017
164836241
1469614046
1003159874
925807734
1702353966
1226637085
2740582169
2895467454
591920837
471163423
3280534969
2973767005
2717912942
3390920194
2256565317
479972454
2302987693
359127808
2728485897
3458239641
1524489942
3880706713
423402372
1642210717
2465032999
487171050
1893596136
2276104519
537652228
287237087
2953144186
430280519
1943191075
225822350
3951894982
3948743117
1746503880
3613771218
3932458523
3298940899
3850863074
312276772
3872504054
3131392727
3815732599
3797058074
3932709705
3206559893
1201630333
3853744220
3919556715
3654334942
2244964835
3910630643
3898489655
3314236084
2637996227
3905306308
3880900193
3826263072
3902394437
3824350946
301960682
3754816459
3640957758
2983039090
3154532283
3322553574
3328858010
3638743880
2937327616
2671162160
2470307734
3682006095
3867162562
1582146846
3295124404
2977576959
2398373628
3331230149
3233755411
3880198161
3880447275
3880145423
1106593399
196415460
2358303984
2904967104
14619266
1658434015
3367319660
3795458834
365770701
448402144
2176045451
2883377159
3864538773
525084666
550914065
2347932656
3577274788
17881816
3863142178
3852357261
37599351
706798206
2377904834
3761085499
3773666840
3848561656
3309713155
421139315
3733135044
3827457856
3855172161
3829185892
1332193069
2879770490
3733704141
2606505636
3835074141
970883407
3310008866
1965562087
3043337367
2511431576
527241463
3749225479
1523265505
3813677896
3730693393
2941369392
3604752135
2839910227
3818118989
2963392633
2255433791
3233239436
3819951970
725572010
3090236102
1681523467
364765726
3171574178
3299210978
3644332392
3806501775
3019100924
2577145774
3717645913
3704641164
3293100025
3187178465
2752915488
352712519
2222092466
3438495909
2868202749
2728080932
3435321328
1417017763
3707133014
3306284709
2564416426
2858529675
1045592138
1061231564
3007801439
2617875694
39304030
2509382362
3051615758
230830317
2289683447
3356137504
3119432091
745840129
2566706582
3407895454
2490554146
2561846540
2261859302
1368489169
539979899
2510710258
1477826845
825650078
1422725420
1411332661
3039712415
1654755710
2354234783
1511391638
410379692
3165935450
1421448241
2319798820
3413558950
2214755468
597426176
2520611772
3567891135
2740251703
268799924
993155983
542795622
3346820956
3093342798
2783234522
181343905
2480132514
1320979429
1855080380
1331765953
3426819723
228531366
2355265877
517523884
3081789562
3401156470
1489330699
1384111758
3328024450
3281580848
3454135635
2290374115
216473923
3793628242
3410546115
564585376
2200839586
2732256743
972321540
3233531937
1572573240
2440911811
877335372
3040834799
1734876774
1475439194
3124337555
3383540652
2218038428
3023551161
1185807146
2789882243
3698540294
3698466133
581466920
65796745
3696568453
2481569884
2818810896
3181903434
3253022906
232867957
2194951002
1223705880
442995638
3163875632
298583894
273714088
2740192628
881167974
1598589668
492576233
1094897640
3781513395
3325247269
1520861863
1955840893
550825656
2683338280
2998577868
2245637433
213361822
2276805463
276722535
1332506862
3405813052
142561982
2400551012
2394620358
1091848555
356193237
2935133997
1714351639
747006193
3134692448
1325221028
2796271173
2938376958
2401750984
2185111405
1362902832
3732733996
2256927768
1572808242
626756470
2263803114
2355812702
430820710
3384317899
3305727709
561326775
2768360069
2958919059
989717515
421713799
3662572646
3681343272
1453318674
3202398789
2156134525
2955029926
603861426
1918489854
2869776291
2184948347
2999164631
3085511082
3206923997
3152786243
1658322697
2515153673
350023181
2410523816
3782822656
744395270
3005779075
857771413
3720795994
3782521036
3346303449
3346347665
2960229831
2990287937
3343946909
3577699276
435148040
3092000344
3782563936
3577012937
2984408181
3672297255
3671600956
3629799443
3618628157
3618585257
3618632476
3595349057
3595441157
3577750276
3577612827
3343982428
2422767457
3321619939
150999292
2801834999
2811256562
1052329298
182869300
2810514867
1851619532
2541530040
446333796
3198774019
2908454126
3580450156
1961548573
554502848
3420741809
1903585982
3428449340
869934212
983493642
3666095652
1389910898
22326665
3699754534
3677010617
3763582881
2276510923
2878588808
336307710
3087318078
396247186
3663084566
3663055879
3277533007
3076850215
3694892595
3633850698
3648008300
2993944579
119222694
2437802731
2936491627
3131175923
3314065193
2494598081
3723667588
3075104722
2881781589
3586419613
3004061963
3630844873
3630339374
3629043074
3430433319
3234957088
2862673328
3492292461
2958283637
2857329809
3623630900
2898240183
3405022665
1533753294
3485513593
3405305038
3386265262
3522510257
3597872474
93904802
376516514
3623620702
2989710832
3370992531
3044533467
1541498402
3235572678
3320863064
2366118332
2817400321
571792117
3009464552
2510913441
2746310356
1465551002
3437528583
3432309975
1440617484
1670122963
2915148541
2517282122
3365533911
1960206434
3614696414
3242956093
151728266
3188450303
583844066
3299402707
1960443672
3508706595
3610561458
3283691185
3283657220
3688134196
3232858944
3283674235
3283737019
3589631473
3461577019
3283732651
1411335866
1295664164
2806634149
3583691176
3669846262
2874340115
3662917035
3383221875
3180695197
2637892708
3577747099
3195297922
3141818025
1378209199
569044057
3192374191
3357535168
3569108834
1385230783
3239288205
2601476576
2655313028
3615341717
468188253
3519878360
3519809958
3519910693
3166332944
3519855038
3519894751
3519782052
3519772572
3519873133
3519813926
3519731592
3562038612
856332384
283448202
3637761615
157443576
320789821
136494819
163160646
1049466415
3252783360
1234915242
2856267673
322648501
68254602
2463492147
222227559
2836216306
625948151
1257962588
1609747358
371969954
3561663500
1973242267
3044313557
2311548336
2615860194
781469310
3067893009
2768996704
227750785
2762187702
454477446
1638974384
811428697
292112267
1632541142
212607630
146685816
3361304711
3370570048
2742670255
3315624275
2241384623
3336968786
3439090665
3310466428
3389835853
3593771535
3352377045
3326900731
2998000954
3365622373
2935661605
2349175082
425648841
3339772161
825918115
2828974367
594444299
2514291913
3537513194
3504293249
2289061117
3633596835
485074779
3396517149
1562951220
2516992325
531621204
1688577792
241466487
484060949
2268832992
3230223216
1612974534
2556491681
1303224985
2956267949
569275761
2859383169
2206402063
1924264921
635805835
1634516120
1671165044
636637747
3307457120
3347759356
3428679179
2943625763
3415729474
2341142936
147353290
3316445089
25839589
2592100033
3557739329
1677156150
3613798997
3613287513
608345352
3510623954
3310216746
3613182202
1580124163
3611147175
3345667167
1403731117
3592437143
3222629473
3557082197
3389129053
3108528043
1924863506
2925357903
3402480550
3459024404
3497045174
3290935250
1621723760
3499656680
3403298716
2425969760
273488109
3476000718
3561930077
2493760583
2991766662
1485740119
3056035045
3494575094
3494150892
3269752448
2797747865
560262687
3493693994
3532380497
3222816488
3472499833
3248282803
3563777296
607827384
785893092
3582323535
2988950035
2458717050
2906516493
3303063363
3423084286
3194907633
3361860785
3348467620
3356480254
3359557851
3195096369
2807756327
3416460603
3430866064
3000769558
3545156722
3440432595
3440798482
3545627123
3545827655
3545838375
3545899395
3547629743
3547711457
3547750407
3423223961
3547917436
3210251093
3386380883
3430699198
3429289749
3429270016
3426746938
3424832115
3424770393
3548042189
2984217707
2548237976
3485919912
1643612660
3035312162
1668913926
450943676
2782462504
3289386146
2821066906
2821007855
3552680775
2820988421
3396596602
2820993785
2821079260
2821024737
2821004697
3574458437
3239552907
2821013801
3239546259
3552713057
2821044365
3552696077
2820971577
2821078168
2821050773
3379923143
3473181737
2821021823
3501434008
3494215275
3537875896
3442719565
3382451116
2814700860
3382394969
3382450570
3381397859
3382454536
3494275697
3346916403
3398693851
3494433797
3539740396
3494285597
3538195701
3494254095
3538439115
546245353
2783316767
294895398
510929445
2296293058
1276413666
2203084695
3239436011
3241428016
3426776608
2579403151
3085707909
307879689
3474881602
2973695223
3426748829
1548828199
3426618249
3387390579
635377657
441316382
2585745901
3353275163
2976769009
2943128578
148508378
1448920746
2955877504
3382828277
3416190664
3135364510
2410895314
2468075702
1391827519
1902053414
809558588
1468740847
1351912250
2498038371
2262696405
2773447077
3484228277
3484074197
3483518297
3428919435
2838874943
3428625724
437923958
3428354139
2820652302
3428360315
3420752608
3420704566
3420535143
3370046446
2667511412
2581156752
139972989
2391815226
2602466131
3033225112
548129546
1050600684
1162409414
1631773448
722040204
388389703
3472918633
1672044793
3377462657
2350836180
2897576270
482124714
2899466151
2842362846
2916984218
2151702566
121212063
598096213
1656144007
2842356108
2842379036
1423807494
2395218719
1325169913
1107174259
2993621571
1680945764
3251847948
3190359703
1498410494
431967776
2240110427
359466597
2205526478
144746246
3092043305
3460048759
2437467018
968154800
3459992605
266087359
3317394272
3459813312
3218682911
3459708320
3319050444
878542255
2588025950
958324483
2213444741
487729299
75839438
2385713550
221066677
3485022072
2683753168
2953345962
156836885
1042902114
2372997468
3382245659
1922551502
1124972929
262200118
2897405788
3431968617
512374533
2194450203
2509909340
3406157763
2163798923
3134862272
2871652350
2458133469
2805431503
156761360
36095580
3288156444
550988463
1973211276
85479588
3439127091
2909401625
3374482504
2301975896
2762628437
2318428767
3193767752
3036217618
1629400476
533260722
2355243351
3399368483
2311248381
630067113
2786627298
3569587937
1281475718
3327558139
3567741315
3059917464
3476359693
2955062904
2744938653
54874320
2933735171
3545019136
3069013007
1576550658
2940003391
1224452264
2388172909
2668960462
3280120358
3308700260
3308710004
3308731717
3308656218
3308649618
3308635218
3308747227
3308687756
3308725885
3306220495
3308618514
3307746422
3307780387
3307671852
3307730396
3306129102
3300496543
3306117972
3307725374
3306191912
3307762579
3300409824
3307758757
3300388608
3300395496
3240988399
3300474655
3258841790
3258833744
3170834952
3236991074
2999201581
3152780748
3170901092
3170822322
3159411061
2999125830
3152832463
3094445383
2999159132
3481301712
2893359492
2222060491
1025272926
3297134581
3427029339
3384307959
519247205
3223651938
3429381130
980953698
2457883092
3323089703
120218928
2865841158
3292887595
2518989416
2258621084
2319496214
834182396
2911762817
2772704229
614012250
854045162
2177081431
303756415
2802153604
1365024272
3332095820
1008919650
3482316072
309551935
3391426758
2708463486
2435734495
3245615139
1458822728
1911879631
838617318
2470516972
133048909
2159622680
3000655255
993408985
1615708368
567397703
3534882442
1528202598
2608448899
2996487386
3372869746
3051397974
3190749691
3569625988
3569880615
3325301300
737886559
3476893046
2396683124
2331095002
3046065067
3382375053
703580107
2258598755
2949688101
2903820580
2771447818
1200735937
2873723306
258118772
275586750
2458672417
2455326618
766531423
403692710
3119050550
1928631728
258039051
3092694515
2234812226
2290542733
220644319
3255003224
3206383610
323171425
2596970605
3432555133
3372792826
1316837684
3096738110
155773476
2930703459
2460522363
3536298556
3025161959
493556547
121738135
1451887225
1026730543
3291960177
597566088
1684404979
2433394202
2356290679
1559414797
2823338331
2149759367
610705058
3248246618
3555153261
3051685729
3566977815
2890137935
3407581648
2584288721
3190662109
1123813016
3465568514
3053136235
2261808925
3353475494
2741687201
3309914198
2342483773
1166168970
3067451070
3461216840
607747244
2934061343
2878360944
3299729288
3401225326
1418553746
166286471
3269853272
3029576808
3302191135
3456606020
2845671229
3317029500
2448211171
3504083897
3550647923
3407899665
881351162
2482818714
2225697625
3503017937
3506157082
3111916212
2175374202
1618254163
2175522062
2561679553
138137554
3238019928
3267977624
3351234433
1006986594
3128591945
752803778
991323079
3546268216
2755723019
3349540587
1700872225
231767854
844645946
1532666461
2714621104
3007422747
757270860
3434526971
3434565238
3434508347
3434563546
3434560324
3434557852
3434458389
3434500505
3434500877
3434499629
2899145723
2598902664
1240832143
1225583695
2374575042
2226866413
1419757710
563168653
2243301930
3309576446
3364052163
483992673
631402899
229985359
726678336
3421962177
2727085739
2517214002
1959676320
2959612979
1597781678
2870772136
1678997773
3117292784
2425834098
2955368729
556642783
3271588458
314868333
2308277834
1692105043
3072163118
2855486833
1897676490
330259462
474264219
1641368376
274426220
2880718816
2594803327
1277049547
3114539932
566616566
1527824954
2594874659
529699894
396194641
2195908252
407762922
2738473695
2410915160
441562129
1114745058
2433712680
2273021569
2367303862
3097947316
3009440324
2237280843
3392507866
750121699
2472239503
2322225171
269057664
3389116992
1632698820
2429145528
2921805422
3224993335
2456487577
3129952555
371008633
3309422537
3317223037
3297572867
1702708694
888834193
3322795306
3180181159
505862217
3235820221
950597744
2561285132
480600888
834277122
590601857
3348918239
1086087787
311753589
3503847257
3413932721
2610836016
1060804136
762382184
92602394
2540078388
245889687
2553025267
2160905596
457117480
910630554
2165471399
961483638
3442920192
3137800993
849722437
3441804134
2724167285
3324762126
3278925895
1674233792
3345971524
2878256039
3437563960
2351201071
1270899487
2395041656
2766586768
3412456281
3126604473
321578421
2374434254
279728933
2836214197
1270140294
3070199921
1712425644
2763042326
2746270649
2976692038
1488097416
1425672498
401882159
1630247414
3385604447
3230478183
1172894330
2258107664
2834488837
2880347718
105619630
339994332
735540134
791046282
2223234265
88981649
2707528969
2938649959
3026790975
463397910
3383504901
3044575005
174734271
2306507508
2288376318
241292536
2867125859
702998195
892461524
3352455957
621855450
1246077487
2718433484
1262386189
741190537
596817323
1940071735
425275860
1419253442
2908807713
2715500877
2288336187
505927534
365684445
3026910712
1674781537
2740403571
2279416963
2384638003
2930910582
2721570651
3535922595
3501132975
565294448
116929959
2790012589
251714305
3378525974
3001349326
3315704509
3315665954
3318022266
1681790881
3511821436
1582480645
111501085
2332272229
1023396876
3496133415
2753082430
3495803295
2955359817
2761348507
3497565196
2381059088
3399352115
2829038729
542304171
3342476015
2720824522
3142101316
2908705859
3301773612
564940218
308377993
3053361252
2456608128
2834156545
3373559658
115236996
3196993207
2763468998
2408141666
1666990147
991545919
2218285838
425692422
2632020285
1915465496
2752005968
3377187779
3304553429
3302225110
551389174
573470336
3376522389
867060608
2405247853
24557646
3296373516
820555897
2750646467
2604185190
537656527
3435808257
2795990127
2458151644
3248712948
3118847336
2994268687
2973835739
3399077957
2923903427
1721433571
2990492232
2518906865
2335796226
2500819638
321000489
2823197475
632090423
3378546161
279375376
3395019391
259628173
3087662061
1492907168
230158234
3312331273
829504236
2319086116
2777699794
609058371
525265282
371355316
2723961222
3495363509
2267779825
3475143077
3493667542
3395276180
3484810097
3493214541
3090535828
2733242731
3451658177
3419816175
3439237169
3487888697
356168156
3473915597
3353075353
579072753
2956294949
3394815515
3394211765
712265563
3404553387
3434551822
2768541539
550596891
1711579352
303438428
2209658197
2282962464
1491247076
592635778
3282345239
2768245779
535467588
3145138733
2533421770
1582188050
2431786569
772966405
373980635
2490542348
113984877
2899495355
377913193
1425861522
2975271750
2413922740
3373417163
517495490
3351553913
3187919287
429827875
2331705161
3309792521
3317080194
211131888
3142352038
303342913
1585434216
3461029522
3435046007
3401237397
3430322578
297641089
2222097553
3116588523
523799523
3331811233
3232665438
2448296203
397653136
3313755758
3342122723
2916261331
3373001193
3433600301
963338924
3438343229
1538286920
3316300018
2520087852
3437403801
3434896061
2475966096
514431689
3434667430
3435599885
3316047724
2273818782
3124474930
2867693388
2488405494
2289769459
1143118586
3436795235
1101314629
2849374593
1696344480
979406647
3272773230
3160581588
2955560168
2847205840
2445752428
3435522820
387871787
3325221937
3216865360
2331684948
2199712431
3435909489
1852493612
1034623759
3382096984
3399905398
252306828
2275029478
3323226784
3321891914
1099911188
323883870
534089178
3426198244
1395788100
2216812980
2173792287
1856249065
3115831278
1180444399
592579597
1153194312
568629759
3350038067
2756060373
1320907092
451662674
3395883105
3424424044
1558892862
322544913
1464936463
3426173812
2542486555
3016034540
2610896203
724380283
2692105441
842669250
2904003706
2450102294
1191010550
2620214837
181606443
1137457321
3433887941
3356054993
3396802635
1181017771
3324201554
515941501
872649620
1687444045
1568074308
3434262003
343417384
3320524286
377540832
65470706
3372194752
3281617188
1924747801
3300717721
3213135660
3319985906
334944592
2766160963
333908032
3220838306
3300911635
39496172
2965518605
2502545819
563730132
2480306296
3305180483
2836021767
3432531465
3410107409
1347534498
3346169578
3361992605
3320631565
3382351066
3320714714
3315349544
2163820634
221497983
556882041
3029266391
1369155164
998229169
1014999678
2733570210
797254706
633096112
1578448153
411172320
597326402
616077507
1294852146
807571488
110105639
69313123
964602552
3345856949
1121305176
726694934
3007525451
876165558
209761065
3119840305
1671186673
3020940989
3429320075
2861439838
223858124
3142675928
1411892546
522164405
906534943
866656488
356352314
1498518732
2227447420
2228667985
3427208787
3372442109
2184966413
2410781608
3137674115
3067661431
2882787577
3051189703
2719319337
3395892581
3310961752
2677507661
2534398127
3049529122
2955916749
2935051061
3023206397
2723080515
2808727678
2853622039
184782176
782629304
3322920778
2897915037
2850272974
3291351728
355206315
3282649291
1084762381
2890163804
2893303093
2715794917
3431530798
2792179987
2444402995
594686579
2738416239
908878836
117244109
2297964839
501446446
1681783380
3431669206
825664554
1505703270
784459945
3123230799
3431454351
3239059306
1024812000
3317344352
2413505444
1555587032
857252192
2990748657
752380561
1182987877
32403877
3318756974
3307432653
2790356012
33261404
2936516026
3306514885
2730848537
3318122029
3415545537
2344787686
2740151133
92070602
3428477909
2496769586
961393700
2896681952
2933936692
3317947076
2360133480
3427744097
2736160955
2545067178
3161675115
2841186123
450826148
3171823838
69491812
2955410255
542862651
1959180926
3289057957
3000230832
2881322832
1462870147
3308229464
860440453
2676193962
2738660656
3275446549
2984163615
2320685962
229698910
3231498440
320906249
3342301961
2493093852
604172008
3378812715
466904466
2545665195
3314303049
3314040391
3315950180
3341770193
3404794847
2836642729
44126993
3262669435
2918292563
1384818458
3402918574
2202403714
438696736
2984847292
3078392126
3403745752
557964005
2589445380
236602177
764418530
383862221
2310751852
3304663814
1295915394
566597404
3423692967
3308993886
1426050397
3251399503
2742527449
3312948222
2872420853
2940174864
424526478
102206743
2732567643
1643202392
3376149231
3423871553
3231117320
3182466826
3315319614
66664787
3423002835
2952642623
118705886
2796367503
2939165995
3314647087
28301569
2605912376
2408821061
2729395926
3115199213
3412472391
3412486227
3422055609
460430465
734750534
3392278859
3422176474
2506045851
277551680
864358338
525055509
703336730
1581706098
813084240
2333092387
2396893819
2765902379
2907025954
2259461419
2455174285
1519932338
3304474952
1544689376
556176349
2440744653
1513750490
450352243
3381247391
311630817
3409349866
2269553053
3189911112
65074626
3042574104
3294359432
1090836776
2170672369
3400260123
1542392773
790419685
2660526414
826837800
170660592
2625820238
345795119
1493228731
3377276128
989527950
2310061724
2960258511
2250016491
3405755217
2873911918
749838656
61114561
1518505586
2487681355
196413500
1370968476
292139823
2298110815
1533046968
2165009490
1228434583
532238910
758920003
1490443844
178030991
1428400662
528215718
2753482679
2309311064
750440000
2190427083
271432841
3421056220
40074676
190495843
2236140809
1569398564
480048718
1639900584
229236481
410340419
3240746391
1493950404
1613595878
30584084
601315866
2697226921
2158775160
1661425045
217846953
548044200
2606878211
637290056
3413474841
2681387040
3014873117
3392767564
275985757
2181917562
1854583729
2951917822
3295346046
2951573688
2159162455
331249302
2420009491
43195848
627227993
2750285837
1276273068
2754762226
3413518427
2444568853
572009046
507830455
2727294694
3370194479
224071464
3406609467
2573673919
3055802271
716537300
2921487862
185166735
423799282
2499993442
2860561089
2439714486
304818913
193021663
2865823746
2388453898
167777552
365848177
636631784
2918212564
187738161
2921753283
3123687523
96655484
2233796428
100130031
2521752435
3402988978
1862487564
1274681173
1835723546
2812367588
2439054125
437485712
3081704329
2767386213
1617599168
289644871
1264007318
1024539738
737988878
2729097249
1422734060
3304687482
2864237681
1460941650
3103665150
1271455111
2407754711
2942138373
751735021
1545128030
2892600437
2155623897
160714475
2881706929
1671433164
1420609620
3095415545
2601275297
3343290965
977268534
2501857824
586678959
3262726810
2550474648
3309604947
2365276350
3368980263
3368978421
3369025919
3369025703
3366678857
3368976555
3368977587
3369020513
3368959647
3368958171
3369002747
3405749163
3368997833
3368996849
3366627981
3312087068
3395945578
3198236701
1336256130
3299015048
350855272
1716730380
3013727435
3415813743
1622708562
449761504
875963090
2212833532
109065635
2802689122
991614108
348903558
1415628967
2726358162
2474760619
274530281
912252151
2733272512
3163208238
199895049
2959162577
1006570788
1485228554
2788882746
400875861
805511990
184078115
1455342643
2510759275
3415926100
1140152346
2675827636
2924805439
2959963275
2433987449
2938251185
2383630908
2975036373
2851042330
2940213361
3171056007
1198499966
2908584206
2870014139
2455744154
3243251972
2279676925
2770683346
3223746661
3187202427
2367326599
1607163852
2190599943
2182360930
289625342
783197617
428094562
590179101
1194989462
494509345
2752975859
535705693
3410819679
483335325
3003527983
1103594539
379733132
1350253765
843864901
1535596813
2254111346
2769792580
2821218543
3305948833
2536068840
1459757660
1346792132
3311786384
3391950981
2995574907
2875859286
832081159
2541753281
421656273
731174378
3190688181
17344200
2854869858
2889166381
1142752532
92066386
2866288949
3063501484
3219002079
3219091707
3128342132
3221978559
3343463999
3222251969
3131899492
3309979260
7668952
1436742871
3051513889
522384403
3307314249
3311840276
2869170682
627437990
1364996186
2308996884
1444815655
463893258
120751850
1173104533
1553308788
3299879659
956633102
2254855592
710953310
72971780
989817085
2176661437
2691877707
3321665829
41227180
269557104
2347301916
1575664284
461343890
2602490491
193116017
707568218
2977034267
2563939194
625056196
2386314103
3304665458
3404286087
418067814
1117115006
625194394
2977321751
2265034554
454330877
2302543061
2655032562
2246995603
2358866191
2963319822
3311041022
85828293
3186948727
749817174
2223908237
3404457203
1855535046
2580910380
2896976794
353219930
939250705
2981855787
705150855
465730068
2891340394
160865270
3056162328
1035698035
812957850
2896869892
2456341709
2819434438
631595379
3003979605
3306309559
3394261869
2918920587
2206834060
3311249845
2363552148
3387290945
3341794331
2413210448
3274833492
1887143503
2436334839
2418620574
1419050984
2694248735
1043221411
3007310617
1284756049
760258760
1659002090
1630710990
541962311
2794964168
2723061603
620299285
2159327706
2396898697
2720071294
602423316
3119921879
2232410623
202266831
2839167672
2749602755
406496823
563844263
2716902369
2598672720
1698060602
182877347
354298474
780361134
1961022811
2440286833
3339725116
2978015708
1417837621
1386961261
3356837050
732414632
168588803
2721791493
1691243430
2329004620
3132906955
3310575569
453145796
2852839586
2868817258
1592794026
463577642
603022327
1667937391
283046700
2885933654
3309728263
2841097887
1209361616
2787147909
2786562103
590275589
2481945184
2154181420
3381874227
2198099858
379639876
2436928212
866653680
3292398380
1098433940
3138217708
3331717960
3115485196
2966494389
149410894
484096267
2720888643
1437986150
3224245136
2463954098
2730190305
3411534533
3411023055
3410911504
3409166409
1244620110
3359377331
3309011718
3407585703
560411184
2312388882
2235399797
868415533
3232984596
3233402826
3407190064
2563223205
1647297710
3225526116
3235537579
3305856938
3305554884
3306229711
110867847
3022434052
3297676340
1718911130
2755342107
422984105
1100101062
2954099657
3303720276
2724700593
3374345704
2191876449
245798971
310173102
2256132727
245819759
3373093222
2333124501
3393749325
87626194
2660302944
2984756076
3403164364
2941179692
3401988448
1157994326
1216980505
1046978322
3400755069
1630748900
768134833
2465479586
2260300483
3298521468
3303952544
3303208494
3301889197
433649560
3135722470
3094554572
1416927810
3395225195
1419543104
3290116148
2996521996
3079667973
3293911404
607516030
3395836624
601364385
3276877560
3301141219
3268526311
3254748919
1053170826
2887666036
2598799722
2473750225
3395490495
244448031
1116805650
560124030
975137462
3298604778
3300536785
3298523395
3394088387
3111745524
1180040024
616926747
3220972623
3392162201
3392273835
2857348989
3280926433
3377315638
1197082352
2881460105
3298967630
1718264005
3272093720
895208996
3390853941
3279024457
3026677084
3244908470
2845626910
3237520687
2891228533
3142694468
2891188484
2872414136
2869417284
2925508275
3142688034
3142691708
2891230933
3142726783
2899865270
2950941528
2951000053
2891157378
2950996843
2950947504
2950993010
2700408578
2700376747
2951043110
2951004944
2950998852
2951068958
2949707736
2950931778
2950928796
2949798265
2950939094
2950964852
3225761113
2877604326
3224889865
3138623588
3138621092
3025997145
2916995831
3025995453
3138622202
3227877368
2474612346
3142693634
3142726135
3142768609
2891229175
2891153616
3142735640
2855909351
3142694672
3295669016
3297108486
3240074146
179756181
3298084476
1049306666
3290643572
2825175601
168764744
3288092648
3274982371
3090420664
3378016101
2871911328
316538725
3240708707
3243918211
3389746443
317461148
3293332962
2749249691
3388082663
391173687
3386229862
3291124602
3296326400
2523034956
402931610
3386592095
1037764116
258844792
3295587319
978288948
3295329362
318499708
185294605
1908571951
3294280278
317705516
317125726
2303607816
3288086522
3288094658
3293437628
3293667756
2208690753
603888925
3120672883
2448168660
2260160568
2205558505
2792621387
3052616336
2295017098
1264311894
3292464679
306010742
483695616
708148109
235541568
3294196149
2959368102
3289646659
2226589870
3289619425
3287734140
3291682392
2983943894
455277746
315656852
197271949
770354522
2963557203
302841368
2893313335
1176721729
863184956
3291012884
2759446372
3003885407
3357173385
2210531185
524796803
3052950849
3273284467
3135349666
430331363
1469941135
2361194822
1465659008
191244464
1392758252
3120895510
730227332
3385142428
2956935408
290601332
2543727344
3360632674
2690573130
1323354307
3307311406
258292835
293648545
3378277481
1229535476
2201530652
366836580
519980954
2363314822
3388903125
3389463574
3257065110
527315986
317559328
3284477630
2367414799
533487714
3191082072
446015839
3263981888
2455756137
3386369627
1631456652
542355063
118655637
2483430116
512222301
986810448
3288035760
1608419276
2289634800
379299616
3287098848
308475392
2957735406
3137957190
3284711203
3286789686
3063242717
1861408092
1920642720
2594218688
3371329433
3385967758
1871996802
3286570501
3295785335
3030523437
1387565982
98036571
3265705658
438668235
2845705185
2264880135
3284151775
554522007
328697261
3368001543
882270414
3384765994
2222168557
275286534
317680431
3384531597
556312149
3285202063
312750617
516890199
136251520
317791587
3240472938
806760794
3379614531
2805721839
2728584968
2960422822
330581272
2511296704
3281249581
3281689801
123156944
2275197979
1237857092
1147156182
3100188668
1234352389
1358332736
615278453
2925354929
1595281658
726389065
636293386
863888526
2596867405
460949196
109454566
356844856
318464243
3282690991
1713453146
2579108260
710485580
404288363
599640456
124117245
3139353649
562589414
991900536
3104175633
2735071723
3235967610
21600530
3376895315
2919965121
294161571
3365341090
2889469553
52282056
3379207209
1899311467
2741805744
921833389
3378955354
3302509205
2745429053
3294020243
3281102646
3315802589
2541868585
3178177380
3020503592
989310140
3351713501
2426446728
3374448953
3304691674
2769247498
3304749976
3212720931
3304707443
3304764856
499810043
3374452930
3373071700
341953976
3370247446
1273040623
604142194
481926866
618794984
271140852
16557087
3274969758
867103903
3365277051
3259221150
2872933780
3369357520
3346860149
2639115243
3245286886
3040186189
2390898791
1639934851
587857962
23230387
3090042378
2184688297
2809707573
398110792
805415539
2229171253
2800109645
3111958479
2696074820
1332470240
2573614181
2865846131
2964564641
955860518
3237527718
3253316730
2900603443
2869586771
3091317802
1317179707
2477593091
3355667213
2925331931
942157974
838763586
2571571489
580301570
2663621657
2202403658
738430766
2523476921
3010060624
1265403523
626848384
265017370
2173876098
579364102
68634888
2815366916
1096674012
612045713
489170234
634042422
2197226024
1077652686
3054517059
2668897271
833398464
1166531342
37409817
377413048
3128078389
3014684283
608045276
162536706
597650422
3324919197
51694255
2172668512
1861266668
2459321084
629471033
2914967370
1943587327
1139575968
2866265925
206829467
1324912860
2536919976
2941324872
2149050264
47313387
2437321980
3099229047
3004171450
3271166796
2207332289
3364730662
1169004432
1677750060
3270175274
2726443364
1642751634
1452869508
3234209702
3249708158
2385996307
239003433
2291441371
3269796373
1567577348
717270362
95397330
3272016277
3270112273
2416104419
3364823170
3364277297
1654212379
1621060333
123933841
2467951033
2957946816
2303973489
546958689
236091121
607905564
3271060075
3270683216
3308712425
223267743
2738443524
86154573
2516408534
447405756
2340932574
114372158
51235057
520788221
3259458062
499031843
3168138517
2246375548
2847916607
2539709830
585713267
558153953
274294177
349915260
69953316
452677690
3267596042
2703394857
2229239126
854302584
2567655384
1543434630
2454508777
3261846361
3223615304
1112890368
1670411750
716758236
3229800386
3339903515
1081324430
1126724520
28765616
631107610
440839566
2904613579
1686952561
3174288141
3147954377
3253265235
3269583103
578849272
3363033455
3353037514
911500898
2240765884
2452690114
1959403964
3073724706
3270266028
1411492171
3215541837
1291993914
3362262418
1543159843
3131462925
3361483617
500947860
835293048
2172501841
2553606900
3263275948
1066662098
3344648459
766366286
989022318
1951894622
2997389785
864915528
2780217777
3357575595
3359116577
3222266234
2415892228
1392638556
2299582090
3353219716
3358024516
2266842865
2608420277
251265436
610278385
3044369865
2761847679
1000062840
460258427
3266296730
549365231
989832008
1607352278
1187313751
472227986
3260089368
2788078443
2369462708
594964231
1935404059
3257062112
3313234397
2613624704
3248835812
2757382334
3304538145
242020298
3135362033
1046575230
709225397
161848643
2594517852
2737909136
2545531755
2532510211
1286281182
3266969256
1616409890
2922105264
819706028
3178164337
618191489
2931614208
2871085389
913109790
3115633290
616398164
257985262
2211092837
3353617690
2763989717
2671902164
2192810155
2728784058
3017695461
1942210032
284140106
3250673534
3251521525
3250739096
3250768897
3250758889
3352302285
3250686614
1259228017
200469585
2609786406
1141792320
3305343742
3355012137
2765795828
2878171142
2571119424
425882409
3291487666
3353557643
120560248
335043806
3350047246
702523455
2407393470
1739115852
1699158888
3262779272
3354103864
309322008
2222143643
414905095
2624289557
533030997
2547972351
2415962072
3147286721
3352861563
2960176761
3291533789
3044523159
821258430
540629020
3021722583
426117542
425116010
1061289451
545872292
2401468849
2654841902
805482714
3243522336
3026231831
1216251109
628596431
1615183830
2549540840
2532757446
2180414904
950684839
1412446454
486199314
3035620661
2896513611
2887356416
334722122
1912495573
2153549297
55517080
150533904
44204135
1024968102
3351892138
2327931590
457819530
3349857875
3332098636
383336381
3130312306
1314967524
2941586958
2848836777
797825881
3131823042
2896743313
1198522242
2582978039
2341686462
3244920279
2458697589
3235756773
2605234670
235613720
345283148
1705261722
2982694721
3343667475
2751699555
3353205358
3023850711
753927728
2590776588
3342591725
590388813
2205131152
521189353
2424767344
3260548326
2994512881
3351681845
1431383095
144878996
2280638866
3152637291
731255581
2873802628
972318469
2477386650
838686656
108183000
381339650
114958137
1486654801
3325990966
3352485663
3340339431
1611839516
2828739786
3249275917
708883268
2830886756
1375507088
3262407960
3249854731
2471616785
116521468
2613554616
2822805557
2295033372
50105916
3253092877
565847086
1433407657
858471662
3187033828
3352131466
3352065514
3347480176
1382837280
2442858172
2865071056
562266134
2310100842
2458815061
356264723
3192187757
3100266157
3189310111
3239507835
973526972
3143811519
2383883077
3178584761
3158383962
3166887688
3122972328
2759839918
2830978043
2632435708
3078777310
383468784
2918521575
1499186868
