3105717250
762518132472680449
704617375988113408
732855511205347328
764312703875842053
761752854080000000
217503637
860813840
486107491
752304312932569088
3103323406
337153134
736231928
3315463112
144578931
1718000594
3956843413
419853699
946417548
737644317326577665
539319170
563108976
284628632
746008255567015936
756275639141924864
72494167
759781823484272641
761770572862853120
758070020794646528
3483208407
2897203005
747889018415816705
935453274
746216527637078016
47434357
3657654916
793494066
708032625093513217
248760067
45318784
2940601313
60572791
3744558747
2892261292
540405511
1677569143
4314315266
740790910104023040
531659172
4629127277
87084547
759106397233479680
759059094669971456
754084600859602944
2382078990
3031998642
746097353954856961
3095492187
753008885208748032
4659654224
2730953595
743903246322896900
758886047702888450
289221495
124949619
740534191079731200
713116055774691328
2893480965
743526866473066496
705467048306933760
901498626
757980213384994816
194242416
3084993203
3302895932
119137286
753098853725958145
763687467257991169
759707481605939204
747901601411665924
3022158560
713349508134936576
723473426053255169
1625788044
3054968918
762800566623961089
53266194
222974563
747214722840301570
14144881
755715541730463744
55028345
97670814
76927341
37891106
325244346
3427962981
736333002368782336
2437546478
4158855862
3879937276
708529134629212161
744537539512459265
28611453
723458294375931904
1642055916
711014758535790593
710547816180027396
263735678
746383620575637504
779110850
4869956757
3270270474
369714096
707231479047315456
3017946433
3036032200
223446353
4091497221
2491456200
732079855731277824
754582996162752512
14829708
2852467711
36534669
753097530104242176
745640050243829760
35111170
789793705
577850869
749619886939340800
4649484752
784528489
701715937024729088
728832206513180673
719713842381520896
742195625177927680
4927002058
761433170864541696
17455148
42751027
719762113208709121
1669675350
719427001719894016
743653698086146049
760977375748317184
756499026241949696
1978774579
757299102845509632
735871456328986624
460037495
747359464508919809
163118377
755462302124564480
742211301984731136
754710733548552192
759928934762938368
759831203855814656
3160755637
2266526263
1918183831
759043674701344769
727416818046894080
754815593157652481
755581994998923264
703782030870495232
714477340525506560
398454264
758496858536751105
751606664030134273
742886582751891456
60388698
55935057
756945394978787328
926973728
2884173593
4285628056
1414546375
722915786969329665
718855997914279937
709586186654912512
628809100
756951295903330304
2153362176
756842111446708225
750857122968109056
756197491184431104
730485682959843328
482219605
417234839
748650003028013057
756160771818520577
755995625712263168
755919010370293760
27534951
715580608748077057
1580847607
383822625
750973475154780160
35965818
22993942
222873860
733733716963545088
47326355
1090375002
19359721
750698854002126849
39869195
158900690
2966696277
2820105569
753440913574158336
319385430
2616547518
751642659433820160
4332784889
250271700
751424512990781441
751295169270386692
570777702
278409971
169277700
3317485880
715743138527064065
731750697302032385
2779417804
171799531
629552947
2367279846
741906832520708096
735165447788724225
30091976
750134495022546944
503923187
747488048980594688
211280553
725755206978383873
3958226056
702689641934131201
275701123
697046702683983872
437722695
719278469536985088
253915778
16937082
3023136785
4835999877
2780342967
144656735
70667264
3334188461
710461491934306305
725348521436655616
742863278053851140
748884139730927620
3227687229
746877222317764608
746124679547486208
4210073992
1959127699
1720816128
708071590768947200
327601938
1048699122
3234318278
738246388564283393
746645828295528448
4922183532
547969112
809743100
747500010405670912
17502081
701900840680816640
716717019530272769
3013853792
2886867369
713348120776687617
2358490921
788366719
3337231198
736666871609626625
715836617571835904
746349284203855872
3172925846
745972832765644800
715884357928488960
742000780572401665
734054113944739840
806237622
616388629
253978925
2880983548
4847995936
739848694292324352
2411913648
4877850855
2748845459
3306514502
69215257
703144422628655105
4126921437
742624879166427136
723168833662406656
227711302
391626213
32186001
4136439261
3256705517
3123320985
3273047593
741418709374271488
71035217
731096299068657664
2919091106
4407209537
733849319447502850
4283417893
738968096895963137
1555236642
733062992930217984
726798707597910016
715889207273766912
713462145376133120
1158747547
739722101750304768
711295890930073600
738506634981474304
633150966
737842532332244993
3400737969
3260503620
4794729268
33758109
736058157986807808
709751409198174212
2435497194
716844660119965696
732726507676672000
712419397596528642
19531988
737754029703499776
2920141108
2354878701
1665665456
718600146619990017
725456949555412996
734755116780249089
720123383460007936
718616464576684032
2615187132
3147565345
1571038094
3268217642
726407981953327104
2887193468
736048364115001344
1669318776
39292151
1555778486
4416436278
734692983518334976
2826216461
848788526
4550221582
3131586555
3047153930
726942460987875328
2918656216
726834650929348608
3072536310
729019882688393217
404932389
70156186
125256134
2598927609
718620656691187712
574137436
187918066
51548400
3296617831
700696775380889600
273225539
4118080273
123242996
1614932108
730471367741743104
733406254362550272
732569361995685888
731518801502720001
3307512417
336288580
732273412496867328
2514020497
37972904
866826296
2872381109
3300232807
1431910202
2430950268
2172271177
561654065
3033934673
73774016
730065392811544577
305082200
2975648234
65368061
729826574372081664
564752645
1702452068
725634537464553472
4925875802
2675687528
723213919485972481
4703618204
4903788429
708999538254729216
727573977003110400
3226384157
727264070894673920
4417764312
726238340635193345
3145205746
1211253499
2510342521
733696898
721729851120431110
587502324
116017253
4137675083
720591865851035650
4924977653
201869364
3063802258
706304058886324224
2522585809
99843177
4627890312
1413132380
471777660
705050951019798529
146666161
485409283
721996071979892736
719529509809229824
1135285999
1245397291
4578930138
1580291360
701192323837857796
2337885853
712271494722682881
1130327107
3474565399
3237743039
4706405647
3002457954
4858137039
3375929547
4774511955
704158932214943744
712820240644751360
717131688178884608
89343637
2351198118
266020338
1459386836
4596028158
4561156337
4101004822
18602626
2411665758
2940100984
3284534083
4256279793
216950387
2469775516
3135065711
2449942373
2358645936
703892524340015104
2256641866
716686568501616640
359563023
710512749416214528
1656966026
588753363
2521105277
513452562
2766158832
715657952535977984
2260849986
3743411477
4331762123
4758130491
562299101
982718179
4876166393
3292869325
4596353294
705557162265845760
191317681
632923601
78968880
4702418372
2766928304
709812298769174529
3261776403
712774202156257285
2945773214
2669507574
711500859767705600
2746285385
714689452954796033
1606288843
3357488308
4889979291
2449859379
4773773055
711175460030382080
223765747
1658792318
3656176295
2206987957
712936444600291328
30500021
704400401467052032
4184221160
32337880
712334829388484608
715301649615458304
4884501977
23459209
20692085
4871481645
93201495
224220364
3102537224
714968903105941504
228189745
4822109465
4836571841
1643209884
317423663
4213747911
713637512921554944
369068555
2892221973
711693429441486848
22564891
2958830564
4815264615
521910492
2728286031
2449002349
708387319301214209
712158376034226176
109004242
4928266461
1681745988
701055766623625217
623198116
2978688283
3128278644
2868532581
620339539
235088427
1395734834
24756264
882993138
1410228625
4366554915
3310040952
4378980741
3680101999
709099196649963521
705893674710863872
709134059931361281
2189972713
711283008347574272
38012607
518298806
22964326
555062289
1207624764
55819647
3057616522
4889784711
21940632
4011535085
14317456
3314529347
3190219151
4069691631
4736558777
4188671596
291773555
63231294
72042051
59143690
341725004
48926143
122148395
4389015273
4073722333
244161660
2705642732
710572282738044928
710443012552155140
541310961
708855143681228800
4645026297
49151218
708684228163141632
867820231
710335878153908224
3381983668
1636662355
2301700234
3294773915
24309304
860277746
1575147104
4443671969
709942594894057472
1229345779
3395067682
88074260
858979844
363266582
4689545857
183114110
2587836241
700730652539297792
709074949470707712
4821135339
2829125831
365139005
4261750157
116769370
3082933433
247547642
705947916255408128
708664676935208960
157146568
706112293227069440
705065228028026880
337398685
2147962319
1017570618
3297257181
14101483
627820732
65260474
4862076872
4120090888
4801780829
885794670
158629627
707571501407543296
4625661201
4446175103
4808066595
701651067512160256
707772797972582404
525716208
413312369
4879676949
2800275421
2891390194
43149311
4098065602
179180471
3742798042
147992023
700817522270994432
705611643141492741
2176343901
1835368356
184355284
838075375
3399409810
889407565
3082043421
2753286467
2375923195
2705251192
65664359
4489110492
3290899444
47080672
701308688242331649
2290924114
4011871818
3011073837
3900914919
4148671785
166426753
473279639
2856146074
2984322113
4185270693
3874834654
3951625456
96469356
260369607
2555731585
702831927330521088
4180943613
354452135
703582670102650881
701791937372823553
703024836
3560087589
4830186180
705636641847676928
3294519901
2203611777
247364674
540423792
4899141679
2375735130
705485357018533889
2967289828
414826904
4330569813
2720592872
614410031
4543871893
3349752379
2970227164
3320521858
200665442
704185460202061824
4834672889
1093352520
3101574493
3091382410
45597703
65533589
705079517165912064
172852209
3802903576
704519691075608576
1563795618
805504698
13270702
111278246
150685462
367323969
2905343127
701836302
3652226183
702412030905556992
1455214891
1418979942
3407235682
4268248888
450838191
3303763184
1292121510
2846634309
3103625553
703159269210746880
702871465826377729
4846510094
3400608411
3552477976
4561679341
4904940826
3223499449
2314793880
214851569
2814371731
4591209678
2314750706
702218307366039552
701985977108078592
701246091614887936
2937532453
3374253063
188974544
2209980606
4796018405
3240454815
139136693
24465244
478004224
3074477858
4833664363
347978889
4306422737
3314692303
314117156
3610048096
4659986007
109189000
701087178328158208
3235222537
4052958852
4818093989
4051105637
568088930
3387215283
484866278
2790023837
700437732854595584
4885903727
4314761841
4847579988
2727324019
4363198276
3246983483
567924419
698281146749091844
600799020
699013989800370176
4763857343
2855034976
471146664
3009871927
1066367468
3172329278
3687632843
4863577977
2465084779
2941477977
3557212097
3395721712
28833149
474489927
4840430390
343579122
289423264
4795838269
66566778
143483210
2477311418
3040069319
1167684505
4064615811
1245951042
2344304872
3312766812
2368624716
3184646298
4528865189
1206849326
587902366
110380708
429978726
272118514
4494252856
340030306
2167798236
991330362
4198769722
107848498
3008436547
3126566184
817142299
3261425015
2563061141
3413010460
333567724
2154028783
2382593766
4414699213
867793866
367860799
4127356047
343011592
4784497399
3410583327
3581658501
3035638353
1069140295
30632983
1227326366
4483850112
2598392163
3345318053
317567434
377878096
2809256199
118557033
3369466971
4865101314
1578095880
232057968
531776421
2969885901
4484046372
4093619717
3295845674
1966597219
2910159382
27015647
264200228
230435960
367098500
46113908
1127998578
4871152575
4252024517
4386976042
55418201
3311913927
4205389155
2513127154
280732354
4005006215
4222611364
4268916380
4631480603
765199782
616025738
2886894341
131139720
2344876197
4863600245
2917054520
2565259660
4460684428
457452557
3176775109
4825809384
1154209735
3055659682
2573824759
2415404833
3833675892
2890037282
333985381
329954688
261053799
986014044
4040347175
3822031216
4633946538
83382182
145886542
2894497713
1422974342
2848273882
1696919138
306732664
3017952618
2502606786
4737470177
4808866167
3382758393
1439208277
1219430186
2882999109
3879233537
3468503423
2778828874
3622904116
2968781331
4794839706
3312078446
582140844
4832583171
4737836123
3016015905
4553693603
312061446
3401150531
3123915637
412096966
2228659594
3161147966
2784561011
3367893792
3305787366
309193109
161809644
35518332
4710881363
3490618996
3345649940
3321884364
3298815114
1949318263
226370770
4158949822
3365672114
2767630711
3305627143
22040193
4162703777
4234622654
3818291482
4598307626
506542325
96267014
3881979081
3013647033
4788607035
205317939
3437759416
253112666
2224705434
32702805
2889712563
3064067811
1223529266
3288310379
1730461166
1132497079
19684844
4724743057
4747670008
197922702
4741275012
2507264242
4731736157
4768389514
4210994913
3414015641
2889609851
4748634083
4700274957
4654720576
1553444053
2472938898
3064389063
19331152
3260189928
65106504
2319124477
1675128804
3439536453
848397296
3462708383
3874676487
2915894673
1032432954
4122226696
214253743
3302153561
3333356885
2975257231
770296796
3883382892
405338473
4425516615
706934749
2945954062
112262509
3033161343
4650654680
95053385
35785565
4589719937
4008498389
348400598
3100539210
2804447746
1552235011
294650379
3248214446
4145963115
4557533566
315398067
4552715117
17702252
4444914373
4391852302
4207865598
2803790312
4271659535
477165356
125975139
25836040
306611671
3718430115
3203979482
3958178062
3266602596
124919479
2972875817
4158894651
139202037
4439793077
4033326610
1217528712
3882073709
3257366406
568884504
3546846615
469799575
4539679819
2392520408
163495385
225633973
2829466229
4218560560
360321873
2355447596
466169255
4574784192
3975956538
2168797226
312566202
3267413204
3189217587
4550647832
2946285191
2470437846
724706594
3775566377
2152065493
2855861355
424412749
2318349060
93464766
119199702
3402670271
183523146
1938150769
2864812909
3477876735
4389417381
2854152665
1206526830
2966103184
4462922061
21799129
251566080
609374869
3648514610
3391803135
3418851852
523085134
2784106621
1695072062
455996058
3307281892
4346228961
498117494
2302305006
2220365625
2785292333
1387708069
3750265342
315858212
1106307541
754704091
436828680
4213344172
3562854075
3214770661
3108387410
315669483
37146068
3239597961
2905432009
1257600356
2830326970
73288583
4090243125
1335264054
4173495477
326689586
4182701204
4025335004
3391539717
3394671405
4480921633
545603578
3845874567
2338499696
2182036287
416729595
559645321
2961260697
4283132548
2982353668
1228645458
1661600198
825941641
3349299893
2198185243
4368086055
3348080302
16672802
4174527256
441330704
2312494016
2857757108
58663868
4365317354
405170497
383906888
132389735
3089815810
3173651177
4332027142
3937833028
1855155312
4230787578
4046629847
3662881817
95575706
57892088
3098734556
57564623
3745926253
1707607224
4201269555
937339807
93096478
3220318152
185790555
199770246
3340187968
2290779984
3432424996
3506943077
3404163633
2248166209
1009176138
3957056895
551133300
137380559
4009374442
72949590
2407986138
3389961419
4303942637
3145730118
3883987944
64494206
2281135927
4295086636
2937635744
2335033318
908546028
2201544496
4075563916
572629231
4240896707
4236158474
3663579675
1333110660
307217611
3266856037
1368328147
4099238597
4357969580
2719026047
1904913144
1910976283
4241629933
2953422203
3291772795
2259595860
2893152765
2789629292
891032970
3904959972
4347841093
4266839067
3963955452
1317477648
4054001536
3040737729
2155220057
3495057261
1416232082
2194723164
3272228888
2948721975
2571872893
260526683
21892403
2257182427
2951248157
308405974
2253052367
3179698566
4293898518
3130964507
26156246
1710869538
3588630916
3087553618
73648561
22733268
69005267
3739775000
4056799154
2999643543
3461578812
108065324
1385644158
342206150
2612623171
2944360687
444511554
310953974
1484951214
4148979988
3468240374
3467199685
133285642
4229362640
4163022496
1580664960
2915952233
844802575
2300573127
75864150
21387734
2656977731
4068063254
873187082
3358025795
3225905795
3534965296
4046848545
3381621586
3395888806
3191320373
2191867849
4216289299
3035839818
135284140
2326739075
4203985547
553802943
2379003705
3316665702
3486976402
3583344317
142043767
3021516128
4027220187
2288211211
562739106
29915595
1833789710
3853644033
67812258
4191520149
4010226440
4073155150
1522666135
3947126175
2405537916
3247580662
4174342450
1351330615
3825884535
3387841660
4001760737
2853741102
1582273218
4120586069
436963076
3964746981
3195774341
3052144801
3383703603
4065570080
3138898644
2310928508
1713095077
2709386286
2988388635
3566632276
19546681
2311128258
2395821553
1363431912
3159291266
3836209692
2865603940
3509259854
3128276925
3148931612
20942550
3367386797
3304835283
1588962332
291909591
3316268159
3388404765
3348460882
2427037662
1014432451
3177987901
3116214838
478051521
1110577860
2934096295
589194482
3178049755
2273453585
3040575152
1474002025
18823611
2253372247
969456510
2341399530
3107831433
2645335052
3091892309
2379961994
3099195322
3097554842
2267844307
890619511
3089155533
1624975531
1964071002
538530414
1408226412
2827278610
2964061673
3005520778
2501670764
2736297330
1137468103
2731684682
1953425388
2875966938
2252906316
2389094004
2927951094
2926093282
751513441
1456212816
2890935537
888171721
1546151904
2534342832
109882639
102837987
2290175743
95943762
558966831
2787250985
2721360805
16248319
607937366
2855128933
18912044
2816100642
2826495412
873221929
2457789487
2809254483
1308815468
2803175925
860542220
838816748
2555818135
1856439812
1686416857
2647585382
1242331399
262208063
2766809530
2786231786
2167525794
513223372
2752788634
371760024
124829064
15210060
28484970
15628274
2446824792
573854819
1575135691
310339240
147479994
2654555875
438132665
190589983
2489677652
1968943514
11673662
2789532782
75029535
2773188200
2772247496
629482056
2800696176
2528225546
163944581
523548693
304811867
142846660
18623957
2157625378
23678096
26563525
934341318
624443062
1465954957
720805808
186211233
2777598176
325860286
217158737
366812553
386206041
53434947
2227861752
282271953
100125756
56470763
880761068
875135869
560294760
483771071
222299436
1244645004
2497722217
1445581466
590585352
634141770
293338829
554508569
2777426659
455677699
150546196
1656690139
745675892
994293373
614903736
2167840812
28852919
64828599
2550817063
1956624822
216329795
591200125
763929312
14124688
2395268660
162611402
2484594583
604569932
28959960
1120342686
2696016510
2185960706
2781115008
20515090
259347326
105669501
264941610
18185124
2431583503
2582736318
1952076517
172846897
1425120278
24436600
2173016900
1647647336
2744836500
57497901
188013000
17393362
1618641848
599349336
312552086
17486092
885717746
39651447
1410746617
1489923278
445360132
1128018452
180039330
116909103
2735417209
518399661
1125937411
483980540
493609953
14505871
2678556204
2752838300
2696887802
814766444
23008116
48771393
69681766
578321883
156214500
18906599
2180934732
985186471
2361413834
256628776
378821768
159389938
1305807127
456702712
2211328680
57440214
2464039092
2686507783
25580745
164656105
2755342304
92628011
373398832
400962072
15377115
323918881
12601142
2732672766
263479742
2700847994
2605633406
35120520
33495086
280826651
19053307
14448173
1086232159
35767916
37391190
18936284
1870134523
37877645
25253084
1870181858
421610271
2607633722
324342636
17877864
387181116
30357579
2209606452
2746745638
951972434
19478383
842217397
118095932
1663314332
68596524
235775546
15610459
1610712337
2722658104
885733974
27329169
2682013394
2691186956
2397132581
127433163
50094643
2214775429
568568539
904780472
1258161890
133487623
17240235
195097945
2751653794
238544319
20259449
2778364615
25357173
263358545
2638133233
1702659487
2357484469
2335549002
1899786938
2723134469
1554095036
154141023
1139993394
1890976934
920120467
519407518
761175936
1694643314
476739644
2481601577
490686776
933693476
174861858
263285930
486902248
66951419
2740108585
19235719
21343653
118953812
2761711891
2693369953
1425650394
462934944
1548118290
829511071
2256850213
2696493165
595753830
2561092394
1322016853
474886791
548646200
493023209
20501583
2208798888
1444276819
142132410
374331041
1488993624
1188276043
2209692512
2322778608
444940567
24333544
2429876353
331825712
2210997956
305277457
2236427994
418103027
224672666
222157352
44171091
225517782
2599773326
974964422
109883502
1082790528
2265345620
819668389
337197566
279709695
381101243
1427364492
478659921
1925501515
1850025186
383875959
1869032966
553804714
341730948
2712101100
2764575271
89496720
1265679950
2745806196
851316548
1695513164
1690525178
143482149
29000063
479562736
220796564
87640290
38804737
492833134
2699597605
2734367325
1597174627
25608298
2598595441
233667091
56456194
36418115
2740253539
178655399
46955805
53544165
38485326
940612220
1892311172
1671748231
2753841643
16274410
2564039285
1305324672
533670216
2749307167
1870183351
2261405917
87710468
2740263498
28918971
1142814942
162919754
264268489
54769979
15089959
1484256702
829446506
2560415816
2375459676
339202738
1379288282
2401889084
111225697
282385285
277125802
2732429825
153266090
301172278
109441206
309535454
97963881
182265955
121656624
2595161094
41400882
823112684
278888992
1723975878
2591667116
235662557
566273326
248348279
2558068521
1684153394
111081551
35150914
20684964
2194441140
457712573
338655059
1702689662
940368062
316712331
1238238938
300112511
2174030340
732980827
46923727
28461667
1688814204
467723007
600581009
1870115797
17798031
1870184845
915192618
2224593648
175439376
254732884
2360346678
2396823222
1072386960
2312501143
2352554992
833963088
347627434
893700626
2649303001
885794358
574630639
200583835
1870253432
