786837166068342784
376449279
749077473585881089
749079017412702208
721774701287092224
721776311128035328
721775660268584960
3178963352
4771937178
4771985712
4771961412
4772033546
4773116923
3131124461
2930792892
739484093818212352
782603231838908418
782580702759886849
2174520427
260425549
4748260033
373277685
779660708111790080
780413108808404993
2881109805
779457681782403072
2349075576
38232966
239067572
4842551403
2371555653
755593804627849216
2975387264
776177035517562880
4892257983
3226055081
722898153251479552
771634370281037824
720138452574965760
1607877186
3191409904
762302605460549632
766818493136154626
766811677408972800
766810253241430018
762301070655705088
766893757249617921
766817167396315136
766897684682637312
762301866231279617
724513271202480131
751682073853763584
755670427557429248
755399653579894784
744834151400955905
751225976843956224
774097181917655040
774092547803058176
773812102050045952
774106757371080705
773816493523996672
774855529373900800
2753294675
2909458277
709030478284787712
2460391213
710271898177777664
769036312410202112
769038897523335168
3363159826
2298217742
769053017404497920
769042487516291072
2170382407
2298239611
2298176071
2460372895
710214746310516736
769048715659186176
766504458440339456
710208505723154436
701893179298021376
2909449707
2909500210
766881433797341185
766884681300062209
766756053665087488
767191182741016576
712387848507252736
2460352783
710204695952953345
2909518924
2298189169
766843319515095040
709036661645189120
703328704089313281
709032517169487872
709039385732366336
478936040
1876701542
769331995180695552
2911693367
719176884097982466
3145875255
419864542
743461903528304640
3367764652
2895359627
2614808795
766864776467099648
769103454597971968
766595164718628864
769165594721595392
769159537072873473
769160830671663104
769167037293662208
769161782036303874
4634348487
4635972681
4635671117
4634504248
4701874140
4635335247
4635953740
4634678435
4701891444
4636353197
4635290355
4634544316
4636417115
4634708843
4634369175
4634641515
4636073128
4635816561
4634691994
713650632712802304
4737809653
4598987857
4635786749
4635818260
4737668334
4598963774
4636546733
4599029773
4634611649
4636361842
4634597501
4636310375
4598938369
4634799028
4701646284
4635836956
4598949572
4737800413
713651134494212096
4701732428
4634596875
4635719783
4636178356
4636145013
4665376436
4636120163
4664986754
4670844732
4664972629
4628473816
4487064912
4487050878
4664966654
4415619083
4636296862
4487178619
4446667371
4664952492
4446815656
4670920694
4664938812
4487032578
4670849808
4670845602
4670837052
4670982739
4670934182
4670966293
4670830812
4670828358
4665044954
4446804442
4664976612
4665115796
4665089713
4635527477
4665041652
4664944230
4665029114
4664958144
4665106094
4415583981
4665108926
4636208909
4634724982
4665018560
4634315037
4664999670
4665063392
4635550095
4634697333
4415548821
4635347788
4635412643
4634644282
4634409508
4635324383
4635294617
4635976528
4634517556
4634406819
4635297754
4634379322
4487039232
4634398222
769112751947952128
736591537006510082
742506643859116032
2963463253
4633494861
2868763721
3168275149
2910800130
4777158266
765715713919164417
758422991722127365
765538830963343361
1336666920
3397514967
2999830649
3155364160
2793634636
764622373412798464
3352355266
761383501010612224
760426012437917696
758171912833040388
765100997463027713
765070550788026368
764934657544552448
764934026213797890
746944566125727746
764878493578436608
758172858484924416
764541403246370816
764930371368562689
764877557908905986
764877007779876865
764540132506558464
4853030216
4852929012
757867003340136449
746945496703328256
746943412620824576
746940395297202177
760425447515566080
757866799979384832
757866349406228481
758172474987216898
761382810632413184
750591137275080704
2951442813
752148608858746882
752148141714006016
752146570888421376
751187631019466752
752147079552602112
752134852019834880
709429585402863618
759662893335916544
2448384577
763458343331520512
726055054147383300
725710722534019073
725354160191758337
725353598930948097
725352469316820993
764378143134220288
764377020650381312
764376124809969665
757567755755331584
757567237377126400
757566677022367747
757565697388085249
756740390074605568
725351988007854080
756739614719741952
756738651413966851
756737821134782464
747071063700316160
747068765385293824
747009520950358016
737665232969965570
737664570316066816
725351503016415234
737663846622466048
737663129513955328
737661923332755457
736965290345435136
736964734197456896
736963975741464576
736963304124358656
736962612886261762
736961597495595008
731412587787640833
725339923180462080
731136272530464768
731135574392721408
731134231884136452
731133601903841282
726062924268072962
725607243123552256
725355950568144896
726062063487848449
726060956141293568
732939669483192322
736656033112678401
732593581240778753
2978487099
729701176355258372
3292216284
3292376388
2708085997
3030914171
708359259231277057
4681491919
737572548783669248
735112664440053760
3292307928
3971901802
3490364421
2778468283
735126519270477824
195443509
114110412
4583458401
3391819198
754741985290911744
2628008645
2628011333
2628012839
2628018328
759031536910004224
3394319482
2938289027
724724022857084929
2778244322
3395386774
4599687515
2301729106
3292288010
725055475889389573
3292269854
4710634167
3310300032
3310303285
4710128777
3424258769
3413634285
3413626359
3311776206
3310401655
3310401559
3309923844
3309978308
3310016281
3294482208
3294533432
3294457890
3294456078
3293264324
3293300845
3376331667
725410439790747648
728650225712254976
4583449593
734661880682270720
2976869669
4583588494
4873739429
2193928849
4876000987
3292262528
732962279109582848
717715768184610820
731433804783603712
3292354776
4883599719
3429933849
4757241496
735115504419999744
2193898027
3940192365
3292350384
3292355112
3292275146
3392510595
3292373785
3391932017
3292378170
3292298305
3392001940
3292456933
3292370288
3292372460
3292304869
3292373869
3292337324
3292458200
3391703955
3391821352
3170717939
3170715155
3170735554
3170684225
3065631040
3303652660
3303598085
3303597659
3222278969
3222276719
3222232689
3222231681
3222269861
3292392690
3292211520
3292469965
3292359758
3292289006
3292447351
3292435664
3292392930
3391892709
755125523475533824
764124366313488385
2990022260
142101615
702137640875745280
2314076370
754596395609239552
754595578202300416
754594842852798464
754595990045282305
754592534874038272
754594359245320192
730423750680682496
754588534992887810
726623071876972544
754597171790434304
754596730016964608
726263842532007936
726620199265275904
728843661467738112
726622460355825664
751244141728718849
744004051960889344
751251147332067330
743776138921541634
751234135633432577
764286760712941568
764284862945644545
764282923419783168
764280636446117888
763221332020441090
763217910668025856
763219466981249025
763215487161425920
764291119215554560
763211104629592065
746738080988729344
763678071282991104
77679651
759361325470474240
763290700397936641
749543582462160896
3273697022
763292083922673664
3391204389
762963952431042560
754554852844326916
754554115032657920
754553513611452416
754552314753458176
754551744655265793
754551183532888065
754550620216893440
754550031751925762
2766698123
3317314489
1389284340
2582978039
743588833770487808
1656252547
760880313677602816
760879163272290304
760877307615703043
760876212185169924
760812416225644544
760800852126957568
760798761174130688
760795128059551744
760793332431855616
760789325118308352
749326961470803968
760580937004572676
740861829975400449
748238240558153728
4910323354
352371979
192339221
758915037712965632
757831512326676480
756455896650227717
317260686
723030920609992704
747963020643569664
756110626422976512
755937648519352321
711206912155631616
2259697927
2876368009
2915373465
4773375972
4786405848
204682563
1561897638
1584956677
754782756320776192
3128018975
3005711406
753699392356511745
752000609700630530
728110008450195457
739304048931700736
728831270566830080
728830557891629056
752002925275164672
728108873970647040
732896802781822977
751999871272431616
752003303869861890
727860049830248448
736841447538724864
738266001578459136
751997422792876033
752000231286272000
739308149929185280
739307454534537220
739306248894447616
739305156060160000
740366849032880128
734963745093353474
751996927672094720
752035314621816834
752035732982640640
752034905408757760
752034484954869760
735425824904511489
752002466334420994
738264445105770496
752001935507484676
734965064352993280
732898892690292737
740367557358583808
733237880181510144
1118552359
4636397474
3178365064
4915745397
2838678645
428606011
705736678779047936
3304714210
736925112444846080
2590665374
4882800934
731428842888265728
731418394168168448
731421110571425792
731434710702784512
731436314306863104
2894433296
3191785220
3191728380
3221131202
731419718330900481
753159905075302400
2765915203
737652333153275906
709117047112933377
728553999989932032
728552442867109890
728553384219947009
728554928688517121
727476004491550721
727475509320384512
727476412941217793
727477284345643008
726367621403316224
726365834919202816
726366852084019200
736908540623912960
736909672792371200
736254718817800192
736907031022579712
736249655961485312
737987412035522560
752801110788743168
752799971129208833
752798218732204033
752796818744881152
752793258552496132
4789191207
752011575670677506
2446590504
3999672853
735060488493506561
751332105225793536
751335101733019649
751342543644659712
751328965621493761
751337874721615872
3619923914
2762253256
716764982789144576
736062025999126529
2306767435
719837742411182081
746870621489881089
706245863232958465
2554740110
717256066501726211
743805347035418624
717256710365122560
743807391997693953
3345476772
743808991394832384
716972566141734916
743809850757382144
717252962632933376
743799923179589633
717248032480186368
2511940004
545907178
739007174400053251
702109744329334784
3181156938
751539616398925824
732903697701736448
732900058606133248
732902834836930561
733619939752349696
3135630644
3135285920
3134884824
3988097838
713012461318737920
3988279273
3988197194
713291560239009793
3272663540
2850412197
734962602384707584
4771451174
742357257690578944
742376154732978176
742366579388649475
2395647813
535685075
749990108623835136
750608980372705280
750608021747707904
750606302888333313
750252909636382720
750252169283006464
732772836473901057
732772478989131777
732772129452654593
736788538415452164
736448154338353153
740049321425408000
740059886298374145
732751420978405380
736276744664023041
736445327608160257
725582111537651712
4328810727
4418214986
4418346973
3259957032
3314121322
3240268136
3240304885
3240302839
3240263276
4418363232
4327227856
4328714367
4327089741
4327244176
4328954656
4327120217
3283968870
745944481074077696
4832240373
4537605252
4655942358
4418299453
2754450966
2810720976
170459130
2171806075
722654017810206720
3196195152
716932825933438976
3120476478
777479732
3062515640
3104525925
708051111207378945
4818760743
3676206616
4075074623
716301635803344897
700453800935555076
711591408998678528
4061599096
731208272699592704
4075006935
714519811582242816
723828764686311424
726789334074986497
728848233900875777
728842298377654272
725937564503277568
726271024329695232
725936098568859648
726618841514532865
728845324286971904
725934741396971520
728846542514192385
289808908
727020688335233024
727023298576437248
727024510726074368
727022831159009280
727022478430605313
727021172324339712
727024101513039872
727021671656247297
727022108312662017
727023693382094848
723704287243571200
723698974146727936
724468044035055616
723716389979058176
723776407889797120
723440503400726528
723423677430124544
723468556600406016
724497577324859392
724437811475046402
724502677061672961
703427814540910593
749077883943989249
730142733545934853
590770010
739251127770845188
3081422150
2523037059
3509798714
745737200747352064
2945263155
450813468
741552755228213248
2720486345
2640032164
2640011001
2640008727
2640030754
2638674165
2638680761
2638660797
2638672577
2638681654
2260373652
2238705651
741712428396863489
741712098988830721
741708551299735552
741554302741843968
741553822489792512
741553500983812096
2897178567
2897206355
2772878984
2238693029
2238691283
2238689135
2238680482
2238675837
2238667337
2238662415
2238662278
2238657231
2772876446
2772872528
2752358799
2752381283
2720472099
2720501746
2640177970
2640164723
2640173698
2640173098
2638676687
2640145701
2640156701
2638664129
2638647159
2638657283
2638662706
2637897089
2637894371
2637904324
2637887279
2637897634
2637891952
2637872633
2637861975
2637876245
2637869513
2637846269
2637829797
2637827121
2637838247
2637835343
2637830483
2637826271
2637835924
2637799299
2637833776
2637804621
2637827974
2637823696
2637820072
2637789927
2637791085
2637813520
2637781245
2637791273
2637775707
2637769533
2585798407
2585277272
2635718818
2635716316
2635697345
2584638769
2270427012
2270429941
2270417948
2260380140
2260383937
2260381543
2260370882
2260369412
2260367492
2260357260
2239683965
2238802151
2238718798
2238717910
2238711957
2238715439
2238713751
2238711027
2238708695
2798633133
2238700913
2798651999
2794180917
2794222006
2794189709
2794159347
2794203172
2794174181
2794193686
2238699838
2238697624
722462665893900288
3226714032
722139625955786752
737487553540956160
737267973757374464
747975372176691200
1380622470
1368521940
1730672528
1468740104
1342872866
1345681712
1126952558
747712209850097665
747649185734856705
3694579277
742934965961297921
743207302405120000
743208519826956289
743570867280502785
744304049999097857
1426977367
746925806471913472
2280638866
3236138449
714025588021919744
746577531415969793
2552100703
744023430836662272
744643312707997696
744647821865848832
744646866210422784
744022647885991936
744025429552599041
744022075275358209
744025047795392516
744024008321007616
744024477403602944
735152093565067265
734559454570545152
731007247929606146
733511621809569792
731004178999316480
733398424079339520
732434752859443200
732790334422405120
731744697480155136
731133101506596864
746379970339962881
736836527691423746
736834928680132608
736835892594118657
4819587753
2600701907
766347019
745005671985315844
744883865563521024
126621144
3071266733
361386471
741546227238477824
744123478626885632
744107997287190528
744106789180825600
744105063853940736
744101372925083649
744096941999456257
741547275269210112
741544998458384385
741544096263589889
741561798764036097
741541358897266688
741532435549032448
741529146925322240
730650448089092096
2878949231
269452119
2876660867
3221884380
742346285810782208
742135770027163648
512051158
717215146754646016
718292085015711744
717235277828194304
717234751254478849
717214382980206593
717213382663925781
717212393307258880
717201016916037632
717197380479619072
717199664383074304
717202429100429312
718291546148323329
717202944966266880
717233982023327745
717235715256360960
717236390497529856
718289350233047040
718290752556699649
718290026203897857
4852306805
741955448358608898
3771310333
741938490951139328
741618068682477570
741617794819620864
741615067712475136
741583359101440000
741582437520543745
741581572256628736
741580948190334977
741578548805128193
741939903412375553
741908736927617024
741908238870806528
741902051165110272
741901550721720320
741899349764902912
735819642690621440
735577417796853760
731793461616115713
731792870730924033
729699966600421376
3243451597
731679728172732416
731515304233172992
731514845258878976
731514468761370624
739879274744680448
739878466879787008
736984769427214336
731794416508100609
731513951666634753
729951034852810752
740820660008652800
740819564397768704
740818524587851776
740733666108706816
740733032378687489
741520669901344768
740367700174602240
740100831500894208
740099284226301953
736150910733156352
703464184688697345
703463542410752001
703462991040159745
703462415120248832
703461804756762626
703198539694800896
703198030183268352
703197520957034499
703196926380933120
703196017886232576
712921465482567680
3160260878
380878540
2701606981
740949846237057024
731375058229284864
3302332514
4385347572
735704903759208448
3160552638
2636373980
3219133333
730816845628866560
737912347726098432
723488513375637504
3186563616
2976267328
735669064186499072
723892951550545920
701247648708169729
740471405280559104
738764686124978176
719861042638123008
704278598576795648
738258306037256192
739859743028576256
740568558212681729
726329504587636736
740652730071560192
2602888902
2602918675
2602904534
739347152460079104
3310300428
4843535138
4916053795
740518430114078721
4915983254
2590657214
3352354212
738740521527586817
4899695121
4893830741
4776600743
740253629211365376
4418727196
4870010397
739382284407607297
1348718586
708149254481514496
2587146560
4487519838
739769694417084417
2882973085
2779954634
2841110688
2549204214
2957271878
740050843446083584
739951136057131009
2349328262
737049890329628673
4186379067
737152593701404672
2293633585
893486779
2625220416
504978087
4700746465
4669552686
1642444262
739259035065536512
724223270837317632
729942133117878273
731477560677175296
737372460018864128
737371384117002240
729964182620135424
729963727475220480
729963142944456705
3062777088
729962634708029440
592547704
2821432230
721967796251275264
3123789954
4733244871
4733119944
4733267833
4810221120
4880640923
4880565099
4810378873
4733198419
4733181392
736445750524010497
736394918713655296
736392123528806400
736390468028616705
736389414251679748
736388528964177921
736167270532009984
736165424279101440
736163140358963200
736161330021859328
736159285768421376
736157059570245633
727966167592132608
737646718943166468
725008447436128261
3070285581
700760865944031233
726097137793011712
726096734800121856
726096278422089728
726095041458892801
726094691968507905
726093964676239361
726093405030211584
726089961636679680
726089392205352961
726088358523367424
2583956534
738284535884832769
738254339056115713
736881399676817408
733347229973372929
733230363355402240
3194939904
738413555242782720
738411896148090881
738340565650046976
738338857708441600
738335653440540672
738334097148252160
738332895329189889
738330863490850816
738421805904453634
738419144085897216
738415318079397888
738329577995440128
733227233012121601
4016920025
734165194822287360
723469826983755777
4880266059
4880406394
695852165206831104
727403320533504000
721630784486965248
727400624715870208
4880251677
723473798620553216
727404948263198720
727406977480007680
723472050162044929
4880395330
721633163873652736
721633695036145664
722349884762775552
727402191925944320
723516700398743553
721631591152230400
723468969508638720
721632440381378560
738278997226725376
723851412036177920
724457104556199936
734235411690577921
734064029459750912
721933566074982400
719838508576284672
719818525540544512
719817944423862272
719815859720622080
721920276330459136
720192266841665536
720178740911706113
719841403271032832
719841013548716032
719839748689432576
731362427594399744
738248688993112065
738134130609655809
738225152127700996
732421058867781632
3305711213
3114085828
441151771
4236854533
734001094884478976
3308631811
2433505819
737880743586738176
737879800031924224
737878715523338242
737877949769211905
737876059736137729
3080093814
714797159682428928
582439903
2646548408
3523328300
730408490632683521
4504781472
1549072212
3621404896
732079385402953728
732085683221729280
732078798657585152
732078200356896768
732077594711986176
732075891614851072
732074072083849217
732076774834601984
732087005719318530
732073258577600513
732071754701512706
737628245131034624
737627355691155456
737626221136072708
724101145958834176
724099218000879616
724098099388379139
724096883321233409
724095841909116928
724095082656194560
724094392600915972
722031242107953154
3095361564
2914307947
2296028622
1295724578
3076416052
737304334069866496
717400801547649024
717400485074849792
717400159559102465
717399720964952066
714831340043001857
716494489066418176
716494144781201408
716493883761266688
716493641280139264
714833175151644672
717399131149316097
716493410731823104
715513238759149568
715512922923868161
715512289596583936
715511804600778755
715511413930766340
715510782939701249
715038803996643328
3256310816
4905360673
4905255570
4739397217
703983816134688768
4905326030
4736973697
704779559728615424
4905304004
729180618139914240
3305344067
3481501272
729358804727439360
729184657992880128
714097190503718913
3221347240
3481729033
704780229529579520
729350681522380800
4565873480
4565528718
730606747325337600
730601962245251072
730605440510218240
4565394674
4565561473
4565624264
4565835974
4565819652
3229802449
2416847113
737105549397893120
296029092
2906663905
3211214863
737424570093821952
580745942
1646521464
3311405650
4833396466
2777368315
737350278874337281
737247460150632450
732999527490146304
247972729
737273787511668736
2925019771
731159709600776192
731150773057282051
731152007814254592
731157441086291969
3113323985
543761086
3384158591
737069536529252352
3290383145
707773988496216064
2359418474
2359405194
4728704180
4728743899
4689562352
4689471414
4689461370
711462559073763329
711462236619808768
710506128082219009
2933174279
2155011860
459416605
736967171293618177
1864754490
3072917357
707219462735470592
707217286998986752
3053204694
3068233601
3053158152
3081488689
707218700420685824
3053144732
3099905099
3053084756
2768008169
3221385587
3099775798
3077755658
4258240468
2768006525
3099782770
3920396422
2888008588
3073545917
3221370039
3079400649
3920414776
2768033086
2768032030
3221446114
2764204125
4307775075
3079469752
4258287214
2978719989
4374368303
3140339122
2910929711
4258275118
2724040325
2981598003
4307848521
2887947129
2978719521
2764228133
3221458444
2978773977
2764255156
3664393875
4250202675
4250300481
2978790196
2978718915
4250218487
2978716833
4250243969
2762852278
3140380707
2724115781
3261801389
2762801043
3099919965
4250236097
3140458678
3140335618
3099886527
3100047760
3099903514
3095549669
3099825395
3099681441
2793753560
1216611566
3116666655
736504614011305984
3600209715
4612648757
730022269683044352
734202438924668928
709304540818907136
710334069213560832
710318744208171008
709300363963146241
710314138698780673
710311514071179265
710316810604646400
734206161348485120
734205290187350017
735636520963440640
735633637350084610
710313140257296384
736729650227904514
736730202621890561
736513508490153984
2959375541
716185927505174528
716184995430150144
716184250345652224
717862177676197888
736400640214073346
736396653951750144
736391479304720385
736389431729393664
736388177401778177
736384305421656064
736711967956570113
736711004353007616
736383246280183808
736709747437510656
736707768250302464
736707009639112704
736706312709406720
736705686621429760
736704928291246080
736704307383271424
736703542967205889
736403599601729536
736402223282806787
736381726008606722
717863549876342785
736084973174685698
736082509876731908
736081163899396096
736080570795458561
736079822728765440
736078947696279552
736441425504538624
736437533714710528
736436733068222465
736436196956508160
736435791111421957
736435277745377280
736430084051996672
736483286839496704
736429152597725184
736482694725435392
736482175281827841
736479691020718080
736479178170597377
736478593463635968
736477770151133184
736476294519492608
736470386242551808
736442197277433856
736441768699269120
736427457142624256
718277585441005568
736669286345777152
4819732265
736191850319511552
736298309027958784
730411721177763840
730407008734609408
730405592532029442
730404651531571200
723885826359205889
723884945815400449
723883624613875713
723880856440328192
723873200023588864
4079890523
724923260480159744
4407415512
4222928232
735912709456269312
736405616512507905
736408027725602816
736406858416545792
736407472286490624
723028974113161216
723028447589621761
723027479766560768
723026852281872384
723026151816335361
723025287634522112
736143781729173504
2394218892
3261330229
3261294344
3261338503
3267850699
3267905760
3267967034
3267912654
725315714689585152
728840724150517760
728842814813954048
725949632254119937
728840077602783232
728841768108625920
726265434656243714
725926342710042626
725946988018028544
726291461482803200
726617514579361792
726621758397112320
726314402291441664
725950844269551616
725564699924799488
725945639578664960
2848432446
2736012338
2850231674
723510316949114880
723509549676687360
723431909603201026
3194939496
3194990990
3194938146
3194935980
3195022681
3194935404
735768369593344000
735767666393124864
735766989713506304
735766096431583233
735764520417660928
735765378438070276
2837998178
735763807897669634
735707514226892800
734997126799728640
723511009369956352
734079305538375680
730091021292441601
702082993
735685540712873986
1906234147
2874278886
2182056734
2189914784
2260117795
2210447443
2281748114
2360902830
2874337477
2182002024
2874303890
2874346543
2313263077
2294215717
2313270456
175445407
3100517749
706969010777276420
1896902796
734768133089677312
735173829933207552
734777955117731841
734766084671176704
734768893701558272
734776226095763460
734763342565281793
735174803250810881
734777113459318784
734757832101376000
734778628731330561
734769567726063616
735175534133444608
3130628286
242226698
4676414052
714926681123909633
3296652043
730321427425988609
730320046082293760
730317635070480384
730323383687118848
730322500156952576
3129917581
735619160466657281
2600928666
3484149855
734363971705143296
734363063055450112
734360994873364480
734360649942192128
734360166112591872
4802404874
4802306172
4802298942
4802289738
4802281332
4802403373
4802264412
4802331872
4801317620
703413631778582528
703413282967687168
703412305124466688
703412010617147392
703411681456558080
703411241214062592
703414118179405824
703410621207830528
710246032903315456
703393587426250752
710639982650597377
710639678769115136
710639347200958468
710638985085779968
710636923413405697
710640325824372736
710636125489004544
710638444838424576
710637459793530880
710637904062599168
710247725845983232
735365624113823744
735363972690522112
735362946545651713
735030718904946688
735031203862958082
735032070049665024
735032474808393728
735032875834167296
735033598760230913
735034064936144896
735036350009741312
733638227966316545
733886282883948544
733887113096138752
733887467791650817
733887768804233216
733888204114268160
733889019398918144
733889418575020033
733889761241227265
733272632032776192
4875722979
4875707055
4891073589
722663626927157248
4891119161
4891124297
4891080749
4457456140
4891171846
4331930299
4554369199
4554222750
4554361453
4554290600
4554281414
4554227353
4875744339
4875749051
4702744533
3546493272
3535548554
3545715674
3546488473
3535377373
3535307958
3535057214
3456036320
3455768652
3455534292
4875870394
4197795132
3703123704
3703181773
3703078093
3346914471
3702675133
3702947785
4161492885
4875867076
4875704373
4875795257
4457354601
4711601777
4557175223
4511313863
722664354710208512
2766461135
2760624017
2758367314
2758336523
2320291168
4067626820
3935967432
4580194946
3259456160
2987031022
4701454561
3914533820
4255826878
4564522034
4564415292
4564641553
3002838586
4564211833
3757976898
4680792554
4680786338
4680689292
4677468320
4677498553
4677507643
3701095274
4675528532
4675438206
4520695840
4667142962
4278114192
4702813349
3728799199
2360778407
4875746337
4003666452
3913496298
4255844668
4557162797
4511385557
2943253974
735334263290273792
1253410518
719884878570000384
1027917511
731481963500953602
731481463695122432
731480901842952193
731383490701230080
731382949661184000
731382109483339776
4670129293
4777930213
4666536602
4666623013
732453954865389570
3293043876
732069019793002496
3368041780
732064986940346368
732062743088398336
732061368170381312
732059293558571008
734582276005203969
734583924060479490
727323354953211904
727322390888222722
727321518217121792
727320783056326661
727320148869189633
727308996160319488
727319352274354176
727004765213716480
727004080292302849
727002521529552897
725909682359930881
725908906346577926
725906056627417088
725905561208811520
725907404576026624
712596550300471296
721316902992109568
715548392261165057
719029755001974784
719030261380321281
719030602054250497
699521594184433665
722822437637738496
701035937459937280
722826090947805184
722825010973245440
701725131337441281
709398037693538305
719896148563992576
712596154660171777
722826876704522240
722825601397096448
712595656053882880
719006010891866116
488415210
3190537446
3165220477
4097882839
3236851417
3238981352
3190550478
3190589660
3190543386
3179090304
716548364578349056
716546387903557632
716547465822875649
716546920680820736
716549034010251264
717564642826924033
717566595338362881
717566105707880448
717565143702380544
716550470009946112
728805932700815360
728805675074084864
728804587633704964
728773928131301376
728773171399168000
728772581155700737
728772005256822784
728864879075958784
728863161705594880
728861520004714496
728862614890020864
728771552552976384
728829826258239488
728830191913426944
728829474511323136
732057951750344704
732022450402119680
732016594574942208
731266773308203008
1603947452
734494828340338688
713212860558475264
2894905240
3431983173
2844022875
3431965211
2595606201
4404745643
1420779804
2985650408
3236552653
712368108351062018
2985585216
297204803
2872667283
732083362991464449
732081765569847296
729198159956598784
725713829666021376
732093233145094144
732092106714439680
732090448999677952
732088140932861952
732084568946171904
728081582293028864
728079256996085761
726669613140856832
725715808656101376
732089260942073856
706830790387044352
706827410667282432
706825781213704193
703857289908719616
730964517618733056
703856646141808640
730962637173837824
730962273297031168
730961915749359616
730961468615577601
730957371283890176
730956622793596928
730956971239563264
730956192969695232
730955787632136196
730818512936042496
703856222798098432
730818068562087936
730817686683279360
730801502164393984
730796926627549184
730796522929983489
730795893918601216
730795556474257409
730794868625178624
730794328000356352
728556942986117121
703855548643475456
728555182435356673
728553941542133760
726539064015376385
726538424514056192
726537779052568576
726537312796975105
726536643121795072
721621416550993920
721620160231161856
720264027276845056
703854652379389952
4713857887
711453158552301568
711452739662958592
711452330428907520
711451845785481217
711449596598292480
711447786181550080
706831635778408452
703853431539130370
3226590119
1573138351
407605924
732326588134522880
732327203212398592
732327843133165568
732328458198491140
732329011762724864
732330845227212801
732332301007216643
732331502428512256
732331976582041600
732332687415906308
1641910032
723904590396174337
730998601703268356
731000689904652289
730999097612632064
730999544574414848
730999959219101696
731001323328397313
721855459834011648
721854782776823808
721855978283491328
721857305629724673
721858844654080002
721859203032227842
721859558499430400
731001786161451008
728477872164245505
730691961305210881
716097929195311104
726354226893316097
725966724722388992
730418127146651648
725965364505399301
730326221511254020
730414100736397312
724893107666477056
726643468131426304
725236010079031296
3846077179
3846046279
3845870360
3834699860
3834700873
3834651733
3834562634
724856578688557056
724855651806093312
724854939722366976
724854227873443841
724853519505874946
724852630787362817
724512885783683072
724512186979119104
724511420633604098
724510651582799872
3834573013
724509414523195392
724507104560582657
4034624832
4034580918
4034667679
4034487973
3914308513
3868602674
3867522914
3834443840
724780492604604416
725816702512984064
725819235469922305
725874296170508288
728168308243988480
704956500595224577
724781603826733056
724779835638214657
725855220589166592
704956213797105664
727476535981010946
727474577446576129
727411042716778497
727409355297951744
727380316973858816
727378924553003008
727377652244471808
727375237139025921
727373655450202112
727369439428132864
715357648879661058
715357035420758016
3235581642
1460947778
728397545022480385
715353553468936193
715354795612110848
715352558043144192
3810472994
4060234812
4033605673
3925838893
733588627058393094
733594107914805249
733591547694829570
733584302290571264
733577963573121027
2887008343
1948704175
2439515125
2439505729
714592834574090240
2751573073
1484112283
1946385572
1969965186
3124073545
3222532790
3189798107
3267171470
723533057169346562
726008328128585728
725697672074514432
725697033005191168
723863058792083456
2414214158
1916268374
3020958996
726240569438048256
4222953493
3020992742
3020879324
3021022177
3021029299
2777739438
723861214019747841
2722885109
3170863765
2942618335
719845002747199488
720182153066127360
730374954424770560
719818131951218688
720068594583740417
720077714275700736
719827005613719553
730370787048218624
720179665072033792
719825904508096512
730368227239288834
720078558719139840
730377522840408066
720185093713580032
730380926383857665
720075152403267585
720180694295535616
733900355537272835
733897881011113985
733876205162663940
2687280398
2739298015
2389296973
2447111647
3026626414
733669304936333312
732786633498595328
729560483892596736
729338717534490624
732784005444042752
732787031445807104
732787918914326528
732787478625685504
3219426396
3602277973
729857499055017988
729858437664800769
729868050845962240
732881887107022848
729867372845129730
729866734182670336
729869209908355072
729868613063057408
733651134515187712
733000570454282242
726087046410833921
726084835849080832
726088077169451008
726088787428675584
726089299855175680
726089933778079745
726090433978191872
728466391385313281
728468764690276352
728617728135684096
719917610071113730
719918771876601857
719923399607263232
719923932556451840
719924635098165248
725693858592366595
726083084483858432
719914511084466176
726086119050244097
719865251429228544
720232177502294016
720230322210603008
720226591888920576
719408283753156608
719403782530949120
719398379269136384
719391847609606144
719348198263758848
3193195818
3193188354
3193181898
3193262245
3193272403
733098529418153984
733255226526818304
733270055085973504
732894591225991168
733543941304279040
733303565461028865
713927427357999105
713924224994258944
713923344098177024
714313744927461376
715040730696323072
715374484308373504
716090191602016256
716882045075480576
718652741187309568
718651958333034496
714352014184984576
713925672436039680
3231142286
3230393869
3192684494
3230304426
3230391097
729130247405195264
729538217515450368
729131126728482816
3267571735
721215349576740864
3258336517
721694733584601089
727998771716497408
3230380152
3230664792
722739057151705088
728541607054598144
728541158146629633
731063137055604736
731062289109913600
731060394727374850
731058833875828737
731053791886200833
731053061167177729
731052380314173440
731050283191521281
728542482703654913
722740590325030912
722737124575809536
724449986079911937
725696554430930946
725694716684050432
725692896041525249
725691514249052161
726008911182987265
726009940368756736
726670524613431296
721184148535115776
726670024065224704
721180031897079808
721181014375079936
721181562306301956
721182727983083520
721178455870603264
721177324847108096
721176351634432000
721185293647241217
721173130757033984
723706826798157824
722633662165041152
722633536012849152
722633259104866307
2904058776
2904127063
2904033744
2904065498
2904027396
4842039533
4850395149
700726751006060548
700728320254562305
4842080740
700727266259501059
3331763459
712685423282298880
712683849151549440
701087543694123012
701042515026309122
701087175178371072
701086603456995328
701085886965030912
729710131227799552
728964680950157314
701040608786391040
721664228462084096
721663984898809856
721663200714993665
721662726599217153
716237581478965248
721661765797416960
716237286329999360
716237036965986305
701040066253164545
706561654499180546
716236466209366016
706562250266509314
706561395610017793
706561070320766976
706560306928087040
703248241253552128
701087852541693952
4830678226
733367730225680384
733195352535240704
3179137591
3283219646
712466189574737922
730657342870544384
730665377135370241
730664546243731456
717961916644130816
728795753204719616
4882089852
3185984545
718285145166508036
3242096696
3276070752
3276120104
3276151699
3276102836
3276131845
3420070024
704471932196900865
728738981664284672
728738391911632896
728584612989960192
728582170105634816
728581654374055937
728581126692864002
728580588517478401
728579933178470400
728578924230279168
728577462167216128
729963802897227776
733452046100090880
733451492296777728
733450871111983105
733449655724343296
733448428240261120
733447852785983489
733447293785899008
733446549586382848
4793407724
726594625507483648
726593840258256896
726593176098611200
726592464035803136
726591852044914688
733410379435520000
726257348549828608
733409296130527234
726252408494391296
726247264092483586
726246268767363072
726244848873828352
732396902122016768
732898116827914240
727861513067761664
728109455896805376
727860730158931968
732469233213284352
733237037738774528
3155803620
2265746522
2336635747
3235069530
3168008416
1939921116
2824011444
722017772578836480
722016874020515840
722016460931858432
721960717469896704
721960050323886080
721960400980303876
721959663466520576
721959292241248256
721958775746244608
724815706085310464
732776041660325890
732775407011823616
732774680273117185
730670260844564481
730669489369403392
730668822982594560
730668104959721472
730667111823986688
730663913163874304
722281563690393601
2484845936
722291333054877696
3193077491
3192851823
718720090858885120
4309208304
718722001397895168
722288980666884096
3227994462
4316070436
725189855039377409
725189427866308608
725187809263386624
725162674326220803
725161609224687617
725161202104565760
725155786511495168
725153659672268800
732794287478480897
731686957265231872
731686521284108288
731686135617851392
729708756565532672
729708313596731392
729643398898966528
729707824322764801
732812189745205248
732806049707794433
732807631283322881
732803463692886016
732794840107323392
729642514135719937
732804248757489665
731838484957171712
731408102545711104
731836592537538561
731411604961517569
731425563299090432
731411050608742401
731426369515589632
731426019224129537
730353539919151105
730351726083989505
720647362385805313
710875611514798080
720427462853701632
710877181350510592
710784121337880581
710428840347041792
719680405989892096
710873628200407040
705946975745634304
720426725285371904
720652849927983104
710426913433497601
720650827359059968
710429808308539392
720429182509973504
710876276827955200
705935473483493376
720651492785414144
719679589845368832
710872235917991936
710425444844052480
719681819810115586
710426182877995009
710798354037362692
710796057513361408
705948137043599360
705947614240354304
719682976393666560
710782216255643648
719678010710994944
710797223018106880
720428461207085057
719678968178348032
732874796694802432
705943786220720128
710427581221220353
720648248189267968
710874322588467200
725368671841992705
705705460997836800
4925724384
4905463388
725375648034742273
723246969120903168
700629480084144128
4718812110
725366916848713729
732937938074370048
4925921653
731012894884683777
730288351362703360
725370361018126336
4708280815
710849099608633344
4708011654
4708090230
4708187502
725376285552185345
4905524371
723106698722861056
723107154010361856
723104788460662785
4905498997
723245704861245440
730290634297249792
723106262905290752
723247435464613889
725378253200887808
733190511956107265
4707987606
725371938894389248
730268029792067584
723265929853833217
733192567186038784
732764604082708481
725370973218725888
710864514875437057
730278974924804096
733189246333247488
4925900954
733190307626422272
4923940263
732918909448265728
4925846124
732933027311943680
732943021482774528
733191271821385728
733189752778711040
733189994790027265
733188660821008385
732637577556058112
4113437714
732920209183367169
4093754956
4223722176
700613501107048449
4262661672
4485457934
4508714299
4135812919
732768582635905028
4283786190
4475119405
4125163514
732929993311805440
732935360305487872
4240158253
732765361372692480
4164709212
732783718671241216
4135714159
4125375193
732765883504807937
4180558634
732932387986767872
732935982106824704
4284766632
4131374474
732934616454070273
4029453194
729356928883691520
729357712924905473
721303114230333440
721620727519010816
721621514072633344
721622492935098368
721690630359900163
733180081992929280
733178124909731840
730374986536357888
730375874386632704
730372501583204352
730376634801381376
730377489814446081
3297562261
723749400133156864
3205077100
723608227812904960
3237618516
707327568454746114
715188687043211265
729281849332248576
707326620705660929
3686341762
4850774050
709368043844014080
3686255056
3352570037
1705005204
3200303926
3716606596
3234883707
4850762998
4846059705
4846196470
3352567649
3201935777
4850593131
3208674333
3205011143
3200009985
3201886617
3716511797
731732436422299648
3352619638
3260143677
3190666536
3686378356
3686304923
3686166975
3260190988
731731196560867330
3208771342
3191081606
728860625737285632
3208654935
731730251638673408
731734166161612800
725537394431152128
3190755907
731733316341108736
1736186701
731728857175232514
727577862111416322
3192364190
3190591254
3221460287
3289926857
3190531830
3190458158
3191077244
3190716068
3190713188
3190590510
728863022005948417
729356267207073793
729458168510578688
729357373794439168
729892006315483136
731876413851107328
731881889460408320
731884440490647552
732526538491465728
732523384823631872
732525550367965184
732748889527189505
732749675002880000
729897777694564352
2165048053
551471271
723508931503357952
731337667556728832
711418062105260034
731337228442427392
731661932277714945
711438725373251584
4309834639
4802374458
4838760282
4864021632
732387634362777600
4864033512
706955044093108225
723510155002806272
4840066693
4802361372
723509874361962496
711440039486447616
4787927443
708267556881043457
723510362457272321
4484651652
4787874656
723509739401809920
711420697248014336
711419847553318913
4839734772
4834678527
4864120574
707540034837159936
708514576694792192
708519096761987072
4841788591
730953658603470848
4841659512
4802498893
723511071034634240
4708447532
723510913630765057
708513673749274625
731336383952879617
4834777300
730957030895149058
715040299156959233
730954756403789824
723509165797183488
723509997015986177
723510789127065601
4838866994
4484759293
731335601639686144
732389235437666304
730956259113885696
731657930941042688
4306083673
4408401734
732388707068608513
4834710549
732388218113429505
730952472508780544
732040191347556352
708953352370044928
707539330701594624
715039497176616960
707539721963102209
4781593549
730954076674891778
723510462965370880
708518717928316928
706440956501823488
3977874793
4839805676
695572414579634176
4802458094
706441439660503040
4408068072
723510593156603904
731339190521077760
732038937888198657
731350345423577089
4841665164
711439761605394432
731338527758114817
4834751225
4787808492
4904264780
4677481542
4904189454
4902386191
4902158892
731336858420944896
3385737947
4317882912
719698447431905281
4781602171
4839859693
4677593125
708515401970241536
708517763476627457
708269102649835520
3215269642
4677621661
4648551192
1411842073
4902140412
708269856085282817
4778140700
4107695538
4778039712
711439495241928705
4915478300
4708480459
4841751380
711440293980020736
4915302702
4838943973
4458801635
4778178967
4484789054
4838838974
4864016790
4864109054
4708488427
4838880680
4708467613
4904311891
4902327512
3395346112
708519465420345344
4648651831
4306291639
4677607699
4718195772
4708413140
4787941417
4778046372
4802456354
4778191387
4802353902
4708373388
4781582113
4506791233
4787929195
4802355276
706954366104825856
4839461772
4864026780
4864156129
4839847159
4864154269
4708426094
4781448486
4834740107
4317840192
4781439594
4864111622
4309964413
719697337854128129
4420735940
4429889774
4841661678
3486852676
4787803896
4781567569
731660802013401088
4708352928
4309561634
731656620187488256
720813744759001089
731659875764338688
731654337273954305
3412586248
730878787366359042
731120325665034242
2752265513
2543251638
2534337512
2547630834
2536615177
2536986764
2537033983
2543636294
2537614303
2543208134
2550319970
2537438935
2547666480
2546233579
2537601954
2534396550
2543621588
2548359950
2543306318
2547602370
2543607800
2546443243
2543213598
2550291860
2537611800
2548300524
2550121970
2545332888
2550354530
2543360713
2550022045
2534168317
2543576096
2527879040
2550499796
2549984424
2546304481
2548182828
2550203636
2534491770
2537052170
2534150076
2550149935
2543195846
2534538133
2534243394
2550165056
2548239661
4858101625
4857954276
4858029356
4703766276
4703691696
4703742026
4667652318
4681143156
728429048683057152
728190692002910210
720931933383819264
2214140365
2156737970
2156727697
2156720299
2215283784
2152216910
2158259094
2158264987
2158441338
2158708597
2152206499
2152214786
2156542507
728191496235585536
728189570391515136
728187320935964672
731308440371363840
731310506221277184
731312166020648960
731312798521643008
731314138304024577
731316090387619840
731326550151331842
731327110917165056
731327909865000960
731332725450244097
731334298633011200
731335101598965761
731335668513656834
731336342022455296
731338077159882753
731338494988050432
731338966239088641
731339584882118656
731340166158147584
731340551673413632
731343966558289920
731344784191709184
731345543595577344
731346326147850241
731347325684060162
731347987784306688
731458214747725825
731459432660402177
731460681921224704
731478639548588032
731479786590109697
731480758334803970
731481435010256896
731482742811033600
731483550994731009
731484010744971265
731657680369127424
731659025675366400
731659506103533568
731659996941963268
731671227882975233
731671999890767874
731672539378941954
731673030053789696
731696973317709824
731697607429382145
731698032404627457
731698696891432960
731705197836128257
731705675642888192
731706536091770882
731708311888793600
731708829486850048
731710062075383810
731710945249005569
731348421378875392
697030666546876416
1964553234
2402705474
2177658985
4797703153
730191738531250176
2391521406
207061255
732112324505538560
3182933366
725889656114413568
725649982074687488
725605282991099904
725888759288336386
725888179102842882
725902887956537346
725657695794003969
725587323191087105
725905520255619073
725902333708652544
725906999263657985
725906306545016832
712167704468140032
725585636493660160
725589358862950400
725590994276601856
725908577978712066
725617417192239104
726032474443120641
726025626918875136
725904319371837441
725903801949937664
723053278263549953
725904779059159041
725859897095516161
723152064935677952
725861518856753154
725907705261498370
725600094527971328
725862610457915393
1384494349
731311599596634112
723805265808642048
3161515849
1605548960
2341868384
2455287763
3191837228
730067869082353665
737977196
3226734121
4892006596
3358477638
731071604826865664
3226713284
728945602877231105
2379253333
731837302477971457
728911266513756160
96719569
730358311170641922
2344853510
732073003706552322
3237874829
732055875700019200
732053675603021824
4304266103
732017887146344449
3291096524
731986622019977216
2736311486
3295630857
731899573820526594
731891765909831680
731893725086007296
3161809478
731678127643103232
731542453812072448
731777936311877632
731691371128487936
731689416230494208
2376554916
2938318451
1650795336
721685684839251973
1639025514
2380062475
2289529844
2372931901
2289513786
2284640545
2379996535
2390158922
2390123467
2390166726
2390140832
2390134687
2382024505
2382076027
2380228808
2382006811
2380216788
722636596323811329
702108296186978304
702117582703190016
725350232301559808
2945063556
725349141300178944
4057106719
725351993619832832
702045546047864832
722638626211934209
4032666738
725350913318121473
722641772703313920
702121342535991297
702041411558854657
702123905431900160
722012383191769088
702111836041138176
727052705877753860
724820066185961473
724819400512118784
724818788957433856
720915106884812800
3109598976
721338925222993920
721342373448392705
2925558702
720914030731243520
720910475404271621
2936633461
3855720859
722068993448681472
3855703574
722067642450751488
722066707712323584
720921380770807809
720916916215242753
4046295798
4046405360
720912150894542848
721337353919275008
720913183863492608
4861689334
3312799179
730962977793429504
721950590843097088
3163269218
237749522
3177699468
2779751599
2779661136
2779630596
2778626929
2778569552
2778558637
2968965649
2772935593
2943739351
2911009752
2892771752
2911073569
701433103659585536
708235855408660480
3282051768
3282296941
3279461574
3278368196
702496038993555456
701510532143013888
701511104044802048
3868099453
3238654224
718104526100672512
710819352807755776
730070533799219201
729819388078006272
729549014660571136
729187211539701760
729548707180351488
728579830438993920
728576703790907392
728431807394254850
730071725388390400
730746611450552320
728431052771889154
2867124211
721925323
720283274518474753
730308132979675136
2961581262
3025490589
2162178608
2951979692
2904373777
2904313476
2955680844
2955739513
708826496
729497462394605568
1903140806
703372274255196160
2941275972
729332664361193473
728867318466387969
728870385198882816
728869020603064320
729178240552599552
729141212137947140
729150080574349312
729177000242372608
728874534896467968
729176299168665601
729177714834341888
729142612175642624
729138598641995777
729174708831166464
729143355733483520
728873156979527680
729136768071540740
728417968539865088
728597392656715781
728604403909844992
728605722758385664
728606372074389506
728607623012999168
728190542677336064
728193278311436288
728194465693736960
728263197992443904
728264633383952384
728403921236955136
722676518627971074
722676885956780032
722677220179898370
722677894909194240
722974896934903808
722676075520737280
722678245322334208
722975337622036481
722975771900280832
722972616219201536
722973123436384256
722973697313660929
722974190777683969
728419630797099011
728598732816572417
728599987467128834
1036104200
728906079065640962
2318903718
2579485950
4901290539
4702891700
4704448768
4705338981
4704390621
4838236222
4705400679
4866426521
4702853178
4838253772
4704473129
716231764667187200
698135454982533120
4704603976
2933304921
2933313885
2875251178
716233049420218368
712213048824623104
712214292196696064
712211271681183746
4901394226
4702879536
703840230072123392
4901356157
4901320235
4866380691
4838206985
703842026400296960
4901220381
2749102614
2605928300
716230200741208064
4866298192
4277193263
4277231717
4277278456
4277227168
4277190376
4277209936
723401622802436096
3725733614
3725859914
3376905073
3376733174
3376532118
3144483891
2772960349
3061580467
2987803735
2983884295
700038726848745474
4406844613
717362083818373120
725221000762126336
725222347829960704
725223885960929280
725226889921449984
3193853276
3193846586
3193875433
3193759122
724889837824806913
3193815115
4723598256
4621916772
4845037692
727733937745870850
4361286863
606800134
2879942769
100335764
713424945116749824
726808622173310976
364777473
725950011217842176
3879062896
716564038281342976
4654638193
304947709
726536266699935744
721483342059806721
721482790483705861
721482159354159105
721479208699080705
721476416362123264
721370257437429760
721327646341230595
723922245857452032
2978122480
703213717702385664
3514560141
3036511743
3610171883
703232532175835136
703217193408925696
2855416274
2545538082
2802959896
720027349102628864
711185307044093952
720148571136233477
717900282869391360
717899984704700416
717668748929314816
716892408219193344
716891878075969536
716488660917444608
725414701954420737
716487639394717696
715797548510941184
712119203453603840
715425360783912960
715425790406463488
725581286128013312
701672926412611584
702034931556286464
725228506242654208
702035293747093505
725340761990950912
725343000272887809
702034129722875904
723742613203873793
725343496580648960
725229802588803072
725227548041351168
725342568293130240
725339350033043456
725342012392628225
725230993326534656
725329576205783040
725287384988811265
725339146131099651
2932927270
701671740393426944
725197014678413312
725333228114960385
723740605738676225
723741358033244160
4619709438
725330112124579840
723741841225449472
725395974210768896
725556580872118272
725338204023316480
723736039789985792
725396744230461440
3248054486
3248033030
711401822733242368
725490509347622912
725396402679873536
725525658147790849
725195118647595008
706803378173546497
725488842992549893
725392603139575808
725394624437620736
3225739260
4835591359
725489722324209665
706798110635216899
3229557446
706807880188473345
719193495823474689
715227320684916736
723744613089976320
706276766420062208
706278028637147136
723108430626451457
725281617913196545
4473539179
725548038144430080
725490067909693440
725190224633057280
4473585913
3248040548
3254458146
3231533659
4473613514
722300650269245440
725551939082051584
3228899527
722299946569846784
3229619588
3255588464
3235954262
711403434709114881
4619801773
4475296332
3231513877
725531444425019393
725528717355704321
725525232279117825
4475354780
4475320992
725557992981024769
4475511859
3284517630
725555435458056192
725524142640898048
4442519532
725557572304965632
725546466895253506
725533161183055873
725365379095105536
725341390498992128
725358041185415170
725584508301402112
725555530085752833
3236777102
725489330647502848
725340540514897920
3235009682
725491011674247169
3228835122
3234996228
3231450762
711395750391861248
711400602236923904
3285135476
4473582494
711404263360966657
3285115262
725556890185256960
4473655033
3248774688
725193486732021760
3248389044
725279538167468032
3284543042
725282013255622656
4473567553
708895532471586816
3285190093
725556069712285696
3243184525
725280949144014848
725195961480417284
4619790085
725194336938430464
3228025160
708603938996490240
708606386515521536
703498484255584256
3223218906
708896113332359169
708607281147944960
721230922704531456
721229711146221568
703502828963147776
725191774319300611
720931115846873088
720932440315826176
4084396933
4602835032
3149570587
720932932894916608
720933349510881280
720931993953783808
725526515379654656
716456644960497664
724500060537397248
2850656320
2455826908
725289861444423680
725287611816919041
725267371468967937
724172868964220929
724171484210577408
723627016579354624
720123036595286016
3334004037
4175271496
753430424
4924954164
702789878950432768
4034318599
4056017292
4798007772
4771440606
3680606053
3668979252
4793478517
4771539086
4772992783
4772920934
3040598256
4793400374
4793303124
4920399902
4419017654
4793338824
4772933594
2932040059
2931977868
2932016270
2932016654
2904349820
2904301434
3016242806
3016240784
2904363241
3032675328
3021037116
160381185
723696722216513536
724514889960546304
723836489126137856
723832585814581249
723831349799317504
724223907931131904
723836061583966208
724225459014131716
724228871227240452
724428210859962369
723834593187520512
723835018921938944
724221313972236290
724432571036143616
724510806583341056
723252374916218881
714510889567850496
722307390058676224
2429070588
3018474470
724098727313432576
721672133907062784
721233310215643136
721229091156795392
714090625176436737
3267843174
724118016787537920
4748379809
723755947860983808
723755263908421632
723744373142220800
723734335438745600
723733760789770240
723733090388987904
723732438384406529
723731377489747968
723730617226010624
723728842444050432
722722620626460672
722720954019876864
723130906966286337
723134506568290304
723099290390818816
428565660
4250356905
723090228626378753
723089066766393344
723087076443348992
723085634223497216
723081945211494401
723060622070415360
723059782102355972
723058816607080448
723455893715570688
723056422494199809
3467098572
3467179040
3050544661
713003256704675840
293397238
716486128962916352
712826657644503040
712913297784311808
712914188474183680
723369841059500033
712914929096007684
723401368044589056
2543222058
712187613935902720
712190222587404288
712194511389073408
712193591448182785
2543250583
712195358089023489
712564811419095041
712565512035639296
712566741650378752
712566133790887936
712567244048322560
2543252035
712589866077261824
712596327494844416
712826100456361985
712827493904814080
712911643961913345
712913658322530304
714432876364693504
714433590893744128
2543236760
714735905144246273
714737339227119617
714737885669429248
714739305172873216
714739866660179968
715879123516690433
2543256931
2543239904
2543255401
2543253727
2543239034
723440048104857600
2543226570
723439605324730368
723439009871986692
714740764933287936
714740257397276672
722618303504494593
722615977775472640
711412646730276865
714817868945362944
3139707487
4911486284
723065762420822016
3168301290
3288867299
723098642261938176
714610864758919168
723146374695534592
721935175626559488
4171560133
1432116534
3238472622
3252825431
1631128196
1213605348
1870175006
706126638921043968
706126454786883584
706126200620478464
4903772132
4872622610
698631200580108288
4903760264
4903758992
4903802779
4903800571
4903753934
4903790929
4903792651
4903792573
4872619766
4903659072
4903743314
4902185532
4902181728
4902266414
4902175122
4902303757
4902255680
4902252914
4902163062
4898277781
4898147532
4898276713
4898268523
4898139444
4898262325
4898256967
4898122002
4898119350
4898218693
4872656545
4898171360
4898082444
4898208319
4898160800
4898155970
4898069898
4898065968
4898196079
4898189629
4872571056
4898212580
696238093964214272
4872505776
720564162514923520
720564710089711617
720563126773555200
720565155667402752
720568269443244032
722351612061069312
720561963797860352
720568654262218752
722351186649583616
722350733740277760
722352354310250496
722349976357969920
722001573220458496
722003236966674432
722004144358162432
722003701867499521
722002811559354369
722002271354007552
720847608495738880
720846763817439232
720847171113750529
720845699957415936
720845139418095616
720844539154472960
720843619297468417
722625023555411969
722626740883881985
722277759372828672
721944406761152513
722626172173955072
722277183868153856
722625516591710208
721949442677415936
721943869017825281
722627256191836160
4750772832
4751106871
712805881969119232
4627852628
712806696423305217
4750809554
4468516006
712807398327476229
4750986480
4750747416
3412717425
717287882428256257
722587102878117888
722635632061714432
2761875312
3235595520
130784435
1272075896
3234801590
311630817
2195686044
1143302371
632867067
720494758481801217
2424482538
3624879253
2423337589
2793423799
716710532951224321
4750901338
702801872038432768
2417927126
879284821
1546836996
100809828
3066437810
438063625
721873841052454913
2532328200
4795224528
719838559906197504
2317921325
716647017968107522
1303662673
721338645995651073
712622664943153152
721887174551937026
721886669897478144
721886087958757376
721885344484823040
721884667498999809
702207701745446912
702207127683600384
272040450
720334573507362816
3384825729
720700423124959232
717819717260603394
721649811619876864
912797820
717414171843895298
700986806859395072
4814166681
3815721327
3155702561
2261385103
718659594885668864
718996126460829696
718992958972821504
3282464490
718663638517706752
4619329573
3282512750
3282459204
3282454500
4494967040
4882438423
718672219623264256
4882400498
4656084192
3282451494
710042280338391040
4535433138
4619288713
718391486799310850
718662347754180608
718998207900966912
4535379258
4278361394
4500191056
718993905186803712
4323713653
718386974718107649
718664522362396672
718677091693301760
3199466642
4496013860
4882264398
4535487204
4882422265
4534077342
4500168863
718385527519592448
4500185195
710045534094958592
710043081911865344
711206189799870465
716178560923353089
716174648317231104
716171127643574272
716175141542060032
716173774899404800
716173230914965505
716168827558494208
701739810717827072
701738029430521856
701734185233424384
701728492564643840
701727735249510401
701726934535946240
701720848718307328
701720071207579648
701717996687982594
701717130086105088
701334350172962817
701318129176207364
712440722561966081
3245029123
720921797554806786
713912523699793920
713911756062466048
713911126774288385
713402672099905536
713910614419070976
713909759364112385
713753964877979649
713401759868170240
713400023036203008
713400807689814018
713753385577488385
713752599124516866
713706522002333697
713404056438317056
713405893585448961
713398965496983552
713397788579463169
713396227350536192
3139004576
4662592280
4506416912
4506434533
4485156313
4471944620
3284347400
712550338226753536
3239783808
717964020024651777
716584754078810116
3236014178
2656760611
707440857436262400
716440959832170496
719969222114222080
720115023855644672
719748969648103424
3223940822
3224758896
3224763240
3224856109
3223963213
3224849306
3164007583
3239797556
3239790038
3239859607
3239740392
3239806820
3239872063
3239815904
3240805873
710409184785793024
3033992354
712457573996191744
708472187930292225
708234905428209665
710406469041070080
708237787703578624
710405334041382912
708231738799960064
708236196036521984
708475483768250368
2748042507
2985568290
3237617282
3345764999
3345713259
3196005835
3195925434
3195977048
3195985478
3196023805
3195898308
716555509235462144
4712838254
4505605160
3193155527
4505579412
4065359894
4717223514
709641160361259008
713371477437865985
719558210688983040
719891187780354053
719891849981403136
719892843326750721
719893411805978628
719893796302020608
713371933148995584
713605431973715968
714048892866670593
3305891088
718392591541100548
718392045505609728
718390314231148544
718265694320738304
718265010263339008
718263044917346304
718392990503280640
3307524571
3306953245
3282409956
2735476235
719763081568628738
719761476928565248
719122441016975360
719114730581811200
719112293124956160
719111728521281536
719066881663959040
711024058989547521
711023084153614337
711022379124674560
711020921864060928
703820195744223233
701059528654135297
701058708671848450
701057078970875904
707856708920545282
701056265527517185
701053676928929792
701051484381655040
4910836885
699175076655009792
4910783533
3069789253
3069726732
3069716082
3067551890
3069797083
2880735307
68179535
720161553438285824
2899300844
2899333724
2899278314
2899330087
2899313426
704993599818039296
704992493419364353
702818763960258560
4002627374
720171309905235968
720171049455714304
720170720785879040
720168157525094400
579733608
719946585820368898
720134894337130497
3140283116
495453272
4441913113
1657529376
4763440634
4763386494
4763398572
4815337276
4763544559
720080905637904385
710636447972220928
3234868340
789028332
4538857520
4538747838
4538660412
719037774943244288
719041414978404352
719040043545788416
719047589081907200
4881539554
4881376731
4881336369
719043952469348352
4923525852
719046851555528704
719478514760613889
719042605296648193
3036087740
897077756
717277992670466048
3291524260
4090839194
708675696478978048
712826827236966403
713685358764896256
424149201
4676491956
3163706552
4676498437
4676438077
3163731038
712902763894611969
2613104144
1468910642
484631839
2814575030
195195021
719263948055384064
3196180567
3244731042
3301725748
3301719898
3301662983
3142743269
3180420822
3180509090
3180379086
3116866340
3180360480
3301589519
3180620977
3180339918
562266134
695882374932996098
4880598009
4880659991
4880666699
4880670281
4880852231
2224989014
2250354691
2251586275
2254840225
714016099923156993
4544929099
712125345378410496
714015717570392064
715894519934287872
714014431538053120
712127726295973888
712126950177832960
712126488393310208
711421346278821888
711047329629937664
711045161644503041
711031616890507265
711046451036446721
711045966346846208
711014630810779648
705626719319797760
4918061889
704906805210648581
705623371698950145
705627677932130304
705322054518616066
4918123433
704901245878849536
704903202215477249
705622396078657537
705321660908326912
4918056399
705320456589422592
4918050171
705624754191933440
705321076046233601
705319184025030656
705319924814602240
704906310261850112
705623891067056128
714677175585218560
38019317
4266312621
3714002899
4842732244
4612818760
604219211
712948466662694912
711479843091644416
711479051139977216
712838210343153665
711476845355466752
711475481804013568
711445887579336704
711444991176941568
712836989108621313
712836198805319680
712834689975721985
712833763697250304
712832000726474752
712141738941358080
712146075621064704
712144912901218304
712143965965799424
712142910074949632
711444261305061376
712140608517705728
712101909247561728
712101102389362688
712099641634861056
712100500255039488
712098979148791808
712098147254689792
711890943033511937
711890243008405504
711888915028815872
711443016360136704
711886688356737024
711885824263004160
711884541556690945
711510859772596225
711509669705965568
711508499939741696
711507790259335169
711506603845877760
711505469886431232
711481060547112962
711440225960984576
717134211002589184
713822476845891584
713822166962274305
713821811771879424
713821254176915456
710651307837808640
718265586615197697
717143929519517696
4795116602
4602524681
4300614801
4198094537
3614107161
3430557586
1641919908
3239696594
3224363437
718476276449861632
3547793722
2263232167
233992134
3428354114
3799810219
2405079638
2932101567
572913138
2772576821
717900888270966784
706499907914473474
1433115937
1346879443
3082213565
717900731248807936
718258760465178624
717904977226649600
718223006250713088
717893988519292929
718222347094896642
718253939913830402
718255040515993600
717890661555437568
718248252622127104
718243126255742976
718252426407620608
703009900473913344
700963261143916544
702665438740684800
700961855603249152
700959107063283712
703012317525446656
703013311890083840
702663903877042176
68521873
4403966957
4801177022
4800591726
3629728992
4750440319
4801067112
3329359452
4800645390
4801159568
4800581714
4801080576
3167835738
4799829493
4800727717
717238237874401280
716353999633457152
4801099488
4750599679
2900099130
4800129984
708181948259127297
3629801478
4800750210
4801100052
4801897837
4800717276
4750564147
4800221683
4801211420
4800695792
3629498773
2900158939
717237560506843136
4800623347
4800615931
3629976920
4750599709
4801683696
717240278080327681
3310391786
2983598748
4799880301
717239731755491328
4799747112
4800604909
4801204580
4800609494
4800116712
4800170354
4800530718
3183266983
4800762469
4800728594
716804561927815168
704752536994054144
402355447
607827384
3148235630
3140679301
3148250149
3140677543
3140642732
66084231
715031438794600449
714921252427796484
3308454075
443041640
715961711757385728
4634465251
713408409132011520
3316608494
4557872896
714905785780731906
714209559913562112
4890441449
2248941793
4928608006
706872766696448000
709061495624228864
714076172292853760
706916276082495491
714074830983860224
709060082609364993
706917620063330304
4928695012
709055055681478656
709063244850270208
4928524851
706919472284737540
4698189714
709050969603051520
706920381630849026
4928420715
4914290961
709053735230636032
3392136837
709062453171195906
706873669499412485
706914219560673280
709052713582108672
4928707468
4068409731
714020236220100609
713913145652158464
3467494404
2520405378
713933058374635521
713270292471275520
2286697242
4902258572
4635149172
4677659300
4600266074
4688866242
4635239864
4643158992
4305867875
4441383253
4462542433
4462324572
4677441834
4305909023
4441356620
4635307213
4441396220
4600241832
4462625593
4611007184
4628678178
67993753
30892730
711256027128320000
27442455
4665470540
703269061728178176
3561831618
4635773294
710823928684367874
703854507508105216
704193701619175424
4890809162
709232724939132929
3301397145
4429249524
4889126782
4638053953
4649713278
2559388344
3595473570
4423035074
4676236572
4429328053
4649676498
4440496694
4649294700
4440303372
4649408352
3301582011
3562327032
696270711707439108
4676350616
4628738480
4888058232
4638168812
4664799014
4421926094
4649597892
713244291779395585
4650027926
4142095753
703278408768204800
4146049873
3599951899
4676267240
4676328913
4440616274
703262387005030400
704306315414212608
4142466252
4077903312
4888310209
703891104223985666
4628285954
3581889553
4892661619
4649932874
4649812704
4676246876
3578103552
4649317016
4440911533
4440579440
4142549112
4676332862
713268714876051456
703276128077631488
697814081009381381
697803174283841536
703257085685829632
4649276197
4145521092
704307645293789184
4798819022
4798866031
4798797800
4761315799
4798701924
4798782536
4798826053
4798820893
4798767620
4798675572
4798751342
2662487898
2843727149
4880551461
4880637609
4880643599
4870618093
695881122719391744
3396718452
3396805760
3457772718
3457790780
3457737193
713301957532786688
713301383693279232
713300836047192064
713300339189882880
713298961411387392
3322711847
717362594
2689042142
2713346468
709701907330179073
4618880730
704680531594756100
698474496722870277
596757751
3230776326
706835156867399682
704358524625809409
702341896954363904
3015313637
3861579673
1604913661
3303883204
4716824654
3202315397
4896489080
4393749625
4874594306
4874476182
4874605454
3539797700
4874462202
4069262404
4874488842
696379957988036609
3672067754
3672180085
3672155605
3671596045
3671528773
3671431754
3671308938
3671417353
3671411060
3671256324
3539779272
3539698212
4881395819
3184049629
3873363074
4892765175
3370020681
2814624411
157467084
4249232061
2542976448
740751524
4135045753
4272882569
4377208453
4300587192
4272914601
4377105253
4332660793
4377024074
4300784773
4299766824
4332068652
2728023531
3280250408
3317339843
2729864740
1352820523
4881772804
4123155558
1253284152
4873151684
4874949591
4288049485
4112851574
4133581160
4123615214
4418732676
4133735174
4332788053
4332772585
4299731480
4133611092
4852875155
4679127192
4677445093
4677384800
4677376178
4677135583
4677119113
4676989472
4679253277
4676894904
4676909448
300315431
2927976997
41579977
1317478098
4730455748
1081324430
4716539241
3188130416
623584562
1463713304
2723677583
3273785755
2546087191
3194432798
4781970452
378738723
3289101950
4827736338
347158382
3992720657
4831305411
4768922602
4675487454
3099760072
3244768009
2558215738
4166197813
4781272519
4314095356
4361998813
4777155674
4788928403
4822890923
4824903593
4769969323
4641440112
4820801266
4821166462
4821163198
4821043365
4821040563
4821088943
4821146890
4821141178
4821016929
4787702675
4787637075
4765359291
4765373717
4765422934
4765410448
4765208565
4765316242
4765191327
4705168217
4704928400
4704277130
3207265785
4694033053
4694013013
4693992661
4693919630
4663189755
4651517479
4651363752
4651314060
4651220870
4651245685
4818227993
504700111
4769366183
4765068808
3870593063
1396698397
4753017148
4000880413
2585461699
2849099862
3077392561
4426871773
3077927353
4637676015
3734028853
3236219144
4640871596
1029794191
4549823435
435163091
3308940790
4742949575
2367487133
422371624
1132189146
4694232751
4460548875
1042696340
2647560324
2345273296
4682908274
4719203421
4717833316
3572925856
4712586321
447289387
3394931577
4635684020
4635726379
4635697939
4635570529
3382219993
2425501657
3041302813
4701178340
2990869952
4700247463
4691934426
4684337478
595987828
4430019373
4693299139
4692777451
4662288915
4631165243
4240553343
3776808137
4688994452
4688877740
4688798846
4688835511
3742221321
4688854536
4688765190
4688646444
3226819139
4047487335
4099771977
4295681593
4312858347
4229427979
4047510388
4047435027
4171747093
3422887577
2688578612
4660822697
4660744695
4660774277
4660727417
4657985920
4657826253
4657802025
4657751961
3355377940
2928478961
4659798441
1351915194
2164639654
2940601226
2943170833
3019609176
3019671355
3019794451
4577113714
4576795043
4576928489
4538815641
4538709075
3019656007
2939355074
2939350286
2941077830
2941009746
2941089997
2940992286
2939466865
2941020558
3309642781
4585866741
203802826
3230687509
4334998814
4334957712
4334684844
3237106106
3142598323
3161934450
4334795952
3230654942
3230597124
3193104279
4054229900
4054100773
3167676500
4334803034
4334260272
4100916259
2884285801
3238235933
3271655395
3271650625
3255329558
3255371965
3255363379
3271859197
3271855417
3271661438
3255258918
4616043143
2814111206
4478205492
4660257853
1666368913
2594846196
2709334092
249820266
4629680536
2881653497
4318748833
3304542582
4636518399
2840561241
2927872496
1214094583
4197631936
2734392102
4167181245
2620554481
207084402
724347223
724021406
4670887957
621294049
2757293881
3022493357
2361855089
4617831741
3701764347
4634002109
3808140136
3296932196
4636208897
4150610925
4633678235
4667844552
4568545094
1299560029
3818695282
3330409263
4246453996
133282509
4629051377
3301251615
2822978973
3625780274
4160722905
290526711
4419319228
3017790438
2598421155
3433495167
1203400333
841821420
3248645048
4523433562
4499478556
4499433196
787728006
2284039989
1489488756
4650832532
2940452133
2451706273
3274927453
4635846403
3120291191
4610054235
3186420809
2175415346
2261803928
4605764596
436144823
3461866817
3638406373
2912043023
4603541418
4585448896
3457243528
4640841829
4583918843
3382461064
4290282629
4573840515
3369082354
4576879635
2891739237
324672269
2962160405
3297127012
2894543118
2588803073
4077167173
3355033485
3065165224
4627545378
2513534014
4627798219
4563799523
4563945262
4626602840
2368854432
3317269387
1908577920
4562715437
3910076115
3094530260
3242995452
4619179153
4157932061
4620276842
3188540690
4619910672
4619898150
4619875332
4535682681
4590957552
4555545438
4555618394
4555523946
4611810734
4023597792
4023645914
4023565754
4619574913
4023679998
497913490
1160963822
4137429795
2367637711
2946774360
761203722
3570899176
4279318409
3670418783
4508830288
3081864116
3339156778
4319040800
2863446332
4439964136
2927085923
3433035141
4187972974
4538047762
4116423080
4541718203
3296542968
4608190754
3413594773
310072711
2790175677
4389896295
4436360357
612812072
4213498152
4299909134
974198634
2937513003
4562770201
4274622019
3296910483
4453853554
4419743242
4416048255
107030164
2330829530
4236752115
4229510123
4229493898
4229471626
4229439196
4229420068
4229403382
4229389822
4220377222
4220343322
4220214315
4220314108
4220234945
4220269756
4220215432
4219984059
4219954871
4219845381
4219900480
4219814537
4193829489
4165646637
4150749274
4150675049
4150606527
4150638515
4143222148
4142987363
4141638045
4141743532
212457192
4141735102
4137806895
4137390761
4137378137
4137310821
4137291735
4130594219
4130649742
4130628814
4129730021
4129644261
3989454801
4327927701
4327937236
4327877902
4327720641
4327739063
4327763122
4327733254
3020548857
4150701203
2258895048
3164829736
565513109
4418495354
4417923252
4417939812
278354701
4418022805
4417987279
4417849099
4417751834
4417630872
438653595
2635088846
4362680240
2842291027
4279893466
3898423756
3269135082
4073501954
547269324
4252832897
2614134328
3699935053
1655971742
4321328478
3174309776
3748233496
3196941583
3158958500
3134904750
3134822652
3988025952
4248326975
4034702543
4304431874
4105524915
981414536
2908833270
3238081652
3848795652
2703718108
3296443925
2235853438
3355468787
229404390
4227254597
4207677132
446072101
4132871915
2868902972
3305097968
3016372994
2933688607
3235843494
3167409703
3141986689
3177526976
3142033483
3177537205
3180270204
3145989753
2592607105
3146325704
2334711415
2592588961
3244784825
4092125721
4209905079
450585486
3257886644
3257283319
565521627
3120780631
3997560078
3120134497
3192627954
3129769080
3219237836
3120082202
3120014364
3219271646
4010862432
3237662880
3238089474
3238087878
3238178827
3238143854
3237764833
2580034592
3185919469
2530092781
2392592958
2406770234
2433914202
2396179639
1874912310
2566784964
2435682073
3185464249
2541745220
4199453129
2944676715
2962833083
3578944217
4188235899
4109999472
4259650393
4035497182
184950588
2908933613
4258187118
4195085842
773254608
4132390332
3833220074
2786113460
3251788915
4197729279
3358410963
4197539883
3258382212
4198650736
3324702205
3537281975
279051499
3358118675
57106114
3648159376
3008614887
396310568
3076343072
27260086
3379765629
4237005854
2606878211
2842817517
443915770
612332524
4191659415
3340451434
3743149332
2397810565
452522020
780607772
218296643
829493004
1559727823
2958149089
3063906639
3303732954
3379516029
2968947003
4164227686
2788435320
3905502500
3572946314
3572965639
3180945434
3180969163
4098657861
4112124394
4112138368
4142396909
4112150182
417847319
3333284660
497877223
1885647188
3251318773
2441264953
1286574883
3011955128
3138347290
2968532350
3308655785
4130621307
4130648051
4130698882
3356028653
3423361875
3437452419
3439325003
1912622119
1609986637
498426241
292139823
2509594370
2250625648
3253847891
2521971411
2976123727
3335374012
3587711779
1849294807
3633881121
4092117269
4078668574
3287866576
4077114077
2257897596
2902092632
3940755614
441337218
3185221248
2928085935
3422476823
3422479013
3872307976
2779789223
297291278
3347852001
2567648001
560689653
1048523354
3919106013
3918576557
3297927214
3865697188
2837398015
3199433476
3777081013
3862127194
3120530690
3773666840
3841746076
2946221446
710941692
3737087840
3682843590
3342634636
544575148
3393055634
3089535685
3164994562
3111786158
3224013786
3787647856
3697265952
3774157281
3774245182
3750967049
3750879561
3750912077
3750944956
3750719602
3750596055
3750631223
3750568341
3750602003
3749762896
3749674943
3749640501
3749602041
3653130985
3740505989
3653128340
3653180594
3740402007
3634361242
3633141321
3502929376
3400327671
2923506077
2923565560
2924667585
2369056593
1513445587
3526843156
3468742577
3450473056
3305720475
3450105627
3389464211
1706950092
3304805398
3073931965
2296750645
3299980962
3427184705
1264007318
1560550669
3644160914
3371654650
3401592149
3349520547
3254723317
3254595474
3254618989
3255594548
1952335644
3622697592
3622692560
3622683439
3622202532
3647455875
3621916933
592162643
3562652837
3555644418
3483613154
3231006324
1650641881
3097937179
2886979846
1425861522
3184364004
3284100937
3225794948
3631267168
3224037629
3245736852
604142194
3523806973
3533295380
261135147
2940160652
2540707183
2311220917
2986590077
3529902138
3066869018
3612180982
707299778
3035103819
3503804478
1150325384
3493693994
1924747801
2909575001
2249144238
3421722194
2492185177
592579597
3373093222
3022661522
854302584
2694299182
3560311755
3020503592
3145828594
3503947157
3297000225
2345183747
2921009279
3238925485
3393739278
3150875724
3125423966
3190564597
2242155164
3502456395
3397493122
1649695675
3310396825
3293879809
3493231517
2855868765
3052860391
3052849873
3052834855
2279878551
2324113335
2338755902
2279864747
2772254121
2350147843
3113921667
2279871063
2583324964
2242344950
3393005952
3492652401
3338895135
3338812816
3312036725
2550073879
3293941248
591635935
3383053465
3382860792
3284195467
3284162528
3283907780
3283828614
3236631151
3236605574
3236543640
3236595098
931650127
3236602658
1190353838
2236385568
284544530
2615080382
280154858
520674395
3440693794
3056878139
3461687488
3394560425
1001981310
549552251
3253825675
2467699962
3168107874
2165495818
3258139404
2376771364
2376763173
2376765280
2376761182
2376751245
2376749987
2376743943
2376739053
2363398725
2714759452
1618283558
3435498970
2418020941
3059041125
2613898999
2972806893
2909414459
2746197431
3243887373
3398995072
2959013427
2867965083
2935838338
2868848212
2868044153
2869153324
2981878629
2877886643
2868771549
3435444863
2869125430
2893579827
2868014039
2869297847
2868035619
1408547701
531954396
826043172
1940071735
3434021025
1349819647
3180450289
3388497291
2745235935
2454867902
3136699160
3139993747
3196396254
3320356178
3186076082
3320317110
3163615766
3320430109
2921611998
3238670400
3052040233
3263060022
3188896789
2861484531
3430275839
3318915181
2893859359
3301331310
3301391180
3301383374
3320441089
3196435928
3238715576
3237978604
3138488304
3138464352
3163521906
3164836262
3238664808
3239634355
3263058558
3263149501
3239616289
3167376535
3237825741
3237791493
3187651310
3163587637
3263121008
3263063034
3129344738
3208048939
3136625526
3136685299
3320306334
3138654758
2594517852
549365231
3317341288
3230897936
3108708282
3428209971
3358993599
3265705658
3109926984
736826888
505927534
2940202191
3408542369
3426001367
3184596422
3302713110
3302730446
3302731466
772800476
3315738841
1718911130
3097798481
3407739105
2805730499
108600440
3409183191
3311459461
1259840887
2924659891
2182551912
2988455753
2995506234
3367032189
3306424670
1634079704
3303832213
2456146312
3356808017
471596128
3347092978
3409975349
3252175112
352701848
2485873632
1142889414
3408116153
567123813
476267668
3258471960
2856606158
3393032835
2217280046
1439626902
1617131167
3407999327
2752785671
3408002193
1639709256
3391270139
1286565444
284794488
3232028251
3408149080
3290416792
1026518054
2962807878
207096253
3407492267
3407429859
1005496992
1259417502
594313003
2947010614
3406381883
3405819669
1044562070
847899984
2645347562
732414632
1322229132
2908807713
3303109931
1116119130
3259464140
2973693537
3138111984
3305323478
3400916020
2411482286
3368544388
2278056140
263453320
3179066292
3204836367
2977997782
3289805875
3299873772
3102850989
2167238032
3302888881
1024968102
3398581395
2941586958
1701635060
3276932420
3297064416
3287813448
3281853578
2425391182
3394470683
1048359966
369064946
628050703
3394482677
3394176473
3243360015
3300053480
2879653084
3282746030
251714305
2848099809
3391769985
730227332
3292849674
3252541375
2562510456
3292626518
65455370
1590769446
425116010
2911510343
3309763961
1424136438
2997795265
813598752
2311941542
3115571310
203427179
3384168197
3384909082
1375642520
3195787566
3195803070
3195867889
3196347828
3195804643
3195803257
3195739063
3195873871
3195723091
3195643176
3286099286
3002696645
2605057579
2603547546
2603539626
2543485680
3206836899
1582188050
3284736816
2541041669
637274015
2872734329
1005968544
3360171383
2365169880
550618486
3348407579
3281955139
3338356918
3314666440
2718442239
3250788638
3028158878
2734744587
2289139118
3375891401
2182020504
2245673023
3254949545
3279455462
3249347538
44579696
2651590486
1137103128
3373636611
2859851531
2916543476
178944786
3278047598
3371852201
3278329298
1613628684
402593580
2987394264
2946796514
2528870225
3277118886
3157003812
3363623709
2954893084
2865014829
2421466740
335043806
3012734493
3334922727
3310324761
3325133218
3110285613
3297754744
3179496975
3099646384
3187161634
3221652659
3313360905
3322819559
3140151411
3099641830
3310419232
3123203255
3123200789
3187057751
3140081235
3191426723
3179500989
3191438873
3310422856
3297758272
3370885511
3308250041
3136095141
3191433329
3296146803
3313408667
3110331743
3110341103
3191466484
3311894099
3311943946
3296144811
3322817267
2951792347
3281301183
2180154516
1556077501
3243440024
3192529244
634806022
2542118449
2858385901
482845520
2393199903
3363531742
2989037112
1084838071
749626020
424868000
1968271286
3275921358
3357878141
2259093583
2951487637
2781499628
2942456155
2781518251
3228200664
3228188929
2150833998
3071197268
1590400021
711753074
2275517624
2681066580
2436197644
3224087232
2910365699
3270291462
3250000568
190940022
3260404248
3357774106
2554873520
531310923
3262849675
2985139482
2716067032
3090051560
3246768145
429827875
2599467229
3182387708
2360331231
3271542410
3271627081
2398455608
2752975859
3308833359
2752692757
3269351784
2495306845
1530786354
3325990966
1053611785
2739181445
2266842865
2930373498
2456259178
3363594977
3161564879
468687280
2320595032
2827455098
3329271999
2399145214
3291449697
3305434973
2996099303
3166309340
3251389729
3125425386
3240693282
3240769999
3240758732
3240752924
3240797725
3240718268
3240717846
3240706764
3240722006
3240763742
2888422839
3177581454
3207910786
2561370233
1122835027
2239697856
3118948069
1275285720
2449765168
3159427574
2945235851
3234484184
714751544
3307237528
2873829644
2524826124
2283258816
3240699842
3227445172
2843185909
3359446840
2500998960
105726521
3354812915
3352861563
3356016857
2703225541
3128135875
3116833571
3315721948
2585099330
3356747230
2875576180
3295165679
2195934748
2958839183
391811512
2939633007
2994512881
2958168930
3259931400
1586619583
466823127
2516112662
3231181043
1408038186
3224555485
3348656993
3258647442
3258450708
3258717451
3258487254
3136857720
3008989150
3257781937
3247196645
2920039777
3344123325
1735273532
2202403714
3346535776
2202479941
3116113339
3331400860
565046080
3343579415
3010438723
3301224819
2948948623
3084518622
3246505771
3162876864
3325601631
2519981234
3194277781
2999662123
3317527857
2248045429
3215302942
3219690535
526715423
2774037842
3167524761
2949365549
3308591056
2351527132
3305770077
3308221246
1213802017
3230773874
2772353381
2495178368
3065138909
2349858184
3234610974
3130044632
2762135467
212901552
452058160
3163875632
2909672398
3297699220
2994914152
3225203432
2539612892
2539607660
3224278908
2725902901
2801956780
2983211370
3232628480
2912602002
2983282915
2943707966
3229785199
2905990476
2982780511
2952355854
2968918554
2471942623
1921481726
3233480953
2197226024
2156299840
3217656283
464099084
235834456
3186304045
952167139
2894412932
2749301993
3235093404
2231468774
3232275810
3234331986
3112473115
3232305450
705324182
3010831917
3234241820
3304133753
3000437804
2432245858
2909752118
2575696851
3304373553
3233375413
2989273708
2214898479
1195520246
517587643
3230482801
2615740223
2562262045
2480861018
3167055346
3233351995
3300062391
2918651180
767404741
3233302242
3230769792
3302228200
3232944787
3233186755
3192948026
1428400662
3228064822
3112556693
3230490414
3305089847
3143270112
3225718832
3184727529
2869776039
1516005522
3234685851
2937775675
2885976824
2885933484
2484801606
2439391796
2336357815
3184833900
3230616558
2899925808
3305036704
3232052708
2446228110
1330586636
2976345604
261847132
3024423547
3304064164
3302757718
717270362
337557922
3231531926
913479200
3304288942
3303729611
3042426603
3054475440
272798588
3291063430
3058954321
3142775850
3124299801
3230376212
3226020918
3303410661
3187070245
3304539543
3299792056
3231416706
2966196057
2983524863
3180688110
212412624
3031847966
2770271363
574706602
3233549793
2645244879
3193927658
2739838793
3022791399
3290650601
252141905
332458066
2957866614
3262088819
3245845065
2373864122
2715613560
3289080927
834277122
3249309735
3167509371
3203501552
1305914090
3194474898
3195765168
2688939054
1727222683
401275497
2945296595
3138410880
3191469109
3029390721
2241831546
2673850045
495225522
2899172375
225818852
3191668843
563295204
3245497521
64929124
360205151
264828637
3076272895
3008814535
3199276535
1705991035
2717957895
2657362220
3185035700
1311426877
3237731506
1543791216
93167589
1197184482
3181192388
3196398057
3180046334
3193015906
3222544353
3162027402
2689762394
259404451
3187057583
2460545287
2874315422
3163174495
2871821742
3167509883
3154451298
3180027201
599187153
3083549396
3174569907
3155945696
2226037888
3164060626
3171538427
2940782151
3011667977
2727607511
2968732933
752833422
3067687705
2875954448
3112193422
3120175010
1338813984
3158564133
3147300710
3016222142
179972711
3138185336
2875955966
3156844887
3102405787
3148517199
3153910475
3154018565
3154144360
3142795807
3149749864
2874469885
3150041272
3149927039
3056396626
2169860943
3144975437
2816636615
602819853
611959284
3116593872
3089414635
3127969250
3056429326
521263323
2167606643
2798492878
3129765891
3130717901
572930264
3130658727
2865937059
610390843
1601731152
2215878012
442050303
3063581658
1195895342
3119713820
3098295416
3112172223
3112864728
3124445093
2919324905
3120438756
3120443922
2895468870
3119139506
2386850934
2801827025
3120166904
3072901776
3111794371
2545780664
2876634679
733640029
317262708
1654422570
3084521948
318729405
3019902772
2153570515
2958548772
2953499457
2956721921
2576168232
2786670674
840897602
3114241712
2973903909
3127808055
3115147943
3115483754
2941288211
30160168
3114265020
3114302946
3120182451
3113292824
2822346947
383648496
2185058053
3116719318
3103640684
766103665
403269150
3086874666
2495994309
1879786807
2478291588
2487804295
3099567156
3105860024
3024526728
3106124474
3052228848
3102059185
3101201036
3066500316
3095266076
3083723251
1858396687
3084025207
2615992357
3073675962
3073250924
3074620009
2293016702
3077456027
864871926
3065510840
3073885883
3073744984
2257265314
3062597119
3061255602
3062105274
2722058985
2658893806
2724927984
3058922298
3052773611
3011143097
2933043339
355215255
3051988669
3049939584
2960030173
3044936089
3063441075
3041819947
3040574424
2959614639
3060588735
3038810509
3038639401
3037222911
2563936193
2647427842
3035691486
2890933124
2890962637
2890895526
2833496713
2890965157
2558059405
2890894908
2890973917
2890889244
2558091930
2833488211
2558045954
2833457072
2833452968
3033726822
3007893045
3041853466
110105639
3030038402
3029962550
3039127564
2901563405
3041145377
3040947154
3040960186
3025536809
2889360822
625802895
2949350464
3019400544
3004765995
3013144914
3010713709
3009630554
3006495535
3000663533
2364812977
1401279198
260104901
3004156914
2879843574
2919160337
2990970881
2953789030
2923297587
2488411572
2996783867
2890185277
2757142917
2954314237
2988651501
2937315459
2872304566
1557504944
2890200810
2796059490
2565483896
344316738
2740768031
2926349339
2169146659
2562856765
143373672
64469213
1900280684
2225893086
1647194162
1376766584
2566244840
189025107
2420563952
278846860
2215773443
2235504511
2224148318
1456093243
1958514546
1438613881
1498394263
1537814190
1926288163
1426959566
377320456
1644702877
26487977
323062110
1361236652
782659621
362472093
1412057360
969271830
1253285215
277339616
1085383238
507345536
910749512
163104902
814711603
749182950
706503812
43600056
219782225
715316947
715311289
599046310
620606698
363479617
610523225
621398568
24914957
616247347
430453278
115158229
237092011
381018900
261227151
309076312
41715854
390690488
62758291
40159637
390584462
496008874
389127289
386255629
410525837
394131317
287918123
525946817
509443755
348712179
474065028
484383977
317716313
49557545
466648958
263970842
537292761
485766069
301886494
429851131
376373172
56577431
330888236
176116443
343135084
426926437
263211636
430684781
148588476
401152339
340342300
342013460
493293487
49232151
236299332
477375284
498407606
272960987
128696068
161359459
125285296
386308966
348738194
474025290
304952313
165763354
171673701
449855395
463281941
502610366
493497452
476007183
183790676
179223630
368507232
351486019
374431490
379062006
374338035
78217849
361384290
278899514
362183755
61722011
323711896
322705125
133485607
221789693
336936879
333932421
170720919
148004401
332176734
323995158
287561383
321592034
215948171
281279501
130482933
300207107
309339212
18369852
242896116
157089384
254022087
323010394
320203404
227887296
237959805
312622957
320052312
315205606
206067676
304878243
320591715
124077768
59685534
316960397
314869747
298933946
164673578
306026916
162514473
302631100
315048604
47589501
31021817
311273456
298202729
284286505
310714885
308452841
285056067
290803314
215078422
36737067
281669547
311958121
196578821
64521438
311043891
159902320
35682268
250092560
270550538
174350413
189189188
82441086
250665763
290594346
51130093
121213242
258939764
266265172
89931757
288843360
234916958
180727764
309031322
236212785
71705296
220378920
26212078
296879880
307447692
178414010
277949346
15927729
236634604
130979555
307348341
233976486
221697609
302548266
306363054
144463187
162589166
301896502
170597271
165742656
297279310
211863482
144472576
285708270
305455182
232066219
263064557
200113531
141728584
167271491
126429437
263627236
173903958
293530747
269392505
286469828
300692599
301491898
301248632
184686749
219843470
268566133
126513209
297187529
295606913
295605489
295590726
295602935
