706965973035655168
14341268
709465431174610944
2186006480
44281505
4558104928
3352406494
2936097834
1700473399
760868744734216193
760440444325076992
15647600
633075839
1665923580
1658603678
820935110
3305845775
757274038225997825
71607463
2735510534
3174472875
755826817366429700
3390665254
33746566
575404528
4905127083
1388671387
2756240359
30924545
3275288983
707477860722872320
4495515442
54457026
749240594095083521
552800047
2925978953
50511603
908483689
20952146
368275553
2979796681
486932871
3305211392
2753499070
707678685290074112
190858388
460691965
2804489707
578557982
16740511
532417319
747235632003571712
28669792
1643909461
745824137671753728
50811536
710418132670742528
3059522558
3124506583
738145455045910529
987625706
2571342366
2414274459
2586452870
2835837491
713797934974943234
4372832836
736383155385556992
2889012624
744068319490248704
3079976824
743574061494632448
16547087
741025318132056064
735270790791192576
374138602
711307420752941056
262941725
3135900489
423097258
418883891
739211067415535618
2565139903
3422318519
3408793690
762014822
706329546065321984
3167861804
886107121
3086789309
709690251422404608
712801965621821441
398275626
3092430599
2516676608
493009601
3438950020
1968229170
25872626
2869677939
3379155327
542748875
733188143424405504
270435439
712019543414214656
3310976450
2970298493
715841293415526400
1380361633
733526268730204160
346924655
1889068682
153492935
2848576095
585273426
2488108166
2822712590
83784348
219252802
727942992527544320
729351775782875136
727276616737394688
374002137
97282602
3233257111
277308644
251386628
2855057905
2441732906
2793807454
726141694903726082
71079669
2717166421
3302937423
2347209014
50074999
22294112
121576557
1722795805
4592948895
2796076452
3288926470
214817103
2913996682
114323561
158721290
703022164652511232
2183839225
2532648118
282686727
725762857808330756
129513571
4735875069
292570498
600300447
785788711
726201472262664193
588646625
2871006265
2458684584
284648348
376533118
4449687165
3179410956
719155733137330177
1352441527
718809101891989504
3729848553
720364124840943617
725173086069395457
4449537796
1342544430
4501289894
1454488878
718668129790889984
2784278855
2485827151
2916604288
4871689361
16600676
723189647170408448
56836105
2706423577
166240143
1520053339
718653391048577024
39675611
2244258295
4840636611
2874364083
721177216302735361
2905590149
2238552835
714181169689075712
2792145734
2564841744
712273303604490240
323085742
36053459
3092205760
2940323720
4429531393
702987942290132992
718191084552200192
4386946815
4906058883
16906660
3121508429
2788757714
47168507
2889984516
4886191420
243439119
4517739747
708479232859459584
3807105317
10795712
1448600947
29234279
715222650046517248
343910801
3219944390
89765059
4259433257
19574238
14905123
129017697
17218418
207134017
20383
4268916380
2845624539
1584197114
713399808963117057
261132854
114860533
845649349
705077011325153281
423727812
115706754
566794043
708185951143473152
189782120
1948039580
2229667098
1190410530
50543470
2577407858
863525576
386520098
2783436816
2929718880
283043739
1113007782
710232490145914880
2311894651
4915752179
19217369
2927910931
1486744616
707169783880372225
705219034996940800
266152718
582497018
4504569434
2250788924
4887583493
2963108987
3223779957
1235780838
3088811014
43688701
2614291378
47539455
515064177
3029298045
100764085
4866873857
4445498741
4595199976
1853243076
1542407132
1191679110
41134351
310465066
206563211
544001732
4198141815
171569929
4713819376
4220137864
976948010
499923131
2665386382
3287921592
2914116544
1926275846
2995039949
41455567
4922407313
378965393
2693988803
3366043300
4910132980
2846609613
1837344762
142093993
3133129541
512696611
27539070
2721554730
194080063
344099903
2872998329
3288361966
101576455
704237150
3107110095
59942751
2372075479
4889212827
2307192068
4862791938
4898643537
269131395
2798458089
2966947426
4553693603
3141166670
2688539132
3297324506
719124282
2651936329
1076699142
2841780763
91042156
19351599
2394962138
3438519779
4853692207
4759763936
2578269014
4862611007
3352612113
2593706066
2823844460
3022435081
43834821
3320946974
4635823515
2596451318
771274489
53686349
2359277519
825461504
3432655336
3742798042
3379447999
3391134549
60270973
3123175879
2249743592
3452705189
3433885119
2784707673
3310654358
3396382619
3131242373
1460549084
3344201118
4817011161
3465868637
3480363978
4749608450
933590156
63119285
4731339614
1950799526
40577195
4759328116
4747910603
132789518
2456005715
4535277077
463479650
3231069186
634338292
3301681299
4668806968
175472962
4652851829
3363921843
1055786635
108462428
225943521
2831363289
2229419859
224279691
4565328614
4515531827
2376604165
3392175885
3521899214
231914365
2818333431
3435153052
2844201621
2452882510
3901303587
2938370841
2976351676
2936057751
3228079731
3571408274
3018083940
3234108048
580857186
3543110360
3316546573
2457154388
3722141958
3044944388
2600762910
2675674699
402920992
2407500552
4207386559
938948774
4192014375
505109881
3234568966
1879944488
529747739
4028153054
3246296277
78486402
2724329181
22566030
60223950
3032771543
2631570888
3651988213
4075484366
3387991078
1462203223
1847432659
33389601
4053378125
2255898620
2990466338
3095430818
2209085185
4047705022
1428562484
3304577522
997735476
554400244
3959463029
2973940259
16495008
586134962
2804088314
3847590612
557265175
3306357500
3797984178
25060654
3188853513
15203006
2522512664
242918894
3185061097
904587308
3233923133
3718444213
30188972
59976617
1527760766
27667643
3608057363
2588663610
2706612429
2819247256
3721786816
2477197932
2798609018
3736398383
3634387994
60040299
422055996
2931474600
3426879999
333688436
3221963612
3549643944
2770281900
58323501
3091302413
2872027562
3633049816
500055179
3607667175
1495943988
2908330684
340970752
1181229846
3501463760
2786395269
3312286387
3382121055
2790744888
3529031721
3460723763
2854791700
2315874928
224310598
3300249326
3460797453
65974890
229350100
3063615107
118808496
35231502
60182673
3258195498
3327603554
3161107329
3246062155
3398986599
1903362108
3320040283
3011487746
3349746083
70466918
1947572312
22493135
3008561324
3177016069
3298599743
1337824454
2859577171
3400566538
2371018027
250315620
118194107
19015287
536950156
3280151839
3243656034
159257982
2804854327
408943225
440384887
1656825386
41306753
39941242
3233654790
416820516
1606657686
32508431
3018742509
54134690
2863320144
2946694850
2218476955
410122007
210308712
3254840528
2862495071
17138423
2786216155
18302933
2880280417
1494313123
1543337340
64131711
499428540
2855949487
1544372160
3260463162
2358246756
3033091670
1730320867
3033186133
2782040341
3028869977
621393400
1581572598
556444193
2879163272
1695839551
126161353
175891461
2831436002
34749996
2863088809
528071762
3245541990
2891994706
2782186519
2761005483
2795057922
47405998
884252689
274109576
2764458266
2802216965
3075683053
460697784
234541181
2865668345
2969732621
2801213839
2541766878
236518102
2474307219
2957464534
3089238207
259808059
2386648014
118652552
468841864
792978680
2525538594
2815279566
1556456528
2849321642
38012607
3339290578
2227097804
3296603668
3229787855
405604058
2651464544
2815224697
2834535063
507825665
780426085
16015769
266631033
2752897908
325246257
112967246
21819264
3237338836
3060235391
3115270649
437709049
1254092694
2241040903
3208048924
258627515
3243326931
3222400126
3264386295
3189886086
3165965225
1242047425
3130396523
2775504008
139292752
539920436
3106787658
3187798135
3092727075
2437486722
1962117006
175428809
2977968005
24206059
2788788842
3240212488
2937962502
2860013394
41367821
3017453544
2272138994
236147710
3011938292
393756935
551200721
3095348381
2609222161
2430165854
17944711
588742677
2964038584
2811544967
2710813772
2937680624
2769345414
2357576876
3107789626
2155970185
750069644
848196925
36203413
2887758677
2579483762
3167030909
2762780990
39218092
3149579695
2987613632
2424010902
1959421836
3148505500
118986793
2699887286
3140638171
3004310281
1686315325
118221781
10720422
25563917
1398515984
258809020
3023944838
201553765
2788274419
66827240
2243372742
2797610641
3035534707
2756873076
3088610712
3088461067
2202301848
2666936809
2990286186
2834181371
2804329145
2546569084
704260007
2730814014
2891807243
505775222
513791004
21381909
36390041
226523183
2818207203
3043079308
2806495690
11353012
3065755409
2916926348
3066206409
243593894
2873166965
2583292039
590629399
2897317219
323458096
2833599255
3072248385
2790691692
2242547935
2863787846
3056256582
2844220461
2895082813
2830488368
3064966930
723879061
17665210
950142270
33476855
60703301
2792322365
2905985579
367774200
54100793
156285331
2783761682
2857905234
2355244596
2993500138
1858786956
3032061313
14307648
2855449623
2825755019
2984262048
2840824778
2782990274
2888140440
1537181251
203466008
253036168
1570918375
2457823680
23307970
41687358
908541212
3019218960
2531176532
2873886216
2798765632
2932755040
322272570
2897591912
2886882180
2819948867
2588321996
25300555
2180227328
404813617
2891286716
3008170369
2863748558
71869533
18027864
15477254
1908980162
2857034046
14727238
2607290564
1666201591
42489282
553504113
14654908
64703393
2933163547
180528062
2885821756
2882829690
2780075550
2958167482
11735342
2973420065
782472337
2832342387
2861423605
40833031
751492326
21371939
2979891268
2874237561
2812908133
124521019
123666193
2899637490
837965185
67917587
2791835904
1240067491
2846551735
2783985870
2951963678
1613601134
31283631
2746624915
56230246
455883559
2831032707
1318542156
93663419
2960949718
622932874
2801890131
2534342832
1540486075
2832271336
2952989314
2811157786
2840594475
2817205998
571978932
2871404379
2943145919
2943198075
24734335
2834752995
2786875513
2834741012
30486932
2897016000
487763178
2871413367
2932222223
2877481450
2869596159
277475162
161469460
2706312042
2791190459
15350768
2918968629
2927951094
187387276
2918445657
2699603396
15917800
2814040284
121112852
1909400137
114584062
2810864653
1531368576
74576368
119815139
2908678041
532120327
140542416
2826414247
220842543
2865611657
1571231719
2895550656
2871165186
362100909
408868646
2887482477
2914434283
2841530615
243739078
254359538
2772384200
229251600
2851818728
264544779
2850838871
2807677458
21060711
2585165988
2905205741
2796851485
2561555594
2822560650
8413782
2846634265
49097621
2900583291
746689340
29419129
2825323358
1356030014
455444298
2800681614
856770570
244625381
58440682
2772264097
2796746353
566492902
222047307
2837524258
566357400
2613183703
2810395514
1535339618
2806258613
383048295
1465707894
175280217
16601898
76234636
2765809520
2791696601
180548361
2844707753
2393066191
2828902085
224797393
8910722
2754008947
78686573
524788308
59603288
2798674870
2774340015
2776819426
2243146103
2829837429
129636453
2835775263
1852095463
616914139
2898092005
930287736
2830047422
358863151
746441948
2872428455
2896835628
2877494417
1385975335
2858110355
1713182929
63913014
2877719896
2838985557
2855940239
392037176
1666142936
317947090
2899827380
2858325213
1730530016
2883102823
2829693507
131082277
596221132
2757122510
1499808391
2833184027
1889098668
112614146
2774031603
2834440515
2411433529
1705579975
169326150
1284994188
2455878782
2796471254
2792749508
2871758446
2818100251
2816482591
20031359
173646245
131014828
245437684
