763768389936480256
60924482
3133693687
47239461
760001908312596480
329669169
748168988614627329
1268259318
2543240285
1527613116
763713801007009792
763902599594729473
3144981345
1403966677
404220883
697203707348443138
210436496
763439408452296704
442216400
750335350921367552
2538051499
223860618
2615538037
4334605841
2321241114
4824433371
1074490094
759469649096474625
758510026604605441
744309232787460101
470072149
2839733927
724817384234704896
758276392987553792
390403965
3920751514
4691394494
3987184095
2786223035
4839088816
1304254694
422523876
2151894740
2904967574
364748586
761684669238771712
3018446975
702071546655805441
3349493771
415057801
761249841578143744
752370251459887104
1158810546
362102394
533384347
2808008519
3625823243
760863885637353472
3410719413
627992380
760631089236934656
2345910576
4279632148
108475722
1926806214
759448391969599488
1945343491
759100823632744448
420489757
757394176665419777
746057865807396864
2870501114
2293018723
1551783884
1148644172
287774267
4869950109
456147820
2211387697
58687057
205957912
1598841854
3093009448
734108021840715777
784616898
758497268030922752
758087299334823936
4286109989
731301336696774656
758025502128873472
374270185
704388816761659396
4115771043
3763539203
527018442
738099583734145028
716743054
755444054255661056
754635881298919424
2263649566
3346505133
754002242689269760
757629876786593792
757597946762395648
431662222
4284793761
757306902997045248
757246842937761792
3379703415
2210826836
713056572
584198683
3154645577
757023623597158400
757014828863131649
3394879972
3115361061
2308474776
739602333538131968
756938753428643841
739568739478298624
756861574049046528
2389283760
625632227
756873856502132736
872754787
2730506808
2269275288
2718436868
3118538545
872878230
3506333416
755968738449469440
756523185902907392
735535441697505280
794748007
127696250
756364920162250752
2349544907
962445799
3301642089
167460547
723601845357318144
746882350055886849
374011986
2951942205
2492150365
3025532434
2832978568
127844691
2900803327
2878830321
880819063
751488936
336397664
907338829
2738098641
1096990436
939772148
1182520490
4078537431
516098912
3258119331
50749041
1411529664
394342598
2316970699
2373460469
4573034663
1427670464
448066727
326544459
966529790
1604593740
282235044
921498300
726810612651708416
2234750234
2365846520
1216975874
528518606
315943574
3417610251
46173207
285953424
755514501689122820
2978409897
2407131050
2324876331
3226296640
3230991581
2886177543
156394964
844135663
2748354203
444703630
723684322667040768
994187371
725494231909933056
2564669226
695006156616507392
2952032609
755241814987247616
840150354
2817701477
569504636
2866252088
3239750955
223479742
3295190225
4833884290
2366404170
755213883615371264
4828517243
749338430723661825
1296763123
2858258867
742053832331497473
2898869551
410595075
75334940
705450386342207488
2819853970
4862449043
754827601592582144
2956431629
2498761707
3838317376
1119776047
44327948
712398391469334528
2905666486
3225950770
708016358416637953
725696694545960960
791555148
736617891496374273
4902243376
636323507
2967888993
411115109
2515932833
2663746020
721241618397835265
3202236604
754556525654446080
2803435187
3325459995
175573447
1182969584
4122518129
3047938259
307437481
4508246427
1099523366
748219834295529472
258887859
316510237
372279310
1875680228
317727343
144226780
294574555
1316405539
747561056940089344
754160127612166144
2259530478
249823667
2751365081
2352092046
876231998
2889935386
4700972015
4838973809
900630535
4899770649
2609952843
2455638333
3294538042
1409992286
4873869467
4196647863
124319753
117244109
751164073379782657
539039553
2434454520
372363739
4692831072
753753465084604416
4718811220
743957213346205696
729857026541662209
2333555754
864697314
392063111
753505767714656256
2999101119
753430376249434112
3258623308
2899691608
4876707806
1448209950
2751922233
2175156245
750409226082803712
365966880
4842610246
737618006260342786
2971576819
3819046509
213024145
711594720372326400
3331532290
4833140650
2323829858
751519807330250752
366650874
4850798451
3165202227
359217229
3221614036
425421834
1879161702
1434090972
306482250
702202245
2961073270
2902307374
2345867750
1410809504
151592480
19569136
4463981063
751548939451719680
22326665
746539305305149440
514766275
2370854130
750665347137691648
726590075362889728
225564175
609345594
1323543468
749249234529058817
4206951412
749404185947504640
733627843201105920
749369070345150464
3105026079
715346927873863680
412010636
716550693260136449
2790211280
554712833
744375834690068480
351992596
4892375261
739653218167312385
729048170290909184
327495101
2160040074
4875492369
742718725040820224
747754296729550848
4896670205
4462417223
389606507
726574922621919234
3047916888
747279882615349248
738057176070115337
4076981087
2850648999
731833268300042240
726622874316894209
461303389
3351548146
1261861057
4505595262
746878159149228032
746683222927548416
695635325012602880
355803286
3361247679
715202586022948866
2338703322
1309044655
722123446126317569
728613023779295232
3299212599
1935979782
486920984
2832847828
1467876654
745752393040670720
225997964
2914380805
1240018758
2745510536
4888818467
4615242800
4476415152
2991763844
2795510527
3437168603
742705282640404481
2881717631
2267375067
743970482404327426
713184584884559873
3569868335
4331816237
710851254717706240
715140492
1634516120
322158747
704376950941425666
175538342
733918279144734720
3180238708
3233557661
4701763697
602826193
3308780314
743096906549760000
4453727727
734602959808528386
4841026822
2613391438
741650524043411457
742518315764043776
2398500431
740138076782120960
166793556
740953385252184065
2949641679
3029182815
723232834257870848
422576603
465970366
741808186882199552
725135064661680133
726799221337157632
726623004810055680
740545900762791936
741421430051590144
4084636883
1596386617
3222121731
3167867146
375823764
1932454248
3404524013
729851496070823936
635587616
106552057
723269648540639232
740025460332060676
2341227972
254148392
4463021087
739485327979601920
3433331422
35483157
739992401004003328
504523339
3178181710
2348459414
3008966573
2879892053
328556040
4645790717
734916484091236355
1403325145
241154021
363774816
735530962432495617
2368505282
739941104414527492
2996550269
739618388654362624
695396360883818498
739542267610968064
4902788303
76075980
1705145430
3003596909
2149725163
737760119270821888
738507401029111808
729362170354360324
1673642396
739134330262441984
4603610213
2314566018
3297368188
737719748365045760
738689339832565760
3105913891
3903590242
545599282
3095515012
2555960208
2603936924
41604358
3047477691
4862109272
1607038878
789117019
704056995654008832
844626590
3080280837
2481399066
726683698301644800
737966429631287296
391277801
585995467
2374054399
2623761489
735510584532344836
736302839820083201
721237028
2379572910
1126807488
736685158183632896
534875348
2550584972
737055886112329728
734393357603115010
732665983068954626
2456368781
2288708946
736608038740733952
1973592840
344085012
363856004
2914708804
3068632325
2397242875
2990438169
390990952
1310927204
1349821920
713767835676200960
2428044892
736581148919377920
715928505960243200
171710674
816365088
733810110221451265
2521845175
1864428132
1730064912
731270334834483205
718140728032014336
4639186696
4614323962
989584753
2792888881
155311065
735883974036365312
728984825445687296
3307301387
378079364
423400049
2544052866
1730392488
726806065380093952
1258304155
726799653983768576
730558712390258688
735272688508383232
2335138639
733683027365273600
557175676
137023102
2729480332
261551941
704109158304518144
704438660
211730465
481736634
392939666
734880434866270208
3290930431
734033297576239108
734834088025165824
3368553838
380497906
562414105
1310491075
734615963912523777
402959138
394990708
734518034245656576
2707699831
732795379671044097
733801086147035140
2953759283
732014635734474752
2689184849
3431790299
2962551507
4182998794
2820642815
1314297517
2881815353
733497955341197312
2544168379
734091894725214208
3131941235
2278023432
3401720063
733641338646827008
2407998660
1387221572
2243950020
2872338088
3229441586
732257019361677317
732687366788374528
1002262862
103596343
3067981941
733288888446423040
2182209439
547208989
2304736607
1452793080
536731592
731043106854834176
2190903746
1084652030
82399271
515728902
3385111569
2554704107
709035098243465216
595017041
3126738418
2319491907
732804563217096705
704643590862065664
1720361102
730068827267076096
547164683
3438075777
719174358435033088
303459818
1494580705
730607043875360768
3796942697
3067107866
2864509547
731868338687774720
3200156739
731902406817136641
415921286
725879466153627648
175871465
729834232059703298
731491941024714752
3068596102
2976846239
217798614
717362594
329789271
4220252475
2464956546
3353765653
2826819695
726929876926763008
1265683238
900694086
3413322419
198124027
730562068974305280
824502074
2666666215
730807485209165826
730159895761268742
2960677557
3295840192
512492790
394276254
2676004726
3385351240
2949772101
34089334
98507672
730462136791670784
2800735611
4835204267
717692303381569537
302803290
314838435
700747245784682496
3360631594
725641218919698432
1365219738
730154204854104064
1608008593
308203763
730085311204732928
621277867
2718124086
619427180
3047939174
488263289
427183921
2428110930
724784611335757826
3826315221
4718718496
2957682591
526615981
3837260421
3527077336
721036286463713281
1151191170
2793423799
729294601232723968
3439474870
4285309847
1198143752
2863184780
4727828267
2588312583
2902917743
2202403714
724458820529999872
3141154954
3321424132
720694359738474496
309891685
54900237
717137463655817216
716064163009863681
1187447695
3060085137
208694211
2904237167
1691430752
728285288200589313
275830302
633705182
728657867255984128
1220169775
996324348
724793477649829888
727151753347649536
728578066654449664
724255331497463811
728363998937264129
728239530097119233
2579840899
727308353773404160
1508706900
570255081
625937527
3643132161
724772626682548225
2788864622
195921898
971107380
297502903
118743128
3117674405
476642085
4324294463
735722467
2147994416
717368841458810880
375215742
1089966558
2845444414
2165495818
3903114612
2715876221
728009558489206785
700612960
1473095198
2781167918
1678670491
716606458931068929
4465310297
4894428767
348742814
900739663
716758444708069376
52180061
91552787
1608246139
2902826122
62499211
2296939596
2847184884
4703717052
3122172759
3040898459
966740760
2778432863
2790024276
446326705
4840509639
3235858995
3122600013
2762069715
252626415
815214252
1020956924
896599590
2648405290
2704702836
2334694812
724342443756425219
887644572
4843625123
725389822764941313
726425747389333504
32595825
725347808581193728
3749778262
2764841165
1250602352
705550552483106816
3258768435
714925881848889344
725075920281804800
3029308709
2909770437
368579289
74620771
2804660712
714613544747212800
1390535276
726301837759004672
2588491080
723362639674368000
2253090808
4227373893
2900937749
1855732825
718825962331365376
565686744
258103322
2247090615
3139120691
633299102
309970187
2935873301
1424784865
1056549955
726960156152610816
3095824761
2734251070
1523032652
2305288819
712486937106522116
2233136174
3932882963
2368511226
1736778212
2245792797
44197057
704145683473952768
726451986300805120
1682656237
238103623
2929827088
3416789368
726481131231711232
726387757552164864
725769474750734336
2225637030
725781978432286725
1455594732
2205677068
1451480394
3020880640
582079208
321552387
2832012018
1329974370
1277501480
2255989399
3333588641
825133285
724764183082991618
4881259781
861138181
1609477338
555346207
3383133129
3766557975
2785053704
101814572
3252556042
298893210
838908307
2826473154
4528576335
1642272240
723373991088418817
2477760753
724303702438367240
3333797884
4855412907
723620830740111360
3527457973
3700590436
342898872
721004088415137792
3221947055
710176250283872258
2753827973
77986257
718072905809133568
4634051415
2385654984
195195021
1699829329
719824249595281408
717028930327343104
3922740197
3090199300
436800179
563118292
717033661233774595
720379080642797568
3292868835
178855296
192578825
4115741747
3013705586
4899996759
715985982269616129
2934278416
329219220
2232022002
719602329113255937
2743139403
456922940
4092228514
4474718073
719293168777367552
718920428417392642
718133684986126336
4785173805
3178936064
2750044592
717527564437360640
717170424937885696
717488139372261377
716738732049764353
565050637
716491973046243328
4759559002
712286408153632769
338447491
711611965744009216
2550294620
3024140345
149759150
715042959973023744
104558993
180141802
715768259702816768
4920402040
3049791095
2636256868
2998650137
193522105
980937619
896322216
714581983121260544
4815048137
711216056950497280
702238819941277698
449265852
4221733625
3347679279
2879618602
4861535203
2440293715
4822464185
713539707104309248
2745365488
3298603996
710164530786115586
703338002970517506
4809237650
707903569375076353
227737705
3335623812
702638016096038913
706611885316153345
699267900004306952
4475074515
2782392725
712389348805758976
708057897331200002
4821346465
3171416589
2516253512
2621373808
4726239928
2939651927
4886935709
709042337385684992
2950169891
710957991776948224
1608302365
710441046304559104
2758798359
2439173415
129236656
703479535631597568
706568643145027585
4901294401
2234813473
2278802830
322327393
192967664
709110765811318784
3427044981
4840727075
2856039491
4768539886
707326477512089601
1644072036
369773997
706979395123224578
559122540
706542976961486848
2867593720
2792402281
3044964802
3349875387
3167518877
706255293362085888
2858826826
332894479
4921771337
706560068767059977
3321140103
3423594153
4835274987
2919070916
2577500390
351878724
2604735671
4796087590
705044122978091008
705583282549817344
3004218508
2855090674
3192987093
17155393
232324388
3012944662
704787436908445696
4634686995
3218666220
2228306954
4890210647
1663776265
1344928315
1517825785
1588790604
479728299
602167272
862282982
2417748431
702614986972078081
2723688009
4025999123
701162463715315713
3247649655
2371043110
98689003
4853717908
4778266955
702202216497725440
2710663663
2331167628
2170596246
2153106656
342211379
49716426
4886570063
2635652332
4875334787
701551572120117248
97768738
698702759961485312
4854324413
4860388424
701130498211520513
4266564863
2752096708
700803589594333184
4596345023
3313041485
4911533043
2426303360
2338724147
699656006033399809
2971639007
4892370965
3344400550
2924042956
4911101373
2436157220
3041254798
4895123416
3389772543
3584141423
4903431437
2966929539
3020026437
4896134134
3245055287
1305814004
4769605757
1357912802
4893205755
4861276229
4135476149
4898405320
3928636277
4865912650
808656979
3294527967
719931900
1922209188
4860814063
2396738568
4890709882
4886142357
2379248138
4055751933
4878928366
4828538908
39800836
3306175425
178029091
4878864814
4372516101
3345452259
2858692939
2902625237
4863747729
321976531
321032775
2644940363
4680250417
4875070485
2481721547
4874711853
2610966546
4858195354
2571056652
4537751242
2833062545
3350727245
3015503782
4108246307
3850717402
2511944829
4373862562
2644652277
4809173174
792893006
2205949806
4861071839
4867720222
4839124060
2374423825
4866965507
4152568054
4793353010
303917144
4707202425
2522484660
2969780555
2943382729
4310569775
4851437207
2932297462
4808967732
4840079601
345699287
1862815748
1873241016
4310723135
815877242
2500704545
2740430126
4149809423
82680968
1163559872
3761788756
4846853218
3635784321
2356889844
4851995044
4847555625
2971955124
4041345213
2738485951
1347161190
1018574641
4851439937
2435830385
315238968
4841746685
4843494455
2951947461
4850241809
3413328407
3947162483
3669657027
563696755
4836343637
1051811923
733835197
316639190
3481540163
2216835150
4843293879
3246298198
4389575789
2525944741
2901050157
4840816793
2769185014
2830549034
3342121995
1591982149
4839457906
4735098801
1475141442
3226381869
3122033546
4822277421
4836573219
2196463928
1525199664
4619466257
435172352
4832503702
2499368934
4829403405
4829778215
4781259202
2305230997
4568494065
337208844
4821642683
3296767726
3308623165
3339613353
770049402
4798318035
4697865558
4703695610
4704717913
2526933180
4418458108
4717836639
4698370692
2908745589
3280221661
2928749221
4130627434
4655629073
2820322204
319938647
4651566682
3494518341
4642364609
60631465
4473836128
3353132741
4616271557
4495476497
4624358717
3774045255
3404961862
4616069837
4659722719
4534833381
3054138099
1631106344
4601284403
4290282629
3084127101
4578015268
1957002949
3907508772
3238402404
2954553041
3495865395
3183181846
3383869972
4036320585
4509129869
4418422757
3349668892
2872300000
4328239168
4269427456
4543589172
1870183340
3129560887
1583945017
3579089369
4406190988
3192600579
4417603547
4417682620
4431982281
3373101280
97155985
2409005109
3434979220
4228643603
155050498
1308770672
2722531958
3347822656
3023468313
4399034183
226440513
3923395221
2324009166
1708011463
2344058913
3125718946
3386776372
3080110581
4396904603
4243657814
3932637946
4376526742
2344121938
2386597282
602965679
3077859157
3329759439
2269247050
3680077037
3189311336
3298527210
1922621532
4344872135
2458658622
989277799
3040974934
1613691145
2958895571
2790993990
1623501302
4344852933
2267986290
3013050099
2250725463
4188262234
4263114254
1367846936
4055760101
1016339857
3158399728
2771328412
2626930582
4321958362
3933409655
4244684667
1427690624
4195038688
2664868038
2879553862
4302227183
2757205821
4361766674
4288932675
2475966096
4340182872
3366860901
3306658163
4252292901
4341395358
2901620866
4259630591
2720807453
711163722
2995986724
4247530573
4209897676
4316863694
4283021053
2340427167
3111323463
3930965241
3921753734
4186632826
2858498048
4155943705
3241505550
1317310021
4212077608
3610253594
4189155455
4205553742
1882519261
4261052594
2345586145
4204561617
4173401080
2549112265
4112215811
4237899372
559060706
4254821773
26254361
3407710271
2269790148
4195331776
3347014582
334115814
4190307369
3389400664
3131442081
2984761455
3404803780
4165963715
4165695496
4148394057
4160206289
3068091808
469532962
418909917
2815381832
2774140324
2648034349
4167299053
3028301547
4017914057
3244858583
3430733134
1126318418
4025576627
4134854116
2910225352
3173003423
4135790722
4136947829
4135303053
4134154155
3528814877
2888764571
130490115
3679019536
2783856915
3943273947
4115513116
3072865037
4113629795
3602233094
2820239141
4115378745
3035630133
3474244108
634999458
3848174068
2912780745
2884957797
3913647075
4104005914
3461323101
147305691
3875564374
3527743095
2726580518
3327642893
3043870270
4048579758
4053624431
3722560692
3231592901
3819251601
1168523186
3703231041
3122505555
3578394016
4049606043
3985490660
3633888448
3551255595
4049321332
4025626367
3796751715
4025775674
3412187943
3753274037
3886750582
3989860217
2444591233
979120381
1712425644
3332975086
3331701719
3379096420
3353489125
3981204185
60194261
4003996983
3518168480
3998065762
3876729076
3990918351
2247380065
2548979216
3291415819
3784396523
3958726048
624987582
3980181616
3431940173
2737675037
3959158637
2318047975
1048712378
3348134835
1365796046
3503787688
3960978562
3962714133
3373063360
3895225813
2543883751
3099669484
3325580784
3152786243
3366113067
3566638289
3503274135
3676476135
2981963937
3495021377
3538203862
3505300996
3370783635
3603657857
3136896992
3592676115
2446123135
3341822572
3856740856
3856979302
3361677279
2224039734
3298574432
3829414709
3292112098
2857496403
3634236973
348732252
2902387211
2878416569
1615840350
3242551269
3129408609
3626206696
3753895395
1400070055
3381292215
3624393736
3312620597
3401744758
1410397627
3723742157
3621281055
3170140173
3630611112
3188798039
2230488157
3229893416
454064601
632448023
3702157827
309722145
3433348131
3708621796
3350550467
2899681181
3247000941
3409049188
3119602233
2352102398
329894835
745653571
3387467926
116336372
2916589882
2871721741
3666255195
3419728822
3480798376
3627085756
3393857033
3423292408
3574453876
3501433169
3442562412
3529326617
3537635961
3492741921
33918928
1603587528
3148614869
3446396537
351196569
557211474
2667766586
2836370854
3407545515
1070984238
3187324018
3405509043
239550782
246100961
1016619872
235681940
584971250
2639006356
2359871280
2794008272
3039096107
605581023
368385040
175886179
27394062
3316594169
3152065538
1683713167
2542754678
942454994
3221891143
1173126836
3305415903
169821060
1644423930
3305515318
1184341327
3199610735
3118429930
3298618335
827108244
3302873429
3291821709
2964239225
3304004465
3030445044
3244462486
2838301607
2772461105
250187087
3057002652
1565476621
2788652773
3294719271
3091661331
3255083278
3241223745
3044644133
2970898906
3185670200
3176725570
2977661159
3050497588
17948482
2484068465
2261038358
1384768716
2791885533
1373581460
2361599838
3014278502
2548870706
3010633887
2992722390
25170336
2939993283
2992654146
2967969633
2973428468
2962399247
2933871005
2980398569
2279413402
2752372720
2978829315
2737354360
1178536238
2752909144
842528382
2973955526
1063270550
598019498
595154198
2963227893
2964218081
2952549635
2957639897
2745951491
2235253136
549609965
2729491653
2820750177
2945951077
2943145865
2904547216
2751991701
2878082459
1406323592
2913125297
308532577
185199689
2909704719
2920091797
2884593760
2790260498
2881521634
2915121846
2872161385
2884786002
2717152971
2910165384
274066251
