1262776610
977112482
2614629440
1027144333
973688472
768313647483322368
711309501119520768
2790966686
11025612
1964256902
1964216316
2329498706
338743622
415773425
228554424
757243416241733633
3166616173
15048028
144231081
374138602
703327701642387456
767406350716407808
2610938700
3327848321
279156280
2951864027
3112454737
750367544566046724
402839370
1616381407
747349098064281600
3330875980
4835659425
150374044
7392352
3622811661
1663607701
3116934536
4058422156
3367107560
3800894834
760647191878828032
2953005265
755467795249246208
93363682
122396513
171331846
735528273376083968
759466731614117888
739169582540148736
2968276594
278098811
1067944501
1087860428
131135627
253663760
7136312
21621749
15486485
14915769
2778710934
199784543
943370522
3163149265
103152714
3189217099
14986598
352754095
18721583
4650857472
17695916
27151820
302698003
27008493
746342769975779328
9665302
29125558
14991335
734341039704526850
149230663
339601420
190406668
37798757
735343839276376064
155351733
706806044807266304
15766082
3001634575
17052555
351590502
3130971
705645080095227905
2487886645
765025309
4831099750
33326733
4258663475
727177781075824640
2781004534
4204670069
4802754257
723923022386700288
3342549640
1596275994
4788963383
464011046
12579192
3091274429
4634308693
700668200204173312
15062840
271724758
706658301702971392
3258127309
15352333
4526186962
3260287238
696944177544830978
19527839
4159021
4921212597
4904737031
2879078588
4915615812
3561613399
16029268
538547125
340556085
359454995
1322812704
1341129475
3299895680
2474031427
4670505996
4754799667
118800696
103760901
4035336395
872342647
4277483212
28818580
243348232
21558596
74629886
127625393
160299767
23016666
4446970458
250736827
32774989
76455162
3365693523
4328223374
2490609068
3282975180
3971313435
1645742281
3816311841
4044475755
20573822
3723392839
164650525
317689322
318129699
3839902522
3748432577
444887781
3646751653
38429011
3392531927
506635634
84704680
310391028
2460133016
20740173
1626294277
37005435
3406429257
443209444
390176029
2474210736
273033492
3275223858
3081710514
1909079418
3309630778
3241824829
26349233
2710184845
330689525
241552192
2269044853
18300322
3187160877
2814975032
2693927995
2821444085
19616990
81475201
257300343
2524657249
3075079049
3024307836
140676200
110440359
8431652
3153877733
509744260
3130208272
13166
582411157
3053452701
2275297716
568215890
2574439543
3074110869
13745212
811066693
16110739
2937852168
2880106416
237057786
206953665
76786636
308954882
1887916710
2922761172
2772605959
14100764
358464377
2862634373
14207945
2959440855
2943032653
93563944
2904397301
37836873
2205089144
26116557
16553226
1347343466
418137710
609194464
2842055165
302994581
96957033
2824579571
868990136
1307367535
2818473710
1429751
2269409286
2755726423
316288888
2719927331
295410131
2540523337
2716654393
269689493
2415536910
2654427438
2628037418
518704773
2515349399
18146764
2346158455
2543509543
1411552614
17478898
12889882
7244602
2493193351
273710178
2495466121
2405893781
1471136834
18900200
36600320
15738599
1613420666
620367859
480443599
767926945
304730655
99445899
30101128
161574478
2379261416
16468653
854925277
30500021
2280910550
1676941663
1659654547
2289789930
71100179
57066026
619453032
19127030
297684534
701313444
2215324694
263315025
143561317
43976501
22061951
1449545179
1969854840
371614509
17842366
1755761
18655567
1693422631
1377719425
27754737
17160436
581591004
48740061
1308927913
286949414
903949472
250374176
192000918
1636639705
553527128
1571701440
923342250
119436782
917353183
20526745
22170004
150299214
23201219
1453113972
17295683
437874042
436925910
15636847
17227882
805025
161282809
33923443
25070885
131341343
805601364
14996823
1334387312
117684783
1253548754
14296548
1278551287
872954707
341662880
624264606
147146367
42871979
48409832
17489079
152138582
458796368
42041375
884164358
80723103
331921350
754832928
921021402
173250632
7457252
64032895
14546684
83370438
104330424
987636967
19943471
407006770
49169983
906262267
283793560
29986312
16474992
15544659
437959210
43905868
155381776
766590955
769945243
81951837
737883008
257554936
731481210
86990025
110782268
596735788
293719033
597406412
62901771
279272198
167417614
71161713
28897143
398264374
93673601
9184632
135364428
514907374
494999217
418015933
21580888
160753986
223969236
347637090
470662398
425193119
128964470
270434582
109289562
232685551
129528383
318123042
324458211
385826014
285917968
108789292
99145438
116707751
116425774
315810482
64891619
277934663
32225323
294650288
307987042
280889252
17718938
255502666
285480808
259651975
1026871
243808877
9907902
17552077
274972454
257560821
242542755
14682053
225323980
264218954
251997817
33051095
255541926
14554287
151869285
180105135
134613870
211583675
134611118
184893592
48015025
174801071
178389732
17592113
40296822
161518950
93711853
145640725
43748022
16558408
139990550
119004677
75282574
25533504
16862561
129425783
111111522
119131988
131289713
125168480
11375732
120389208
98936989
116024864
14401321
84355166
109500032
108902474
106678607
105633551
101961496
16989780
89572174
15064355
12990922
73972774
73204757
52068010
22949669
25884307
45922390
60660643
15551791
49116302
48637806
43353327
38687802
39783660
18800480
26501959
25970887
15067045
34955460
33158070
33032013
14686950
15553948
25354109
608773
23988795
12171632
23653377
15751834
17594530
16898046
22816956
22851490
13751382
21927003
21051247
18178469
19937864
19875656
19783820
1399231
15198004
15193693
15907681
17594424
15215869
14523801
12371662
711043
16559614
16969559
15483880
3440921
10133512
913681
15439395
16641523
11180212
16338419
16219787
1197291
2895021
6327412
15641893
14393477
15510156
9255062
14337409
14803444
10222672
13593692
11864772
13153622
14281197
12478292
9378652
7231712
8247022
14223400
14237742
13726052
9393652
11340982
12221652
6688272
14140707
8367452
785032
7844172
11070742
765694
458173
3533231
10728192
818340
870371
758404
10258872
11504882
10886522
7864822
1690621
8546492
6651562
763873
8286462
8124052
8241432
8117672
7098262
7621932
6633982
813286
5845532
2911081
