261329860
3403563569
732981985854038016
4852025296
735595305287180289
729333338289250304
4423066876
22816055
274468433
108216704
57184055
3150588572
4819959725
52429172
29447732
207704050
379154879
729174324716806144
2245446071
722202326795046914
2177352007
473089708
716059302809587712
724153262035865600
721695652581916672
430921698
588706786
132232201
719935593065492482
579658371
66466167
40980454
68732194
546179175
705050021822144512
16017499
57429065
1325325031
14654770
1089578599
706548062882107392
16346512
242512016
232198590
308743876
274096712
4888286372
17357776
36868108
25359399
22603901
227329497
2285799037
3068869050
126674209
965586134
20219629
133587899
2640481531
15794097
4725916998
15933472
1529601181
3269305220
47479474
4442347643
3388355679
2630305510
1531117615
21686790
4632492736
4605471317
4589081728
120863566
2444512437
3019695688
25321896
3234172177
2272071470
132379447
1609791973
242791253
3250932457
117647743
2525449369
615393079
15083284
4249576932
58486379
104991957
745257264
275163658
2818576724
4366117881
103998242
29515105
243740001
16548430
3293324904
343807669
22321817
236157507
33356974
779589818
236638380
18365467
3787903994
19790000
18400316
487308755
356221668
146595127
92881121
3686882055
166684573
409385527
2817166074
12478942
272141779
3329664013
3327446766
856799425
18642267
3315414223
3236363308
501328097
23787821
22643271
310961410
96776299
2434964628
47372344
2151775009
3285703176
74542138
525688956
20816492
449175434
3366498987
3270611503
28474738
3355053645
557015120
3257054882
3346667428
1281143209
14572755
1202318443
15656769
3227848458
289327703
3316192763
716044325
3231264294
29158489
17206403
2727029352
3207675405
31437509
3168048253
149103331
22372770
3153289862
175643924
3153048221
14810783
489831322
86815824
922390292
862231542
3097229290
31179096
25142254
3026030661
3074299451
480185233
22490808
512606697
72653773
190564643
120342443
16444779
14458799
240418609
16257516
26969381
2155545769
2979233457
2974042426
247677142
125149977
30667665
2746986244
2928768206
2892322692
21266202
2913590999
17264406
33997724
210403329
916738664
323855775
949936290
2905018740
2884739967
2883151587
18237314
141447075
44621946
19798376
2878390410
253893682
279154439
2357509780
126453585
193192630
21442298
797409366
45902365
517974587
19562390
917167038
24767119
23492459
32042638
225540971
216148284
38591812
2192294476
20752025
2550028693
20740894
38678695
103602123
56806287
1236027210
2777525225
2821296043
2816372826
20473119
17542054
26821589
77305992
22789365
21280578
762193634
2783318700
16294288
2757284943
2774783832
2778706580
32026778
344373649
2746510239
18653363
1208292931
2749244237
1436762389
1932515214
33629004
35260404
16631192
7279892
2654652848
458101977
422164965
910930286
42535683
56921104
2652235554
1107385550
2232642510
45880532
2471186562
2607839324
18006530
13125992
17490420
21708887
497049217
307689067
1140479180
2549257627
22271579
414479300
2604620079
16580548
193606144
136499226
22807702
387738655
2565977963
2525579966
2519836279
2490699584
430454236
13565942
2511515257
2448181308
222864294
215436343
43525532
2490281156
20118655
601617220
2506202104
2458842151
2446864856
2337171356
2365615165
2258509846
2323256270
2345765372
2399704368
2431734691
609800334
2467871067
54135604
2432770345
2458418663
316634261
1105460558
985764326
33354614
262042428
386700470
2342937787
20318104
567428370
35633237
481693324
1074607178
2384171816
2381008027
24786744
26535296
7571772
17873794
96008188
2354623210
594282370
363303988
16652192
69597523
411160849
15975460
28499102
2304450749
389609853
2202696721
75727502
35980838
1628162330
27348862
400536180
1944695989
27493256
14523513
535817909
182076541
32807200
175636301
9178912
502178710
2218580910
354965033
16406110
21635440
22389514
36975926
42177905
2205682927
28950266
127024280
22667741
145276069
36565231
29461522
19847839
746229397
15767973
836865578
2151406879
9948192
33580998
16516001
195103580
710527372
17636621
1911324223
435201410
1920715260
250206452
1918364160
1885101793
1916378682
1912077990
1541259870
1914848143
770120310
45965708
1328109792
75072760
15962190
1699829605
32146061
16644460
25100956
720487045
44773105
35518601
1679180496
1285229455
510545943
760639303
15905940
24064096
212455710
117539131
119958926
1483062954
1568006630
353901967
25251960
1557078342
1468434283
756477
74852851
60714168
167266115
301598877
471691907
256131756
11857482
451289788
1375102339
24248806
43822760
24617064
144997413
1236559897
1214304650
265652619
1460367200
77068400
19463165
1247770626
870314574
20536927
15294706
21655949
48381189
418920568
963619914
475349839
1362320306
24667384
20706595
70073913
249821040
196164818
35542356
917330820
14118517
1223809958
245665925
1269650276
874801460
10050412
274199827
105182672
41886274
46209078
1223620603
39646279
19832515
26283216
22383674
14363893
1086641269
32519496
1121473002
15638955
151372467
762997440
23860475
24043971
14981309
249823809
1094273810
103539813
97721581
479063825
16187761
1069276298
14807403
361088886
104955358
18903766
911319404
294416617
13740652
475414366
24736496
43900938
517798019
14285483
20331205
946915944
941870730
935612540
214242167
484973128
41017775
16458462
46757504
214703755
22111098
23564239
721270154
275549996
6114542
267416786
17049464
19902996
609458516
23200047
598813811
13700732
18053282
32712442
19091813
25915690
127043875
568752086
16439001
76229425
554460102
374173190
17793287
40812882
28477514
186421914
146913529
462393220
22207797
480108839
25367805
27261869
479153354
518212207
14731471
2890351
371280098
15595494
36994285
60931066
352756385
73674314
216034398
30394416
28225679
461801185
150786021
24455836
453858946
227406673
26025831
19047494
439317130
19047847
32479523
6116922
18343484
29768373
404613154
113470880
21573798
385837191
349172294
45050915
21600144
15052985
17086917
16324876
44986561
19558003
393080097
228542055
270561718
34787404
384204531
15858135
26697638
346506498
14858053
27046072
17349900
24072208
120289997
187492623
331299029
24303518
330439979
31547739
143838544
21780708
14518522
17872225
15154734
15388766
221384621
47030797
335599809
31487012
63776196
14246088
90320262
21449046
9695662
333565720
237969525
22179997
17106240
8387912
20564329
309857660
236690449
15007098
24234514
14630319
125443695
24113914
196072714
118419892
236202821
28861732
18359218
25893684
226933853
16082318
20012063
64526215
107523904
70483879
158815796
6763402
29547150
323681375
63219359
63617842
74552693
314396196
20648856
305997895
22084826
18538254
24003440
209721776
285812057
17047384
16481481
267041636
135668919
1875811
19130493
267911822
6120872
14957625
2565931
17553193
36605418
149798880
3288371
11482972
17692992
23983035
15410399
14362545
260394239
202763355
250553307
185919881
39827061
20094830
16266992
18384037
29719704
44671460
21888279
20202634
9690232
5645512
19612388
163177484
118872276
30080518
22455827
18044327
14616449
111114287
22165973
23103125
4416751
