2440935655
14808307
139910170
734777532222865408
350509998
752924128445861889
760827859481006080
212738155
997682274
1668837589
1398194666
3847040403
763004612865556480
759500976755703808
763018613632688128
761821114775461889
726637548236197888
1969346438
3253121454
3551846592
768626005
2648943034
759201072397357056
475208972
3342058282
4828576553
2768557979
732515283902943232
32327154
762394668193710084
755535709868466176
24443770
3305406949
39819267
183745583
35591912
57189031
720600488970813441
708646188174548992
235395935
324440331
30404333
746431706706522113
762507268290072578
2148693998
763461067171389440
756511123789127680
52942909
2168214354
733247737521541120
743141051502858241
337227492
246163975
2956244079
757348645930930177
39523664
4498247733
774865746
4495923140
41677644
42946422
267701559
14990794
35007048
3177445882
2393205895
1398681842
18205705
741064132905082881
26650386
2821434011
2816828066
2895190735
721817371539861505
756601701994405888
4896558347
1133636736
16266095
762980763172212736
127607282
21711762
762515679190712320
3292870388
759599916255698948
745640036176060416
713091735140708352
2736359780
269798459
3310050748
19895040
762029398765678592
3238156598
724077790492913664
734018539225485313
1355218452
16087140
2893314594
321774180
27453762
1256204010
1117091864
239510568
329918977
2718239093
761387261124640768
153969233
23871442
1282197158
860777024
2881125716
3619953916
752882758175686656
759200534788239360
580130219
18029781
18082945
762289605353746432
23511542
76220597
38378895
3943563559
97271611
3152996890
754775250
22926791
2311011072
731479245961220097
757474734208462848
198926177
755443575467364352
734428666256465920
520460203
484069722
891978900
141083327
2432482628
244177754
756217263443746819
758864073874210817
47336979
759798898533675008
760837396233527297
716069823218757632
16315743
729455900566519808
87300371
38773181
1340123972
755832796787142656
26947683
4746267672
36032320
3231988477
3153745334
4224305416
757994789346349056
761386480782630917
758658565980717057
564218050
745970453030678529
2211896856
132580412
430158102
2927222132
1543944841
38714547
195876415
722731548865335296
733869500
181309290
2296588987
1309442372
739836121891409921
478151814
17310523
2753899043
224369728
3576200834
747938304918695936
3217126787
756118309834194944
362489116
171331846
22997050
357625948
95802312
574670873
384974702
1707545593
103691795
757797862516203521
521812936
738507105926324224
3076704309
704556430745927681
141558876
745699859169165312
15574123
2938618195
26350255
1684533536
745078546477920256
2953005265
534727040
725295042013872128
3162963194
3838028674
4746532879
757252076938203136
1083112993
457209302
3251384992
513527463
4913304395
4214460017
166878094
759570314879655936
861927176
714094708373516288
488963417
18965348
23094875
725421153259495425
251216095
758731169382866945
4803541878
15963790
43125233
1265898421
41670593
516379604
573780251
1869707077
157499695
715948184015609856
246348376
704761579825471489
29752569
760024201243820032
868130508
2577862315
1697592272
756219657116381184
3385951406
755446444375539714
759717589966782465
728251727250653184
339436446
728201489479503873
244783412
13337292
759294647667716096
69699846
758891588026114048
1876658738
743143256578396160
1679660935
755636441187778560
756534639431331841
37438284
960385638
702661274107248640
757994297404731392
1245111643
306629963
162959093
582868865
4176267374
3473138537
3427200023
755808822506041344
6142012
2436241700
3247045880
758892075534290944
187699401
741913790
21583864
471648820
19410985
913065427
4085912423
22312331
318994241
2283571788
437911286
758712810549481472
453178437
1152631753
16709178
758477871262294016
2832021548
527345953
2570631118
757647993638182916
37599351
742441549833736192
758589671395954688
747798049603395584
756537888347721728
757856971550633984
261345994
739584012474298369
712843
338743622
749510483326087169
754713786100178944
84685398
1276323386
2170298048
755201622477864960
754996945018585088
21467431
3270126810
2535637739
16537800
757675467449126912
34856535
4230149657
14986598
4874887923
313273896
2478798734
103910048
246570766
711575351856508930
1194932731
2601165256
4714651758
32298794
753905131582783488
757900879966179333
2974096005
911780719
3222812347
737817968810164227
289157220
39246787
15930027
49223496
320980540
754672863119114240
1507269835
705140392287580160
422974854
1015531123
3733662323
36505459
130938557
635771645
49966935
3432148437
3235143758
3307417512
739050003168165888
247844554
752532670685417473
711208014
755506706667466752
2873030135
2975502085
752748909794033664
2572897728
1290361687
2338298135
423135707
743293978968088576
757289318863863808
756605782263816192
754698636496347136
703738045984591873
868915382
284459902
4083302535
2397270384
4890494475
2616590970
220712406
211112355
774974118
379832457
736221584742961153
752584136301371392
752946815008317440
27683583
21517033
385982380
489475164
177705169
19802846
15808765
451912692
746727668603838464
1281738726
22054672
574536155
755075284035112960
756054897045352448
2421298825
3216839925
2824462458
3256961450
2161616220
100838706
745677364814831616
2753807133
4345726217
32644372
611143236
728968110695452673
756509123999625216
4033784667
16383139
182722893
712001704066097152
402951595
21329703
4607696898
378206995
565780235
732069653707546625
4708521556
703438126014971904
754923042564964352
756185340088496129
95382124
204534066
755393532333068288
740018007532003328
726151048151191552
755057200901398528
2856180336
4750874478
708469135211044865
1568656350
853565910
736643932512264192
2570560126
728815969510957056
423985664
755442744789655552
432637649
747457067938545665
3140860980
4885148617
327764332
616219540
750338015709523968
269485791
1525841041
245153611
344233703
742334835667140612
750116160536846337
2273921059
748347423362166784
87183181
18293720
747783202127773696
4302395439
4196662153
2738974778
23975994
729401711622770688
3036903794
793199797
395529626
413593863
594264520
171282532
755164792667512832
74508260
3060954777
415381836
60903033
244572006
723641873810640896
542947234
3044049036
320821564
63160617
38188037
1450917138
752982901612908544
701685615562248192
482410789
3070270996
21474305
753412096591659010
2332749517
741058867937841156
373089354
316115307
224411273
745023021287510016
732989812039286785
149756966
20852175
60403862
90280824
753942805064495104
704230010937278464
48284677
754530611260485633
735172264178688000
754523964643377152
754509595570089985
701957136398422016
1257559999
754491030947246081
2487754982
2902674233
562595617
21314814
35653424
2902368195
35104212
749337494173261824
125730512
52407037
413602509
17594900
322234897
32304094
710689360908189696
736820770870026240
727749427318886401
35253573
743463261517950976
1934787661
1888217911
902259738
286840556
116048117
313346981
1537590361
2732348582
2217090614
705736531907092486
37980141
305230131
123767543
26648990
3267182646
1441673053
2254313035
211181482
33421794
710472373078790145
735853308611547136
154918058
2959505489
704407724088541185
23326668
149286479
743158468073263105
33862906
184126208
231529253
523478910
1928290020
634387197
721547483436883968
40589647
709899256455299073
31212830
265555159
4833372619
4032144627
173908484
3603903382
103656564
343913791
752875743798067200
333675022
752953274500808704
1963570075
88725369
17995409
742367000526196738
705072593704001536
10540862
1080801955
1244408377
421616276
4502696598
3455796672
720424925681438722
32694215
189162559
1542387068
2389984039
33684165
2577082467
21312077
260324910
80956994
708827818453540864
34023470
751318836197154816
3249216014
705217067083964417
48854106
750811385831960576
17012824
726475738015236100
157412919
14522241
32938307
21532707
308206380
3057567517
752089942944350208
900775260
751879866014896128
801641258
4756253070
557492113
2991368880
390400813
14541364
750718861121425409
729046923173343232
2792672981
72072185
45102992
1187624539
417139531
442369692
335576999
2861454369
985539510
23998516
3135660532
745851614821490688
3419534985
17930061
740710632769654784
4351263087
1411749511
1060590534
721209064844238850
855836893
110161115
2183577439
4617404892
1178884250
538467434
520029915
4842717633
749549933364117504
61279303
748911595217117184
171395167
701601375487004674
16315428
713559085346521089
4264991590
251318959
750645997886464000
921862536
758015149
292898176
2881959934
3727175839
242991940
700545067270823936
746063063774822401
749985542025125888
3971062607
743167075712008192
3353854930
363275073
40276846
3252162452
67638477
23882946
350176562
1173765506
877960009
3881201665
4743638910
749018250751586304
715216686467719168
4259652328
3463241362
75101299
3670564102
2661849196
3106563587
20834303
62500701
21970442
560323997
411906220
709578621443137536
4662630175
738751364277391360
745061734784765952
14109218
727147150770098176
703164982687469568
22837004
1257801086
3087775833
282224632
3224688068
187731818
747940622229610497
61868777
16744260
742913791780900864
38538044
741341172484833280
4905757104
745684869116624897
1944032142
720281941908463616
27692031
47213480
133546344
114838925
718138956911656961
747457993063731200
251000898
2449301725
2329498706
744283429949210625
2267700079
2444685460
2186453322
164402684
4329459552
37501173
390325237
34823020
26346508
3145732270
709254286933229569
57076030
4871492478
747016832956104704
403000801
21631041
57504702
723087509517946880
3373534642
727875273585086465
746918671453302784
15538804
713109024292483072
4857438269
741103885394153472
426578718
71637882
739834263281901571
1206513552
2933700645
707374707801071616
722259394063376384
152646516
4530019292
374108016
2818875480
588878371
313950755
536524693
3193858183
20953701
706269564120621057
16076748
4216065435
452380849
732633469671624704
735495107802214400
349803020
601065065
296610784
741455812225179648
18874834
4891174197
22694007
3628264879
899003766
2944082517
4898115556
19875354
3112126996
738154746184241154
705050495442939904
706526637492346881
3361444212
56884150
713422715701608448
715736663436042240
4884668788
703637991168737282
34472215
4848214065
742903596144984064
3229058694
4878114987
4816128388
743929431358644228
2577016764
736780385246314496
741450067769462784
50936590
4159727836
4467487240
2620614029
37687668
743731706780221440
4077013648
4599425478
1658487241
1067177034
741463105482280961
21929250
24750409
570859259
598684128
742888642973077504
3015155772
128414115
2979365176
2155867711
22240649
3074470992
635467994
2493208471
2170826502
241273903
4791431357
102475469
15726120
16191106
511388120
295225623
734933729328517121
2193089404
100897750
738432772889542656
720796341308362752
732595083413835779
72726106
4702245870
163655954
736213179320012800
732607716103966720
742095770149605377
2884196456
437169409
469107911
355257204
2320565663
3262942441
302710095
741033093721509888
705414651551461379
248869496
714562596070952960
801437209
3242296689
1901706618
19624822
17814765
127537805
213165537
66231020
16488182
149165103
737824045199134720
361544166
23757702
735281631208968192
735594241561403392
20853339
401638876
53371954
76549234
4852175399
717044648464613376
730900323204628481
108708410
2249186961
114663456
1648639159
97253667
136542831
1732904028
32522055
736383279943684096
42282305
512440181
1496853848
3345765484
723140529291026432
4756437972
727307313120313348
4726656552
739947682890944512
20240278
4924751397
735103080
792803593
47407757
718092444642840576
339384418
4921701060
739605936067739648
739170793679097856
734138576485502977
724487093137764352
739455564950949889
4886779211
4776800072
2536554589
108813540
204161510
737758598508335104
321502921
2929717149
738817222194397184
342710587
738965615059210241
707682477100376065
695327076564336640
4879246271
3146496798
484158909
357540478
25855350
26015031
2774065329
3306269147
706317600024702978
93470026
3348400511
737717173754290176
705079147358527488
241934683
737679261335719936
2742312210
263801240
806816898
711425779360505856
238962219
1079944946
291249899
721327574786392065
1317404563
732298495432876032
701996271054274562
77529321
3300336775
291774022
737056701195526144
164393571
701870457213947904
4578633133
250882048
208706690
1256397787
257492276
17164121
2861407204
559530797
220824996
390490929
231094448
882434072
2220772032
3138738243
3009487417
860061086
84759456
2873261266
22738185
3328686372
7829912
348319378
736150173664063488
32820396
730072921826156544
735226568377835521
600697222
266436179
357517458
4711362133
350254876
2965523056
1400074236
729473280466407425
1890861601
715445893810368512
2414685726
324586504
2792290323
2813557472
1724850223
725818365512568833
706904407011684353
4254904636
3349937001
427679559
242890984
2944944427
45404926
291282549
2188860223
719565404285177856
2245385335
734876202834526208
1167402500
3309441619
705309332867420160
976371649
2981584944
724577921826873344
217167518
734543788752928768
3744024257
363270335
4831721343
706001796674801664
2324486774
734414476523409408
733574553289400320
731872802115072000
721867307954397185
41745189
179703126
122259608
1359947880
733640822302904320
102871670
732585133220335617
4218974255
22645697
1934770050
730027311651815424
730453829687377920
4635213500
259528198
4803636809
14746731
327561051
4646500161
121874379
3764031
702669020085002240
2516013102
706289747732406272
733278643007459328
732431853164974080
223968697
717358812336750593
20271044
1180951902
720734736813953024
57519308
706221728121249792
733003796700377088
732725828404936705
3051461961
726202801299161089
4601315961
118492640
835884871
4835031245
2422609288
4056476189
1082086088
19040963
725140834451120129
732497982688399360
322739024
730950276996337664
725693284383907840
347834379
237022132
1895924466
715356806072152065
32605697
731197958750769152
4795218481
712667916882325504
728425654358704129
3254897568
1384320151
462132518
2277270561
294459097
11715042
18347732
47481357
2540799426
730058871062941697
3366086818
243291372
731121642600960000
4407072575
2540221709
728596984685207552
1359481309
4877442046
728380341518503937
22806059
724677137802756096
270068926
4872555615
251341054
715641557194567680
942156122
730713620242399232
402112868
40297020
18380580
1140341359
713808119164329984
425310081
4803435259
344812667
525925642
245198007
482203404
2941330719
418295259
730472680143630337
707257842701479936
866504623
1708305282
4498636876
796466695
42141449
35587849
452727230
2933677069
720048569743331329
730152941080825856
707760360271511552
1337933156
748144316
4434682639
94566155
22083654
728981660566433792
222853787
717729644867260417
727758138104020992
939921812
312755279
480083441
932961542
549742082
709226699259400192
338825282
339433442
3785297354
4418510842
729326355339431936
3386733713
4504563912
22821563
1635909594
2342681252
3033123912
721377004092657664
339319757
1340998028
2419822843
262402254
728970750456156160
465878909
2794552214
726684959667183616
39039284
156752362
723405268009160704
408905990
726947932646166528
727402646148157440
32486821
887112722
4925828339
705865207718023168
3085880106
717412471741497344
2485572043
38225778
582224651
16174578
717121215727591425
775831849
726948897407512576
2338340929
720446894397333505
269433619
2437816520
1276312562
184301992
728439317438173184
1582072040
1223023370
52623529
36297832
4617268032
494646344
717879977241391104
723712874934312960
737262062
20830019
22424013
307073347
1072940611
4892671215
16819937
4375581807
2986045855
20655577
705428448618156032
728263775275618304
701967006438797314
53519198
809300192
27046093
3126409376
2237669671
269771160
698515993837092864
3165245613
2959192153
727690945332969472
1057335926
3854647334
93583928
1305818593
476019258
160755106
700031636
4157810853
918833971
29184911
2396444449
23692715
2331046164
715366358297354240
22583583
31652154
56216752
727550315449487360
25437536
4770096260
3229336321
2752261211
46016095
434369490
1442070312
724935432522321921
2712335673
713005648875638784
720805498270814210
726605300992741377
1597928606
722615365172400128
121371512
3731167812
724773643222306816
1025187769
3190388565
4334993781
275743098
725652885623676929
725740171099004929
52775857
726355733370028032
1118743530
636652493
724477610655272960
3268426436
3653083512
726135971788378112
720720024751607809
17476820
725568201300566016
720818148564279296
723865058888040448
589448567
17397880
66686131
401538109
4835062336
2913233622
720466281300930561
16560956
14875394
724703176964857858
4828841986
725177847594270722
3081420210
26184882
242507768
710959152168902656
2438867440
2955504678
727167120
16653846
3119305737
461720060
169686820
724373946561232896
480499770
1022293861
715928186723282945
56107664
725154675062755328
715341308940910596
25692139
2868631169
2736039738
16481257
29974662
35131713
1215175394
3056887604
717614332322967552
2848847405
4837480911
3152112661
22275767
4463431703
724242306820386816
719472023915732992
3138553615
722969937824878592
724335691291746310
143663678
724307897497219072
16721452
2427277017
713818396920446976
3092008092
611337173
4819292505
587758722
3238315280
719024867820089344
4912469403
723556208154693632
722820528361336832
14624190
2183715312
723116801123557376
705482072824143872
584425848
722886915003777025
3368116613
551372332
722957781691559936
713810463545561088
632284182
487248321
723148285699977216
2347908512
45832693
707630933332119553
3266623945
720363759521259520
2817657692
722278380083654660
54744689
718375439367028737
718947164399935488
340067849
705204465930887168
36143907
2948622017
2814972830
4251095188
1254538735
1145001696
550351342
722799641809408002
350093249
1856743838
53309297
48817324
2492497783
719123763451666432
25951348
134495951
719485348930306048
4865488445
722435882121187332
701960218092183556
722393238213005313
721063094412161024
15288889
3161132279
722269211867750401
709484084347555840
328803756
2665614127
314205406
23637488
488911358
4851312853
25383781
722126886999089152
532718844
720387818892238848
22502084
482086469
2290340035
794151175
109162981
1934798646
2339913902
2354883653
721921896950837251
338732188
721808072071634946
71529455
101756062
3087708577
721760683080036353
3107598376
721856133166665728
259420367
3241924811
484158129
3963492493
21043723
254633632
302991001
4597179619
4569462612
1642928252
4902714075
3096399636
170879104
167478588
3590632753
30790364
4876296974
712852680000073728
3142839960
2750305467
3818620154
559180879
715620020030676992
159608463
4886031841
334087333
2835584205
700745123471097860
164554364
67602503
3092183583
3730378454
1321946028
1858043575
19333379
237446676
716017946166857728
720798731302539264
286680865
711385356491423745
457743272
427878481
2871899817
4831259182
21907675
65401126
719987771000139776
2823017921
3291196083
717765437849780225
23098409
1979650400
1541981712
720770789398556672
587536673
709795327830659072
230891509
1344022837
717195240428449792
1265377520
709579082380480512
720379653827858433
325102575
1881718531
54861430
47466910
720047327168303104
720054910184787968
217974888
343618991
4540076776
3360332235
382215679
28201999
166022780
48911858
807557995
467406485
719699968362168320
483360857
1630796316
4509383847
18267698
48599652
1513958744
3418117745
1873539488
489951708
1050307782
2595431574
3308594236
3774497295
790340450
360728014
48607613
4629267558
717548434308222977
209487286
4374927022
282311572
1639395961
138177877
4860675752
47993321
710643313267716096
718961335904636928
518629818
3620366536
44320262
3091294527
3247344656
8071902
1624046510
2781863338
195510109
716665842037956609
154066663
296538197
33275061
18866588
718907355266748416
19822909
719013424936665089
51796158
2826806322
33172759
16489581
3293510066
1344713761
25251838
2557231676
718670521882124288
4756202063
718283360540442624
2903194852
3153155505
709076015302254592
1012376300
2840289433
718670892981616640
4852896717
383892294
15694498
718627593780465664
2229273212
978792296
718390743392514048
483885808
31830249
4915169428
362094371
718325393120497664
1967317399
700703388854407169
318568656
3179111985
43496074
176831605
22090204
42731860
717734166230540290
717946148896440320
717336516440285184
718066425324302337
7766872
305000343
704967105402114048
4639528168
635567415
21908201
54496494
4069363332
14916994
441317106
715689233609048064
1176846456
2166004434
88539966
717698852275503104
713689140521361408
717621471993020416
714432627047079936
1563751200
222727342
4785292626
2729034976
298997025
424657192
716769649489289217
526583592
570991688
2430341433
1133126635
54655771
913033651
180897456
714238230506422272
1033426560
1411284846
1278973044
3038654024
714419097262538752
707617166200143873
14670431
18543858
717128264326713344
587592637
2554982875
716570246761603072
4473903514
128752929
715682076658257921
33040121
2904627072
2920759605
551522917
716751235215261696
53503202
153218852
2590382024
2276703510
714720425801084930
2785853141
135246634
705154515713060864
35282396
18585570
243444413
3237109164
3664920377
4902016168
711720714148167681
637184320
707608113562554368
2756388564
709946735104303104
2243149526
134594804
27109121
716107599041572864
851963809
453321264
615376453
1416898591
371472094
4002607632
1052910343
350149133
41104604
173236968
714973048185552897
16584035
715961142024212480
711158759494721537
705155575135342592
2809750176
707319777430257665
710840846757851136
825950588
3306038743
19255341
4471996216
715770511389757440
546019031
133058921
923964859
16226417
17849506
25091906
2373857028
714558978131255296
4879212814
4097985741
1278144450
469371578
110803365
51291991
714870226693857281
113349253
55657488
2557276022
4896399850
17427401
4657305141
703310501229498369
3030988539
26075756
62298650
2184797541
1466184158
113368891
207609111
580312540
20695280
3901058956
47129792
320992470
26564529
707049498745425920
21573816
708009857958486016
740600552
132617902
1339525634
341030252
29509060
2334633194
711758030770143232
3251288592
709406894905958400
3060075937
3756254961
2449427197
22320389
370882820
7771842
1584645799
704469311339962369
474351727
3334697788
3645269596
705402570597134336
701466738802585600
4789754437
21998010
2159312825
712082828138319872
4502394614
701469918403940354
2486034890
219496700
707292879455019008
708970747025367040
54042025
713714749284831233
1138416104
714000061840031744
713962920766414848
22804865
711197990094905344
3232524201
4152596593
17217502
711414084047077376
2811780788
200582621
32489614
4925584401
24077664
123386371
850633633
713712051441434624
710514858207387648
3072928644
921824922
922890204
163194830
2834406335
422270949
4656972496
788672802
713475763035439104
704822507749003264
3062262691
713342534945226753
2478288668
704114852042661888
4580821529
4283343199
389637601
3392089679
28722984
304572875
712364895174430721
712109096351113216
753318572
712786914273660928
3156235015
3950738903
2375966152
701656571579764736
14198158
4488233199
196464715
22507908
246220722
4893488644
712958933183279104
3150687218
468900571
712773552215187458
1702731
710247944935464960
712410457253007360
33322049
22339420
710928458633891840
337807078
214695909
4065475151
235231110
2545158476
4434806534
712477493425528832
243338872
707789005887123456
2382321121
32894180
51451083
2288021143
285280160
51259550
68389203
711639772809269248
15035209
65455370
1246314476
713221675
2615012029
704203035157917696
3137245235
1067914628
343535198
710908819799416833
50843314
17756037
711985199328980992
711326523618267137
2283920237
2599940718
2712532394
4056854297
2471494160
711439062519910400
4870478255
4821515421
704369295128551425
104619279
562538061
708283434389602304
37289265
4660077194
3145422852
3241763179
3687265158
4191847872
978355454
700520051300917249
4899610029
2970380991
3031222930
3150051501
3152299939
711223009583890433
2294939966
133946836
707332080171151360
3303227203
4800017716
51111269
4884052944
2607817948
710086967552249856
2156190929
710831372072460289
50458131
281696691
1638600366
3110588491
532635271
3024410127
702798365201965056
349931324
16640037
2451869035
96399170
1092894110
2869056617
3223914997
4719054049
331377273
3105567474
455616242
4902478426
1394869098
19915883
2218730778
385741477
4870859956
709630596591587328
319654586
4915712265
3920426061
84208310
24287326
83692058
2560643515
4868045159
3055088130
637305972
3318824580
2931977180
4707207943
709772349281710080
705680814265102336
710264678686048260
3395388867
28654816
2165364858
695734670378541057
249881164
4720037001
710244184876167168
3859273932
2538089467
709666290823081984
704460585442873345
3229240678
2936790183
708768395987165184
4579505481
2347716589
707800488415260675
4789902956
3489919214
71436596
2541510076
3098115975
1169473657
51522136
1922263856
1626066301
706990010042601473
6705232
709908218747559936
4288541004
4101231376
626996581
3309139560
32346621
16000856
407574944
707232649962586112
34383891
709545797189308418
69756680
4764077293
418788731
3399019600
171588704
3832745674
384880126
3599475675
204587633
2159312768
67185626
3112335706
585725732
419285525
61104689
370552834
36924897
4745330592
1429431919
17072220
526840862
4855874126
166272944
22114231
1477241472
861508788
702369788
329735157
32487224
702586597808730114
4790585689
709248442564882434
4921955894
3429352367
1639950235
18363392
709136840654262274
33596934
285161385
16683842
386284351
72553034
15138844
707846655501082624
167673022
4791777672
30626499
4883889839
634676291
4165651033
2952571752
1371515611
708465701493678080
705240111751917569
322192268
17411745
898822854
3110940991
891464396
1519194422
1400812038
3005059741
326514673
708910471991201793
706093305302417408
708669873078009856
4680789229
337236309
3030768819
3272287644
4812778686
2832072426
3233216640
708845824730595328
3121948508
706706552363745280
173605077
3167058077
17684104
390914510
113243806
1263148512
53563332
1651657058
2273561463
701552274766606338
19923464
244436184
700495797859647489
379327634
851695430
708719437222903808
105914164
543331182
620647366
708477796796895232
2975114384
807735793
31298016
556340189
1189112119
3385065623
45239771
2284139588
707986158093881344
131607057
3914226136
834176040
707291191100837889
49948272
3777068926
3000661701
79308392
406773893
161511153
4160470229
707939598182133761
704606495565082624
1634262702
64508085
15240851
131013099
147398785
3679704142
4694273780
27968672
4757182666
3220086307
19788748
3300850729
58502462
16462209
700432420156395520
533469077
278315777
31173627
2485456808
4871954015
704079379467476993
2196774139
706639440467402752
1910754715
272986795
3219680120
4224989712
620473700
1886220217
287275623
707385966109925376
3302596910
3103213542
4854822338
152672074
143660061
707318242394542081
707479069777121280
623218344
128697516
4923661955
262312552
28400798
2533095679
602154566
296068607
4764953297
70482818
574166517
4865738085
330723222
1668150649
3181543910
196738752
16719435
702779991717597185
379789473
233291124
705192336007913472
546007788
606823151
3321386251
16028985
961710014
594863522
60718655
2964974777
703262033727365120
292684762
700624438631354369
989970182
700509929061249024
237565446
706342982438539265
3278938615
706706425179934721
3085033585
32538797
6013272
700938924282269696
3108106009
3166628592
4857836983
16552994
3375005620
25207598
18277208
706658301702971392
4895431093
2865992597
284255856
976570982
1571542160
4105037540
109854452
3298431304
706218335910756352
263455809
706547966652358656
47096351
48417802
17961164
3750808335
3342897953
3139235347
2317484126
706069537536344064
1270101109
368560714
442911245
524474062
2368263690
706121500286279680
18293600
4813986674
1346140112
3001981171
220266778
4809377493
712948758
6529922
308500560
459936259
2410578917
223900998
249687228
570207176
702769113970573312
534775770
2670772172
26911040
18949560
15808113
301848089
697971819375153152
51414745
3150244351
703040574862000128
1421458982
4892379267
3436790726
172326010
704370040347332608
706919497
705831481625571328
21495530
3919901952
61609932
2849886237
4884249002
3953695528
704525302584774656
228996011
2414073730
4904668651
1633711453
702628162941771776
704439430866735104
78308254
913641626
705509322856468480
1710856136
1329321326
705209400089153536
259252751
2189130356
17947933
1551870925
567925509
862131258
2203406937
2998943975
703945034240909312
705053565874741249
246939479
479562736
3020137681
111625135
704779209886048257
3226667682
65200710
4827926451
125122422
243001984
704345951448768512
704405244147474432
359617816
325329131
3312840571
558293436
4497322882
704117675455188992
324042503
25377285
4831215383
2747035544
704587297786720256
700423975327899649
241213918
297191567
1540942170
822411577
390103810
134905379
3307295642
704178753526587392
4887500189
4304313079
2565489511
198982132
1567874150
4827223431
2345662664
2568992936
883421593
931287019
166329578
2784552558
3880198877
4893750558
1642031857
4896655559
704088648380121088
4056151539
3056090573
392425423
849162614
705564782
2588699732
3122485277
1523891821
251865403
495454106
114474262
4917092018
19385866
32114660
1347158311
4895078897
4861766581
435459729
60644777
260977202
868999994
2902375996
701488129903951872
699694278252093443
273323162
703645438981836804
342460234
2421047521
31999788
23827686
4896269152
4175155288
1271512166
261035490
24402513
455537870
4116411095
4795576418
700696813360132096
3301624108
29471556
311188381
439608838
21955533
16700510
28252981
702459221481099264
4855931619
2650797529
405561109
16215350
737292332
1500428564
232330159
305017129
346231783
29679790
702562307772182528
38811856
3384430318
3310872595
33713084
16672662
16992161
3949895836
991634754
19463681
4895587347
227010728
716813053
244120522
205115536
701428058369236992
21431535
20819965
2344055185
410794657
1686617634
700723240793088001
702261605703294976
87957969
552792473
2317982898
3404704222
1596583926
511257652
702230557426642944
3806587582
1374717445
2845372259
270528803
377445731
2965284615
15450520
47498331
702321541170659329
483441436
410249471
516659392
3590596634
1199596897
543452426
27789217
137354145
11966392
1005186638
2588206733
195644877
834425101
1906365968
4910014602
697541390646054912
2279954815
3851520374
4877191041
164377995
16699122
19686263
400352771
47467614
4186055539
103769342
875022170
4491450328
50888768
766547376
3354224537
144907880
466205000
60972923
1864755553
43513357
3030970053
4877208435
2991380194
38209344
4354153941
14618716
299301873
2907150081
2739446098
4620760261
1604464490
100485205
701170297701969920
701178259346579456
51310793
484792469
3071500052
2573985930
3761572816
176583312
491964661
4899725549
32199461
306832456
2579540932
500307660
95094652
17133231
527191138
160279987
1932816230
3152236807
930464414
700850673504522240
86173593
247081311
3882169698
4874896845
1190665808
3315367836
579211919
20680399
62879222
191728014
2861426208
4856134972
24740260
700709464236642304
554793513
4549791867
123429890
1924395420
123921028
316788501
55065743
18533533
2437682827
700734327298981889
2396738862
770759270
93419194
700696592144162817
2166577789
3416524239
846829170
22846618
49379886
18141610
192698391
3918296714
3254866206
711487408
4159203832
2493013459
21757702
4914417584
4344214283
2922173583
751789802
2275550440
860040836
43264119
2326576213
4898996593
357223929
824557633
4476084275
1276230601
4643608109
16635063
4850194474
4881802631
50889813
929176742
4012153161
58388984
605939552
17495447
148564101
202424267
4920420869
2927243773
2761714674
57402193
3244370974
277861134
16300160
142979922
16988154
4864925167
931039604
2244729336
383085116
4899386714
21814305
3987161712
451662665
4900930268
22228637
1735969045
19214412
37714344
4727447810
500964456
4076953393
577286569
3150434708
6092972
2226615308
2593708296
264931947
699202868788731904
344747525
2999017263
23768357
49159747
229518601
194301585
23031094
19808920
242992653
466992330
3041355094
2571845868
907239961
387707281
3377890631
4884535632
1930348567
4900268315
4909991121
2507276972
244740120
2374373018
2381478368
4903238180
344607118
228015335
21879831
36713347
308376446
1003669872
3237255511
4909075047
4904377981
1586804930
16790797
4789873223
597697965
325121444
23860507
288981065
85881268
1203124412
16034560
3318208598
4606946533
694609455133147136
16224367
804648200
1173756973
42362189
40601473
2910594570
708309848
76370519
4121272901
4874305405
17048323
33951948
16392181
565886416
30141363
2385951962
1449625616
894292836
4875126257
285434613
142740168
2667470454
3207019157
1927206542
533765095
15973356
411392144
1334576522
25564023
3107542521
3426768574
1572558588
2853370361
133063757
2400901568
1639114092
33545336
17172863
2339929226
4866522269
558890533
4893706959
3156381795
37990581
81406248
4838626709
4893031932
252353889
4647876373
2419624497
4175258837
2604900904
2362196000
2492097511
3509458035
4346736432
3371561954
22699560
836232336
4894095909
1941136946
1546854350
4810361713
4871990769
2785095528
426806375
940266103
4650885269
193192630
1351920236
2862682151
516019237
1592246006
3222432010
756899642
32779196
4417784956
372579816
2232082086
21025381
18848969
2934009661
507808516
358627733
386172445
4871045855
414257018
3382278592
2274942961
2608302020
2562045971
4888862349
928829323
1895557992
931908926
329159493
287922171
1643909461
4149690013
4751116513
155986770
4820051405
20681628
25150354
3908790260
2993628401
24880446
4188375983
4467085168
26070572
3070366039
3398770055
1328046631
3354347385
2834486477
2574904722
4578050474
16351724
4881350584
354523574
4857537145
1075939369
1723533080
398696201
32626943
2301675037
3386453831
266536604
206844298
798568141
563366740
4859848251
4311393022
28926547
3201882537
567345950
2209184731
791671
723175496
4857698774
57141572
4858306344
138461712
130545305
4844254813
21833728
234306352
4003361968
3006487744
77492135
3873467952
2975586611
992081976
1228651723
4800796580
199426090
2926851022
606907410
2163252930
65555981
2149910088
17466659
355690109
4869272243
4863446482
1941290466
19052834
135395091
19111563
785676811
333022930
21027387
113153792
23608092
60327737
4621651163
144402222
2455252141
969161196
2802755089
4867594264
1442476447
15952589
740995897
2581070247
2573993016
19402593
1246900826
4868345871
211956557
4868299888
16532762
4729801216
4867831930
355152744
16157204
4833128677
783808585
2479204532
3002922157
104290832
2434294310
4770303330
326430895
4748244508
3312349380
25474293
59702598
931391137
4327242015
519728191
3407740282
28058517
30758317
31601858
1869575251
322874617
4861610477
3309664176
325339115
27320992
2841747221
74211907
32242327
607622157
755852694
4845592611
2191436312
164650525
275714700
1395790554
4434221542
49205207
1019735209
3158726167
3167335095
329443994
162897245
703615920
2810238013
843863647
464047295
210818055
2967544548
191463695
4553803708
2414913756
14175794
3039733491
21909984
46786678
15588500
4187444843
266326338
117983479
17643390
4221857565
39606118
21868866
37308433
4203449713
31403779
398959859
3352551561
1137972529
2788630765
2937516482
433362653
469845522
22064255
16474992
3676507156
3186888841
2844693572
448203900
874846453
160310194
23803056
4808999989
18660521
469732090
22776500
260553903
2665382287
312248392
628540229
37209193
25416225
20726126
2827479370
445746427
18825344
2378003013
241583780
2670926180
200697773
36303972
16074930
49115780
118048366
1952698448
2911095286
241368198
490401229
18353495
16168401
1940041202
206299865
185203900
3265732057
2840915387
4738087979
32168059
65272235
4151647994
4182358696
25920303
3060588907
19132732
4825402078
382508590
11722042
122077593
4609573992
2566124461
3169035458
3320557224
184316405
4311974363
2591675300
47630337
3762604933
3141369019
73050826
4739088137
751976443
32845990
1479840834
907186650
4825847859
4585971972
1668432506
459259315
18778653
2489886325
65210574
3320933284
70279623
1352623212
398178146
66914769
26919151
147712159
1598574949
552527556
1564804470
22250215
1421631721
351613681
22873947
478359113
3907341980
387162020
17590850
465781068
116630205
440249848
214495170
1146111768
2897715325
43053129
748761679
4005092840
612057704
796907311
3136161212
238648688
3152274146
2167340796
20790346
2360448613
1097274860
2349119701
4579781073
15551869
258527102
4675697964
3249374986
215996801
124898913
434731394
4538617751
3256899362
3998030477
3082986275
1072478329
96152318
4483991439
4675190990
60297891
163753247
3225924410
569487350
18220818
34341362
2386059667
2412115319
2577538562
4541815403
3195553725
3273997009
3683113160
714479521
33923443
4353841283
19186510
3245271785
72915673
14263445
635478402
1328206963
3150777746
515577621
37673508
4162450408
32774989
2453540430
4150562668
4070523375
3148373941
3087391632
13352392
630832318
4115325196
4356422786
149942264
17547422
3926052804
3161396539
1883984136
3731565560
3304058891
59849033
928183320
371347463
3150098774
1079103427
2377977842
4117542394
217286126
3266697127
3091894283
71061209
3266526978
53502841
1137619934
580857186
68219213
19153160
4260001812
3573336134
2743270227
49149248
19306756
3605456600
3454474333
26251434
2280037440
107290835
50611626
397393245
2886412360
365706281
619383479
3344387495
22537703
3349433536
2697101679
712557782
2444716760
3082370998
3059045779
183753455
3217694460
704095868
374817258
4218850879
107727858
19312820
4147751584
1141130401
4160072541
226997583
3303752234
1660911480
3182559979
3166217539
272642804
3074077823
1004409242
4091481669
1885129123
450786176
1108521060
256295544
2815413319
116038000
4149949840
557206857
3327349578
915720462
498167911
1618350332
3942040392
1407822289
57268324
1276311594
1319867221
2972355995
3592477283
469352692
33879063
1084817426
3819469156
20570420
138853940
2846711961
47538435
9480572
75905761
21444680
2735569132
3505437800
586853452
80120832
20545422
1548714900
3888008718
4131228253
2278003890
30657398
29277039
433752577
2210917532
4111032789
3164513660
2208500749
4083661239
3850935432
2201782562
355028519
3602430437
128033273
2446411267
3314461639
872332808
3706920857
19848466
3235305385
39162673
179732982
16672561
3301068266
2173646835
15280845
7019512
778712281
17167572
1651181504
3507173299
2546690178
1032290077
400188508
3644280373
1958823156
3013821584
887562596
3301929360
1362533112
2969992499
218356537
2827230356
2514262220
417916672
990627116
2908024125
631816995
800884141
3743652503
2946704978
3202832566
1265879876
615318971
297516412
3309873086
119982069
66073907
3025939486
214615758
391544447
3509421138
422181027
29431831
2802062539
1909087813
228554424
104459389
1429143901
3331936805
19480969
3498989172
22859238
614302476
3251305226
3111889034
294991606
2478705061
3819906827
892037664
456031911
203765012
259404451
583117972
15115280
2811485305
2316392558
591297698
1003223892
17072206
324455870
469696938
3253285213
3752166915
1473779814
1144914307
18382184
122011378
436314047
27279989
1016588101
3885613873
3091521770
267601748
3264417722
3406500304
994453866
2459477755
3390254459
1714431205
379506256
18298094
3141496731
318519385
330386471
3152527105
245919293
2341358222
21705181
2274260862
16444544
458084297
15851250
15635264
538547125
1898324786
2196201139
3495163886
17159787
322986132
14997156
3820969781
3343850290
3807278357
43261344
270717589
3036096284
19088288
305176983
895599066
361882895
22454663
3282242155
1597493444
464240007
146160591
3309654696
607637156
851711263
2875705631
2701431728
543780273
38597673
60713352
3227239954
2985953609
859729176
45413198
868856461
3301151526
820268845
3032194325
849169945
2582983692
2348613811
3134190992
1684252963
36864729
151995636
