3641742732
749608414091759616
3740975553
754587915829731328
759253752276742144
4721379940
710955303710294017
3435335954
17581955
748321946811523072
749921950403665920
4833449059
4187705952
241594238
3689915293
3672422030
3433480161
3184579236
3698493132
4126056134
715014536479133696
3708870852
743679257738567681
3654037699
3309683305
743132753470726144
1725229099
4886404090
739813085091790848
738357689785274369
3913130414
737614830845054977
732470422378184704
3946286954
3633811033
4890735885
724240071793102848
721304256108572672
2652845340
4243623978
1196895931
717290403016286208
695509047714263040
714276101107945473
4271879847
2741674358
3457671254
3460359672
4037540594
708843017180811264
707523461250359296
707525423379275776
3108266942
49566620
3702483673
3813588434
4055399713
381451395
3227321161
4918439233
1870183668
4787590825
698063726625226753
319045583
4473688454
1870292953
4338912254
4366348873
3737776640
4816519184
4788532700
1870169934
4775116274
4604197813
4740304747
2368501069
3572095574
4766962621
4765347194
3688721125
4718674424
3813102678
4750322574
3063043255
4097771653
4717536434
3328573994
2924865992
4611716776
3724901060
2312947424
3050988252
3387550754
3613666213
3626592750
4249234033
3390880152
298093949
4671786523
4664798712
4665374982
4474044853
3900864381
3314424128
3125439058
2403263378
4658596447
3674765954
4376818347
3893113166
354307356
4010328393
4627181125
4543621549
4451523921
4636505431
1854002400
4419803844
3328543519
3433848220
3757845914
4499012836
4041955754
4498808669
3994009634
3423005119
1626294277
4547290652
3632729442
4089190809
3793652297
4516623498
3843877753
32774989
4497135554
1870306250
3310271412
2901411308
4469122994
3857541914
3312595250
4450328474
4443916663
4125429738
3669094873
4428807390
4439072060
4437510740
3599621899
293372955
4398191232
2894718044
4385009178
4394646013
2851975646
3927905954
3311553805
3046074296
4296324613
4341714973
3322903776
3325526161
3819483286
3424855454
4277964854
3545222605
3704740577
1917262268
417563350
64145880
4244787733
3504376999
3702417140
4275405075
3807046038
3615471433
2526364650
3421504934
4346213654
3318404256
3681194113
4343654592
3699261500
532829925
3973715188
4109668455
625229632
140359976
3364332679
3179596453
3702607692
3218927718
3706812133
2399765035
2732133059
196088894
3692819954
4043069954
3422745018
3603039139
191761937
3624226093
3364854374
155840512
3459484518
4286844558
4283947334
3869629032
4210508833
3138475694
4030353492
3675450137
3709341552
619766804
2862704592
3687593718
4118981053
2783426934
3958692980
3294370321
4173043519
3987672733
3843225854
4243804873
3600606612
1722556339
4168281493
3758781260
3733287196
3604450272
3312035150
3661409846
3306804576
3613997473
3459513439
4176013754
3692853984
592641657
4185699072
3923095273
1555242794
2181544728
3987452479
3271447008
3457121124
3530931372
91327810
2692167835
4179825624
3266955194
4169018059
3723003074
117671769
348874850
4003949773
3655839135
4125113717
4143010874
3602250852
3347996551
3309561150
3970540094
3320346752
4136164512
3780613102
4131973093
3447667453
4109977707
4109822723
3720968834
3728032288
3336934400
4008631693
4090930162
78478497
3403799474
3967248612
4098341652
1663724606
4090489399
3593309839
183083951
4051699275
3321181663
3311408094
3317613769
3966716540
3318135990
2376814470
3181701001
3368831652
3698720957
2996441594
3498278652
3776215394
3656791273
3692544738
3611311820
228707268
2487367526
3456784880
4022598020
39742517
3682668444
3665093294
2889511915
3691147452
3930174992
3659526553
3457776866
3655910539
3449170574
3346887319
1456333448
3381012498
4000059494
3622773192
3567769092
3708899658
3315215172
3570129132
3328290486
3838139425
3619557554
3837092184
3698867374
3758985972
3988054460
3858286332
3623607325
3393237792
3694590312
3605674873
3690298513
3724115714
2420140532
199531880
201155683
3976223658
3394109413
3161034559
3832251792
3954766812
1884172123
3313319798
3344502444
3320614778
1870035060
3688013654
3613466352
3601199964
3314378371
3605940332
3836287334
3305719518
3486992412
3583276874
3899366653
270431062
3963136033
3437933643
3302760084
1456159488
3683575555
3606414613
3533832205
3057328384
3312242594
2689801651
3383673092
3937588994
3417308200
3942069626
96758482
2836067641
3762896894
304167189
3324181836
3535448532
3429904282
3903298998
3286208516
3521664319
447532792
244509275
1709516838
3642140596
3537845054
2520872888
3727909099
3233095608
3462093920
3903661105
3314474910
56873555
3062749428
3366995616
361492267
3725334073
279077801
3534125353
337795881
3145507550
3731538266
2887653496
3844668257
3743099780
46122264
3312921356
190243440
446385212
3826884872
316312493
3495024073
3315790069
332186024
3256850647
3863206272
3342523760
3612820272
3246889380
367680400
3469863733
2585554164
3616899132
420829970
605405973
3365073723
3682104374
3657376758
3801117973
38663877
3459152534
2473611824
3316086752
1710432744
3030702768
3323772777
3633281412
3548603837
114471476
3445332674
3570284306
604213704
830465600
3309479664
3659087114
3514250480
3310271900
1398654900
585333564
3765420859
2227674546
3759988453
186289416
3771337155
3235654596
3327131162
3138834146
2442879744
3526290375
3594948199
344544786
3787895657
3583210772
1325691294
3581104932
3315911365
253871424
251098716
3325432812
3315949104
167448302
3303378745
2892577759
320565970
2652571981
241533826
3438444952
3313154924
3672122654
295454201
3322930152
3595047858
3658049958
3593982253
63483634
3688262480
3379084873
194356622
239227655
532533790
337337008
3149636934
103510804
3305259193
3616604172
2567256756
3676868234
3676577472
3318086545
115535419
3195937375
304874720
3665765293
3317099017
3373061593
3432205753
3383123413
3505634352
3318718375
3327478638
3613542732
3524379734
3636055454
3479322852
3379634954
3324400513
3319660830
3606964093
3613325533
805951789
3585901214
2536781744
729364898
3487646892
2913910123
175700091
3314354904
3313113666
188234840
3421649414
957895526
3586902613
3302393911
3314045172
3285390745
3323965501
3269988660
3443363899
3524882112
712410295
3458662472
3312065653
3459781933
228714180
3306380514
3028967191
3535084992
3315095982
3306367282
3514940772
2202255974
720052112
3046506565
3390308592
3301185205
3324951608
3310120086
477627437
3317407891
3617361443
1471519441
148038723
3314621934
3328080890
381933808
3528988037
3313109486
3182244402
3318255986
3255316458
3309500329
519475202
1153886766
2995837428
3421105332
3436739712
249681100
3266159654
3313078440
547276389
3309745818
3316106130
3184138484
3389822232
2401425422
3313145024
3278052751
3537687676
153760701
3308922426
337694560
3312238880
3318414846
3327849144
3000732570
569212459
3458343313
3323011262
3309620827
3319904155
3420416068
400646166
3368724372
3320901331
3311110783
3314033430
3333458893
2335815715
3323690748
3309166598
3359733374
3421367533
629045423
3292417643
3301582956
3382379834
2357843586
3166813130
458399377
3322544118
2234603275
3243191688
