1010381426
776229415336443908
311315943
780000627493629952
305816521
360205151
32774989
16249938
2813827346
3316813258
880315879
2752494235
744648328139333632
770795156131885056
771791768165740544
754452939142369280
108659720
4709816780
2829622914
3296043748
751343909268140033
2437343612
602482260
765583876148305924
2769883271
2910644925
742208998397648896
715579051654643714
2560564425
750454027872194560
412590113
763812107867525120
4185886153
4693463665
763806598208757760
763135530460512256
757729116502233088
741731037697347584
764009797763018752
763317254427664385
2457556781
1924747801
4708838367
761760122880262144
752398848971120641
748793245052710912
731336711494504448
4659583156
3014704018
1664886248
730119947658133505
1213629534
2866500229
825989060
2918458559
3932735174
757194110335848448
747808311316099072
3439515333
753326171203313664
752833422
173639437
2242563427
4876473853
751168132451037185
708419803531354113
3025595649
1029218240
701491221697470464
3293043876
2202500611
717362594
748021978305536000
3514012695
358341492
2531306508
738830468884336641
441151771
739861091967217664
2561284158
705442704134705152
700698453144264704
4920800195
4056518955
729080913536159750
738052624889614336
3261599845
3041765546
3273540979
730169038949715968
714051665645666304
702207035551694848
702595683031736320
705395167239368704
1939073910
701421405963993089
702158230156234752
3116592821
4238719558
4884375351
4847704107
2694314912
1918123729
4177377976
4851622804
376082510
4738845563
3133127368
4834302423
4805548407
4804839857
3792688277
4542050242
4605843194
4745680413
4659647474
4749862707
2693643142
3884608881
4726478362
3300554327
2383152485
4265237774
4711007855
401847491
3415063558
4656991424
4719121840
1746461689
4212974746
2596580366
4712888311
3364633888
1620073394
4658823615
466507514
279890788
4664545283
4707425232
2996663306
4212992638
3257837755
4313757016
3221924979
4691700487
4698853130
4675373065
4672656073
3931299262
4287757523
51694255
4658108237
4291800328
3361372229
2766492671
4084515850
4634730317
3356682388
3009800817
4634263456
4627512856
3038181602
3949817536
4555976967
4543542261
2282962464
3268125379
3869656876
4549979079
2793711508
4034325155
3145892405
707988829
4366405049
3160727812
2399434782
415639674
4249340594
4515391882
4579455328
108729879
452677690
3568365448
1309794127
4574701824
2882006941
2676064081
4469821335
1900405490
4175202197
1570963794
1945077206
2892237451
1397987862
880302895
4381623256
2351557217
957778502
3047951207
3996122113
471299066
3437074851
1670853510
2549537496
1890316579
1628280344
3235127444
4008464415
4063135702
2805724145
1011437077
1926838142
2974097920
2960900247
3179588770
2420474636
1537152398
600338896
1393473919
2980345847
976064418
3329425409
3851369163
2719588258
3117267562
2869709693
4491660921
1655701723
705267080
1461119515
3462218533
3190441263
2605912551
3939427334
4542867203
3835882693
2261476939
3663336559
4496094629
2939760670
1347838142
1674964740
190480345
2383338466
1143505404
4443005352
2871575983
2242636976
904904245
4113240279
2949458098
3304110689
201297316
2530183771
562552344
2758219920
559890468
1076830297
452441107
3226388436
2760058290
2170365734
3573369855
2569018825
2322369463
1033499480
469830237
1350098922
4033669773
3977961875
2735320246
4547251828
1735715972
4070605455
1391520558
711480459
1123788504
949763731
3257339860
1959167352
293631722
2368306743
840613003
2779672987
710904955
4476531016
2413964127
751735021
1320741168
3273527707
2257795427
2507026938
2156931175
3433698419
3042340407
273230565
579473629
3104598031
2607913692
1228356218
4611411073
2889127889
3926473588
439489667
3302530022
2940662907
2970586433
1415461501
2784895801
4137367174
2921152695
1964917928
2784029303
2555377582
3145312161
3178033769
865203590
1444237434
2874029729
2745320164
352390407
2583553054
4545502697
4133272397
2733070599
1605557406
4224044379
4133226173
3362493142
2932145631
3399020723
3194661111
2390288816
4203561221
3351090202
1517128226
755486569
4320377536
76970421
2751699555
4288875149
4413807676
2950915097
3427687773
4582717872
3053976076
4514041281
4188936674
3280498201
4078095197
3982338862
3578119219
4485017062
4484278696
2193162593
4559707214
4440535049
3039665793
3298656236
4539722052
3324162040
2156091969
2550923906
3648055452
4375099174
1680373050
4532537294
4389000322
4436360357
4436415202
4436284275
2312877150
3858445637
2912914498
1968166200
4517041092
4298250557
1523945006
3033014034
4205535095
4204782803
3250461866
3194982571
4097546604
4312746442
3243606636
187577014
4089833014
2535741936
88413279
4311520708
4249777709
3307083526
4241150894
4109580678
2995137150
2825886497
4012336113
1567012896
1373987869
3360852335
3918674523
3404858675
526848122
774541832
2660863147
2857940989
4022578523
3714329783
3438337900
2811718220
2957409783
256772216
2877735265
3281039802
3276787351
3337896587
3352194520
2889442146
3358902994
3179893522
3250998807
3190985936
3237868781
3039488130
325743275
2452242780
1217067193
3090706460
2175549011
474067905
3038946692
3106470162
995270322
2647347524
2934846610
2809346187
2834938332
2795899131
3007578596
3092586689
572016733
3087614757
749415271
2936769109
2994803395
770910631
1860177644
2957502432
2468084190
3029991891
2946003996
322453334
3023764820
3006098514
3049151378
2971454967
3095462023
2955882696
2791242312
2866704193
2991277705
3016712429
2458519232
2758685833
2935901544
2786247282
2941734690
573459961
3045096636
2927745493
2936156630
3068505319
2930658656
3009659539
2991780182
990972343
1474550064
2169026053
1115018972
2911872730
1703853373
350187045
811977014
