17688491
3950016887
130207931
3385068466
261345994
3565599022
711309501119520768
543780273
759035063023521793
2601873347
1640929196
116048117
3414559738
299929232
3350609765
796261392
4131307752
546570672
3670564102
425537354
96127458
477342040
66656478
765191508572110848
15984495
274870881
1667628684
2411064696
22311903
316590739
758424968489213952
435564722
277261996
3082275761
1604640828
2995751217
200580444
4251095188
358340087
1524162240
767792089123983364
344100787
745827534244352000
766719206247108608
583982926
9322332
22064255
741008991107600384
345715168
2796118329
739779935062089728
967829658
785756168
2873756848
298937912
761386480782630917
775808019388964866
755800378147495936
3509421138
213916750
762975339110866944
770793358969241600
1381088924
167115969
1935600896
4664069117
767874975093055488
4498385003
19607639
415773425
3247344656
34491026
75729655
250274707
4017653352
306909253
997682274
774809083752742912
28938202
3892714043
35591912
524024759
2475266353
236084316
18916958
587875070
745691064212807681
4260005553
728251727250653184
271628037
2677988095
735135856923574272
616623398
705119727216005120
766385079534907392
336157306
2699827792
89292711
17194090
887010265
37131103
2758225239
270068926
123207485
2421067430
1546512894
18270658
740185338023383040
16672644
95802312
49525759
283335371
459269265
931346941
760278588415315968
14946636
755808822506041344
23746411
190260040
308750887
19181549
4780239675
42245039
720048672801701888
1441673053
430657044
759570314879655936
719710064156786689
6529922
728930346109181952
18921663
741751070578204672
2642438760
765974223114399746
2756388564
14247236
40589647
559835779
1032290077
19052834
570310530
3216839925
56088401
4288036156
50458131
766092166640926723
743276406579159040
741064132905082881
720281941908463616
52766452
79728736
25281508
2955943696
4852472996
1374876098
508006873
53282955
39925149
1665723602
739050905413111808
2570560126
488713596
538334228
78201720
4741763907
27683583
4069820847
345134536
763410035795857408
205291349
3997431972
857205728
2392197152
569680585
234306352
1620010466
197459124
15574123
4252553543
743303186761474049
109854452
758904203058130944
725812882286456832
240280066
357299551
3600025339
723595391355236353
61428555
752882758175686656
3874107736
733247737521541120
742888642973077504
220824996
239510568
2917287044
524610484
232962457
720384757809319936
28934830
54075330
2887157698
53315866
4302395439
758600464594337792
1543944841
2441781589
752973172438212609
1245111643
355028519
466992330
478151814
17821530
732633469671624704
116630205
4769701782
4495923140
37277162
4759634799
4700579492
775831849
3231988477
4058214977
3448405037
4917802760
17902506
755446444375539714
3222294081
246163975
425310081
356491663
2742312210
1549917763
868130508
759706583660191744
761873688
1355218452
3963492493
334660170
412611552
2906630002
20520465
4662630175
1606799396
45254966
21517033
740359495029796866
1173765506
43785765
4812778686
1366108442
291774022
2774065329
4844080678
3242733916
343327974
754996337016537088
282835221
1169870678
3271991166
43429485
6013272
14986598
30626499
2567365058
484343713
2861342687
3275794164
24287541
1484354562
447406418
3131666757
3432082930
3307417512
726872852968931328
542947234
774865746
731479245961220097
76058560
714973048185552897
976371649
743190122238115840
2753807133
104290832
726151048151191552
4320806723
36692764
181662160
860687102
183745583
756231226638426112
785901414
750615606425104384
755057200901398528
482410789
387278632
926128254
14541364
31038811
4322038293
729370090022576128
741453218652160000
362314911
40519218
714720425801084930
90280824
570015237
109465834
377445731
2482652528
4899422643
2452003734
746468158454796288
32189132
1656686900
320821564
286680865
706249842960392192
738605019352571904
3025052073
1117091864
2887405971
171331846
592123102
33421794
171395167
167415857
2493013459
736221584742961153
421475309
20852175
3041991711
4697374993
76716297
441246848
315577705
1216686314
705501185546055682
1849980565
42790254
25080097
316448656
733935566060802049
4497930313
61279303
705137822693527552
2301785941
2438867440
21025381
710375905873494016
2173646835
741463105482280961
2374200738
3224688068
751271438540107776
66521273
745361875966164998
32671625
2873663907
2152968224
3062364406
4833071600
508270801
3698727339
741131879412305920
2416949767
1216789842
734541515385655297
3145732270
4777071
3407995067
245564291
738322314136309761
14746731
2305261274
743158468073263105
735281631208968192
18458170
361544166
1206513552
542879342
483360857
748353619502596097
458525291
737090258328752128
2908321604
4345726217
516879818
266326338
4329459552
3229058694
741652248950755329
712786914273660928
2956585934
744830039166844928
4264991590
742849773930057729
2149742083
63160617
23201727
1466184158
708477796796895232
1598574949
250713094
2743327187
14063769
1180397048
2307289518
4803435259
1173410624
481762079
3687132143
344233703
16479889
2553558810
1164541489
19788748
28201999
493009601
1305818593
4835491493
36032320
2792290323
26346508
708769854203924481
3237579812
260718880
251000898
152672074
164650525
53503202
278098811
16312214
452921304
1582072040
3278075011
184213254
538111991
2334633194
710522692189949956
350753312
1517404718
743167075712008192
1571239068
741200823623942145
746067793
2488108867
2957596833
18353495
2211888241
102475469
58652153
3750139636
4416768012
741517204626149377
7019512
741349046720286720
877308955
1157143663
3050006307
2736039738
2263618980
1934770050
21957443
741292447477551107
720048569743331329
16468815
2900833007
740563086147362819
4885969131
2849886237
3156120964
2188860223
735103080
703040574862000128
53105686
3344387495
723199778939490304
4852175399
21027387
3455796672
14482396
21691269
482385007
30657398
16600574
780269431
2832475948
95554880
32739250
37990581
4279585643
3145921127
49324978
4790135182
1963571004
269009464
4660941319
3150098774
4922069950
2905100962
809300192
2346158455
3072239888
4831588145
1705894705
32260931
520029915
100321921
551239859
20853339
2156190929
117983479
408084017
23262079
3739531046
200571682
708881874421022720
1441829689
724677137802756096
323998361
1635711590
343324857
4881911069
560323997
2426475636
2821485428
3353604197
901025125
2417951993
167478588
141237418
276763613
3265487802
2316494594
3304195534
704607961
4924437246
291282549
3222692112
126145029
216385540
67602503
128429068
47993321
3070366039
398959859
494646344
705155575135342592
57174187
726462249586462720
27494683
3406500304
580312540
507877806
3306269147
733651231579766784
2430564295
630242431
464921471
4729801216
16215350
591297698
2826806322
2471494160
3653083512
196728544
17836903
138409823
340067849
241674327
4152596593
3169035458
728981660566433792
707901224
53371954
780914384
1221390050
23608092
66231020
2979365176
17397880
50191146
19848466
705414651551461379
61868777
1922342803
706221728121249792
20271044
33237351
2349556285
4854822338
704500605449011200
337807078
17133231
729764018076819457
18914063
284790252
2969992499
159086467
14177081
525925642
723712874934312960
3062262691
16489581
4259652328
726609547159183361
1610738402
16721452
45676217
1663566744
114518329
3097504480
486815729
40874240
2324696106
3107598376
21495530
1450349719
634387197
30899109
2785095528
20023919
722615365172400128
14330812
3278938615
3119305737
3955904553
1244408377
2216532829
3007333878
703615920
14711728
724307897497219072
222727342
726604502082572292
292684762
343618991
18380580
2894991326
292898176
1921792430
2921006676
2389738746
1870179660
724487093137764352
193441812
84429454
35682088
725436275621244928
2163252930
19915883
1548714900
565780235
2226615308
24556105
705309332867420160
4750874478
184301992
719725704984858627
14016032
4351414577
327561051
93777935
1416436195
805312064
1953073374
43338835
2721559624
21043723
1870276111
3112335706
513630042
3509458035
17217502
707760360271511552
343535198
32649134
714617914532503552
74419021
67364035
43657162
4927372515
400352771
807735793
3599475675
110161115
3247925082
711654736114507777
4902478426
3907341980
707628064734388224
21868866
263359642
28926547
470569138
2827996625
571903137
2885915789
44320262
22804865
304739867
70005434
21970442
3150687218
704967105402114048
140892845
4910014602
180689783
38225778
123386371
110803365
229518601
2251237044
313950755
18657807
351929206
558293436
2528891308
705865207718023168
3774497295
894598651
16028985
453321264
709795327830659072
4385167152
3793256174
388609825
708768395987165184
2597372640
2859178567
34383891
60972923
316601070
3749519656
81329305
1523891821
1923870720
1423707932
3349433536
381856725
79888533
4799138442
717462007956418560
4785292626
32605697
25377285
556340189
712477493425528832
1611317737
258975971
2460764006
15606511
4764953297
552973386
2855216114
2901043129
1127275604
3667335373
891362498
1643909461
709406894905958400
51522136
3266526978
1639316617
183958809
3920426061
712936444600291328
396148023
235231110
1584645799
2165395147
3667563857
3998364815
3221288120
137354145
4917092018
452584586
33040121
713435434093817856
4598244862
17010913
361502122
4187444843
710162880272928768
366498596
702261605703294976
55747157
16640037
426578718
540472551
272175633
1924395420
294179779
712486837768601602
123831919
4813986674
3339990873
2730550162
703262033727365120
461720060
2613143381
27647507
2531619973
4870859956
711524103560302592
748761679
22859238
346444587
2745804818
18282606
384155025
114326385
33253412
3021246665
54705636
1964260580
159608463
123926189
25839501
23860507
704697581465702400
706658301702971392
324042503
2254313035
898822854
4779422688
1626294277
396124389
70279623
43264119
100880543
461798830
4855931619
4160470229
931391137
498402567
1964212758
2566124461
476315898
4277973038
164377995
469732090
3150434708
2718532164
741493478
737292332
1276312562
4459897234
907186650
4794182534
4105447214
22454663
3718748952
4817772331
2243149526
316567099
1270756538
4877191041
4840226284
2209184731
4831366457
194729472
2677652816
33753598
1537590361
310079538
2347716589
3038372864
16300160
183753455
23224924
372497412
1442476447
4836543087
2989076209
1941136946
3995114655
1978031743
74211907
4027004532
16462209
858646280
182527683
14658125
700850673504522240
57100823
2848847405
1544910686
703605034727165952
701055905610203136
2275042470
190870444
4903754053
4732288278
701675382525796352
1659884772
2613691501
436314047
95094652
85433562
622024780
4831215383
276842152
3108106009
528687422
4832874134
4606946533
69756680
405561109
4476084275
1933042237
344747525
160183289
4922275353
27279989
16657922
16190045
170296342
2730896971
4781140454
14708497
4900165644
3371561954
16444544
31403779
2280037440
478359113
1639114092
24287326
25416225
264457638
4327242015
2291196909
626996581
473529015
57141572
4840039391
869902586
3522973713
206844298
4872555615
18660521
81929081
3150777746
1428245454
49379886
315390973
32168059
138869971
124949619
3676507156
114663456
11395432
23898335
61149653
4579781073
3241471840
1430087904
2489886325
853495302
19077091
26919151
4782871373
538547125
632284182
3024041428
4601482041
435459729
4158794056
3573336134
1395790554
1367420754
81406248
267931384
491615493
4614116917
67638477
386352968
4739088137
36713347
1735969045
226717822
994453866
1909087813
144907880
91654658
4808999989
3138647834
168524035
3090964385
3410039915
3303775220
1184544560
3330511335
3317389434
3306596444
3402466408
3309539953
3396429785
3311889548
3576933737
1421631721
3419620985
3308555426
3320557224
3408342472
15588500
3227674872
475105238
548765603
27741349
3368303419
3432655336
3123174452
3217694460
3303972217
3130928775
436613317
2200221
3406481350
3310200175
3004152569
3355610173
3303015510
3311051670
3305577866
3908790260
3303066517
3437745575
4788006101
434051881
2360448613
3444357795
434372271
1880852461
124248479
4461302543
4265756501
2434294310
3165810237
17302067
156656964
612057704
867046028
407574944
4502696598
1072478329
3399689759
1260594385
2379495919
387956439
20719345
2573993016
4091938534
3082986275
4570293015
4174527256
4041841979
4372360522
54042025
531618520
4583739917
3379934837
701224957
153218852
25346069
451662665
1195684554
4586791814
3424435090
44545472
637305972
3683113160
1934787661
21352055
849844735
3103901558
479562736
257264157
316261792
49021031
518615888
1308851304
2747035544
141015312
3934352605
55370049
2416678106
467998720
633075839
3313997058
966385640
850633633
865003854
406525423
133063757
60718655
53309297
3153217190
31601858
17159787
163535738
2806004678
4149949840
4148839235
1942453848
2601345708
358627733
475208972
1643125261
3308983627
3744957437
2349119701
3986551216
163194830
3431381486
3752166915
16177387
3301108434
191463695
15115280
294991606
17156932
976570982
2990514564
418230425
2284183711
3436790726
18029781
920161381
3327349578
278991914
2242969954
3859273932
1925671255
2754041669
33588180
1198117626
385503897
3721806674
3785728179
65779852
71715641
130201057
3730692027
455537870
2841747221
118795960
1714431205
18259007
1933077001
2959843906
3513499875
3164513660
3489919214
125227750
3130924593
26070572
3220097649
14957147
319777415
3248965688
2715535644
107727858
3305023994
498167911
266536604
1407822289
866450544
952427191
16653948
146160591
716044325
886026313
2247799814
2196075797
233291124
2322589958
30362684
19856904
390306985
3111889034
113349253
3303541854
894292836
40104651
2251082035
2413222987
2664278533
87957969
18363508
3113203775
3269227651
322382076
581592553
1692258254
315412648
3340727038
22021777
2965128975
11715042
1964367073
765763200
1347805152
2805098859
1696825783
631816995
2907024094
1621875992
590087102
50170289
3168284167
32896052
136422425
22776500
3185969111
3129598780
2745733119
528055712
1335267692
17935219
2918483554
3083015705
108020041
244693950
3043308568
1488993416
2991368880
1646455254
1905527263
2327648665
306388937
3018529427
517656712
97732452
116504222
1039991048
1244956928
2966935265
2181626861
1405827127
2290834773
2218171642
41715082
2490299682
25203361
282325677
2196201139
17525171
355470606
2881102873
30030404
15695266
1186992314
2483570634
538411006
328173159
33879063
2603233538
2402678916
17258301
35934245
30845669
32336504
2817748256
46786678
999871038
546440036
393693452
2756000227
315859341
316332105
315870572
2788664965
1413995599
126487000
2752293816
46288579
315513667
414631978
61583752
487851092
57567739
1596012036
2222248950
403932208
390581131
116138813
2335725002
134924292
222195838
565748639
2650797529
1735226232
620417186
32749860
16125084
2612532102
18787733
700050488
2504364485
240527238
22873947
19038210
53019309
104459389
2459881051
1531829107
48854106
740929387
803826720
21608552
921759169
432294867
101932432
232404462
1080981283
518744362
612114479
2450106906
16946047
2614361441
703477495
227567901
231094495
349803020
252767227
15784302
579421017
2512650524
329443994
1087124954
2422495429
26637474
124776946
17072206
111251604
49272794
77037315
14540659
194484308
123514270
153558139
446629801
913637990
2387310219
856615746
1272557706
323864904
32882761
1957947373
8071902
1129636009
990627116
1263411697
562981626
2455603483
2458071622
2472163365
17495447
221969181
871014848
267390486
412819746
2373857028
373457904
308789303
457781623
21527658
113437820
261938229
49649403
294948776
443169263
2318875152
21717987
164322849
25169797
110363115
1725346819
16711026
25781141
898533348
243987640
836562037
1623145514
45293928
542252126
751947774
851711263
599277142
31359038
16848688
250346555
14993272
494850177
792172915
302881437
1683807044
228554424
16082787
858921774
2217046803
108070964
277231533
607622157
2343203832
43261344
21705181
119360780
921824922
16672561
77329593
784875325
23094875
360285166
218441104
55345258
1382893224
549642687
54243056
1541989867
87222038
18610043
561547330
278005891
2308637671
14676022
1104724639
257801122
1348071032
945122066
2234701754
103306158
2154899852
888650520
87471070
1551101437
73618743
14270329
898387592
351151761
390628590
289500938
2308285891
18382184
2299989049
17567251
20122068
28428838
67599247
414488432
1892315352
939922981
19088288
511167564
1594679162
321774180
24042884
1161988002
98295565
947359142
320951958
629798466
413473039
319240698
537749686
2300834173
915458876
22288490
16387184
91298698
455574107
113180383
25294150
65577676
74035510
2237944022
868856461
422992839
116507549
574202775
1437267764
1414107942
19673984
2170892454
179634346
1602468247
456724988
22860910
386759401
17169997
55121922
16305330
1705157516
395187354
237280742
126492276
1306007450
28614550
257977833
14463848
266690646
586683402
18592579
571552764
1225558866
66158240
718799630
1105102566
21720107
514009705
257989542
18199486
1380808520
25207164
115563859
322865349
87812562
975171175
30083159
959596692
173059275
28049787
258525677
52967239
606417626
472150743
259112696
130249717
1438200564
191891492
1220732706
207153424
631304612
731454252
635848639
1391155093
132639781
42731742
604981511
260396714
576502283
308711693
366677788
193932045
150680393
456166354
17795002
17297292
1287595838
179732982
46244683
40449059
93880386
142916303
489253558
1069978286
128961694
29611680
254663576
449128263
208639317
522006316
419922947
384163561
45497014
23697168
