729297532824641536
758128294986297344
2246125552
42630130
73717095
737984539130265600
64859197
2959324792
220983975
314906153
1967939774
4650758924
743647778207784961
2497209325
2397468266
754635115368685568
97073640
3053296254
2985197002
722028293482909697
2910763666
20254407
2789086301
776914682812719104
2546274385
2229833882
776693598582665216
633287684
255529014
770519198376210437
8072792
767738775363551233
231701571
735091949288468480
728279539101646849
3365862591
120036324
1671792288
1591290853
3449353214
4507860800
704756831265095681
3383443605
772806685073117185
4754949347
85008170
3003394893
2414506038
3439168713
1679809466
743729453503680512
450904124
267040623
109237155
3246344393
45285656
109378478
760188294554542080
712357636046495744
765020877012426754
1012485236
3658912637
3056363415
35099519
108719339
4135486599
776234774348304385
4709507187
730097750344388608
103106691
735122081562628096
3083231781
3138377627
755049286900080640
1712556572
3052630622
709984591424167936
3091566496
722719209759895553
2914157479
776029918534766592
765002009162362880
527611085
775996618717921280
775996681309552646
4495427600
111698159
775373486055362560
757217716474437633
749636692093628416
775724774886637569
775696490974949376
739977619714625536
1226784751
2622757593
2592180592
29974662
1015962704
2835084657
633917425
997834628
760510056404254720
718833029083344896
33693285
3001651168
460979031
2780227838
775092620506894336
820041452
767038926515113984
2428475723
4883751733
4827237490
3428414577
1271702706
745093631371968512
1057537674
2273299750
2901293020
219808675
730521990025596929
20733757
2194282391
2472651750
773136002357469186
942146270
4830679770
773989657201737728
2658744865
1164932360
753977773295738880
753974824146395136
753981540187594752
727726140647968768
774262154723811329
765331566834966528
713706813762498560
738544970534146049
4861631459
774044723719839748
19716685
767755349684355072
106500482
60923866
198792941
105153020
1728367458
75742264
759106397233479680
764903932443369472
220754622
3192983726
67296806
743462032079368193
38474832
1238987756
21626863
4016869876
395424239
765125068552798208
4644743654
772433610892795905
5568872
723639945630482432
2298725707
81377971
1151425748
605327670
531771046
271874496
723140138654666752
161431591
742004947223490560
2599119998
2551234808
772916355553255424
4248884739
2387926482
4887351909
772789847920566272
231194330
772546266500767744
3111633525
772447602960891904
770289032102313984
47864765
432693120
355095082
772459062785110016
1119649460
2480998605
704656190475739136
735060228106915841
2686221523
748316411920023552
20385470
404015430
743295184461406208
750402760667959296
770215369
2767399348
600590087
3332476162
1074522702
3433916589
764266946346885121
1871165503
102597949
879958676
200556904
116025779
759202677360295940
767929953761435648
2461112510
89740531
1672287494
361861127
599134100
4866961336
739234832610381824
727482481407090688
743258503523901440
751061754
396433959
1343351467
349762499
1497123636
21836409
770154509951696896
1641499692
25319591
263786496
429216447
765035186970963968
770728609422204929
23118280
742640695853219841
414153036
738784407801069570
1320530312
750096712946057216
326299896
3317810432
743637131084521472
564495920
1673086777
901529467
2264207386
767610019059683328
770112751700238336
3331545051
746611260448452608
2267288954
731129705034698757
754253587409240064
722386882399772673
762368965364609026
728982394020077568
2582977111
4105538909
769517085961678848
580775982
1191279199
351889821
767519540053880833
1924512458
4861140669
730313053317812224
730307850510209024
4861504624
769180831508230145
711307506
751482605334241280
3036890083
619426563
1627096298
1389008384
527732077
2163630615
4263521775
769046794609233920
313755690
1433427858
3694626316
83560358
550272359
3020301899
2247786583
556767790
2201031415
712270964164268032
3786998054
3524559562
733958808268079104
968381004
742910286508609538
756275295674437632
753586198916890624
741695667723083776
767458788534169600
2453039922
728883465827983360
3309626194
16463138
303045376
18502938
4114650202
415413776
768227657452494848
765726156699996160
135955994
413303668
259689332
2555513832
732437875455823876
19922341
2866494045
727481766307618816
159485614
2355223012
40741259
2926674468
764086592
304056280
767840370981998592
27217647
18450348
3323447619
766563654082793473
753391646830571520
303405392
738719385838354432
2593467392
150702393
2413994644
4301085375
764286667519700992
318383192
1443353899
40257979
3196101096
818358278
767078215340941317
356236227
747267379961290753
718465816858128384
36427941
721292616919314432
2541135743
755081792831578112
1674643999
112216795
2795841340
730388209876779013
50194961
582154952
443768861
2813020796
554508569
761320235148292097
324821308
1394025360
758519571045228544
500929942
763454117972967425
102411117
3184118117
2512157062
743990370409713666
2285588683
3815575527
2296723068
49709066
1736086051
3631916903
704019304967233537
958637996
758238488135340033
3331911533
874417777
274471163
764965466850885632
4700907583
2317926254
619989946
83610671
3122187911
762658422466744320
3741398128
1153511546
727111625115881472
2841180586
765597375851266048
765684102397911040
2313895458
298689138
278763630
764291705948561409
2958035059
4497615672
719160366224252928
765136318229803008
765460576017321986
3972275470
1583081736
741563207995691008
1642719246
25818179
751935885466333184
969394026
3428756051
765255167658844160
3171500599
707231957508345862
1387824715
451634277
396831702
760558437575032832
3058783387
494900221
713707601024815104
765054997025415168
54317231
191929751
26203692
764915801203806208
764650627523903490
764560832860532736
197211761
4083165995
2622794806
762436277270482948
780489421
701155475954470913
3309394037
3403326346
87846151
30343132
3995469377
3303802858
739815700525658112
764517863776452608
3133708238
764518060921393152
764516836809531393
4850645991
2892484043
2461118418
376718308
703487286269353984
727429834293559296
754716818263117824
25767670
749320415319851008
741078797827481600
16276552
1896543121
763782278153662464
705798695762206720
436594025
35306721
2865599131
2529967868
58794724
714249414374793216
400364870
3218392330
755294105299783680
763687467257991169
148780623
3251093210
3041450133
457556253
2461104680
42990909
163563071
763647895950295040
736161244151848961
717637347110690816
2278032954
4820137959
3124667410
3968969354
2943009755
2895108496
713367660130480128
3395638041
3163823774
757883820897173504
706556731745247232
761746210478759936
1643209884
56452684
763113861159456768
3080505088
755065595217997825
1686790926
757889048803500032
757621294259208192
171133744
762974183017947136
2953520416
19018483
22588300
15137512
758908888557035521
3259480890
716805815911391232
715286900530089985
1139970806
720282646727782400
703257305660432385
2764911077
3025587849
759791725011427328
1930157180
384377816
3332349958
702799901168701440
3462374773
705802219124355074
762522508784459776
756995740392648705
4767336986
1297100576
2540202690
743486625661882369
720692035435503616
843520801
3424711689
4513278821
323410811
715286343023267841
762296946853830656
4861562938
110685462
758939362650234880
757648259741544448
761906148077367297
712590844579225600
3993370150
719637459794051073
462779129
761979977902489601
761972384333238272
272856258
4810512147
116999724
3429174585
758704434478186496
3073593437
105402066
3014732914
759402603126087680
3412653280
138275643
886878990
761595017076969472
760157553166778368
233649904
4842495951
704752334627282944
3158405973
133878615
761599753549443072
22607674
4830910573
20302052
449947358
25976816
373960175
179556712
2366582844
1662371094
723982468777431040
2977616861
921533490
4717177656
728627392189706240
101785932
747408438662209536
2817808363
4798010375
697012771544813569
925666188
2813141481
759317749520740352
1305019513
2256972362
165351064
761104015526473728
705781362280816644
731901579587129345
760974910114103296
893338705
707568946740862976
183762309
28562661
758705850823413760
23553388
186031595
2654593135
933653886
704020113691906048
705786907041665024
4864569491
38888045
743561964278910976
36815980
197520567
3111229459
3293054332
2768194416
759700574098960384
760532152207417344
753213619597434880
4798511309
709431991142379523
163118377
122286770
745244279673655297
3979116621
720968364055793665
736505869
1638297402
288731502
1124812956
1471899930
635580208
3381695367
760056838662590464
3002555285
734605226485948421
704032010348699648
4817770703
758989356841390084
3401060255
717582857594482688
439528396
37640287
86746242
740729910566608896
712010124504780800
393487119
755898873399214080
2185107786
786850592
3182246007
587603306
13527262
741840256593334272
759337926144712704
4862397093
747132525550542848
3023070806
730276406463180800
2980547693
759494226937774080
759005274837442562
759403394008289280
754705977023365121
3613143622
3243750983
730447655973859328
1027225992
707945768838107136
753953256016076800
758327270213820417
3488679193
295916175
3253775121
42527025
4295698585
1453653024
730106157516328960
1140534156
2981674642
701233481209090048
4633081047
3184043512
460309471
2196351746
759026700588032000
741073030915461121
754682518964756480
758994623427596288
4365988217
2730966535
717603676974657536
1618961634
733360316608811009
736381693406248961
710220129259409415
2690377522
2657062118
471150546
746540399280349184
3897711021
20037517
3016671931
2796707943
755747888400109568
102281590
351208072
747472284659621888
856242115
3384575087
141729384
43729343
2479805844
758346292095488000
318983317
479212897
3282622268
13642652
1316308776
1441224493
242637589
87242101
740226347608473600
4873637656
2225315858
758275735404613632
481064997
738394591888572416
2509524884
14191306
703759640786558976
758221627071029248
733948548019068928
2835307932
2741752771
746773989792559104
4861339695
704022433104338946
565179804
748275883060899840
47615379
756451153840332800
1254312000
3687415815
722250960056283136
315404589
2795380955
804576277
407062584
49393865
743255613812027393
705407945174065152
968536765
3911921116
1897099776
757586152316624896
2855405254
3024814486
301945647
4289745992
254965340
704025218076037121
757816174340034561
738096640985337856
87639413
2922019893
591451860
2279250956
757627632905170944
244689259
757263587370905604
727097892654206976
694320135629201408
757537309436833792
741490004577247232
2422584078
21111232
1969247899
2872998329
2905051738
704030269595058176
730404024508403713
3380740036
4917705473
3184353350
177218355
1206244309
755042373919465474
1331208031
30656603
290324812
326665662
705792003146162176
1884747138
744002908467822592
722779613840027648
4821118661
757126150187548672
4188273845
470982444
757191217943838721
4461827533
744905795687440384
757133192520409088
757000704670175232
712580241034711040
857892534
757055436537430017
744650614341251072
305594621
2433335246
62099632
35493990
380801446
756802207446630402
4210076721
1072871828
110935339
2576523487
608014183
4808066595
241260517
2890320281
509453677
2875650589
54185206
739006838780231680
913217281
231547812
756415107853234176
700772434371149824
713103947
755594870031458304
754795958475616257
223922396
522634225
2951715171
702185161929179138
75762374
756207701487595520
3293807745
404312164
2587719446
298625953
1348871072
756112658940751872
3647486424
4785724042
2870650162
2729233513
826912052
624909917
184442643
3904437158
755870669464866816
1648549070
22551614
555917388
733712514203168769
548562627
3131133994
3131311863
3570410056
338639124
2905997799
636434974
323156338
753497131160305664
328963837
751003989303562240
3694455437
2901481442
4817729788
755653595534651392
751850250655051776
713508245185372160
755511954140200965
755511321219719169
732955857659518976
750253236716703744
2950901829
1413623155
707546304784769024
3922388053
2741977362
4576317380
3633739813
2568612793
755411779111399424
755406195985412096
751095017750556672
487467348
717344894981775360
724505787658297344
540338987
1562790858
494463681
1625902010
747143872900366336
1080107144
2152795506
752589706660028417
2169865240
2488042224
3312671016
4845819658
3018275674
709522290
3243984565
4865426843
1862439649
754033257784762372
747400944267235329
720919858930655232
4569577276
3413906894
753531330969890816
572966219
3061288127
3710297172
751215626518204417
369729493
739598893067972609
2750067464
704041811426279425
2907794736
555308977
2563226172
29682235
740542781047906304
1112164742
743162463038877696
754491002623258624
1975375538
754696987723853824
235684855
754397997006479364
711335416151089152
717234362031452160
753855776045883392
216696903
752128621624619009
4466304873
3482103073
191446693
102566224
2257946473
3332044263
746149720758845442
1088562432
80289302
845501731
625374577
740891520656678912
2580764783
736576678906957824
744459598921338880
225785340
395035926
226944217
4149493574
20685158
754069024187744257
282098045
493764925
3081806780
1667463606
1420645326
721220850
702162686126247936
4116892049
744188132229267456
754068507571216384
3617873233
753862225757110272
287112881
410868503
741715520320241665
63492383
1395503150
171926143
4695038456
1077650310
729204035727851520
4161953853
142258986
1347947466
229368883
1585607610
18417818
1201376924
237274490
749001007594700800
753794060020703232
46161430
82238235
744142307537059840
121958103
740867043692417024
2971378187
304339331
138118393
4416598337
749696168167411712
2223052483
112724844
730732646523936768
748955014480195584
2703400519
268177117
2181767526
745757982252666880
131239417
742124545776230400
3190902729
2683370308
43862456
752485386945953792
748589673254109184
356330288
4067703221
1903338270
920143598
2589138230
474634255
122307745
568530252
2156282539
205556014
4189688219
753168287060598784
466057996
2816007016
743788074308505600
2623015721
25959064
3367967945
753201327161872384
748946916159983617
497360396
753187912276205568
4186386448
57752131
18557659
3978246616
21460781
753071329318871040
1014181298
752968011460517889
3781295357
412914400
752949029512876032
2914416447
255204868
2980835542
3047679249
752857265619828736
2347479849
746736462050267136
3438934264
1538562272
1599074077
2480186906
702864948691607552
52391239
51803206
2555495731
136063974
3436430489
262205837
2809765118
3051429145
1461593689
863766013
606900870
3401669945
2762752131
995409338
717803603411537920
105617021
739099664553791488
751774652066852864
713616523861102593
2502606786
34878864
748235768297029632
741716663796649984
711554182453600257
746661825257693184
4746192203
274666580
944264634
748510226857492480
55519441
2308053074
743928087759421440
4884430107
750462328664166400
4364784082
285805875
4853160033
752173839010988032
748098956320661504
2959129997
751052356800897024
1267822362
4409304540
3232008447
2337491636
460859488
751105351244738560
736022704130686976
1303332883
749403432390422528
2543902960
992962105
1679297863
1182376855
2149537046
435922349
1676516330
2729246139
711555303800758272
235022601
322648501
4623904397
4838467071
751316767293792256
2540943813
252097435
738110520490872834
701067395557888002
17609723
751564553855594496
4212300687
195899685
747834582536335362
432020281
556325310
3044533329
747896835507949568
15210670
85256730
718407242760884225
751026995891404800
50130965
751440533210488833
59397006
333301365
2231753876
46465179
1566705871
706808859806076930
4244184520
751128392985112576
565509706
3143483376
127517831
748624398173765632
4873545346
2885705823
387332793
704883235428417536
748406124878106624
3206606099
364272215
26343215
1560528726
751094449728610304
18721439
161224598
1014861722
748439748163829760
749756335483396096
2944758356
4472988615
43557700
348988815
3348201466
98614020
3616532432
3420475654
4135012158
56363520
221250067
750774041225691136
285588780
2496218545
492991594
1015029619
2565206066
3420668289
750874404863807489
509895941
369460912
702952237425954818
4728488451
2345528444
718846872912314368
404839668
3507699016
19210198
1354252478
28180536
482234352
2864575081
746649917016387584
3294389542
750661021929463808
3979064175
3035065739
750254115289174017
411346195
1364870030
4033343119
3556425795
2517479408
712760090764271616
602871018
21874034
746179847781761025
702546053258727425
1914174961
2366116453
750343357755523072
750339742776954880
2892135629
2453051264
3265899319
749167841526571008
998927598
3329768757
750275139607166976
750272367218143232
750260621699088384
1688271186
3372932686
750208105489641472
505309702
406362489
735471365705326592
747366019677683712
1317071796
747948594255241216
3012612248
466972308
736301011896262656
2295217322
749925572302614528
750021631842582528
4756017559
223247606
731895021511819264
4097531721
371460758
3167660991
2827636068
354521647
756602851
2345789830
826087129
4646756115
3030450522
912161611
546840040
2965871751
1365762510
2978305309
153776534
749754970250022912
749744485777670144
4786763677
62014141
480874795
1586139595
84028303
749667789804273665
3068837529
3147627096
740645440119574529
719981996710055936
2938909739
3891339388
135829490
407084032
30344426
58431070
85569621
2251015406
605822682
3093723350
29551945
749563115373756416
61011197
749530422162448384
3273352862
2459611242
749472829486272512
1261834759
2575780104
2614961185
2235406485
745640050243829760
720221484665409537
2330824184
209881621
296782432
268438971
890674015
749258263200432129
4886191420
29516997
221609625
748453028563402757
52309360
3320712379
749144970074796032
711541775551352832
3225448114
32125437
145300545
109192303
745144746620780544
727393497528066048
4054001539
721106153413980164
732038115532083200
720271780028526592
3248020360
3246691398
2894903320
505133366
734355731521097728
1215678426
3270571682
2267519906
3940561402
423398760
1024635810
2977403645
290451308
270859360
3890590169
728218014424936449
899941128
164597128
39061599
748916755032969216
3519043455
740242572656803840
723875377572093952
742774971974471681
176314157
65046175
2883864873
108768774
496929918
2571350684
2849607857
724906124860899330
726495400757198849
712423996864765952
842298572
907703484
2575593100
730173420
711340571814707202
18186703
1456037436
2452871215
3211523842
69693642
747707127859417088
221678304
4782823633
281120975
747139794757627904
121860074
173453130
3252745889
414752057
2440668155
739195759732658176
748568468006535168
2981229635
701131426801053697
1717464030
2259111877
3097242767
434528601
577931916
352586415
4633554982
4463373987
2334811746
2822072257
22375830
918736454
740927718653583361
4851686291
748098328198418432
121373404
3373776491
36110149
748441437876809728
2490334545
2755115789
1220333653
725387754968911872
748370199372505089
2581603226
748299337961189377
98494313
747975337536000000
1455008382
746259116612534273
706876624
6312362
4657134321
748186872254455808
4921789851
3289778925
248145799
4152045143
748209245577830400
741598493899431936
246910652
712691328237379584
18857913
256654914
704864080201297920
748114068783964160
4473333987
712641483317383168
870687230
3215256993
306418652
742289479172554752
538401540
747866205822849024
4871435890
1106798780
50606496
746179807591923713
2650460182
3234318278
98189674
721631665165090817
227279577
2565066592
724120161368694784
2912983421
728579953676136448
193067420
2737090263
406472989
747767499203059713
84217658
543914044
462714238
1916382956
38511618
747757372895039488
730863647896051712
707595152307703808
747667463890952192
3654555136
109938942
582867704
746996398990692352
701737099515527169
20977776
715674086995664896
746452923396268032
2815864226
3103441236
50607982
1034052858
92633434
99516752
744010525307248642
4891640495
746088224947240960
746490923513708544
40344484
1185822331
3043354941
172854735
2873994934
478815526
746776023262466048
331068849
747135948530548736
2785468104
222900309
109277680
2584659632
843798122
456933970
3028183282
557955036
371294218
2796334270
1443230424
747341653065641984
3165954930
168105772
2614521608
720593534399549440
747318200497364992
1093277930
268607705
742854770239496193
739755804056801280
170616425
1123703796
275212985
580714775
1455291121
2519838836
2716993311
747038991027945472
40768845
37252440
2901303251
438925106
2972754177
746826586813534209
711834587111038976
2873934632
34021769
709487405536026624
545620363
64356349
254675170
3399025217
615096072
27604779
106338905
4926296153
2784494170
346703179
144623583
182126894
53408037
3645453027
14069199
716393160
746662636880822273
149253036
167406071
746954359355875328
722832461139279872
2804047529
726140680003690497
3242282423
710154023261872128
4092500938
294622957
391571054
701881717511102464
746757900245274628
743808895852941312
710118833122582528
4697398334
746715892965310464
4349564535
328616398
746693558699175936
46315077
284703164
3985708041
2873734373
217201548
536241384
2946172936
746292813340483584
799113097
738817393993109504
714273588870791168
713509475194380288
2235772021
737357966421176320
716751891087171584
21585832
746584771682308096
191775655
499028306
741109575093354498
3126467891
841367424
4874887923
740999233449431041
2519751759
2982609611
370851096
746430000111321089
4874596585
3315620602
743882355832659968
746083284589944832
304934472
1481714912
295792191
746240892814561280
2449002349
483487295
3771490169
746358407788118016
473285651
741634982075113473
741634209001902080
2619575088
732313410780663808
4839155320
723843047658799105
746328659649138688
706592584714625025
2480334043
2723241253
746261437841018885
3394552991
2692392731
703703444503314432
3987236597
272960085
3167652591
261884267
716028922995941376
715156730620092416
720811727256973313
87419775
4818208875
87893919
4885169851
4828257199
744965204522434560
231948346
2981885116
2973251831
50966869
174249848
715354842785583105
2752588498
743463276432998401
3367445969
2380466677
1521424351
2526039058
121171051
4260736396
272076747
745996536253943808
188816934
26060297
1555236642
3438834909
3299395789
734448727105150977
738835189871345664
745944754333057024
113422801
394274636
745307744790515712
2215051507
123414384
4598307626
396459358
1292046026
2987881349
2802264732
565408404
426200440
743916369914171392
1270001353
3014611895
136396429
741209321946550272
744596300163850240
731687268264509440
593412842
853198410
2293490420
707787460902830080
2993449593
3131469478
320464093
1037692622
701071464468971520
701397829995143171
37932101
3421646235
440515481
4912907644
2359772728
1230865136
1268367978
737769002617954309
744036052218839041
51867860
745412210931818498
107987513
298486088
18919838
745601939287703552
4827749098
2461144501
2187688823
21875147
47616908
734878299906822145
745549276793626625
353125270
744982981001916416
745507488930246656
1344336355
252980669
3131590324
80249964
100369974
2436520381
2784280027
3641346256
734699730979151872
3105717250
369312255
369571434
4896349005
3440590035
173606855
2485104600
216230667
19114456
232383294
4172523875
53544165
415899014
744530902429147136
45537473
745236893403602944
1887269581
444493657
3086987663
157437355
521966673
513560924
2270903248
614308821
580966375
1408213464
3497205193
1846316534
71215293
3346488075
2892023691
419526924
738140038127484928
1140954199
302914253
744859528664068096
723292362508800000
715217774973419520
79809103
107133292
714662667768762369
77135269
739132889170911232
2909058531
1382087582
727098063920226304
83652058
26191207
3246920860
4883639087
51384135
287104750
123242996
1293541177
22770373
743036332801462272
739640533312643072
395240009
744696222057963520
391692889
1171863534
721977234282651648
80699016
744141006531100674
1631376810
4056476189
292987643
90463579
721680895304986624
350438846
2950502091
133879298
3233838837
1228268467
19438573
740992597737496576
435099091
162362740
1964741665
3170936774
563067557
1027152660
744871101910646784
744859189470715904
744846846137352192
3337272375
744795734608777216
307753350
123701304
706019974985289729
259654395
20664583
249739036
132821127
3018791432
1714556828
2879760845
4828940530
32870639
2468304619
710583943855267840
4904975769
173554132
2533291157
717590995949367296
744660954688913408
333001505
607303894
1400019432
735117225087094784
1152572244
2368750959
20374214
549646369
4388466322
218713681
3367553523
573803698
1158183745
744222384530530304
1288413584
2487897872
744605050220142592
708988133971529728
285757494
727507955218800642
1857464448
298583396
503613785
302730365
606555644
710946887394828288
75824385
2453634234
20676341
511740616
3135356466
1087509769
223606377
705489205904990210
2950928613
82464591
1017114805
198483889
3115325998
744516810125492226
2820447809
95740429
36666554
20438624
4243190795
2379615913
206999288
2942428829
744505351672782848
339846924
2543805143
2478594524
3349299893
23970626
744232576890572800
314655619
225245149
560422069
485859216
345563901
712161646915887104
1456923787
2253669732
1636835718
1120582225
704646562014744576
4286124441
2883718185
565661023
705941726859501568
42386100
142445186
4646924068
744358530623340544
38027424
536140695
720529203028959233
1527482090
25188058
1077065514
408462926
2893270677
744185866097025024
4267265183
822066151
2932407149
992829996
2892560753
3339750639
2370903350
719617068363051009
3306982354
718750662415269888
2948885037
738049463315529728
3133723334
744184581046308864
2954729489
50512201
717609056039514112
730629337318199297
2369189581
44547422
138389433
743660817866948608
300318952
97684697
2577305225
1004220360
195784064
714029341089378304
891698418
3260277057
744039507297710080
742571170646614016
730111649105981440
30804958
2953175806
4396843065
299062149
2494210062
714093709
3243858563
234052618
251020244
2274411566
728343210276360192
65836867
3260186055
740468463454564352
2426125088
2456962812
718620770709024768
1097631392
22481782
1275980779
84288643
742985288897712132
4513528287
109685636
2738001101
4177532480
3086133399
3194177710
879541231
2461121269
703148645412052993
4144303158
113616861
4175661498
58374862
597206372
2915343449
2275456394
3037065900
730726622
733643867090759682
23299801
742705367101112321
4735205712
723138692676644864
476123130
2420099870
742103998157750273
3221862823
2796723891
219983463
730415316166168576
2545746310
408127858
1103557058
2656977731
1130756646
743476257447370752
363541357
1731384301
2530505316
1696185068
4924248041
741187409279324160
4178020393
738785952991219712
565196759
4892717272
613567201
767566980
711940862209626112
2821397025
1964748949
244961236
736178234644008961
1550981904
525249347
2404751063
740540222224642048
76684146
2779313336
311672423
1964677410
3303060478
2802168925
3907367965
2553218322
3267743042
303940308
2748417222
95031570
16385117
2959355615
392845395
2696951179
2961453017
18095037
2502133411
2936178988
1467334986
2779242488
567444662
416534902
127114548
3349910740
3102748469
72119786
743108784097218560
1552695908
1132100246
905736584
3357874937
318977203
193672826
2881639677
3011256515
736373431
1911213332
23204260
1215218215
326263886
952595120
24709604
703650056285626369
3136363472
2495880005
742282897185464320
2737126898
18101609
359801048
2787078412
3371486631
292679847
1667340889
118488476
741725290829905920
2209592418
738396783315963904
233589731
18924384
735398597961846786
2790015548
330990433
103337452
742715660216733696
1638280261
742808115717017600
443705175
435347745
1374019584
741007324551229440
730225403231666176
2413910084
458375893
707237164963201024
737273531038322688
1558521272
198814698
2984268267
3355417403
742684042756259840
317938028
4920825150
2888110286
251124675
543372360
417180926
722953111107567618
22409377
520192904
742703550375989248
3292828989
742688584805810176
1952998376
389740634
4887353985
705705827034865664
1527628141
719845338337656832
736938535270354944
2843574281
2534793866
742655227900366848
3405505149
3053878308
742635294705487872
4518677265
723490552117907457
739630935348371456
2467652244
701886695025876994
725534038275067904
3338779876
3236745116
701399449055137792
3663447194
742040686741102592
951360078
104621413
1531087296
718108947274661888
4497432442
742423026713526272
2248979232
27733419
933982488
1046296640
2750079243
531023444
424478521
2585957966
258889934
20314473
2563061141
3410549441
4866358301
58164238
4880682041
741240053201010688
49660499
15340628
3349548833
713719869708050432
30960756
356794888
704395080145231877
18951658
4622914113
728520602374557696
1563454700
126495785
43280180
14931793
28161976
2454757142
742058422032568320
1396870724
279942527
450196868
2298338322
2333478186
431796849
1489703012
741973369734729728
733207233736155136
729356225993920513
407028143
1462989805
444940567
220772784
1950075613
4871685341
1169679674
742054263707336704
4264195704
738859930917212160
2753119347
338341749
14582160
721338992965382144
46121431
624875220
4151660597
3339050675
2471529011
733383590386503684
742012654907215872
740793470688841728
1078499310
19273125
3057813918
462751117
1215496040
2280787513
30644655
2781770734
1225200452
38211068
724594564753813505
3303216837
201782193
1915465831
2596951092
1384403300
3138624370
331681388
28446276
3343132497
385390424
2987382181
4583755941
725711848771883009
383313838
4654249696
2985924585
4756616213
2207793974
54906278
416964030
731771760320913409
740258038544797696
39250374
3069858111
172170794
2315583427
741830384422359040
1066579200
65179403
1439033142
1251375258
4299954755
22565925
4906222769
453874019
242666131
499157947
2700223546
52365318
739777838052724736
237658796
716103487033974784
2388633656
741717234565976064
737395361589956608
175264190
738080807265423360
2333619771
142832222
2363052556
2889581843
727464047189364737
4211698371
426502339
710625193509654528
12750752
738576680961204228
2440096427
112186577
353821296
735813041388957696
2431346509
364723008
2850885256
3311587751
2283943289
53102560
1048409659
1139064451
2227540266
2743001419
374667569
2972943664
318670132
738174722312003587
3315209945
741075114503118848
139672532
3366554717
2316709313
721669659183988740
14555201
2245138265
737604537490374658
102397536
84855412
4366538115
1219675598
238501031
740779562204827648
4644292634
737225323415261184
720309421302292480
3294889553
3145109835
284512712
713292276076789760
2281270086
737838367845568512
2250054616
730384043448078336
38007623
3145496079
575496519
478081439
1398240944
1541725603
741077582
4005375497
65986937
740269142909935617
3214785436
633873667
3307964926
252629424
731107561395654656
740250388079775744
244990486
3257953402
4846509459
572519785
365398261
815665669
328281495
382724364
89001587
735717634314903553
59771693
104304845
734079384924082176
720873147088506881
2455210460
909033973
4405711588
4594682657
224591625
137413599
250792266
46338409
1140059360
740541035261112320
735461133641998337
724370643270152197
740678859381690368
4884804291
4407653723
410988073
1533339648
90942454
4673635766
3131356487
722743304
706089883236958208
249944147
4833261694
25539759
2967373287
427265556
709963237
42944533
104626211
735763519484755968
2562268036
740518444030939136
430630185
727605884508114944
388895210
737773978257895425
708315480545746944
710774143059234816
2959311695
4369443621
1300919402
35054369
399991974
274025057
1634071327
3063566742
721262133971927041
740568645806346243
4286829449
717104048109920256
204705006
237773578
720254962001932288
3419779977
367970164
577670568
1086586956
730783086225567744
3248073910
1520011236
310265421
2743792235
42609957
740575857249554436
2462617809
1173140551
3005412182
2891225978
23567543
23742414
306442107
3002057294
4716870633
714934318305517568
132265138
2566129082
4870166684
3844029209
893655804
3011917205
712391107439665152
739230417946021888
441170122
736268656561299457
2325445039
708622591
4364152402
78261538
345302515
142627122
720732159221309440
92613363
261129604
261751772
353010436
49624197
724609473373835264
230594090
334890757
2759769045
885147450
185959122
93105233
718745886105464832
726943358552293376
20946723
739973124175859712
331172929
4898873949
2831420668
250745472
16144643
501673742
374567187
3083809798
223240722
739226143618965504
738276047699992576
740127644415623172
217451940
740130333593620480
191957134
498361285
562825760
711134658361044992
310995043
737749501310537729
43415501
725311206874071041
735335924767297536
78990108
3092919645
734941051
30014233
3356325995
740030355369951233
698769573948977152
1967106918
724559490302001152
478811962
103944662
21696802
705649854723203072
352206285
2486920398
2306882005
4788847399
739871314928898054
296419561
4348182733
739787595312467968
1163249485
2582976653
297936501
4835463215
191934632
1881202848
286816880
3342821693
738013039673380864
738680546767818752
2450156396
52268679
739639681562742785
20560729
727633754458628096
727413514017595392
707529772570697728
726175660453040128
739790938382422016
716618566368366592
240673572
952647960
890005525
129652892
705839350127448065
2407029796
1361486748
67056470
302815128
533510212
2908824336
64472914
88992011
220997167
1443208490
50228468
3406358915
375539222
542432858
1444976858
731915016589443072
3384994431
514438327
712630229660012545
278726878
387868253
2279091664
151435231
1479407983
738300856496459776
730065392811544577
3290378591
708327209560186880
1096586868
901873812
717708437736566784
863460937
3418210767
122166624
631378144
4718719516
739416615377309696
739078911368126466
268281388
727751582134226946
2414241968
855053131
83696994
702058036014161920
711876139778707456
3022158560
392924254
735364027296153601
15273001
37910642
2236805899
286884956
732667003740250112
66132112
725755206978383873
3429568685
2843673005
798877014
456536128
2510819737
420677953
2341456840
330671747
18840926
2231898250
730471367741743104
621029899
461103940
4558015992
3843064953
375814086
1428230688
1522500847
133259087
733266628272660480
736192832302665728
372616192
2354890752
43112176
710559264486588416
23573744
736429646502199296
2811558498
351906968
4737470177
3643823186
735365804624125952
737899618227343360
737008242472169476
95987075
3112550356
1151263502
4888181380
122134465
3468503423
622177307
122714443
3360112245
26467736
4837242093
309147401
4832017176
705428763849400320
3240954004
738013117402206208
4817988539
379643081
2277366011
3883218203
65899823
22905872
738764769029562368
498221887
54805404
3151069211
344778430
317838653
18602626
4836159220
181614462
999641286
79411903
737720449837195265
561309609
3505060515
1474636610
418555035
132890694
727540140759883776
246349074
4517795116
223263548
31091921
3091728423
3026265112
1264762446
4593841155
14883354
737563934098489345
717610956549804034
2213990256
4830266033
714345107
169907554
2430731888
4518265397
3342600166
2457306370
4874281655
2162615196
275747416
2718102598
2262998034
272584499
222047910
707503981002678272
333074358
57957137
4822045101
141349783
794003652
4835400782
437562870
735895154154950656
2764289161
172422642
2156729288
255041360
2905834011
224183827
3271777273
19531861
618561429
733761931010539525
391259015
465816083
4129696702
721468180363878400
598616059
288256108
102374130
2196100295
129982796
363001617
728362275384524800
122783937
1451878543
4832619485
3231170470
2821151963
2425493840
790331797
706577077898756096
235124996
721732665976733697
956500429
199770246
125600441
2573809598
2653518524
2975093116
4832343772
1677693457
2938165880
1658319846
414873684
373861691
60572791
731890209684606976
2340405962
703929315935854592
21970967
2909409227
3022022000
112273726
328414096
4795044499
3416153772
2772880723
3184392806
4211902763
727517651321368576
3311051301
148497880
4885312649
3017711700
328905578
734441752925507586
707131233122328576
728158228333268993
401292873
731667652192665600
413856809
3074941626
736122914957840384
4496601404
733635804539539456
1509803635
732795297357791235
3294096347
23755643
455946342
1049975155
521225877
3073441576
728611603097124866
3393472919
735228732596707333
2903845560
96929966
366517094
630636354
2520178490
501984195
4819660233
61862477
727793231052738561
731611745219973121
285498516
3359431816
733663905810132992
3150552203
3023691432
724292154923868160
594331958
590427817
19341224
713838112544268290
341725004
730676351825416192
548659264
2957060321
1522680751
21993294
1091932440
174413414
14192589
84434701
734098628596379648
396095407
572753273
29440928
2765723010
64002024
1077561170
572656810
535642189
141147000
1232440974
711146010521767937
733749765519867905
115681686
17804200
823547468
718117017153306625
702491016914276352
3548426717
732319948366872576
3174036887
187796215
705273937
229221523
53868363
183782186
1000181929
4525218089
745866908
3002038721
1304021996
2707473229
557887034
142427165
1974083694
768532963
2741213951
20548324
1269499213
268471590
367273527
702464882063572992
719447066276208640
171266546
4744747535
3214214153
76583112
731792706796670976
965175332
22558759
732011252344619013
24255681
3074539149
92420872
7349062
37912530
3635324476
856037461
3548124976
53940708
731807918409035776
3699614356
54517726
19826802
731455699599888384
241273903
4178071347
344626223
706400068882944000
4462230199
4855199153
1443943477
2875960955
164232925
85543137
231636856
2996864446
4180433547
730452385965981700
2501559841
4174618753
2549709805
51431264
76357246
46302096
2886648994
717776826966351872
47624310
3365988797
4598876352
2325276518
722079578244653057
20298513
2287073719
710870312519397380
1115362388
1969057530
2911039074
61608747
21814360
1351115575
2971182161
3285762589
729560445917515777
1474002025
725048194237927425
717073946278039562
252172352
976208172
716131938604556289
4570837757
2980241997
139461658
22388605
324647339
445664103
1433987941
1648319376
3302177517
1513947535
160831009
720572616927371264
728340139701874689
46537726
727260921563910144
4166087991
726931397840101376
460501715
19873046
723990317121310720
708030956439998464
9376622
107806077
3951302129
727237890057576448
16004747
727297303036325888
701765169337262081
4840075937
727225215399374848
726471882741043200
873411716
49940607
1958472860
2954789052
1452470574
288145037
726642028432506880
3133633698
725469917844262914
281679641
722959802666602496
724078666301485056
4158949822
455983401
1890925297
714575249128423424
724790203903303681
4874844997
1339871419
100079835
67175124
723569652635295745
1247090515
1614924421
342255343
4548340873
1656801374
2485866265
709795676272599040
2763949273
2732351395
346650872
18271370
725286773073567744
612721794
725292593681149953
3438940828
4836267707
706555330461900800
38740882
3424917335
2944916940
278682305
595779274
3247413442
719939067136385024
218264459
1883797237
723829665018839040
91741446
355683234
48935222
488546287
365410924
707859990170738688
724589854261055490
2876198751
724259536870187010
718004031327698944
723896723794440193
2906833726
3008226075
718773330732584961
4088407491
35447112
2243626662
3964873727
3421168606
4895457413
4869625953
4851500624
2724621665
3435590905
1239688873
722960750923386880
2892463623
4848127139
891059384
182878105
3101448510
4335525913
59090721
22523182
321470677
720003955955220480
2798896006
154324221
20550442
54595916
721355180663508996
155128548
3161637466
1738524913
3383547106
291683439
900530760
3656103135
257294613
2990529982
1705650192
708675630552977408
802185702
2737592411
722141730951315456
466244714
2423923734
31100344
2181141962
721745670676287489
614498529
2281111478
4286876487
720175212269060096
4189571176
718174565323640832
709851834282856448
3331419418
38999649
719833569447845890
377032968
593081844
630220787
4138468775
211836782
940209204
470508203
3130930611
164636031
712279876124987392
31705210
19050314
4773032353
2460000790
4757115921
2414713663
255673112
4044195320
108617838
61847207
1381888596
228020886
720098948736790528
4752909103
2524812222
4902960603
3298312288
461344451
94394576
2383542614
319777447
3823795282
721414484913451008
19028350
721070772756688898
3392867249
83420146
452086543
240192814
3314698433
721658719323439104
721462724207714304
703349843012538369
980430397
132251159
44959884
3448003937
721331983268364288
1978200432
3413764360
2387435784
4887353853
860911410
721046621467906048
1683250230
701701249356455936
4205389155
305179737
703999861314691072
271868896
514040650
1048178654
32916898
719619150944067584
705070606216249344
54153498
547127464
362550270
867820231
3088506052
3343085158
1663273470
261598699
43739838
880237465
3401018019
2332415888
609583161
21513383
706841430799622144
2170986966
483203547
136892293
275547016
2645588238
3367957301
377698623
2715750199
59885029
1166458291
3909907113
1828372406
85080476
191156581
2265109888
189116097
51755790
720591865851035650
3610934895
339630191
3032803511
19148886
4553568914
2401514358
186947829
91807650
3631289477
61783235
720123539865628672
2480547048
1282817150
711599829772845056
755399599
266070630
3935792619
1482947839
719635808966287361
4813914716
696548735157985281
3431270003
2652917335
4883883533
4604285055
303642405
3102335317
716569247556571136
2571872893
104252799
2832812985
718855997914279937
2959932537
4865355623
591042369
111225697
2381221861
598945016
4857942887
4766646089
23195603
499230066
4415809883
717808208321110016
19015156
4715345421
397990778
292256606
1381417621
241241199
2494331432
102703425
20135592
3575680937
397422384
1066249052
4045166176
4821952474
282083989
51083580
2247759128
109535519
519738120
2719969895
2165745602
608036794
2790295442
3319188506
2397911906
3106080527
715919030071267328
220981276
3337720295
3233476925
577055614
3744533054
3093531903
390263070
716632709100150784
4256279793
1655334710
1355548567
712717656089034752
4144951289
1325349607
7439352
713877778681171969
337060340
124003637
713094782483042304
4919350494
3062127810
4882901770
160970211
208775961
716378272725078016
889600352
503276056
705462871191326720
388441407
1347471457
504267731
712193643700994048
715936817439195137
2212599427
2825247154
29409434
4062062123
4861847398
2274667160
706159849290096640
3079725425
14836504
53223520
50804762
701068088553447424
3546846615
4188671596
312780606
715544803098931201
2302099146
2291114774
713600861184794625
711278757743607809
2162024552
4766929201
2456796870
1011167958
3408941919
487691285
26849134
4732234457
714981183726026752
851798726
21905564
491500762
3865293135
33647341
800264977
3029657017
713771111490658304
102016759
205527132
4885803346
1337771204
3320948931
3911707993
222659560
701472036309360640
713429506221064192
712736810661765120
710138472720429056
711670315194122240
327376703
4908759867
273950218
1166262037
710576749688414208
4018990473
121005924
2742875619
708559335127961600
113050169
4866237363
2228104350
425181608
617832072
713413632596385792
1345580348
3945156076
713787929139802113
53993546
713762838972530688
711899232643506176
821485038
3379272603
2236540331
710716711427809280
707101468659208192
2885108663
712966083859378176
273570171
4287786019
711171502834630656
711953228527738880
4272350907
2387788303
575912231
4717936273
713275159214481408
713134184102014976
21404970
704652985683542016
1588845806
3004265873
906367542
12912542
902987556
1611503462
2163692781
3303268660
3031434321
3241889015
4182327579
2857194245
3300707338
712613278669807621
21184375
705559636322062336
2822980408
152687079
1618670491
711511319535591424
352963308
3609762852
2666016692
135577188
712236067206930432
2238678180
1045912519
39576271
2160706974
711822399038066689
2442852395
392111934
4889512935
4197645318
4190483058
2506247172
2592010609
339832905
1868837312
710616239169626112
704181782921486336
4786532849
706583686595084290
4188812097
2524810188
710558924861104128
707975292254560256
710111359069978628
700512166949089282
710592638991376384
501277779
52413014
3293784923
34953410
705077859208077312
1292190811
4884844559
761965519
3780286457
240531800
81646967
563443401
703639251863392261
948135284
703028489163808768
2759081185
2291645455
161387735
4845981137
2472987414
2916567737
709840587864842240
3256699331
481335706
363335402
2814357766
706442000690749440
709693816958230528
701885769988841472
222397298
1645908163
626704958
1417793336
704665761177014272
71533920
570244161
2571249761
709093141291409408
2875665537
85053370
257531308
1352278459
4258246036
1083898944
707178613095972864
702831927330521088
2173165597
258298908
177177251
707199464814059520
708727343829880832
4883594267
2738994658
4754037435
20134451
2180630834
1354697688
1954504578
4913201885
2551032986
3817070415
123355219
3123388983
708344620908998656
708316325354053632
182366037
4516643357
2986092292
4892095814
43673147
2215829423
21080187
2840119379
4632782667
175021308
2905627686
3303967731
1659383023
3928253733
4864866886
472978014
2577144030
325653895
4896094012
277954367
44902719
531612461
4849239880
356179182
3001025751
227198606
3438328186
19345311
131128626
4863587284
3159147915
499977793
30855816
706112293227069440
3300781131
247684341
4915661193
701684213343510528
97283914
701389580365381637
705770993135050753
1494970771
131307876
4885903727
4899525118
2945885285
707275193073270784
547095036
4768762815
56165695
702490829340938240
258044270
540928981
2372275920
705069078042566656
48659996
1379534400
895881930
4861264625
706405535743152128
2541352994
228417172
4811813726
3742672402
2598670062
1425000152
2891324559
584117160
90375376
703506560866258945
403275379
499756092
4871871640
896927635
700424067858313216
3560599820
84074998
2881601091
28779194
2334443035
224189972
2781178696
4850561243
1286241350
1413542114
100240943
3110360439
30051204
2988256891
1513446001
3930806297
1460990838
238650402
54019702
3219303120
4877806708
131472597
704451260792045568
704796892643905536
705432180202188800
4704807508
703988014704365568
1756070946
2608969241
2873954841
4802058314
2438723536
3725104160
4845796456
97074486
702039833036722176
2798656723
704633845803397121
3030459976
2792589217
2422587631
2805771518
701795670806687745
3395514539
701855810054438914
100638300
19539314
490244778
175262772
703602344211161090
703944782880624640
846502616
2297808924
19527910
123671848
2905503514
2877084093
2665575199
3358472805
529456136
430630501
1114205983
2706205129
4149443495
3349925638
2164339015
4894789000
2411694794
440012567
938694278
16885591
4818790877
4268248888
2306480527
1506905551
703212256029339648
47906876
3931432336
48037296
701866563268378626
1470707125
3302379101
4717892303
936821978
3052276860
726061292
140979716
4850336937
1617703520
702200373172428800
2722914054
2389336800
701101238499278848
3308646723
412643539
2704070002
79798955
555908919
205843793
19439570
697113689871273986
4825917994
98419877
232023677
4901507903
3482400681
2493260941
701811445684576256
2904252334
224778333
286888215
701519710635040768
423791763
4838144877
3899337568
1105121708
1120000410
2301122387
4864547697
310476518
3031409482
2986267475
4916036723
407490941
1924318147
741552206
4603641633
735487279
3119393326
3124545388
79177991
4893684093
4897346411
912477740
145020727
3001316135
575690565
631742193
30551222
22972326
591200125
333790862
434442059
4621634547
4643764341
4912226817
43005901
160187124
2464662349
4884501977
3403704074
1917303128
851449789
3394847123
4907544023
1093938109
203012282
30877353
3075181277
1367963250
3954973528
3303396288
626642846
26222955
161686725
2185287883
2905543623
3370724363
3130728131
4545395440
20164296
53644835
479869733
2292321878
1314107029
4887266354
3236074198
2914169049
3076023971
4898927866
1196870041
1377227227
3407878233
1074916754
3178823786
544988450
3329918422
4766994832
210269467
4891927397
2824561960
1109862306
949634754
548684837
24610050
565787715
470191356
557154551
2178830836
219671325
571621476
21387734
4841809137
4883631935
165088671
3159689932
402070746
4779523273
895644630
4876289711
4667155674
1289679805
426881312
417188483
2968378689
265298637
2766511591
2855270728
1020381396
4863542901
274500366
2711791104
3165740402
1338765866
704988168
2340774583
90117465
1094354384
1387846178
3104028792
304432374
953943572
4874498703
3075386757
1332371887
4874547551
4744232172
3266043493
2607332814
3020909466
4871548575
4818060021
1376265374
3299191918
710212029
4870668569
35247174
51649167
16872215
4868958970
121825148
4363198276
439501239
4252024517
4784074764
3398617912
455768507
63552681
4753408643
4864200285
3481733199
4864279031
4863709636
64845075
120898723
37511113
1907822911
2845989587
210609611
445360132
4644615793
4858238673
162113619
4622609782
2230168646
3248141375
1533143322
2999825027
4419523223
480008070
3500576715
124826748
2340688357
338050275
109960811
2837207769
1339326043
75911818
4539053195
1963995792
4406731576
55883988
252708684
317276003
4692006192
2861775870
2391736202
33988605
3190388565
990697074
337722568
372086400
279013238
159986082
14134180
2853792412
4629672376
3621950175
3789612553
752868295
2362440710
74219748
48549259
419081441
2431828267
151821880
4652263816
4758150883
4463149992
4273783582
221338069
3197392486
4749273322
142150016
1724092626
1422234588
1383429912
3229318428
424927514
4788715166
4463109927
119161370
235374586
4743496636
1468731608
93958529
424144191
4439941936
4593359489
3063499222
4821619149
454261787
2511388321
4784619256
261625568
2149340647
2605263627
382521589
2931619112
105645303
129428863
4486174755
4821497651
4820909939
2701987350
602364345
626424341
2796349054
24271161
4818184324
2740641130
365004530
3317419706
844298942
3161660191
4816505987
3818291482
4765454417
4213183510
2193939944
3004061963
523451127
4106650092
266505722
4728759886
883235539
2195449000
29285944
4774286117
861193664
4805032703
399639314
3415576637
43416740
2740399876
3818989217
232353420
294546137
846258210
3081905860
362057955
236258865
128073024
487040446
258386116
4747895848
4796431126
227090683
4113724119
318108549
3069492439
3165121248
4786847969
3010980623
4749037032
312531954
343228492
2329396765
4776816531
330624184
4503230654
4412602514
3917712253
56355805
4710989013
201349922
17410413
2535160709
4710369815
4757935408
19642069
921377299
2383670005
2233524090
976524386
3419931317
295558154
2784820064
42588690
4747562297
341094151
2669507574
4396177222
387765512
2258910952
146477911
388815208
2898320171
128176915
715340079
1601661294
3924055872
1186317212
528766080
4637536101
2420794640
274744519
3336992469
281489352
4256506048
4687928161
4703818337
4690407920
3306712430
1734681512
3609551183
2942054079
2914937290
3545632936
303593922
82124296
4561156337
3046660925
2964866379
1363879560
2526943560
2875610925
3163714349
2493114914
334840399
1056176180
14121942
3152770449
4117086921
2786319552
2891382887
2153265831
18334378
320196497
2766805044
374712154
3964746981
4527903673
4633530137
74218500
2651067600
355475854
1427285550
3040798215
4561577362
4580223035
2351162450
3855186974
624036196
148915233
4065630094
582064900
118310849
4559611528
23391334
401409054
947819714
4546403661
14828860
106517855
2966103184
1339944438
4284266176
18374921
538641108
998178504
463384438
4075563916
3362688082
371860359
3195020604
3518739617
3158258348
2859269159
2413089888
494963827
25125152
4534765335
4501908329
4374334703
1618641848
3322065564
4449432732
50954943
1112029770
25265009
4525211914
3028412637
815101717
2322895561
2196411924
4519349375
1517618293
569874901
827667390
3726506235
318685989
2981549080
2808917563
3169222133
3543364217
4372636588
562081121
4504982542
1141939458
343891263
29540005
264954810
4426356443
3390826377
471979743
1471410223
3031229014
4158855862
2971213545
2616308605
35941798
3685902734
2925107639
3176898230
112970794
2965788550
2891935138
4460330781
37115912
4460684428
3381932309
174683826
3436815550
501196426
387729363
3930426688
568227929
2922367381
49876550
3099852726
4448893401
398919818
119644349
323265196
3243704296
2439863467
3041438073
4150406103
382566424
383993470
539762027
13440852
3826764612
2583765929
2450629446
2872852618
2569193581
3650496732
2866121667
3926494461
489350075
617542544
3107623381
4048717354
4393953208
240834796
4379220496
27799202
83102500
177904568
251816730
3509698695
2717648659
4236116903
4448248346
99407203
4052470342
4038820283
4046127033
1570130484
2746609522
1573199538
401675584
3233151796
3141500959
4186473443
4344161973
1138759182
1426529846
4034054667
37233478
4284202162
482133423
523390808
3930615561
3095348941
72042051
798883544
4318872567
4319120524
1673655222
485370455
3705346466
185345511
2725305810
875154150
585693776
31310232
1732624986
4300503513
3984271999
4273293377
4273315282
4249591816
1328708946
39959975
4284179956
4267986803
4273302621
3111482895
4222368495
304382360
4257079527
3151122476
2387604200
4310523732
1480953960
615402911
4265572101
4265884288
4247419580
36645898
1370850966
4229042058
403647191
3088316794
1347788347
2545576855
2490465053
2819044403
1459449356
4251849267
4119195496
4143395536
44185213
3749255120
3427000187
3233078404
3416854283
583672263
3308473913
4320388754
2942867199
4259148751
17798031
4214044393
717949988
18616267
361662654
3422468747
1099019161
19102612
3427182407
2550649962
3233807433
3706834873
2209229040
2460488833
4263035594
2397707836
4247593514
3588494722
4210818687
226370770
3125276706
4201269555
2904190011
595602479
3632715016
107265071
58064391
829366202
970926738
121218651
1099055311
3308050266
2650147916
1621166748
2415208507
2931029238
1911363446
54525431
715460135
1006487192
1510235232
4184419215
27541202
2821788974
3323490797
186959254
4099451500
3977121909
3300720363
1590562790
1951663969
2192526828
2350660176
1153760792
1290705018
90379747
4163759321
3333425314
4152648803
193347781
3538948813
199805985
2257555806
323576532
701717287
3286818397
370580338
4139667921
3089386573
1964314159
28421264
4134194055
2540379048
4167851178
4063268720
606121375
577096192
4035574333
2511575227
2472294823
3632843895
3363943156
3368792711
1098582522
2368624716
3021497344
1453424635
1299803965
22988366
24868023
3342551051
4023939493
3994773082
4105912516
2616910340
131638738
85030798
3306626773
4103361858
3151987719
4098287415
3919897461
798191598
2838019151
3554943376
292335296
2989323842
4086325408
4084173252
1556740356
3131333459
4084544416
252543488
4073155150
87852625
3836633001
1058699424
2958709512
933143924
3320546604
3989024369
3950081506
898523340
3156104063
205643114
1548808477
399910718
2204715704
4024154357
3285931993
38244366
4033125734
3466752737
2752706962
39523927
95439861
2748809475
3761872823
399276259
2946059231
1300732981
23636912
53724802
2847962110
3222710905
2806938714
3074402412
597483262
3325172612
3622866495
47336979
3056882171
1104863606
152375560
126278129
286233279
3656752518
705655791
2513159550
3151893530
22388320
2528257891
2521049040
2797839417
2550070639
554335063
3245554357
14619728
3062117956
842217397
4015642161
3308004124
2904931027
289035534
20617541
2314161704
2290924114
4015634453
3861514632
1885652539
302014943
2426252714
3990380955
4004122875
544671162
20309063
3830040013
3402332842
3403117047
728108412
2701298143
3995442382
29077421
2389856329
430900086
56794396
1423635199
2659964124
1128454070
3293235761
432800621
121624263
3391539717
3207437691
234943759
2778736825
3411055205
176521643
3479417295
2303576329
3928413263
3382497941
3159425433
293737156
2833458673
312829147
3428617719
3236741932
38475547
3192016989
126405637
3957056895
3964618342
46900014
3644260101
2903458726
3008020725
1008670964
223917487
460604035
1004603048
3102013813
3945455309
3244649767
2237822219
3872507053
315801815
3304299880
3011426389
3342534899
231884341
196653689
716027743
2545320417
3341913225
318396135
291621998
902684821
294627536
3311233032
3856268893
1652865734
122667692
2843656190
3908551102
2408424158
3342204286
523796880
2598607965
45108501
3317620165
123598438
2408572248
1120095661
2988330973
421652343
1068343760
317563399
2792693114
2862140916
2418189211
502078865
3020981881
953745799
60971313
585845366
588596280
3292181116
2465436362
760654244
1328597425
312201255
493003429
351241333
3042237100
48306288
2517810986
887463013
3353025886
234490479
3896951775
1475408568
374014947
96863903
1913942737
572564730
3309519556
2205102126
2296086122
23049758
3298873835
3802113135
1387141939
3872906247
2613382513
182113706
2283679622
3305630788
3889893443
3495501135
3157936122
85386747
903377622
3239272302
3883766200
1160675580
270677119
1958749698
2439927374
3331481614
2160629044
268729892
3778608973
467684054
317820304
338202209
306083417
3842201020
2997268231
1550813461
2494457324
44126993
2868059762
2845207617
2686790923
2184024872
1516790658
3823335917
3870707595
3445774333
2940884871
959692080
2417493556
2660649324
1140791539
3060106484
980195526
1329495799
604886045
221407362
2721691
1098052447
863585341
3300814800
3221011798
2573077267
2840534036
51988933
3265827936
603708824
450062327
536995270
1212302911
2323883714
3838411996
157494610
3195303949
2606844571
2324607223
2323133154
2323886130
2540149388
2324610433
2323128800
2323161979
2324632951
2881279225
3268911612
49840135
3347040507
706239539
2270964764
1968540390
536325408
1893461071
2433228664
2544039918
1335346422
2734113210
2233871655
3506258421
1010827099
2669488296
2524130654
3387704741
586538835
3112528598
2910133753
2862502321
2176332603
2727812093
3204937617
1710419101
1040895769
2418090198
1675902097
2907600170
1340545016
1143088879
2248284675
3389874434
365153342
2930057238
2490148489
466025089
114733616
937092577
3180899724
3171419449
2455556637
2418278895
3640700652
2970603625
2595345751
2967014516
2483734413
3266169259
1810538881
3309599714
1098660222
410278364
1699513584
1634275225
477504949
1034683261
2888820474
2265898422
1609367258
526557632
2777054298
556424127
406610339
2361804851
2886226879
3822229097
2778159624
2829305795
816111432
2493399175
619013932
713458547
2319668816
2782292576
890615874
2429803048
3300943872
2479739418
276990480
3418560252
1883868450
2202758102
2945017316
2157028189
2724111858
3395449225
2159185736
878180569
1117413308
2357929956
3315850088
2699923063
824823991
1123332086
3064722990
1537725240
2610687871
1179647238
605648217
566210888
1365374258
2287416195
1414145966
483950856
718111791
481341910
1623323936
2181620206
3517794018
3851709497
762489854
2848779463
878499739
1564143770
2151507347
33615604
19108968
930611610
3315397478
724335168
2440581586
2795327550
3152290064
1720054406
553114122
1969140308
255906079
2434531288
1926688489
379858045
1573973011
2322751999
3260742416
1057090256
487736762
2563117902
3184419938
472164286
2909090263
3108579548
1892937404
3159927324
2782938948
2408341
1137186224
2371232099
2328588027
2879714047
129371429
2343308908
1293031512
1430538433
2483316368
1188366228
597878828
3405903137
2926510118
2271859102
1143960168
1705958612
965212555
1328281622
3481572372
303072455
390443128
2605455972
3699197714
1481539135
2996918107
635381781
3310911974
1651884284
1705977596
2245444838
618034126
2709397933
1514761676
1979169104
1860323821
2609924742
1357301480
843082674
98355657
2784947749
2319739777
1275492769
2305479159
2537814409
1706003089
2420410750
2530859989
794745925
2791896887
1020736855
1936873056
2436582918
564464047
2203427062
3197510012
2503092811
3352168239
1317695370
2250226414
398969123
2798758796
1685074544
291554279
937815582
1023022826
952329853
2583077335
3347654867
2873520475
1908604568
1941952140
484074181
469721366
2176549106
2642171936
1255341860
2705777196
1314455851
2721170100
365179239
2912602045
3031894322
1361599476
2267731535
2659084584
1546341678
481360406
2871642236
1029379243
250901444
468725222
821451530
2468915277
437370637
1254935054
181100541
418636972
2358542254
3402375647
2208598600
2671482967
2229810338
3133601428
2906405077
1043941362
2638866608
295584522
3265544436
1881187309
315827117
977238002
2645379391
794405202
3844835901
2665775311
1303607402
969138260
588037470
2900352505
361181996
3846169462
2243717355
46079926
1246711638
2276193295
3699316035
313324076
1264435880
274025383
701407771
3240680881
2347036862
515154835
591726526
3003425038
3815935215
1676648952
469669885
54270328
2294376776
3827167637
3289088852
407130574
561802635
458909659
708522042
251269062
750703231
2483604025
206757046
506864606
557444210
562236448
3805916121
2352315066
785830202
210556794
3761600956
291506429
450919703
629482056
559977174
620451650
460848476
3806660416
290097255
3608508372
631174978
2256227534
3772414281
3005758555
327331956
215426913
1265286882
3780184396
284542517
3713796746
3079852282
1969302535
318155260
548662286
3221735933
2505217933
309823366
3791720835
2985242001
1907398429
3792980542
3548732236
314536041
3396865523
183514134
1837344762
2209316343
2510165479
3017785123
3090493401
15613324
118010032
3083043689
3774860727
2471004415
3771665482
955816664
168786277
3773543962
606996012
134841782
3622662141
1628776813
2457906037
47714847
24170636
616573748
2503158881
1882806432
402876415
2313666704
3647232013
1890842214
3747948377
3435085043
1010571
3561232708
1005014065
3368965553
852363156
3404713047
705848900
801903408
3370791861
2794814443
23736439
428661895
3735129796
3326267947
3346801218
3369235827
3642696316
448159829
3402693346
2496032305
27800134
2172661032
564752645
93904802
17563445
2298634316
565692418
374594955
2449724657
92389320
1271003173
3709062616
277575166
1246520911
3693164357
3422625561
2216213364
27835263
3179061531
396864170
2727124000
1246369735
237888723
2953422203
2727178788
50425887
1862192941
323223149
3326661827
2805716360
12991842
2936217249
2974346781
2893105286
122785646
529289885
1611340020
117584132
28343777
161643583
2984403982
3300618743
43355990
55885950
524857080
2342763606
2437391942
1228067772
48715466
118315225
3534965296
2885420852
3320650118
215581580
3570858086
1571227838
292568856
342206150
2883267853
3406163183
2885427232
2149437525
210898248
25977713
122893627
545116243
2988724703
137076896
3313672253
2803913821
2166909861
1368478189
3642199875
778860662
465075422
3506186843
2730005167
607607505
3069846878
2180857855
3390728889
2716009550
3625072463
2223064093
2870269408
166722213
3352770543
295911940
3522167593
580049711
3611933421
403526421
2565259660
3448073356
31755984
1931337938
3222427078
3110631868
3018450219
74111743
1055648125
3449909537
3600354862
2465629900
3568692436
3004173478
18363243
3283403132
2172087701
1954009891
2843450492
121707705
17352219
2755987049
107276025
1420565124
1254382015
3568411
51840980
528791330
230111173
1578561193
3023136785
3468481635
2471781446
1889734784
105624270
3485160733
147887521
16832800
2960298788
2877844072
28507777
198202953
1886054989
1621220348
222189121
3580984589
755576346
167414897
2863093335
3285602240
3345273483
40630984
122112586
3362952527
1931562048
83416651
35434532
2484423203
117728508
2886246719
119164419
81078990
87013470
1375078566
240592966
105287629
2903558109
602139095
1320506124
1452322664
3304758687
3020353673
63925655
2244170190
1359226843
2461452080
3185725238
755266896
2970791134
21277014
3411177444
3543291977
3331098735
2346683056
218148284
69382667
339539939
1467097850
2801505500
21325672
1964765593
2364575388
3278579006
536792102
2731517772
724186088
400908414
451317899
344474465
3346892757
256044788
3382263514
3012768110
632985793
2919971707
3235946398
2867262735
3003173050
2813355060
3516998717
3035638353
3143858110
107698779
2725933002
3118537382
1888955004
190717283
3433701184
3297050356
2424302708
2424287006
2689811606
3110105796
2886461148
562572417
2886115302
1936064160
539658831
335008308
2580412842
219280376
716447480
2719967988
1075778510
2897143781
553557209
2895759321
2926784045
2930732603
2905105485
2955734482
158205424
2905175735
2959110862
25631102
2543801354
1260514892
1053417984
3075887484
2592681266
526939973
67093102
3163715373
108914451
117573480
21322408
2765580615
2733241679
2172504036
2282444113
20624198
906762324
3037154218
3312936119
50598105
240364435
3484009635
290574098
3490024577
3483469534
118344955
2798366383
438419068
168644899
3344564308
2501117449
3027052225
2588109960
1853199265
820205892
3243583146
150158919
3360665687
588559501
1070242490
2798587105
3138521631
338183635
2235917540
1227596256
125471278
17511593
2256822183
2334209153
3420968842
3239711293
79175176
3042253095
379626820
1704019093
2430904037
3093368120
2913378717
375252558
1945423495
3248708605
3439178147
3417871636
3401139101
2825924324
3438678970
3331090452
1057211
2240579885
570075139
3325398814
1407356148
47104135
445461538
275962169
3409009061
263425576
2519134542
3436626784
3401104695
559816836
2271890102
3436159924
3435756377
22004521
2502041155
3402997515
3336475582
246031017
3310335121
2978021458
2372300468
3297508715
2392520408
438423449
2430564295
272175633
3092194948
3321103812
2209318801
2460515510
799100228
3421691717
78706788
3319562390
484372796
3253404666
1486649803
2828062573
1885948628
2597148517
3257304222
3241986057
519914823
2159248296
2163123606
241932675
92265930
3425674125
375156856
3000528024
1004178318
122904870
141334322
2659557929
18787733
390905408
3362268263
3000277799
3056392245
1900254343
633578093
2207780696
17808154
359281731
3420761829
737009874
2898015838
2921517225
1080117824
201844748
3418745663
2857636438
947843994
3364078377
3301948452
2696110362
3064349069
112655876
3416985052
24733117
492833134
569229676
1943085530
3415552415
122661822
3250569950
2864811152
2800421913
3254464896
3196593883
3370032537
1265489239
2784398943
3180637655
2739068814
2547050562
3080934114
2859385004
306452676
2227779030
2396698950
2759138339
2392559728
1452385904
1693359115
2528383177
3306403530
82530518
181190990
255134485
736381592
712953212
3383746703
2982670527
2982770032
2982795185
2984591416
267702342
3377932269
3347745754
2718215529
1199537978
3224169427
3406234955
110631215
2760378023
237587916
3316838885
1556987058
292590965
3308478531
1878163488
414480014
310333445
700153667
1324739389
3196962856
2513811746
3367884477
50094643
3407235682
592244584
506542325
1594449770
3292977364
1248388159
631167768
3315622318
44180327
15699770
470559284
996810217
575665720
453040549
2988388635
2984322113
3346582521
1834135771
387879216
108676084
2227338603
2815077738
3403612517
3306593276
2734117666
2354367164
2269322174
2174732415
3392247111
3374352357
2828184957
3077433845
447632814
2976230235
1495349360
26865769
2484931467
2827937421
379066161
21794452
2501279346
105619565
60744468
2753067982
18727629
3041410354
2824199170
557565965
3031064549
133787157
3226420534
169782869
218133833
3396315700
3396151642
2984739143
2989776491
3247518480
174336609
477410739
3383135956
3294204565
2367414799
2834148771
3372016275
2274779469
205167810
2523042548
26901835
3338277976
2845849081
240220270
3040484067
2513380443
139974630
203008050
2501211498
16703058
2923442391
2651443580
3010178365
2288632549
374003844
864982249
33834818
3310639239
3387268011
3259302140
3346807331
316551217
35216399
110958094
3386446072
3094015501
2832914106
195459251
447332989
1219746240
3243616719
2428937142
718158028
3384704457
1328078114
3054289645
2478015324
3214528463
851560458
3382028333
429297207
829735580
1296557060
2538131676
132878864
2470450844
3325037188
2239757682
448618752
139470390
942868836
3343732546
3303021285
2822702989
3347394076
3362016513
3298905725
2831447605
347260995
2177426139
2348146143
231530817
3373631073
2427255392
3026420495
220671535
2831942404
15158145
2296341618
291736646
889737614
797557909
1923412147
24692522
965091049
39524149
124590134
3245179401
510409753
2667901156
2888090229
318362909
338171034
2501631114
751513441
89012168
122331788
2802085305
17796143
1975182726
1321055226
157468376
1352205961
2887404537
113422725
1910175056
2196723102
3249076579
2951314367
267286625
3100110303
749554310
15916118
2175142887
2791495411
3307548899
3368298299
630105589
170089500
3160747448
108192135
2437921773
275896693
2986138660
352335305
620614425
3144141201
82814604
624215118
2863673104
1595350512
3359253256
3138106073
3228376349
2663116351
3216338175
2596684795
1889865913
376084551
757487155
265340726
2247171202
2745439951
383906888
95405673
2591719868
3338449175
95184076
491209881
2771248138
2869391751
15363308
2194714021
3351113104
2822441304
3359185563
741537732
221190401
37956022
564183924
569308148
10246972
735218466
229794164
454127166
3353912866
338310547
3353498351
2775896219
1320937494
342864030
2739348212
46688887
1057645927
3351671092
370057201
2719194959
2940543959
2453858216
2469576732
2791928239
19485684
2567774608
3243817131
2902287501
3321185645
3332834609
2712571328
415766227
66454633
3334161053
28325023
3259732681
3138936099
1717213028
550417741
85491698
3347634328
3092459087
278414660
16325346
489569631
2921806562
758920848
1559013062
133294380
603703405
435890584
2181836149
20465549
1963114699
2837412238
2942351439
2901033340
3244826380
10196452
315476466
43554444
3228613151
28037002
2771253744
2958777832
3304122778
1092532538
191795129
2477191080
2482204525
3169265378
961347331
1863498180
301172278
2841854667
3020663649
3050127109
3135565264
274562160
3194502448
2396774773
3047257492
2610691059
862407193
490103938
2849679863
2543624552
1565817151
1639934851
868730376
1886001258
839896928
3346303258
2744902664
425882409
1411335866
113298006
76050589
24322032
2978559785
793891590
2807139027
3126162236
2284457048
3255700172
564411003
506463474
145346735
3153651051
15267920
2878171142
607229534
55047147
2898236201
261680103
2397282485
150340065
3154000169
359654366
1498799510
1713095077
1632761070
3178231396
2903360522
477871629
2996800817
1952368916
3327467597
430192464
157443576
386022923
2935741324
450438759
1915025528
63823069
3038584512
468188253
2499276548
108724358
25042467
573895433
26761733
447790922
702342020
3254290254
3335270075
2781890903
3334495671
23181999
2845857403
172825735
1597038061
484999518
3216979415
3195729053
2242207094
526600217
255797769
989689286
2545617397
608939278
2501049680
2529296168
813104557
3103078426
3247944859
20690749
2787716710
2171567670
1379115314
475086502
462224865
316441586
401775393
629798466
182345452
184355284
380805786
452794540
2194470846
2944275814
3291066526
1347399354
137826259
1444843555
119149673
27116694
2511131829
3110997981
2874145254
458341983
3028809214
3306998279
3311913927
490405044
1004530028
1960603950
3319784824
1977202770
607651527
3298035473
2817271926
440361238
841611254
2972872659
2561956188
1281623378
2185485662
2733252844
446984396
2545564554
3314300771
83207614
2976640304
5967972
3167566834
67879486
1293774062
1475234898
158060289
3208482538
70664947
2203301517
2507557358
3007855996
281637703
338093701
293650134
187579804
2488123544
2542093807
259613476
3092100123
223216332
113981953
3077334089
16151935
2361413834
3295732996
2966824241
1710412188
35120520
3293888032
2474770612
2911254941
9951012
2962791503
3016365145
2894129039
633959657
2734087205
2892485667
37391190
3039321045
2608268143
31663770
2504107290
30317781
3006060901
3296797169
1512969229
1926639396
893433162
2877736374
267749006
152114362
109997374
90722926
3300872507
135842332
536495781
1675125374
2810276836
552947668
3303061155
98583506
3279343054
386542585
456857992
3300866931
2148639705
947992086
3043553770
2815999330
857163980
389460219
27209619
46087318
2718205451
1930437331
3227761988
2218372561
3230276644
123481358
2607633722
1417560134
1132173494
3226317260
2292985338
3041272960
2965305398
3116071961
519011732
3194363064
452211597
2200490815
3258653753
318059060
1468070952
3214569867
3155591943
261749735
278935746
68443705
3029142007
1869731792
2202134430
2196203149
3226075912
3292596765
2477521214
1736539399
493143970
609531055
54397129
3289917483
2213796806
315872250
3247938034
2560753480
2547381468
3024922431
2825093153
3244607525
3253104417
3228543147
3003217165
3230224767
2470870514
44110054
3112163362
541643067
1314836809
3021120843
3254674779
1438901900
23043564
183718664
2233628365
2531637628
2980931745
2987066063
2882262759
3253421603
3001813049
2920015053
3041523664
43697587
2171011147
221086956
80698046
2600586066
2458403336
2408638004
448556950
2957730261
1683834049
3244247129
2546730606
2543049116
46646154
3061697146
2898777062
351300423
180000031
760826425
153778907
3244688981
3132243276
3228521973
3243842111
3114787366
317475649
483415153
1568492526
1480205558
3242356270
83577954
36047500
3242085621
1970086926
577078223
432058906
3241952074
338089116
867112284
29191089
72494167
351684800
3241160998
2675986912
219217634
289470512
20365238
142073987
1704854388
16027781
3240298547
899883193
543514481
318375056
281746494
2189279462
3227340509
1529224394
318419999
316208570
3091374658
2239758337
369029151
1592427720
1426241520
151681285
195690646
1656057482
2826421512
317756592
16600626
3001808014
277317972
164242701
2748553412
2224941072
111081551
228820403
2474097882
2542070966
2867251632
2541156008
2529732138
1639449817
328441739
1620142537
31520572
3009772704
3212992510
2783122907
154350597
2822641778
1516211780
3037592392
1260605539
159897380
2891953294
53874609
3214069319
1540407535
86407697
2978688283
3111104217
2927572252
2903975002
2353730930
187071117
1121024726
2159391044
3197178568
2884059089
3129728535
2504143856
2762592056
3173896889
3228144514
1511964535
477829945
48320268
772670713
2545471440
2860764132
2993230239
3170412221
19101049
1477107084
3148496203
2932054745
2537919867
3028236521
3133298096
216327829
358638349
2913910709
37002399
38882534
2534152072
1391192431
2535698535
242099611
3179205103
161809644
27948281
3000555904
17139579
2356766965
3154762097
3143400899
598692528
3155092593
760285705
3212882243
356646848
317126959
2916553926
39067136
3145601770
373597641
100041105
1684286856
923605747
584866633
2832908603
1166587663
766071379
2388913874
897142184
21638088
217567535
3082932069
2254379702
217472478
833944074
9843782
2955429334
256402183
3013595631
387870859
3158027392
2951248157
2796823251
2222143643
1541810790
3207885915
3207829161
206962580
45376237
2401718935
3201143998
3188415701
232920376
20926514
176911508
2828238915
2824606058
361251508
615135061
3186808523
46698493
457153453
3201735095
16270167
2425562734
360402736
1858633446
2865756752
1172919570
837860880
310868732
146774932
49518404
1389590330
3159156025
307486038
2495955023
1424019804
1953373020
24571916
2320631704
3192633209
1045709352
3196270294
966681366
3173922885
2692125771
3118372629
535402542
1219544142
3191029185
318281428
316541106
3190644363
2954942055
2970467806
3103083891
3187567023
123219990
3187232212
2605384560
228219562
3180185164
2988623740
20451861
2329023188
3180673581
3145459769
816983366
60874598
116139004
1546642236
2680378739
3131300662
2170795746
1557931471
2851539231
23804708
2517154169
140978096
322761218
1031682272
182559361
257431669
1332646021
2902257983
396164278
142736906
3134767216
2626046022
3041375236
2727652965
279612469
1055197866
3164144230
489879335
540732730
2548704415
3031887765
3151838868
807651110
1472681616
578257014
1885904508
2939320389
826537184
43662736
3145669330
18306628
2868547523
2391053446
1244307206
3079336403
242429928
2521019880
80581633
2647459710
2324358670
2892068073
561781298
37972904
338100187
3063863775
2807017284
2904268251
569915255
390085328
3077047918
3081504663
2687580328
3041710199
3065838791
30655549
115142697
21178239
78100970
2946784707
3143674275
415808169
3142842546
263358545
2834116456
2272092822
558164020
2791025139
3134652024
1444758702
305655577
2384155796
3062801243
3087093887
2395256560
2415221181
3033479742
3062881917
2284895652
2371262969
3131659259
85578868
2595064494
1361736906
1281506293
3088761929
1951274720
3040357841
2982168321
2972598833
99122337
605300179
1655717473
2976443571
813023113
2911040980
252192750
2969618651
726746287
55166712
3052067081
51743530
3129702197
2438753109
3040245804
628875164
2199325157
2607123872
155712003
3063952985
2313099380
2913769696
985382827
2178707999
20150047
1392787428
1957864614
1392652724
2394946081
15445126
427734418
2166469255
309664932
3118737635
3118300689
620452874
3115469433
193658633
2380593748
461307225
283639586
321002197
2811438662
3095126639
501123106
2464824599
3105386859
1249675392
3107378309
2290364287
780691290
3107812365
2164445959
3108163353
2533881802
350362817
2589593011
14466526
2488156311
3105836902
27789999
3080511838
797249852
2985730293
1610464182
359242615
2560582233
2976796559
2974654709
380466193
703723118
2845735871
2929615839
418217963
3046682879
2950957390
362662372
3087917843
1734836569
130870420
2471131196
75604621
1666440842
104268292
138517135
3040737729
2928391572
701172848
2937701728
502003211
251744999
2205160606
3084169228
1715322241
990792691
1648727258
1454031068
1080814122
542962969
3074284829
771989142
2239579885
2894710319
2917805117
37249903
2636604690
219085358
800867766
2922867425
3087281518
1521723086
469485578
2764749721
2918054983
1633262515
2804447746
21045762
2653470437
2745095849
2304508207
2462333066
2479615455
236810139
2796761305
81635578
2823618194
171890772
2829408083
1870522992
2508628923
3049376870
2663966905
1310446038
309626642
563311838
1665766094
58255466
3051725225
22067083
154559468
213056747
2887651695
2916616073
288629888
2726741005
2656902942
85919534
562834908
3062674382
197170486
1735390164
2786183771
2248532045
2841827626
1373273082
2896575615
3045138066
3003876180
398650003
1454249192
485729203
2979773758
986429040
3026696788
1047537240
3054043309
331398071
41400882
828791870
885733974
2988626605
2625902152
1359040722
907198734
2783837142
2394574335
1341405523
415565482
479567810
483227340
89833436
2925833535
141301490
806712595
353496431
867356425
2993186507
739907462
2302152024
1580209118
1023075332
1779778332
53134628
429359052
569471159
3039754154
2213576427
3009066711
3009755495
2785680441
354085706
2668877380
141562287
2490639877
2583066531
829694792
287877901
2789625299
3039062397
3049238981
37266969
253059481
53186745
15176876
994005246
254732884
3036873562
2384118904
2162137619
27101173
2789837147
2513491712
3040338641
3041704876
73940090
516019947
2595648476
3037108702
297380638
2629217704
302742432
353206233
1366670222
53183965
3037111029
704845316
2543486252
1374227076
763587546
3033754373
1697215020
3017871319
24359039
2438511109
2734168355
207392880
1105012190
28484970
1951819237
181156789
1268333359
3028779201
302705113
3014219013
2935239996
594600565
2961549819
2377492969
2802581431
2800879028
88036963
2785054550
296727616
2530535551
1872268352
2391663157
316563438
2854371729
3019856734
1017498714
801623736
854446688
2979722524
2867337317
2838001673
2489487872
797502427
1656768493
2970553630
248918681
2903826695
1319117268
17070787
2947446089
935491188
2155997703
499800939
2272818379
76057201
2923499129
3001177799
2826801403
2543488980
1111814342
1102194114
2919031980
2273867732
2157448464
2488203600
233933230
2884379480
2590335781
2831392369
2887129603
379498878
2878183148
2789629292
836410892
313816440
3003222046
317085605
61194489
163066182
1345311282
2300289704
3001812299
2657456557
216646768
2815844041
326639353
367448549
2989958229
422874030
1117352112
2693341045
2990833660
2999468253
1919520391
1493267851
164794909
2998295998
215720067
1286975888
2869325571
2272360686
425933852
548567576
38014772
135456764
2966138128
2994664599
27867738
142634840
2994807215
520565312
779067871
2403438441
17887939
2294672197
25312899
1391695801
961327692
2975379167
2986033083
906657192
46880873
2810447313
2490338816
2258785824
948670369
65517621
2839926611
38976017
2561579054
2411959795
2789772046
2968389947
527372536
20897273
2568547442
2980424392
17897859
354840035
2468342486
863861454
913721238
235356247
2901245151
2729838083
389263463
2886701542
415838855
2691186956
2936033549
212365380
2749878319
70548171
140874359
2549979386
2695616874
1706666298
867104239
189850004
2235189276
2518392796
2737578830
2958209008
124532299
2824847518
375052541
88076167
2973906123
2947322109
73774016
1202488722
616025738
2321570292
97383592
2660071426
945122066
2787504492
2771049701
2958396358
2971138191
2951650024
37284503
403899803
2972495433
2962569910
2314366178
328440716
420215859
266056967
20812660
418867782
164324743
2336618659
626004811
2331013565
544075222
2801695127
2855414812
83916614
2501494206
2966376802
2967388498
2297628540
2962125761
2212303327
1909506979
2965853883
2932303847
203063886
2310616300
2182610890
297457814
2927136389
2776646422
278627865
1090545883
2959898403
2687956172
42719424
2848273882
2232299720
59881419
1089006834
2249330958
214669201
2936580723
2945156639
2296482553
185321708
198128780
2745343895
1597582880
182497385
2200525108
1074608479
593578262
2882418891
23789888
2892022477
2928747176
2938571769
2208798888
2781083245
1548576871
2939750218
2918267949
246676814
21572494
1222918988
2944740321
2359362903
2943923673
1558344079
292488740
2898588291
2940340156
976528424
419835957
791396106
20750553
476606207
2823109342
2939379370
1461449719
2923163987
2429172977
2855861355
387973412
948314394
2905451446
2523170587
10324632
2937934379
338291677
2819273643
2932893946
941156160
2830326970
765199782
28213620
121855199
130190749
1346530920
1939110636
2898957771
2909752151
2927331067
330628183
2931080010
946561712
2918542419
2424422474
314646772
788938734
256281667
374835128
2778981675
20674137
2163127386
89730870
2887111144
2885208507
230596396
562372370
2487772308
2910986001
318378398
1649005410
91119778
237274036
2867741459
1615676352
30316731
2279518804
2905786881
2894941438
51339537
248141154
2541357239
2915952937
2556401958
1979100811
2874088486
2287887180
344792812
1452769782
1670295002
2780259216
2383927706
478873090
39292883
77180390
47209938
727258134
2509970240
2800421239
1295283162
282914325
78687173
1949911849
2902271825
1636512828
2583678126
2269149649
234919586
2846910689
2647986639
627062744
444957716
2469648354
796881152
2257810688
2898934671
1029822318
2180260232
2395353649
2895837012
840568134
2761567447
51129461
1354771974
369440099
108320844
391902887
314287177
2728028795
561363588
2695466738
100338893
183074979
1625700270
2906013254
403275763
188296366
2229119557
192959663
13339272
2895710013
247219290
2906333558
2378411216
2894573207
1248197730
122014550
465650860
2886088384
2890897703
1951851307
1239229399
1227852967
302174491
452892210
2891922856
252316159
14604102
2514990804
77776648
219426601
2891045339
2826062067
2883458451
63874973
101541188
2890839670
249669454
193240944
1425848413
218459334
2874259546
2887382716
1156851019
334048886
2878464111
2779200130
1012073593
1357763394
1050506928
605744186
707479017
368998377
1144866836
1159943846
152377894
2904496981
1069920602
424326504
235681940
1909113368
2393063119
1032955669
363851622
2699496506
44396792
211955724
29253282
2881574597
1310854524
190842081
2356247588
2281184024
2651620075
1015607485
150546196
172310212
136168396
193617846
2342473897
2819574874
2881393899
1055383897
1025242525
1263489386
2651465136
749902309
289353325
349582502
2755751021
236022603
947994470
369676948
2733816872
343283519
2902281486
208083510
1048268719
2510608932
1870176168
2785187253
262418358
35553816
465770130
1643303016
721092824
1371803480
1582448407
1158505855
2435113266
330485765
139135923
2816780725
1032432954
2292748574
2784637576
273408382
1134728358
1267881271
1905475310
635434796
587436173
26473089
126903716
424899894
42014944
2830887723
300773836
287818581
2857559014
613879144
2853571744
75736238
2837244053
112562263
196142199
189107456
1633219142
2228659594
2735193373
23626665
2875416976
2858757655
88905512
1006257686
1082790528
87226884
2546599123
951813487
2432098118
854910330
1040958458
143861319
2878064930
147278314
2337837390
334227060
2776355860
2850423985
2834597675
1058013937
289840415
121907165
62541585
1552235011
869583901
2388784052
147479994
1145837502
1039875578
88774043
2158886048
353657708
308793050
88951965
2657768461
277125802
464867175
2828311600
277120302
338597489
2508971117
2867150103
302720208
2863624647
19451560
2767309228
866520512
2886935126
2782150074
2891913380
2371305157
2866531587
597277600
1114716673
1718400536
2846459673
2866204090
2295881880
251497683
283008304
2845545304
618633729
1065265608
714513049
226249629
1899607046
2719464789
2813818917
519885846
2829285867
120050968
248760067
2761746453
2539838183
100337625
500397453
798239544
2831149440
872695783
2752898188
2862164543
1687831254
388096381
1498019790
341391332
237695616
2513459268
444800767
1451484558
263606627
1601702700
2478105902
2829274126
2235229335
2861565911
270327100
2857108569
2432007200
2859950162
2571707551
1091693605
2859495393
2834902066
348305663
468318471
1069549602
1071540248
102837987
1694643314
1863952172
379030823
1215781428
2760443098
212485874
227911785
2858590431
2847289592
267200537
2612746565
2246845242
112582208
2878424491
2883078085
2845875603
117207434
183759237
2596628207
2696887802
2856483904
2854155394
2827604185
303896480
606785697
158083300
609847519
80137095
1908608630
313647302
495826510
1972640869
320873824
615368010
230597725
1125937411
48215566
2345449520
460637495
2731478779
2821421962
26913856
2823458218
2875501614
859096632
2171196571
2865750186
2788009689
2820454546
631253426
361455056
2873981803
1080207836
278989246
72121660
2806980286
2353075322
551513922
397172560
16706005
65776000
2418979002
2416860835
2791583254
43874073
343874400
354377732
782303490
1894555507
871668656
1578830124
1247976301
1047889190
518094170
2717705744
296752737
506154028
44346358
223604189
1635331441
2776857943
326380075
2492223825
336363571
298484176
2784366089
2428770397
256290551
59292466
162487950
2321362591
396601079
2879272429
2850458164
245520753
17344200
7668952
2822505065
2826327816
34994684
2311317956
51792408
547508448
184483673
2777264730
2205083888
2848231251
2850182145
139659661
2607288641
1668982022
40018037
449189610
1956170528
413481502
2172898128
547107947
1354574178
251709114
63546550
2882324316
517808570
2814356027
346549937
1709099006
2799483435
2332576710
2563248074
97338227
2457099590
480374146
1969376665
2820848775
2784410524
2805155079
978873643
573953385
2522935268
471203774
2375923195
21712038
2849674882
58645253
2849753510
631048517
2152989073
2876932207
2780540376
2682450060
214049826
2679899798
394245971
2299639832
377275131
14370613
2806889088
19430780
845718145
83557646
132111956
2320046751
38274009
289148078
2838681838
25537232
2786395343
2845578484
2682311691
1877044406
2728470623
2764353100
2475610278
2837295206
1163130834
585460615
84065353
1114509985
367999975
570854575
357159770
20253115
637168166
36982750
2780187442
1333033202
2838147393
2462621143
213223080
2616142783
2761971352
2356754006
257295694
2702206144
2476744728
19905751
526817958
134963200
365601245
2838333676
304601634
1350307579
563108976
257117995
2524029538
2543676271
467574943
2867703342
2282676800
1214919109
479127285
2684862253
115061265
1968519900
18578384
608093835
243985729
1571218195
2722468532
302923689
2258328236
540342292
130342625
480368775
40697207
596094108
410667466
454208308
52544006
374134035
269744627
54699007
2611157111
1381762980
228439387
25099158
348130743
89786011
801273002
920774018
2161534741
2299596967
1227866389
2753977339
2785277091
2524948128
2633755439
625035796
2738155487
49372625
714161303
575709493
2801983185
2218746357
296338970
2150629885
557640281
2167525794
114583210
1528566337
551644827
2829522510
18641988
2667316904
395208141
374325416
17941483
2264083959
2458907334
1890833444
2789855700
131121173
2851020518
2427252054
2577962902
2594792875
44502040
44620154
2505926977
347405401
819839924
776760036
2827292632
526380331
2790465571
2794864601
2256850213
2607717888
2825298484
80948391
2180720323
204864531
588989607
472103984
2155333657
2806930886
2800640986
36338627
558640207
2805989637
71280219
755101542
225282844
2784021827
129824730
2296662734
1416676050
148933349
515286579
1684232640
2350637833
215352821
2798125167
2709229968
102497059
2804313730
1082673140
432401953
486643456
2182302025
46232880
26522915
41812672
2788984389
1188435716
23933721
342894187
2412732900
2501072592
2517471774
2179701983
416514791
42873384
2808807749
2792299606
565716079
17427729
127608950
2325720099
2784561011
231595561
383779935
2789656890
507021033
1647945012
289511094
1530845334
105158112
397328649
1282884229
2171400301
2787260392
1430098128
236507026
18474984
448516309
2462219858
1708384322
198849062
1264688389
1109112762
1615488324
209944791
306886909
55935057
1386642474
44856596
2317573334
1626157250
397100807
2167299661
590964482
366498127
2798977804
560242800
565397316
20994278
1055720280
2380266679
57315338
718962284
2424448070
483002865
1905696696
2525222185
402253671
1029086204
2353249170
253428481
970494883
1320172652
2345875034
2484739784
753664585
2354544156
448950233
124410425
1173212540
1618637196
304093602
589121855
269926686
111408445
311529845
2456606185
2433924289
396925726
524734623
2219682732
1129187155
489740950
34741879
309228963
522477612
104821014
2164722589
461954403
258230169
2414168274
165523476
307436293
113423108
395446240
363297964
51131135
58148646
1909452565
947688295
138673277
573629823
467307839
1940846233
2436041014
2355048019
440027272
436215581
2785786491
316043615
2497274412
22206427
82376042
77969887
2748575671
724424089
20501362
2685281370
57805695
2496928483
570589092
1322305082
2773461740
1975814814
111252965
196111284
2788538883
260592800
2761969588
352622576
2787414789
2366083352
2264712792
259059584
2478224802
56973944
1639220383
2714991785
160284599
2421190040
2586173102
265016805
2394350036
45572084
22295841
1645217978
1491435854
135189435
1489910095
899455662
2625333690
302606042
217158737
985036262
2741828431
271297553
2319415633
2717293939
1511363167
388933078
379732614
2814717319
84909245
141383006
1911832471
914194734
353872365
116548219
1283220877
248563081
1547719904
1849337911
391427071
2592115808
367394893
831148974
2534870204
2156678048
2397132581
589015431
2769446331
410051916
968895704
2535446095
1543941798
394323614
68182726
623116849
2712002083
1965325778
2155759051
538206913
556629230
297614357
214860840
1662549008
44941453
414608146
607557900
316401592
2295335743
361482802
1632623060
132447140
2382410982
239514976
21664029
277924273
2658114597
2436985333
1627553971
2377481036
322101213
1151024869
830984887
2464920044
523085134
2168995328
768282008
130568721
768982796
1381230078
929903647
2580071139
2721817820
77540948
2394317406
1718480984
868345896
122790434
1160259043
49325887
356178651
1673844451
618098805
1539233137
61741794
518453848
291265941
464078954
1167381325
512597348
314548237
1272983683
1511863236
328484372
1651132772
1158270793
831789974
841596660
393307183
2461838461
536524126
1348591226
1425036402
503712809
2310320650
2541216938
1665643022
316027784
2442747731
290001739
265556439
88168692
2227403496
1927749673
1056289050
487503522
2560611382
2608617169
1170545190
477755718
2421057199
83554234
316095297
122033106
20316349
381168301
53013955
1074467761
948227862
1924964269
158021529
2273751536
2535355873
2711746098
714327696
2392719264
20796123
2412356434
1305807127
18906599
2755122350
294799083
1530472884
23926495
1928492846
351009963
278673208
485459058
777687276
2453263154
1242229584
