3062681192
3104863840
3438131158
722828808814862336
2892420589
701555403839045632
277403754
19181549
4890191109
747524079935098880
719882890113224704
3248972102
4003120523
227470763
4419474207
16862460
3184379954
179281589
65212354
191330528
69699846
2703298458
2743469362
928928570
287569113
2263102682
776978117730508800
3995918002
716400657855602693
4392241881
25407511
717416302193803269
717701706583302148
717017261102465024
4831632838
771361924868997121
15113529
4855228351
3544188677
3620590101
770655959333019648
306604813
3738158960
157212361
771353656956428290
104671957
3239674067
3525116836
769566296077840384
1105875901
3606011957
14931973
20374510
1035578815
1666345910
40688691
93466099
127967449
1097746027
18138744
40160976
762832967962165248
267198300
370192044
715034919790059520
762313241645187072
4287337822
732593205686964225
2400348068
2767575833
2703902666
1944031423
1607943734
59626710
3412095995
6783362
2841855251
704628860139266048
751621518111567874
362074693
1667214625
4769644575
440116884
715168895934545920
835725428
4165988129
18189173
781783303
78515319
87104000
3714174733
4008302307
4078537817
2516023763
3368016604
151073615
141284585
4175136509
2314813386
4174225875
4192581911
2189570761
429337908
555541936
3315496315
4043293215
3438708972
2894715220
3181075148
417616254
3387525857
2772717584
16494381
3231991171
2843599991
3415262735
3393586773
282686810
3280781197
1074102451
3395598647
3314799290
2241266600
232604143
20403861
3428782312
3313937430
3299381730
250146515
282358315
3314441569
240745169
539375704
160729107
245275454
46325444
2890131203
3304826485
3184436288
3300542994
317638291
2712543692
2559359275
117872939
3177259810
2928879442
98334504
3370710543
3379844127
3286683050
1599283075
538997411
98416396
3380844166
154366347
18794375
330703846
3252139513
1721432834
1935237277
3279285955
135979981
3304444107
2273253672
3260494466
3212888867
2202785935
122268160
3350305864
3139367930
1368024379
1004815748
3345016283
62324559
3259161043
1912433738
132038130
81916160
3256878908
3088922126
3126071722
2374544738
1476098912
31419709
2243419358
1954883918
1004989164
307777009
14147591
288536768
21940235
227822390
215035757
220899951
206578607
100890390
110661181
192995481
192994865
190840213
80110362
161774240
116815934
115095926
8725902
24116050
124796409
14616175
18634396
22535885
36994612
57942424
72744233
16652613
64353303
67412591
59744407
60637721
61388987
36005901
63908893
61452613
61453520
61443602
61447437
61447196
19195830
61702310
49730251
62736286
45070636
23647616
55235626
49274633
64141836
56074031
59598232
24041887
17907460
63411156
62394724
61661638
62218409
59849160
63792429
63704459
60255231
43505316
18572751
18111367
42055838
45095394
41381253
13010132
47759824
42479469
63139071
15766775
63080383
52064367
63081809
63082586
37778071
63055188
46898366
54284417
60994750
39828104
30698572
47334567
60675843
60236843
60678161
55742525
55388936
62830264
15314196
44482939
62782602
49920128
62011067
47266872
62710689
14314186
61964016
51138680
61724967
62541910
41435722
42834841
37990938
62460679
62039500
53034229
43322411
60944018
46263428
61956225
39329657
62092516
62090415
49265889
39853107
61739200
61408673
25745197
62164526
61041463
61716983
55074801
20069997
38993898
22362990
55208114
19302495
60148179
42492771
28349364
53860384
37025363
61996638
44620078
58469974
58472851
27382733
49850369
24507401
31068091
61755871
48463784
56241748
53839982
58062847
52814058
61303918
39659050
25375288
42049655
13587172
60725426
61328325
9957382
61053880
10266302
59638725
22004847
17093098
54583465
16857743
60372366
56724928
46601194
42664154
22478372
42296887
45508021
56124664
38613801
42283197
42713845
26513217
54853912
50375678
57738403
47359830
18180357
60314089
29854520
60249397
59181885
43536605
58382293
37928275
46459994
59705040
42222472
42480977
58000657
39193712
14251303
18927209
15231621
57976503
41954685
43050011
18240093
52252602
56005223
23248350
45869985
56291680
38118262
26858420
42540668
57289705
52871948
57299457
38637030
44219865
53875249
31667497
56792873
56627727
50853595
55759161
51326553
53567256
32208323
56070510
17644619
52374305
55681673
40222483
26860971
39304941
17249451
17222503
41180963
54646129
56035906
42729530
56483516
45095273
52466162
19289527
54854929
55401333
56406592
25758885
24202186
56349035
17245821
56263477
56325268
41954191
55197084
54794605
40706058
36891924
17801137
46523966
27995447
56225681
44135831
27059690
56117537
49541818
56107331
56119852
20733289
54639924
54652212
24328658
26557454
44543954
54122056
54453122
40419337
55777010
26340655
40438715
38648258
35747272
49814192
54029459
51828016
44569858
51883179
50840405
49130603
41541159
18223192
41963531
43685095
45788924
26921702
18844298
40026354
44663920
36088573
41157079
46338661
52493474
49692449
39699312
54290150
38650765
46265943
55140883
18963917
54141987
55299742
43237396
54130459
20014718
50771346
55142500
36474962
39724825
24850309
36687719
54831087
54807182
41539798
42576325
41283652
54124999
54124797
54124586
54471526
28643923
54123827
54123608
54123346
45611529
28300059
19788969
52919628
52046880
39058637
53817063
53789733
44472278
53827736
54047842
53873840
19358475
54019208
42618861
53872310
47115981
53869493
53869291
53779966
41814874
45156927
53866790
53713981
7752402
13725862
45791119
43059067
43125147
16291234
53866800
40047324
53862630
44228403
30770403
3060631
22637130
45413988
45514057
52596044
17652942
41782977
16743474
48982996
30855425
49130830
43918291
30736991
53542677
40840926
45857833
42407021
44233836
41057695
49052050
23115731
53257199
18223058
17386459
34938601
41828475
10443232
22160898
52008341
18640980
53142712
53146062
53146096
37954508
28608484
36514364
50574903
52798066
20882494
17793579
17330646
44348658
35406298
51323330
37397602
14555415
17781955
20592278
30698096
8544762
