3350609765
733246533156655104
707209121855086593
1262776610
4201284255
4293370043
2794860968
374138602
17171142
2984872862
911780719
2402021480
2790091413
16600626
112820099
444435561
391692889
760277761780879362
1358508182
39241726
580857186
42790254
811942160
719195663372693504
2281684087
1690163011
724328056735801348
3345340300
46996676
761289476345778183
74549018
381108914
1084264573
303275428
2478015324
71832437
17902506
24935003
17467950
523574943
133900256
407181226
755767570691743745
3066075022
4488611353
2546562188
2238582901
292423442
3266372924
742957454988828674
4557503541
15813220
2554740110
23330730
778271346
726618293834911745
3187961918
253017908
449089020
1698970796
368545981
1648293661
36988190
3169508226
2353928462
52354124
2979365176
17327882
44959884
740051228785184768
4710818257
75514159
123171022
1520762364
32904705
4869956757
728634258806460417
908546028
505867056
1493930233
3613476200
737272421888217088
2972057403
14367719
13361922
227581156
184383206
125401643
48205983
115939171
3156924552
4416141859
292082175
26459660
742043124
3243350291
728974612936073216
722059929217929216
2906209465
16438594
338736366
726384781349556224
2322683256
725458347424522240
4881864023
717860883146412032
706608012346011648
714993976907063296
409557899
477872314
721872515597926400
17979662
1155635047
2328012014
1870223119
391228560
2748809475
316547308
14217862
709379420952399872
315163250
16527730
2332621584
1870144128
4104541313
302269065
705605327547408384
4908617816
931486945
704883924334452736
254410443
270411885
55975227
4138887555
4894104042
4662805095
4888964399
4874671649
3226863486
35051304
2388152726
1453424635
21324017
2696910775
3007385853
2624554209
386018944
2350722908
2557951345
4794771148
311040812
2181490669
14652906
26278305
2386059667
2783695692
2904202875
1882772168
867189920
370528877
311654967
2412115319
28609576
3248214446
316044050
3415732640
1012787599
242268358
3317728960
427324879
4041841979
3234108048
3281458244
4171099167
3246446600
4043440054
527009984
3062326842
3782955012
1372857926
3931499174
228790621
227472201
3572446576
3437556273
46962618
119714569
316480694
316570811
104888089
23154591
3898598357
318393653
1404151736
2612391901
2533018118
1030495537
2567247376
290921340
448307094
445151881
17714851
1376229504
310285515
174618314
91752923
2333613415
136047627
251408447
479599061
2828245246
3403654210
16381764
3341940237
292777349
3168573576
3273274015
952112047
572011637
1626294277
13443342
3249835170
3235635224
878467352
2614101470
620219657
84135492
2345875195
3199389838
16007465
249376437
240087035
3027246149
24691731
15723683
3168300706
351262776
359924736
1587489655
2382649182
21965432
3130088085
60303428
861951648
2710124820
72138282
3011117474
1678941206
36563254
290124485
60121599
89362387
16692057
308707369
19114646
57360176
2823794948
451126171
787086385
739517756
73408582
3006962664
2280007795
254742760
2797367802
21779975
16931849
585182654
141682204
1909758506
329688737
321954654
65517621
253005713
874117075
15010978
2966219439
558360059
376247537
93055977
2962818947
340809431
250940749
1909432608
182494290
906620078
2735651610
45641358
234982889
885579968
2187279570
2714676951
244508252
77218435
129839546
35462142
992193380
340396990
51682281
1360507382
465037324
243037267
2825938797
540658490
253005980
316412535
316378809
1370594612
46479775
539541627
4170491
316313947
316133771
2764237041
316113546
50503401
316306978
316022820
316463522
1699098206
115109785
41100816
2649991351
408854891
315514628
147074313
76525772
786333739
1870033152
253007135
108310388
20877721
2167674121
253007439
252166052
1870187875
76490854
1573904036
2654940337
253570906
2655641522
1870055064
9554502
21323251
454323057
70156027
1498305564
450697476
273383747
2188423838
10196452
620532546
43620520
16166161
1117644769
1402969326
2253954343
271786376
2379135360
1377719425
18244206
2444523612
598436026
2401167354
16317079
2322815077
483945013
422899994
11895882
34982462
353523038
104699531
21059384
18000662
365606579
460572365
1398227124
107633302
1548567194
17039797
20246048
17544512
31580633
1430814439
14101232
96442308
242618658
1249578344
765008538
479132341
15222873
1292214043
18176907
17118279
177584156
1436765240
874612346
757756885
23324674
506918638
575851079
497882987
184281048
36720425
34940883
15100636
21580755
409371303
530799928
212670233
1371967794
16478130
1199539627
17224806
906345576
18294362
33051920
277561227
39609592
85786506
21675804
993862188
490437706
23543548
19029306
7597712
16164636
389471498
49076551
290894597
469194846
381618515
16615073
50343285
727472528
618642984
933232026
468593779
15715289
518602311
158340055
101686151
36556446
582228241
262163983
2364311
302321475
385413410
525641456
63478261
532642886
19017604
15995683
213041814
449106073
18313141
67293615
48436437
252365681
18135606
18244428
