782434309160312833
27534212
1893402344
737281714850955265
459013267
1615472791
725327734034038784
985394516
1328638422
441206649
757745760981180416
2403054866
2185694323
4766219002
2521183386
2757489860
755791898296451072
4871122066
22326665
775790561898946561
2563131035
768240863868661760
1918779024
4898905812
1705261722
395268335
3983928563
721096993
2877816201
2854265694
720991893828595712
571082571
2162364819
4034820082
762422154679857152
749213161916604416
2763488855
711472149240872960
409896504
310656772
2814103145
3401963680
2297176874
735472316218507268
1613034265
2989037112
2454867902
602272903
4618908792
1054266132
1669781240
1686240529
805123770
3188937552
747197749536370688
3193260003
291489564
558411936
226299329
2951914170
4920174467
730138857073741825
3836062279
755632655551590400
629032679
754625868547428352
4846140197
3488542398
721844389668999169
174281773
2381632303
743126845315502084
741937266742951936
753603190705250304
748521301447413763
747795939365167104
4764204223
753605374138257408
747796720432648192
728383566405636097
753606115221442560
728308998324269057
751974576054276096
747797304468508672
750279932664803328
753522383064039424
1636094204
3280917338
749575906138750977
1291084398
2314989996
2690400691
746326349913161728
751787778774560771
2938369201
751422339665973250
2490828504
751093741826498570
3988815435
3187714897
4015635143
2884842699
703881368174985216
2154732195
751039933452840960
2825053456
4409474440
2973581136
1295023494
873234446
751335746750050304
151728266
751283609688875008
4705556574
2912314833
4533409454
750804794747432960
750398344439136256
4865443091
3297562261
715199718037409792
723358618511241217
724623755083829248
724622157712478215
724613756999729152
724612222295515136
724609184352768000
723374798278008832
723373402438799360
723370385568239617
723361084330004480
720230766404198400
711925986539876352
715200186562162688
720234480070320128
720233040165777408
732497159870767104
715204819363823616
725613604825796608
725613368552235008
725613136275890176
725612891290755072
725612601120428032
727403585521201152
725640884285370368
725640637815488512
725640399268679680
725640150810644481
725639928609021952
725639694994677760
725310720766660608
725631043198296064
725310041780183041
725310937922564096
725310381992759296
3234868340
3319020928
2612711248
2800281935
2894381130
3293882654
750501786595667968
750459218314997760
434371544
715265346660352000
722777223208546304
2332219710
2426149598
1246824042
126891208
726694934
749489801145954304
562424356
1637927065
159919059
712365851203207174
3200127428
2863061735
4614023001
749283170223267844
1675662360
2565827482
737200183046332416
745396252993536001
749630093908058112
3556204035
2475966096
744215475140329472
2717432512
1444788504
1142752532
2714440355
745068496896331776
236593071
2771813639
1013543370
4259021173
3350769819
749509603046588416
711089793602486272
749190562687877120
3733681572
466823127
2869023790
3881252632
749536032853356544
1123627458
749534861333901313
749534063376031744
749533190260305922
749531726578266112
4838948407
3264993453
167677872
330099712
4894501739
2336774595
4398481103
3717791897
2659756560
1662466369
2884588626
1951894622
741682723761328128
741021270259564544
741098475501330433
1261663027
1362938502
544575148
223182127
2249793779
2752265513
730980701810524160
731064560136806401
3315614390
3253444495
3252504307
3259742936
3259847707
3259806055
3259742534
3259683996
3259757676
3565814834
3260766175
3259682814
3259850935
3579629000
3579224114
3565902072
3565838598
3565999634
3565863372
3565922299
3565794972
3274627986
3274681610
3274031100
3274083488
3274119367
3273711324
3273128935
3273026706
3273031512
3270671300
3269789532
3263035850
3260008543
3259968440
3263036234
3259910904
3259841826
3259895780
3259895246
3259893350
3259836018
3259891880
3259818950
3259760124
3259853407
3259810484
709884934865825792
709884607718498304
709884188913115138
709883768656437248
709591793646448640
709592269767073792
709591360727228416
709590882601672704
709590304823779329
709589487597191168
3579586994
3252416556
3252475196
203021016
731230209962344452
1306400407
729406339408080898
2514262892
344540203
3420070024
728920194991542272
712673243115573248
279214304
2736945488
2989534174
87826335
595216592
727484813045846017
718764997204021248
700457807183745024
704417934328905728
704417721027575809
708748265253158914
4602049515
4481456296
4065661703
3663983896
3663969436
3705631516
3663526935
4698776654
4802192655
4702525538
3663924934
3992984176
707275336132726785
3996332987
3996239835
700758660054650880
3545766617
4690999177
4112519321
4652754982
4171908941
4172194360
4699143692
4165524106
4535711404
710890892018712577
4165535836
4213106397
4854032025
4864235499
4164440601
3576854608
4112459805
4165416759
4506471861
4733602695
4319282609
4901569342
4018995027
4901426565
4698654786
3663499035
4702496143
4901465189
4870128239
701483369322913792
717464406116995075
713373083755618305
719057781043630080
3370953105
719632634402484228
2169499092
702794172676190208
1876816189
710049160846811137
718688557653762048
2301296498
718322645297688576
2448211171
1249428006
715395137040330755
713581903446745088
711323214207705088
4830681233
2617263332
4305909023
4441356620
4635307213
4441396220
4600241832
4462625593
4611007184
4628678178
4619687185
4190328073
4190303714
4190292192
4611045254
4611134545
3267082016
4619604852
4628655432
4619737352
244422106
710869631561498624
4807206895
4836479300
1914882079
2708857711
928760922
3428398781
364765726
4352615417
505941026
2908308132
4825042682
3350042019
712236740753227776
712238146738499584
712240216497467392
712238838328926211
712241650932645888
712243814035886085
2219545525
3155581800
3155595972
3155693258
3102378854
2893357818
710457291141558273
3113958124
1710812322
703103886094020608
399371499
2243155979
548679212
1664705041
2790172972
506158393
3128017231
969648289
2905333167
844135663
4770165853
4628833964
283222386
2968000234
4908926487
702476284312559616
701040032237244416
3235856330
3235854566
3235803618
700982578648469506
701053790904913922
700986435969556481
701041993372184576
2194375994
701056444125155328
3235806198
3235891411
700984508842012672
701052941558353920
2194390249
4666511593
701390930549436416
3212028919
700983381991882753
2194363814
2219864036
2219895919
2213818861
2213821807
4000554957
3305899490
3244597725
2217432787
2219852520
2217421794
2215964954
701043305790906368
700977534352031744
701055022360977408
3210285199
4697346565
700987443453923328
4703994696
701396375733276672
700985473192185856
701045916111806464
700974726500343808
3211984549
701384483430215680
4757842736
701044587465322496
700976694048325632
3235900297
3235900711
700980460935991297
3209405204
700975914851520512
3235802502
3211738262
3210074239
3211941193
3210480252
700981281987821568
4707117372
4717438932
4707277333
4716331392
4684794830
4706395753
4706306180
4716681504
4702721352
4706491826
4717166234
4706431110
4716694998
4717525141
4707263977
4676944160
4684687609
4717539577
4706377207
4687791884
4707155298
4717095228
4677978816
4681208197
4707382940
4707268394
4707419780
4707356473
4681195813
4677896832
4677969859
4678013156
4707323604
4707474487
4699492754
4711531285
4677998576
4707249380
4677948283
4717509722
4717633866
4716377052
4717414818
4706310931
4706670558
4716743114
4706239032
4717234783
4717240735
701788678041923584
703087782126702595
702916544754372608
702918285159825408
705535381807042560
705799600783757312
705782906870829056
1279937053
2465742906
3349890051
701410884741017600
701410442648772608
701409995682742272
701409367560552452
701408648421978112
701408079921836032
2423221100
4377561193
4377455358
4377609259
701406486111457280
701407397521129472
703456778059534336
703454589673078784
703453859264344064
703453220534767616
703426466378158080
703294203816574977
703251301954498561
703181344130465792
703094581710102530
703094087881129984
703084862052302848
702917796615720961
702917233454919682
702859282207772672
702858078618677248
702847749985669120
702847189916094464
4748362813
702487437969231873
702486821364592641
702338112593088512
702337281906995200
702336419306409984
701794783212081153
3129892365
3809495835
2890326139
2720710342
2720680761
2697720383
3437476967
3437479499
4194316485
2602063154
2602096988
3312098361
3397798065
3130971125
1615657458
1615696603
4324672709
3312612567
2694660197
3305040490
3243650068
3356044540
3774067097
2602099782
2745025031
4032331984
4342878100
4194358012
2653044401
3982149496
2697707093
2602137679
2602103012
2724527146
4034758683
3637620856
3713645055
3409203783
3120351383
2721031061
2724542314
3676009815
3975688420
3122540458
2724494325
3131056439
3392696050
3644613195
3713747717
3809859496
3129893997
3091538435
4205261061
3675821236
2573249746
3713629577
2569366196
2732198915
2290228945
4205275515
2735219476
3404908601
2206112474
2828133075
4034908582
3655410617
3975727126
4005492197
4027509311
3946412963
3437496329
3987521541
2721024149
4211431887
3301051553
4627196840
4627117110
4627193234
2724573610
2720685453
2724507393
2721974427
2724504407
2724512241
2721977457
2721025145
3690897617
165445844
3126812771
2696425888
2698238404
3728660061
3654341489
3406464322
3867709023
3130873161
4031968337
2720682951
3766578448
2685360869
3161625381
3686525595
3656189001
58004468
3323640863
3787615043
3646449137
819364027
4645556995
4130111308
1975950734
3185067841
3118455189
4924046242
584086111
3233297474
3048446059
476932800
3247986577
2768245779
2271261812
4180270153
1272889182
96550465
3279210696
4824155708
1599511244
554966423
4859138767
3154052573
1903549572
3435690400
2308345902
126734875
4920807585
3194432798
2865959578
1392638556
4249835069
4833146709
4742823621
1210924176
4485123433
4893477335
4886374792
1475952103
3076615593
4885233425
308601172
4426382533
2606505636
4402517713
4840678453
4839267698
4151216793
4097471234
4842073474
4842017933
4841983461
4842045593
4842118570
4842006789
4842014277
4857251021
4857262493
4857330412
4834253800
3404285817
3337255998
1055588474
3219473633
4757949037
3262729537
4840382421
4777689007
4840549895
4775382577
4798391508
3377126721
1651456411
4206624142
4775277078
4071911595
3149499713
4641537282
3250715160
2255177634
4617047700
3051159127
2842404829
3016934968
302671126
1726696387
3299501339
2716222246
4702573322
2236005281
2218311080
1489822970
2366146478
2782068452
4758440149
4363647380
4363546818
4622899574
4572746968
2418169305
4774450581
4623260181
409774781
3346344189
2743686791
382966847
1151600904
2459887323
528655635
3072679348
2858529675
4725424914
4624359672
1628871667
1373094714
3201805311
4647475833
3240283743
4631425036
3870754163
3805768701
4631115262
4631469203
4634563101
4634476731
4634524641
4634661322
4634568580
4631558434
3653688801
4212406257
3711055696
3943256355
4644559540
4644393317
4644317175
4644406413
4644457995
460999539
2509594370
3120538344
560147326
1965640213
3251492966
4687639969
4731552828
336167813
4731544466
4725548361
1637002310
4745536035
2636286226
4647361353
3022170161
4719069080
2676526282
2949983588
4725141023
4589100507
700150845
4409795428
4691491106
2460504547
4657618438
3427192694
4631271014
3007238950
4499519241
4700213901
4658823615
3798810641
3254815145
4166389817
1535370078
361953746
3590321600
229381033
3365246960
4310638339
4685079319
4465809675
3069789253
3069726732
3069716082
3067551890
3069797083
4397137678
3985834993
4685238260
3380926798
2937064083
4661996487
4575505277
1410394243
4149334338
4664314049
4631467935
1568106012
3508548562
4624613920
613862556
4665690240
4665689052
4665759194
4665618078
4665691514
4665732793
4548040932
4063731914
4420512913
3355744580
3255508386
3397223952
4681774514
2263848694
4636493116
2408113176
2936866945
4438841003
3196645482
3468754397
2902070220
635377657
4560969557
4645576287
4660393340
4658424336
4658526913
4658502541
4636975594
4548693376
471983361
4334660969
2950132395
2452789068
4658282033
3885108373
3884333534
3884840412
3026332238
2943860975
2943460972
2943389787
2943386409
2925420712
2943452572
2941893994
2941890706
2941820679
2940025840
2939980017
2939819795
2939855188
2939776035
2937470789
2923558738
2923563136
2937336723
2937467123
2937508558
3281885659
3030809083
3251740094
411616392
3745520177
3750557003
2957786327
3287005537
3283030423
3283555800
4557724955
3342458832
3478367900
3259276172
4657496314
3437032055
4563749599
4648687453
4552221618
3554380214
3008508026
4552289174
2744792615
3220955166
4557708645
4459728492
4443048074
4416330319
4373713872
4613815222
4372039640
3865656018
3298793148
3026317334
4675823299
4431505455
4575935896
4244253219
4655826077
3349520422
1598889938
506718988
4637072292
2444373694
4029832415
4671415508
4660272217
3402609881
3464345773
4655014876
4647922961
3257339860
3648808518
2760421139
2949913619
841821420
3248645048
4499478556
4523433562
4499433196
4330899436
2314414416
2608614660
1498808618
2908488336
961483638
3033474540
3493945214
4624806976
3170446823
4263168857
4677427772
3220828237
2523077510
4676879196
756354888
4676904446
4641857490
4655631738
4564028060
4658918420
4665463813
4671303607
4673087604
4671149682
4658884706
4673192474
4673197938
4652854412
4671289934
4655596026
4665479755
4652975378
4655748888
4665487321
4652856402
4665529788
4645732994
4671112519
4671307124
4258111512
4671272966
4218592943
4652874853
4665376938
4564099573
4673342894
4653036914
4672636160
4251457454
4279940774
4266873012
4252515800
4291185132
4268605280
4326977235
4268537653
4289817572
4291245133
4641602112
4280107272
4252800433
4252096514
4280179873
4280190792
4280346672
4671248450
4257802278
4172217808
4605200119
2868450121
4466942902
4599201912
4628313196
3411368735
883338793
4562336900
4627205474
4634754319
4634719214
4634654052
4634810473
3117651016
4634926261
3196113317
3324891577
2345328060
2867865985
2746233239
4077126374
98554973
3379295654
444889426
4583361734
1945105914
747840806
97776986
4123103007
2886955908
4041304459
3252616166
4040987438
1707220634
1860996589
2540777964
2325276744
2357785542
3346129599
2194217358
2970906845
2615627192
1400734176
1842029036
2482030518
2965943987
2289451261
2438352850
3079146023
3845255292
4626843252
2951466297
2777793950
1870909261
3433208985
4550687775
4645690459
4136757069
4301036477
771649188
2794294517
168055778
1676869998
1890316579
3383288805
3580997545
3259590732
3292954562
483722532
4634925678
4574736372
1007260478
4573899013
4628264232
3437997045
4573176220
4573075241
4573026797
4573038628
4572862217
4572843017
4572829517
4136915614
3893479701
2963675800
4032401655
4568148143
4005675100
3143040553
3436179740
2472239802
2759738971
2842078175
3045196308
2970220971
3109926984
4333440202
2684056379
3311710701
739090387
1798586329
2904346530
138140103
4629715932
323236990
2399345509
2414031367
1150544816
2155631643
3317830827
1461572684
4565304689
4330609168
2429962812
4564133055
2547788551
3393174069
3872993242
4604427074
4068735373
2921285042
3938842752
3084653340
3053114677
2416585350
4561203977
2779672987
741587701
2779707918
3167036113
3376461333
1681166460
4587167834
2416005041
4513480761
625016581
3101604347
2583553054
2149416013
4216689580
4210824033
3178223085
2653589791
838063123
2892368787
4557724786
2353795477
975648746
2598615142
1083592776
3383871934
1635053851
3010288881
316054457
2195837537
344675298
4020458722
3353940262
424418734
3285378410
3053575578
992292018
2872755118
340175110
2571626726
4126721195
1880542112
3851369163
3115391056
2171434073
1872269712
2355051870
4619868254
4354848202
1142265534
3033873294
4210245167
2903942238
3460490112
3050388427
140776094
2920400114
3476016792
470209476
2780991300
3117292784
2884573517
3088226301
2549537496
2279453111
2173187308
4351386614
4553461048
2848685584
3410776691
3282083208
592848274
4494857664
2793425062
2309500729
2313695954
2595092233
3302530022
2984136875
2907751295
3249469752
2865553436
4410645741
2153143653
1646380975
4504316422
4574701824
3396450388
4345741835
4260539007
4512289883
4583347393
3126249419
4582717872
4212909208
3194041117
2796927625
226711545
298162238
2366105411
2926707569
3304189337
4536636852
4209280576
4408133506
3260726101
2222374590
4555797974
2665376653
2873122818
3611114653
2854542313
2952049471
2911920518
2646926011
2711914027
3296691073
2984271018
2989494469
2984345191
2984323802
2989434330
2567231713
3192101132
3192036480
3157579572
3192142724
3158511566
2567171052
2420207286
294788782
2758835119
3000053740
4061331501
1937108155
4380086714
4561594290
4116201915
3989191498
3436863304
4192088122
4420335562
4475515763
188458365
3139128101
3226436010
4483722579
3648055452
616707786
4529058440
4513985960
4179540159
298706959
4209584489
529302792
3419665083
219091468
2792621387
4547453599
450010857
3615269114
4285559181
3067950316
3243778236
3243842809
3243763632
3153073941
4242603221
3596294175
4295288115
3457682125
3308635218
3308687756
3308725885
3308618514
3307746422
3307780387
3307730396
3307671852
3307725374
3307762579
3307758757
3311496098
3377280552
4242696915
3084074399
3596429776
3919694473
3919745532
3919875492
3932276892
3778763413
3311408742
3769758980
3778597452
2997141755
2997182902
2747228465
2997181600
3368266558
3457615573
4274070143
4529129228
1715628044
4547320285
4539722052
4538019379
4538298614
2852826697
4480794197
4537901412
3948235343
4017835641
3192045637
4555602342
4555707254
3196879621
3193285993
3359409972
3191961786
3192049267
4555834573
4555655778
3193283023
3359421974
3196172275
3222708678
2336660755
4555813459
3189275922
3193198152
3194742030
3238635640
724347223
4250418671
4541014238
2740771060
3366039094
4190152812
4329105023
4329233607
4544198954
4466359649
2340011078
2863725739
4448936039
3238081652
2833091683
4438165785
3283728272
3592449613
2953169585
3308113080
1347328464
1677178051
2349688496
2810000184
4462410202
3392253159
4453751542
3666686483
1895382188
4458585209
4363068676
4012089874
544913698
2616337490
2993269551
4394017671
4179046894
2889630927
4419351225
551087543
2613752212
4431445155
4104915034
596680697
4450613571
1860375883
4453451607
4458212843
2954165875
582152802
2809707573
4452284195
4519522752
4324965202
3223746661
1566196992
3178209559
1103166168
3525561013
1672967839
3909677953
3410411506
1422818659
4433403082
316264179
3863846777
4374228192
4502106350
3803713106
1346701219
4503724279
3455205442
4312054637
4410429149
1103921191
2181246603
4076392953
4504709834
4427186237
3972730465
4498486640
4463976972
3658456754
4421956540
4062150562
3889526663
4478256194
3252538363
4356900800
4426597516
468497769
4387389387
4412207002
4409331316
4396705877
4237261935
4021409188
2916142031
1454690580
3393611123
4399356323
2246639023
4419487456
3302726549
2404971523
2474236608
4426515436
3341554203
4387187596
3422542414
3153737465
3293490029
4389563775
1972163226
4180902111
236430738
106611260
3256479872
4505880674
4415831199
3286904371
995062903
4481184079
3437981397
2904635094
4487973193
2354913222
3320782033
3269066815
3200340140
3287953674
4420384156
632177715
2872754317
1595698963
851441912
4325319076
4405501707
4501990296
4240583644
4418421615
4348655002
4496508674
4242210314
4412420482
4493369000
2997587746
4420557436
4372047135
3963834436
3799403781
2919045562
2949733042
3151365013
4303850955
4396254621
4506565273
4425788055
4463574920
4351987576
4303482979
3854619701
626315076
3282170665
4399639515
4415899515
4423251855
3737615592
1696751366
3991063692
4417778607
2610431945
4278846447
3993431061
2730832204
4439093726
236047118
4325711475
2894450250
1907230346
828530714
4419498856
4147569843
214014770
4400787202
4418949975
4495816694
4355785333
4496152700
3478662735
1163422862
4421383340
4425401176
4042869798
4488660672
4419859216
1287153258
4333069156
4437207192
2227633891
4286422660
4038059249
1220722735
4422186677
4421819379
2898838625
4493093113
3165845138
1870257798
316062886
2958612184
4051952115
294574647
326217960
879887444
1289494646
4350434897
4371444982
4371430401
4392163115
4344177016
3119728211
617782903
3012138725
3300032575
3416249009
4098615852
4372845509
116091754
4234648999
4411179507
4389446420
4399706854
4410041146
1219403808
4410456382
2197403310
4388889681
3776732546
768888727
469794026
4387241721
4393130481
3554493741
3390002140
4113227303
1111433095
4155188434
2304431396
3032629691
2958725992
4374920113
3345698873
4249633337
247516469
4390187008
52544027
4238201273
4447291332
4298519374
4367404454
4366380672
4431816072
4194170548
4024242981
4450530732
4377848956
4461487759
258573305
4470519374
3281755062
3418553554
2430156062
3153955956
338013930
3438431801
4213148236
3188790821
3129768184
3127437677
3003884223
3003914759
3003888771
2374495182
2199500531
157887392
180141802
4305639627
4424559072
4365366975
3174466869
3826387041
3919471756
3982222463
3400691080
3013558581
4382453788
2350156206
3130326831
4333309768
4377816208
4383129395
4212769169
4356001943
4382896409
2803069577
3192948026
3309642781
2664294695
211467245
4171787607
1616642700
4073124209
4452740652
4353365062
4161044416
4435783154
4459578913
4459514592
4459620859
4459509853
4459473613
4197727079
952614698
4028183958
1026118052
2505336637
3701067972
4290733456
4375743449
3235303027
2165835216
4351775833
4062198916
4054440683
2554645973
4373252313
1976670090
4451652199
3180400699
3394213259
3685047196
3611667101
1691673092
174422313
939446558
4367500523
4141061777
4159507996
3870717627
4345501997
363962305
3864890061
472728561
4063298123
4182149123
425285765
4364719041
63987276
4384459872
1618594734
445906454
321711109
4113243807
2472484184
3226021446
4209930614
4352696794
3288594446
4297557092
4221480657
3198520698
3112875168
3129452062
4097313825
2436844716
1073532133
4428116892
4331789903
4354868843
133812162
3188770138
4320441492
472944817
2407951332
3434885019
570001155
1068587059
4227920285
4417287372
4357619057
4303409296
575480590
359839470
4342496296
4346981235
58813551
4359785416
1490443844
4352153065
3332880159
4359521236
4304402487
4439896452
4359508336
4341043539
4322245400
3323095919
3633242122
4422868999
3275010270
3914452454
4070458947
3241378903
2343139619
2872482782
3162239894
4429586840
257894209
4424798712
4327174043
4426462992
3502791492
3361330522
4348112243
3006740715
4354676775
3297931558
3854516597
4439130613
3377449781
4238987824
4107306813
1944676447
3804029734
2946586926
4347620601
4243764075
571032424
3857945835
4349566427
4062117159
4343278114
712068202
3265898054
4328197155
4308500415
2530897057
4433657472
4340957362
4345348102
4040936344
3433814291
3875257996
2790172900
3111950672
4265848565
2892397469
4344101848
3399535343
4299946701
2881913198
4322395942
3483418694
2993455282
829905162
4026123136
4322619496
2778721142
4345126475
4321113856
2689024789
4217649253
4352250796
4329181829
3294013587
4221552466
1657805035
3390785399
2691186086
195173247
1683404851
3399410734
4427430499
4335259012
4351350082
1561103209
4340945895
4336388686
4428405973
2508454902
4344616876
4351905735
4062159802
4347052157
2952374583
4201950725
4340828237
4214097013
2953916628
3260018438
3637322020
2222513360
4332879281
4131443229
4342940952
4350892515
4114441060
4235340850
4332837467
3049057982
4344045557
4329977363
4413659773
4229805978
3298502975
4332812962
3028950251
1055985186
4432607653
4351901423
4346405243
4312283549
2817794912
1629298838
4352073617
2875546960
183132073
3093159430
2231925049
2374372381
4425424512
2886862283
4428917359
4332681497
2758051784
4432568352
1867723236
1903658941
4344234316
4432447272
2696127999
3865448542
56801260
253864119
3704929455
4319117501
2257088787
2341378629
4344321981
1883414894
279204620
1024522742
3966314232
4321873043
3412627872
4340952082
2246161733
4123412369
4298090260
4429807574
4418086339
3165244789
227207659
4351819654
2857598698
4230211829
4083002615
2638218328
4345313542
4344057449
4012083623
4425010098
949884408
4333321697
4217049677
504615821
3437326241
840730784
3587721375
3682777696
4015423874
1339931149
732883004
415256872
4019440571
4343134462
4428545179
4038233060
3003332689
4425668232
2844519624
4342495222
2360003840
4320576160
4175052039
3133032158
4308589275
3298093296
2511949573
2366270916
4283574133
2453473479
1318881024
4321364774
4312369936
4289344337
4324391116
4419141434
4334352502
424953438
4324283297
2925574716
3748233496
4328218246
4366699152
3667346533
4315719082
4321877236
4288489216
2755914443
630238219
2793783519
3367485647
4324799657
452511930
1143005882
4315849282
4322009121
3237354203
2952836381
3233529697
4384144634
4283856134
4317609759
3405535754
2936725294
4316195799
4195088596
3308828595
2763944552
4377671119
4321081941
3346443815
3992796078
3898158860
4388257514
4120445229
4018637435
3267789098
2200193984
4402852814
3081509303
4321320621
4340265793
4089062235
4327428015
4023798917
372601235
4320345934
4320486203
4239151906
4310591722
4322273307
4322013459
3415313729
592616518
4166686334
4325763376
3434873134
2899526186
4235007735
2460362798
1248637736
2201667690
3394109247
4286573055
1648598468
4322028915
4325284041
2798327424
4242791116
4322929348
4401913873
4321531463
1321434157
4246186706
4312390161
3279397608
4325744356
249790047
903061104
4316655693
2339664285
4290770652
4075671138
4323875661
3625010841
1248160184
4083103035
3379888222
3523815854
3301588240
3690190214
3799380132
3180369006
3712248012
3327814094
3965840364
3951822736
3153696566
3310722208
4407641594
4311243449
4321676003
750154460
4322502556
3230528252
4322686216
4326547222
3172476889
711579998
4304393415
4274149453
4320915194
4259794942
4402976382
3015476775
2460609750
4322480909
3717258016
2803963027
4325209822
4030617381
4309893141
2370921517
4403921118
292779330
3246596893
2793711508
634681033
4407202752
4318091429
4322378235
2988896024
4000807333
3436375564
3926420779
3416398035
468107746
4249573037
351989427
2523158328
3996865913
4321072457
4315384049
4077060322
797078048
2715003389
2613315121
2806501840
3258245342
2987090467
4392403273
4395598040
4357520114
3224833687
4341545298
4341582133
4357593374
4324358775
4324328535
4324311447
4324291215
4209307720
4298636435
4392170653
4268963239
4259768613
4319947781
3031640580
4319133201
2885272847
3873237253
3948478577
4014348552
3246173274
2509019782
3685464013
4251145037
3110380662
2465274842
3928180529
4320472755
4320638116
3487138338
4313848113
2281754789
4020829156
4299933076
2980522763
4251411592
2713511952
1395562278
4136758503
2790173343
2153570515
2768792077
4319664137
4241695809
3223679455
350426304
3338980054
3401455024
2938595938
3377081834
4312261397
4312744636
3734724555
1347451412
3430359635
3990220283
4317989961
285795524
4369937953
3734892915
4389497653
95083879
437523246
908238271
1616352889
4308023655
3933421540
4259687003
2260836477
3516662052
291406585
3321625544
2606878211
886700390
4240856838
3988183163
3385997314
4141729289
2734016847
4293196035
4316126537
507773129
4303467742
3794249416
342731561
2329510742
1626566700
1628532223
4165761638
4383925992
3070786566
4390289425
4362160514
1860646968
3431288470
2587419504
574928028
3385365033
4163926281
4144402035
371916676
4041285562
2899104839
4077598161
2463389521
4301228429
4035373876
189948645
2980165143
3319121825
4296111029
1067886414
3836962288
3300736631
4320499572
4297857372
4387660034
1189084194
4290993679
3128676462
4259535227
3437097891
2954009576
2725899447
4386724933
3243186757
3241231771
3236726274
3236719680
4382006418
1675160785
3213438124
4019480714
3434327193
4385009178
3956118687
129229927
2456686412
4267449693
3065818598
4242034404
4332503592
4269590956
3069032537
842959316
456544754
474357205
488374880
513847053
4382070974
2596764924
4300337361
4204564157
4278760815
4378134073
3053501460
2987516274
2570847706
3041349575
4254248296
2976076976
3321418739
4251595815
4124430080
4009832458
2720888643
4244207889
2781987670
4277722295
3233228292
3288508903
3277292502
3277328461
3233202624
4259073088
4193654620
2758324219
4296717574
595520381
595599564
4198259187
4234319979
3312784379
54161421
2942824034
1343544193
2856065308
3729295037
3288414247
3189160500
4366518072
3841850415
3581299932
1476701478
4338361153
3138335754
3437705505
349480982
464900420
547528301
2674421126
271066414
1389236731
1647796135
3846912194
4371118932
4306226414
4359727100
612536429
2908046961
3846222858
610278385
4098164865
2305956799
3016371359
3263176154
3052713165
3297588510
4236393299
3515625792
2736273284
4321351278
444260056
3166671115
2162797620
2762255480
2762264738
2762248716
3120708104
1148965260
3559076954
2180079758
3674173111
2624262532
383100117
406826030
271145201
514604982
518400048
1609077139
475585117
15331067
445764736
71157034
4153841365
4206432221
300705742
4234621755
4233934937
4286667499
4307676924
4226960026
3087639271
445816833
930131376
543620149
420421296
325919460
498181396
28165300
176622741
411658621
515156848
300748664
465954676
321647674
4244674943
1696310130
2346645734
3452860336
492134228
402876694
492504784
338745858
509375009
501140400
500960006
332995915
3049485469
2733732781
4238381901
4242671657
4234223021
4192935687
368618435
239226564
461816568
291903482
426081160
508185944
482349410
539951961
362212040
543107683
1687617474
338391481
622441949
4019285943
1601812219
3007455763
4238769167
487273938
455138623
73283818
490789332
502209669
453911732
65154869
470475193
4150169053
4227687993
1370398770
4069573672
4099724645
4230063612
394368956
359941633
541618909
392488742
506633640
498938110
453317304
410401691
501413397
1460599806
2996802427
4317180612
4299567792
4029369045
4026568594
4080184752
4128388877
267894938
462071789
132608194
454520082
215125874
471206414
498878638
201711667
492675657
123076479
541403967
4316183233
4245587303
3198048800
4242820995
3540265996
2564245867
4269575898
2939586867
391713440
385576305
307998471
4307670198
4241381955
4203396373
4131225323
4234221443
4221954574
4164076840
2830879715
432505639
4229558824
569345741
190171432
585553907
324988963
33778824
525403851
131095398
487570766
368782332
408220488
490725338
378199829
4314541398
3959267657
3909953619
4240344556
3368617870
4274261953
1425171968
2976421007
285842113
508277524
373899402
493415560
37752777
460251279
348914244
495337302
3461264662
3959306110
4206132447
1694517396
3376776760
3795781942
440306751
205262814
384904536
456741533
2293060159
3991634473
4312819579
3387204159
2535052183
4203584645
4302793398
4076258002
75435820
336066494
489008236
478401737
547682081
209919257
103055152
410955360
4236234808
3642024503
617434409
2657587171
3863704349
4237227868
917590334
4187512281
4197359474
4032648189
4292608818
2675585772
3248190110
4300112893
3095157068
2804475920
4240000527
4240039241
4196940921
4240078049
4313905333
4313762772
4313819300
4313735172
4313720784
4240429583
4240483756
4240237277
4240171179
4240246162
4196907027
4240129336
2349128839
384007535
4313435113
412026668
52248644
521370269
541931431
421931534
499316218
467914713
547439453
477796911
3906271280
3959289496
4164749664
3352238585
3285727056
112036444
2684468635
4206682593
4289148336
4195915991
3000738329
2903512015
4291422979
4253084118
2523003446
3397940052
2582658254
4147576516
3029818162
1613728081
2787457178
2787454220
2787423390
2787395256
2787362460
2787361284
305326500
492255140
327913271
457116625
313864929
68569921
240918723
426302068
515341150
4236427336
3585663492
3732477927
1491542276
2293043376
4236131057
4161066429
159670690
2949544631
3117531778
4046945799
4295274433
4242440513
4190632708
4238856094
4238840782
821735077
2873911918
911307325
1623940424
3308406487
2397519750
2162455829
65261511
286485768
236040065
542326821
397973517
395731278
272644039
69648312
3717589280
3007812617
2385092062
4092005481
4221256943
3163875632
4004831145
3246939197
4311255312
4150449749
4172530035
4172569499
4150396276
4140751095
4241091400
4227013936
4140712761
4179777033
4140842668
2776380732
2932267450
2596752056
515664884
70061447
470670775
358052660
250663908
396636824
1642322792
496240278
544683961
438143843
705746307
4213289601
4168881674
2534991638
3829994955
2535059958
4238281036
4290020472
4207137497
4235336739
3959078434
3007243475
4295335454
489798562
505733774
487478210
323548339
518210385
122170561
351255455
348741979
196499228
2562269934
2726803362
4238121687
4123590958
2313832556
3958959317
1606903620
3236416647
2802116760
4001496255
2358641041
3259963448
2233175905
4308319698
2470150562
2976944263
2542092230
3798511934
4187524767
3299626177
3282289130
3555964938
279846190
471686979
368698976
203850488
345766063
430216830
308728476
484877321
2618849786
3317227440
2859538707
2970895691
3331594372
83948280
1452870956
2318873341
3294345558
4029383054
4050370756
2728277577
2416662934
2890176117
3091034688
4187551401
3221880471
4180917153
2482880083
4190420056
3373436740
3033791814
4119432195
1378026080
3305436434
287684401
453433718
389968780
66599302
514377756
138186441
336418954
3207484186
3303595640
4036448116
3065976405
3296496683
323295923
393453239
459217535
424789129
279223560
439790045
397621787
104001850
434762204
477406397
3233955633
4190453715
2479532214
3756250694
4189022380
3905764945
345061218
446494885
344752819
495809605
206197440
518864111
51331707
128185135
330041815
141321467
3436382779
3548885074
3300900145
3393885316
3379432865
3126463479
218296643
2949536265
3234664914
829493004
2269415483
4070872253
3981452596
3139436366
46496630
507986162
175330494
389822970
401682950
504444765
391900508
2799619774
523880630
438133458
307271093
494501042
330156759
1961116376
180458223
3517199175
4229387298
4165310785
1959036852
3886630517
154460369
1956286920
392112899
497047618
467002123
496593409
145613197
489355704
463996751
130872717
1108740186
1053543445
3251692711
2398309051
4186709115
4185137392
4131433213
490641396
3874065797
2376799895
2773868449
4185436463
4077113906
4185262114
2776551752
1515308053
2960966614
4179507815
4140688273
3227114768
3372861939
1563416322
1563399979
1563418740
2560524825
2560529981
2993218104
4143391033
4131861973
715947616
119126041
498259263
534040537
438773203
204071535
486378208
540427903
966681518
341756508
4123711281
3634691300
4122639619
4112211609
546591968
1323950336
338386007
4130837476
2448757698
537145112
445115480
462597918
508903343
72185027
504004173
210795526
514110167
535924754
457054781
3003921003
3220067816
3918286160
4130985376
545891748
1538854302
170385608
484868238
259544745
267564072
578788897
59688364
308251305
496548136
385488904
2773496704
3215405728
2607214700
4152279494
4152151513
1703218994
4120760368
4026524539
2994638303
3799915693
4107520581
480848198
547714275
477659432
331604365
491127822
483940540
3782368225
2783283465
707491692
188885527
135335702
371210088
277699938
542383137
226005680
500254208
385249800
3335780477
1000425727
2453293354
243966462
474708866
327056774
133537973
244719223
539956705
3161955476
4151784553
1008116232
4098959594
4088140553
2447455880
4021247367
444102691
389729877
504522956
496515618
384501105
542322268
385801726
514456617
3331358673
4130361376
4130148441
4150700354
3657421889
2767594539
2788958597
3348033443
3434822025
2538267440
4114402154
478097815
262500243
348515632
433201250
33394353
500074904
409564572
419315658
2864233251
28244433
4128798995
2474612654
363251010
488542473
106736224
537247459
158671970
367172922
499812822
432847019
508177774
491383117
612339603
4128398957
4129733255
2800841377
3245865980
4149440592
4141520472
4114905383
3289252431
310300477
259298091
318454467
183754237
356315077
120962275
540017336
390883107
357171899
96152244
3195535409
498272211
1115284344
4112053235
4150229414
4083717672
3218935802
3180054972
1522574959
300645020
278964302
390576429
252333996
94247097
461192684
333845543
435984559
4128581549
3240042324
4084769211
2993235314
4106316035
4108408133
455123267
251471419
434426113
350684002
271750931
235543183
304314519
291383446
476542927
3167752532
4148034559
4104129672
318072838
351794525
123696329
295288473
318712538
391541618
90301867
268509764
439316678
390926582
219874815
459432681
339153088
80841377
1111678813
4005104959
3278769618
79607283
3650711652
4128377362
2916276525
4099795474
4008866483
4115143359
442430538
4136141000
460279366
413663698
323048757
289099800
18171832
348764998
56315346
436451383
36231696
176694284
3815753901
4106963113
4119021735
3912918101
4061694449
4107986655
184054083
4144599980
3363422775
3474160587
1151257003
3607246154
240075584
496294059
477320806
476221080
331351373
530843552
3592652417
4125233422
4127799731
3526204223
2722804773
4144744886
2381210173
4130143033
47632376
457961738
427073654
521272280
275735976
46510511
167595401
261268303
4123097800
4122012202
4109065342
3982188492
3921893248
4112968570
3644470758
4048917219
4144659432
3973928590
4119008537
3821132779
4038258264
3270654132
391012836
134901104
30788183
325014062
428607993
546104438
318530016
370665332
322244745
475388023
415270480
189774939
88643271
203663093
3970191980
3970257614
2783126154
4141081452
3034450091
2682609776
1535977932
4020613834
4089072016
4121194395
4143397093
2925802222
491774676
499092238
435215443
392752931
325085555
516871615
542768709
469279607
376367498
461875627
278199001
438130834
437302038
4146780619
3950148136
3938303428
2742754326
2414587961
3248155686
4120404629
385736033
487303708
489202212
384656549
321423449
360467382
392411148
390925327
499259446
3401128306
2445664309
4110664132
4013225542
2776250059
1636357728
3230585768
4125450689
3503266401
3558063803
4125558377
2226842205
3806802208
2333514551
3343967573
1416432102
3918091637
3814726353
1372379042
4090117092
3785541016
103162772
2207178793
3897933748
4055302588
3050953703
2956516897
565492095
3370651655
4088437575
973444381
3232984596
3944143513
2789916081
1072746523
3757087275
4081367486
2983747627
3245101055
3128430985
425894608
782368356
473440636
369189720
369953379
546936397
522571531
518364932
528610677
392163431
378786397
2349627924
3047269865
2725425008
3066305529
4076979073
2685692513
330341088
542205919
423333872
388547971
457026091
391890312
272823625
337125035
388072314
456017407
374480572
1494143046
1082536532
1580687947
4077880516
4084961893
4063232187
2966323815
3196296589
3823011439
2265267185
366777589
3384957533
3873844524
446378885
3475581013
490135389
174874054
19828295
1045784779
356261124
534214579
3978804253
4068541613
2706009970
3949901482
3630343516
1662054552
4077634957
4078587260
350471053
3129595688
3848795652
285311807
4064663595
3374399427
4077143495
4077643395
2800414609
4081062435
3931006816
4073741734
542824005
506220016
216902875
541615530
448941454
2312940654
3701455993
3184796780
3986529734
3844879454
4063965555
4059635720
534028296
2241386953
295094799
4077135165
2794533827
4078027529
3004807937
4047517692
3697520855
2715390630
4068228075
3239543510
3897914240
204970390
3305643636
501974314
58643047
492376423
28920195
153360414
498830385
364583871
4079893943
623377379
4068539727
4079286346
4044797053
3976290797
4061492833
1618434043
3973269852
4041434714
4041328032
4060063333
4079155937
3635917755
4041249252
3973375633
3997974855
4015359852
392733677
505975271
283281110
497531416
502504021
480328569
306794667
443503262
431257034
4079064640
4078720875
4075557735
1437136292
3680560408
3232954848
3971698092
3949843635
4041322039
4012339337
2880888016
463573353
518515925
352042055
427916232
222987337
428458563
4078704135
3990741598
3245358037
4066061665
4077464333
1366997268
2996706371
4072235174
2867019719
3304041143
4063760132
4041233300
4064057475
3900419793
4071104295
4063945936
4041209653
4041121754
3973192393
4041010812
238588032
222829128
295423010
270565606
395320810
199924572
219176452
2912812554
3912179422
4010134203
4076566107
4045361124
3920473474
3828849561
3045290815
4078632839
4041016993
4070964389
4040832072
4030156100
4040925013
3972947114
4063041794
430219161
357720435
235049698
506744148
484562797
3359415315
3311630324
3378316379
3682338312
2829549668
2800007995
4011987214
3691571472
4017529043
3072515746
4040887153
3254658860
2505119119
79041301
237018427
404396796
517618222
214350508
346380924
396780213
495397714
494250485
119353557
2542033964
2332760785
4070739803
3304797356
3958950376
1447430515
4050345099
3628181233
4070238083
4062910874
3972782544
4030706112
97550691
389720533
290821285
411591827
363420195
435829902
436412675
512651435
1640664762
963119918
352341253
3982201169
2332500829
4069890515
2960153425
3709891403
2332383134
2384147252
244619476
4062848354
4030783093
390209903
478275116
486542490
18068058
522062480
536809304
493471698
289049635
31560519
212479534
542581754
4012019855
4037757382
3579594916
2997355662
3328718662
2873474726
217957186
982386048
4030687634
4064266576
4062761600
3972656833
1239730392
3959487441
4030551312
241379544
45738153
436917056
426865522
266964762
339649844
326583684
365440550
418954362
514047605
2332579909
3796859243
3144329163
413403440
4042111924
4063160412
3675285912
2866663357
3085521909
2332424306
3214516178
4030174572
4030508892
4062533652
3539551042
4071026217
292112267
4077879561
3202128489
2167001288
3816256214
3935406795
3309613872
4002002717
2842406646
3145051441
4071311722
566224756
420461070
2256905455
3572707036
2426883484
249123758
3097410479
3826234527
4040092995
3355809922
1332171721
3319110606
3478240996
354203444
4063118681
1875020972
4067600713
618009218
2821484191
4067478851
635347619
4019624122
3138305115
3320546604
3823414934
3823404132
4066852400
4066901480
4066980973
3823710674
3835157714
3835424293
3841311014
3841427179
3841610113
3843904220
4071350181
4071294100
1702343911
290585081
3921873443
1087421300
4067353098
557826585
2292148462
3252862739
431091499
138866328
3507440476
2862773815
3277134535
3757460296
2937705514
2937701788
2937656327
2937620901
1569199531
3915694873
4025188935
2597252958
3376449423
3925838893
4033605673
3654931392
3996837500
3152037141
3996871519
3996784814
3996739220
3996587892
3856658992
3025307411
1864198094
3687309075
24103268
540998800
531273320
315959664
533343345
430247243
244808393
367330760
483460740
549007344
386416072
347286006
507607212
165965200
247183821
536900956
4033147180
86181379
3968416394
3929248335
3357697329
1017246240
357171447
346063606
26064348
365528658
39323530
186751433
210795469
264490331
26785649
3301347649
4045027558
4023205874
2332349826
2236459638
3230540941
4015571773
3978866660
3298269073
3811446192
1914774972
354674355
516524836
513994780
2942025546
2332347997
1059105090
4013835614
1452143568
3013537494
463345565
394535305
498697859
2794306043
143140449
386483617
394352391
2927370696
3972913573
3340252217
3965246181
3239007183
3730180935
2915410891
970689780
4039971687
4041128871
213517552
401728511
433391981
482154885
250726617
461885147
310606781
167537790
299060894
99604744
467691737
2332374913
3354511475
3310299883
4016018538
3884631740
3063838119
2987724184
2856665897
3972816746
1406259894
397337303
446325184
342853190
386461586
493516943
367568085
28288595
202905539
202127563
403441574
4025300966
4045121662
3794291729
4011786193
2838699873
4038755715
4010097951
4013954999
498868228
306779338
289609879
63716737
464199695
201482205
2332544924
2586106556
4011390132
4049960303
3954293253
3619887928
4034920877
4041270641
4038833205
2742379036
286504000
419716368
449858338
408071420
542698652
426020659
541634695
511862381
542243360
4025937978
604030190
3934474152
2784838282
541417291
3403379873
3324996216
3929110816
4016909535
3395368708
3161611494
382816377
346173937
467773270
495332289
223136390
298087600
490637996
428863310
1937625535
4022578932
2194065332
2901290612
2795003603
3078973051
3880915332
2279356104
3595005857
2229166474
76177878
539808438
47019361
910612644
287523814
442515438
500802906
400641855
539973263
4047484876
3360585964
1104329317
3772483692
582539155
4012017646
3029476325
3060814872
3953963897
395934391
514446498
210795717
447817165
420513494
521072678
87829264
392496375
180018285
4051041315
3920960053
3435153159
843677172
3254820034
262298134
4042786083
1666160347
2332571126
3295121049
2917350369
3980489061
554242615
3993559654
1211385312
546782001
470409108
39626507
342516160
509760450
394289796
488029415
235046182
57491210
4034947701
3886617438
2804130780
1864120783
3296977972
2253481074
4041077962
3325270456
3904446139
3426753581
2798585498
2160300560
543375038
437894934
508898472
344175785
432441285
542681469
421618126
363148472
470183795
308651756
518303085
436766673
1137038017
4042948767
4039083808
4008921132
3816336088
4023260532
1656287360
328488187
27757802
4019871379
1884036433
2999017336
3879839653
527972289
484980015
211621136
426265256
502667035
335833245
2888778969
4050905794
4044269548
3953165833
4050737050
4041173776
3406041040
4005085573
2921871657
4044062115
4015773137
4037881647
2758868679
3943943720
4008720313
2885781477
4050717743
3308303294
4050713704
2943298509
4050470475
3273408972
3426523984
3426193389
2898545998
3273503959
3273459722
3273460214
543660636
3071263965
373377554
500183461
302419310
438519786
279551621
325592528
489679064
329426034
323651894
3288066584
4047564005
3782830034
370904493
2292639545
2496052039
3527236823
4048939378
3414057659
326041446
1325983266
253338464
3798618021
3041596517
3844315803
3894256235
2782807871
2380939501
3118636677
4029734712
4025066298
4048939635
3001539575
1638811434
2964033441
3399856216
2943148358
4025583912
3171366164
4047805762
4025617220
2793025497
151207684
3966055154
4026818473
2332492196
4047916817
3953189358
4026905592
267176907
2531535825
3223655760
3382962785
3991188478
2347654572
2347089549
105726521
1601302555
3394490354
4026350413
2563663670
3307562064
4026193159
2458128986
4025814254
3412717425
4012740013
4025601552
2320359974
2810512581
4025450592
3747931453
3088801704
3033117257
3348307769
3010502653
2873284189
127242406
462603517
3897301224
3156280518
2732539881
3243395086
3090046188
3687058102
4003944076
4046389637
3824779398
966760218
3881173153
875241464
4013985792
3029782613
4045029203
3848442798
2785621438
4035091431
3698230878
3528757157
4039018935
3063798389
3119655201
265543394
4032207857
2820012519
1853984858
3325096199
4023450759
3949300096
3904364774
3992571314
3945678980
3432537945
3047162371
710768684
2805898729
1001087678
297940134
3537224836
3974219476
3478497917
252512155
3249731642
1283512796
2861809084
2873031074
3974253492
2793990307
3969595039
2737209844
323219750
3568155199
2971226752
3236380104
3740297895
2787816383
2903709321
2552193876
3675124479
392764306
543477694
319072595
378230376
223630232
506796602
515558013
259035785
3281059436
2871063424
1066952773
2950832971
3545506059
2622907677
542927382
113700195
188159656
539367255
384899051
394357266
529708596
1556976146
3934569619
3768511212
3305285331
3997601840
2954440788
1348619394
497421255
507734695
390396514
419257695
495165201
259322647
385976193
426962797
497560993
4011900137
2361283393
1084003394
1456462831
3409425327
837485366
174952938
114730423
49062652
73207870
388271837
265101172
3245984737
4000533746
929340055
2733621940
79211182
2985276519
2985294419
2544366835
2885280183
448764773
3975820574
263422589
194178363
385731647
58067232
189632298
405986616
3989776932
4000471752
2942029994
3999396734
3364680717
3478940592
3141383664
348311966
511966616
321199571
194035481
400030739
335000162
541505205
523696119
1584625950
251021719
467512673
2985265041
996570828
2932383504
4030043272
3290692516
707724783
3999128431
3997349354
155218197
3523165648
4000151472
3718810401
3718900516
3718872315
4000095438
3320033653
4000111700
4000097713
4000022953
3450248773
1729991407
3999670218
3308403183
3308438727
2731516870
3348417286
336397961
235844908
546921709
540905919
86024563
541162606
84525631
548839066
1385754500
335103193
433006958
385559257
541489954
513637429
3281974639
3988505780
4029358757
3691081336
1066892316
3998633472
4026207191
1621196906
995964391
3864877994
3716761154
3573106035
3366508084
3404950047
2228820908
3406328974
3405075172
3406308677
2956809274
2956272799
2956787057
3404941389
2850085380
3994223175
3985716613
4028369793
1301449974
1586106818
343147533
3091510352
3985040549
4028183969
3952883060
3952829594
3952859953
3961661353
3952755494
1593087128
3952722314
3273458150
3952725193
3961571892
3952067306
3273495733
3337770107
4019709622
3273396792
3274577604
3273451076
3833786357
3015770639
3273489457
3983247933
480315402
2302966590
3273447812
1360804501
3364836059
4005049911
4020453917
741576474
3961586298
3364887484
3962507713
39204151
2989333706
319885529
3824078597
3961579998
3590775672
3962408294
3364829795
3259097610
3364826945
2308319685
3961700725
3962349439
3962264953
4004891717
3835678994
4004863931
3700844776
3962018652
3442579332
3057908593
4003446754
4025206816
3950032878
84102421
4025849339
1528209648
3993540620
363564760
3722650756
3950028920
3950076793
4017600940
4017449361
4010157022
3315487431
4003462649
484401359
2911124282
3972682334
4003392975
4003388187
4003498528
4017480125
3568137917
4003426799
3957594034
900326382
3993129793
4003428077
4017426321
3872919915
3950168479
3950026392
3873092596
3950012352
4017528748
3950078894
3950128399
3950122939
3950050220
3950094853
3971243714
3992381058
3950063773
3949929672
3949996034
3337797645
3284101706
3971154432
3987094813
106806428
3949961654
3950006953
3742499656
3985136233
3104422528
3872839337
339190352
3971203394
3992102838
3971193565
1325749513
182944316
2159967012
954752342
3991710972
3777993313
65235018
1908702085
4023874895
3335574221
966736321
1226906660
4020319397
3143918577
1331080525
1259137248
3495676337
2932695665
3976497204
1600365906
238068540
2598435162
4011454144
2846052537
4005865936
2377409229
3952980734
3980557456
255381613
3911448376
526962810
386794247
385539070
446808620
540831235
224884824
3927313413
2766564102
3944524639
340170919
222684642
503928707
334223638
422341461
3853295968
3064048280
3760605497
368739280
400733419
496604090
104431087
42132275
196143789
220606307
68176864
3992476042
3943730838
3943658412
3943653314
3943507752
3943411872
1849175365
3981485896
2948705068
2582670338
3905079379
3986702776
3949603103
3809756532
3911767485
2888004297
3340538866
3919359973
3131403077
3774072076
3862087634
3989939955
3301025918
3572608580
3992153955
3927615494
387742647
270172870
40717023
430598892
219216698
541847594
506751170
272671301
478308116
3992126175
3935309052
2254259000
3881573652
472373315
74660399
484654815
394464039
490612138
516177409
242019292
325880716
261908906
3992179030
3943063634
3771021263
342736753
3992098599
3942283033
713605063
3394756347
3991835500
3196968361
3196972495
31036748
1311651012
3905376079
2846224653
3271618254
3991314315
3919854314
3439856294
2953842966
344555065
3940776554
1539235776
3990164667
3745818382
3184757648
3937980194
3760241418
3133662403
3153241708
3427278490
3067996537
3790208239
3177111571
3102139900
3291993137
3934360453
3873312017
3271840069
1905637332
3781884252
3988563435
2222121324
3932506759
2869435566
3423374296
3373564527
3180173262
303764598
3938036054
3047686111
1696284120
3988199115
2170676738
3874452920
3065002806
1699074290
2957986024
3510174074
163703741
912280602
2458041733
3788016678
2245653175
3987981437
2870760951
3361348678
3919031954
3158320807
3982985957
3863452339
3826951402
2306993485
3983149097
513002747
1699955568
2937233651
3818695282
3699383423
1705160394
3720701780
3192704106
3470846358
3001461896
1665872089
1700081076
731493306
3922219354
3904769975
2374756011
3889010117
3939598895
2277498272
3983089012
840303060
1144751863
3192247578
3061074518
3222279721
3222213439
3221884256
3190919509
3193195873
2832175244
3981778540
2537043360
3626376378
1393132128
1289996648
2438942307
2653525039
2882120492
2587223532
2918080586
2529747012
3300568307
3043285247
2984211220
3435792047
1605390126
1605442256
1605391362
3232802506
3304980792
1605376544
1605421706
3932937492
2907193346
3184915711
1605406224
1605454309
3184693514
3304987278
3304983006
1605411864
3930993913
3036548293
2862776859
3931791554
3229109037
3645710834
3357294598
3885497178
3932250199
3401223676
1380877400
2789595303
3865021513
3401304159
3231476107
2784557361
3959146157
3851326216
2639006356
3925685538
275543616
45105023
3604909032
3836703568
3922659493
462826326
3034038536
3956146341
3763974253
3184216628
2911344021
616886676
2188377223
2859375269
3374756469
1673821452
152265401
2864579607
1247767082
475266956
3049970145
3974004861
3438287337
3232024143
2608452222
2874051186
3903312153
3480004632
3153673435
2891239210
3904927753
3929164162
3903340099
3922223061
3903253334
3925697441
3017668641
3903224361
2318736647
2200316581
2151820985
3969359511
592222488
753012236
1029017324
3958086257
3248493866
3823053073
2771312984
3952330756
2944505954
3946091717
1329728450
3939269055
3943701256
2350972143
3943565357
2875193352
1264109425
2870233902
3283435064
3135071769
1070108335
3898785455
3861548903
3438839795
3309025957
2497407421
3098117073
3234907089
876923658
3895354114
3240505686
200664772
3032010304
470696327
544325615
392448932
282635432
389741116
392989315
497129757
391525374
3884739023
3717071592
3255032797
3895143533
2438997599
3650881337
3885580287
207046372
2877534297
545557381
3271556708
3421586180
495204408
342864028
495133563
513029313
514934118
426969865
243507534
227762394
447159329
297285681
540609832
36882322
418387550
2896955728
36002070
3877189157
3305210247
3510561740
3894867207
2956264563
3786642680
246538541
3864288082
2418932208
3307034328
1220395272
3820888513
515287595
3161508684
334942908
3816511513
323140186
541641745
530931467
488691234
496077411
362626301
343045774
135776048
421087001
249521197
488269337
3784120152
3684318396
3778807399
2839252356
863252329
3304795606
3847379123
3820310544
3209835982
3428011077
3797881760
3893602983
3893713342
499334671
540896980
205344100
230904805
474820047
211512963
3891791843
1460927552
3874828421
3847001483
3266916372
3736798933
3867710663
1116528937
2231729242
292139823
3809938814
3339051983
2895923153
2992166580
3457870995
3813968714
3697794134
3748756699
3812975534
3022384309
3690497358
3324161832
1130488476
3109410376
3500502252
3807113592
1943533596
326193969
3883800855
3812677693
3148577176
3316035032
3444175220
3725198484
3160010582
3074625644
3644732603
327237096
35296720
485433123
543899980
392235514
527006182
116299809
128661816
305299850
3800139433
613077190
1829554657
1378510862
68631233
408734679
488396080
175319818
500982087
484857901
477761598
265080758
73495191
463001255
372352077
377655978
3695957113
2846824478
3746318474
2650047446
3326569092
3662079916
605123830
3461437467
3784754058
3237712598
3604256352
3032412340
243876156
484913507
534813115
500796760
396171238
337739161
507385138
610888103
169613157
3239972746
1699766270
3841636666
3876251663
631529110
105920738
209798517
403526194
112560472
251053040
545173548
3811359312
3811521734
3274312770
2373566002
2698698566
2973948782
475027604
619507193
3887209647
3649621097
414042806
3737293273
3658955295
2588510628
2502596539
3793217134
3438528303
298585683
884533513
247736022
490947959
521401497
445736066
414304019
488888753
482482614
173021727
281086848
3195513902
402800171
3780123672
3885700601
3373682164
846924848
3887059948
3314031973
3578670616
2648890953
3881790389
2903639602
3433749461
3864273185
3239226602
3540936566
3568425978
3858490102
340420692
216549764
340489084
3864432143
469186059
390857518
358927735
271588290
468006616
464930764
499477553
198332607
2657199158
2820826285
3855990503
2942554443
3816086997
3429085419
1431708589
2499628728
571258573
543831257
434561523
386008965
437087654
503489650
400018991
488788230
3857119396
110596568
187044154
65496075
34798940
470836435
392380411
60378034
460016386
465102086
299644923
281907452
239442031
3028210573
3043960682
3407799683
3503523078
3786235752
479130665
529174934
232037303
357258306
495888719
318856650
494619813
498593596
3786257953
3423734986
3855407260
2205765602
2612321899
3783476353
3705477860
422344043
497745125
392424003
277074121
456985706
329690006
376271051
90007475
51240172
408884409
3465483494
526460863
3288973363
3784263929
150956567
3776257933
3820685536
3051132482
3017896200
3703770197
3850135079
3863840379
3853803802
174818540
3369841313
3372282347
1214129526
3370566339
3338259875
2936599079
2657131858
386436600
380299545
332399387
337000801
328752677
483995783
94005719
69428883
3346218701
2498187925
3736959139
3842406267
3774219434
3851618663
3851100269
3438529485
3860077522
3853336637
3247187119
3823862373
3747384976
3719240907
468679164
3637246872
439233699
343179823
91636316
437490364
265091814
334187044
540620821
275879102
3747133459
3311855464
3056303469
3283376220
3742523656
3306399037
3549876856
3299375530
3844908915
946236998
3048830612
3570769759
3668482275
2878358085
3691946672
3746690173
2450652200
3242978412
3241938355
3465704293
3723965354
1024278966
3241837272
3241910678
3241852026
204361990
408369188
309720902
496047915
295876556
351680275
489086671
375694800
327119634
3443892323
3779534053
859569068
3860010263
3785466563
3859690529
3593573357
428075863
3787073362
2695514601
2958188235
2622421679
2517703014
3857355376
368400613
433745083
1001813875
3853723954
3076123283
3248472302
3827580244
3837951567
3171605831
1912093189
2324439289
3253269328
3242960430
3241830444
3375326391
3465472826
3771511816
1021179800
279090670
3339977470
2675255729
3420864616
1029750751
3308296763
3305885757
3404318921
3786862097
2386314103
2734930743
3777660799
3777464658
3776259258
55816517
3837383201
3732776352
3187116330
73212458
1370257214
3809289976
3297817242
3297914342
3297895988
3297962215
3700499174
3297948536
3844209106
82721258
3643493421
2840050748
3256921645
2235323341
3102004070
3837316467
3416346717
3856975671
3837360623
1535460494
3659923754
2993916510
3857320467
3675471856
3857444938
3857441962
3434312440
3758715194
2267611073
3814534401
3207645363
3305741994
3163819015
3818052305
3116983599
547401777
589224454
3722603172
3736217717
3683374398
3312315997
3365177417
3365217652
3237193180
3687705135
3188726989
3336859274
3195270101
3780983547
1555788354
1617748320
1623319598
1522078380
1522104510
1522183116
2914358885
2478341966
565369579
3373498438
254258666
3706975402
3372640083
3379474253
3526514900
2954370925
3366665954
3636643032
3366619334
3636756193
3636619032
3636705985
3360594973
3628076774
3628082533
3628048399
3627975272
3626522652
3626606719
3626619973
3617017213
3348698292
3616876632
3613573934
3613533620
3577210754
3666294082
3573774432
3573797894
3568339579
3568261339
3568228699
3348367092
3568072278
3549676454
3549545652
3549642374
3549626173
3549121100
3347573117
3783064821
3603822612
3792484337
3782145201
3290317143
3569880615
3290402740
3758500216
3214620305
766531423
3092647455
3097493727
233301743
3092694515
3131760741
2838173481
3671922974
2673810553
3436020023
801903408
3301883498
2322223669
3785805443
2729370220
2944232738
3461228900
1568467081
3752075901
3242876209
1727649752
3700908554
3304572339
3700675218
1481704580
3413346619
2907157744
3279406392
2903041332
2749966294
3568215433
3654293293
3639002120
3700093832
783702194
548091694
3238719486
1077248352
2911601012
2911482386
2976778806
2950029446
2951390748
2950003915
2911520372
2911475762
2917895332
2911607137
369033735
3302152688
3663380364
3546541216
3156212866
314868333
3409160201
2328163560
1649337482
2634603486
2710855403
3242922889
3758252853
3707955801
3322767842
2793793722
2377749763
3630490292
2311395265
3689239755
3731575221
2467621518
3689280737
3107361205
89590804
3689319202
3689226257
3233711622
3700390516
3309942733
3244023477
2795844261
2588590608
3578860154
3360574187
3249690816
3296363642
3720513915
3272675888
3353401371
110727505
3296170104
3296262115
3307472970
3293557134
3359867302
3359758233
3103190561
3048037155
3047939825
2158696458
3226811190
3254715202
3252994355
3325471067
2366555432
2920020615
3228893794
348710719
3700572022
3630725052
3630724111
3630702325
3630542472
3630512844
3467418380
3467400554
3562995737
3467111414
3130406931
3333695052
3325723943
3325759330
3325749022
2607821928
3668872155
3159731575
3190565377
3241254457
3259897388
3267163544
3267135924
3267183764
3267210655
3259902716
3267208550
3259900501
3259830546
3259835040
3267221065
3190534304
3277372616
3267143112
3343993115
3190533152
3514938613
3718342097
2688968304
3517990709
291244488
2722216876
2722213960
2722192601
2722186919
2722178859
3138570294
3138563172
3611058014
3244990052
3246664789
3244981951
3244983067
3229560476
3222116612
3277226828
3248610138
1071408067
3481320439
3433210491
3715753763
3417689795
3465751753
3465521294
3613666334
3613755793
3537837799
3282438528
3465737545
3465472338
3251473237
3246535997
2840368148
2840354216
2840372258
2840358150
2934386136
2840398591
2840388433
2840408941
2840385428
2840367026
2840393581
2840348916
2840384486
2840416933
2840316684
2840343468
2946147968
2946130916
3368874269
3161576802
3709216283
3702029122
3307202178
3145359558
3304595480
3686999957
3053389106
571926563
3557155159
3678627377
3002593464
1688061584
3708860117
3423426449
3145393659
2665221091
3494093414
3045477011
3708499641
437923958
3011279567
3022426336
3491510414
1414182950
3708582255
3299344363
3429137555
3692127916
2878183469
3702875117
2938370806
16655296
2501350286
2235524291
3614385192
3389259913
3578704936
3370614075
3147954377
756927276
3525109765
2651359989
2870754304
2914553306
3704463017
3297025352
3315771434
3388557675
3281344645
3237715693
3538051764
3461445021
3321207564
1675810908
2377987112
3191582400
3562679953
3656921842
3652837161
3069989826
3653438902
3653319735
3653348843
3653281581
3370189461
3606936497
3558415633
312895272
3611788936
556882041
1020440052
3297326708
3611906452
3549751274
368746058
3431291913
3405171755
3319672601
2892878296
707874480
2691476156
2584091316
2901325474
3024684213
806644741
2423108075
197271949
3502652542
3365432015
3514161503
2399617711
3304102535
3435444863
3513232999
3456543373
3430602239
3289792137
1411591314
3435665631
3331248694
3351760425
1545141494
3533049014
79798249
272354480
3456205335
3450882375
3437351596
3640696336
3640615516
3424947646
2462289948
2953294601
3341002431
2965088344
2953257591
3353424897
2953096780
3619920675
2965133398
2965078305
3628109963
2953111756
3628146017
2953055373
3089743997
1487595834
2953338454
3104622887
3379264978
3340996083
3640210996
3429193756
521235012
1430700620
3640116796
2953257329
1607790043
3053657123
3361089994
3436837389
3478457176
3630095897
3579599783
3565621817
3565544295
3292162428
3292154474
3248674753
3248633054
3638989637
3626553676
1223131992
1066479488
3532144758
2894646823
2256531744
3147200474
3036318170
2256091172
2910797150
3036308191
3277303057
2503222232
3152327552
3152288533
2922704700
2895503396
3334860499
2910788738
3147615794
3147610934
3245669005
3245628866
3245627468
3245626412
2807006580
3637394897
3611969403
3361098082
2934621230
3544219154
1347455592
3494286615
3557534777
3557549717
3560980577
3637113443
3561016643
3499122313
3636540622
3193015537
2366089500
2948878285
3634270936
3602402117
3602312475
3602329935
3611724743
2435749240
343761993
3428600878
3041703727
2663358753
614012250
2266773079
3632106976
2754831447
429827875
2754845044
3389435759
3119258008
3297705919
338292796
1000017198
3528291312
3289378482
2868920341
2925823617
2960139334
204731800
2665886316
2176499923
2723069927
2176514070
3272902638
2958876781
3206768987
89923140
3631267168
3624188355
3039712415
907911619
2720905720
3622648997
3170225836
3303259261
3465810194
3469207153
3469084279
3283298280
3396277979
3598950495
2816804313
2851861448
2376792157
3611689995
315480303
3524489718
2839910227
3450277099
3389318241
2481866035
3475549632
3448444637
2765940480
3382612461
3508232953
45289506
3501515832
2752756018
3292281746
80365459
3483104783
3278106313
3521825121
341326101
3554877501
3379791624
3435479837
3088023367
2396504295
3430888678
3288356575
3503638102
2622549472
3308483240
3194732833
3146272270
175536380
1496786029
3304707638
2528383177
629614436
3243520319
3437301745
2235293093
3130815454
3260753359
1017565141
2903532008
3533788582
2478738234
2435734495
3325851710
3394591873
3394423832
3325575907
3325533026
3338025554
3327961034
3327898500
3327952148
3327834433
3326345694
3229577047
3414953182
494689099
2193928849
2193898027
3319767986
1627571113
3179547455
3430879990
3430301445
3098075687
3366918419
3160113504
3138462900
3138505208
3138503204
3138534301
3138532687
3138451272
3138531697
3138448320
3138528871
3138527635
3138527413
3138524581
3138490124
3400415539
3393167953
3382739534
3382614494
2489739235
3196113554
3322105477
3322094563
3320842308
3320339310
3300476484
3334490114
3367230498
3334436713
3334145952
3334139833
3334123934
3334461854
3334413494
3334480873
3270516402
3480743728
3480621017
3480522381
3480508109
3434442478
3434112537
3434380265
3434365822
3434121717
3434221042
3434156159
3434153123
3434100321
3434140487
3435311134
3480320003
3436703788
3434192326
3434075391
3434173840
3434012883
3480346288
3438295085
3434124286
3438172215
3434113252
3430303174
3434064587
3435500170
3431874387
2741977375
2741972005
2741906202
2741951191
3435402615
3435407715
3430195887
3435648579
3319193835
3389451983
2240096763
3430393270
3132671545
3131333055
3132572700
3412061939
2984561199
3439001416
344042187
1050217100
2964423933
3468102676
3437858500
3299318377
516763715
3291598171
2973110079
3231653215
3231633644
3257655361
3268964059
3268907468
3257598038
3237864380
3334836679
3168961394
3334116612
3385994925
3467716937
3369804431
3345272439
3141270023
3479340988
3317840777
2965140471
569189279
2830697956
1320157824
3460549636
3152964596
3147791774
3146785811
3145722846
2758204818
2973756847
3475143077
3045510607
3424971587
3399083807
3405610755
3405797662
3399017283
2889216567
3405683919
2889210375
3407760508
3399058283
3405692277
3399074315
2889208299
3399133960
2889205017
3411199139
3409270690
3424978469
3409176351
2170694208
3463592783
2366991068
3405715493
3407722641
3464037857
3463653617
3407748099
3405601845
3420282731
3409226963
851668836
2976978093
1266817340
2911195912
3405779164
3255896438
3319886378
3438110151
1656634452
1656739556
1696395037
1698140660
1700970895
1961700726
1961762642
3288414342
2162132346
3265759285
1472892378
3292974948
3297681530
3291139422
624036661
781678332
3384367324
1365555684
3091907692
1664361924
1387565982
3167095738
2569330901
3244156859
3037185944
3135408256
3231469477
2600795766
3168307370
3231414415
3231018880
2810884655
3089628347
2216457416
3079707248
1701565854
619679320
3163188546
2879969222
990327427
3162929257
2593088766
2974799557
627210889
3150913238
3146722148
1324289875
2462897725
1731989556
3149770297
3067525304
3109045195
1874315299
3068850923
2333547338
3097659876
3031788348
2993079966
3079468722
367650280
3068162383
3080201612
604142194
1087617984
2583917137
2160931957
3065648265
2936630837
3064023730
3023360371
2839858747
3056094075
2849469108
1543741837
1462825873
2378236237
712965139
3032759105
2994369603
121678178
2992793583
2986273904
1618487208
2972506127
1476280970
1310804095
2794793164
2234582974
2960360747
107075715
2955867643
2951560182
2946361811
2944995780
2946775596
2942613544
2756635197
1408480722
2653036797
2878517069
2910443098
2906758841
2911002107
2835399590
2889726102
2587874682
2310616300
276731229
2820607453
7668952
223604189
2881634883
400149833
2748098030
2777324781
2826030462
2780572954
2837654448
1963423632
2844135841
2851650408
2806493739
2807182610
2846065812
2850257245
2270314297
2437002354
2842059960
1359396745
1490020843
2832110526
1484222977
295705148
2836839080
2396369281
1564224462
2835610867
2653199766
2790242223
2751358424
2786109761
2834807082
313919114
2788439752
2821538232
2544317642
2462554286
2752581299
2787223403
320417093
71487826
913744615
2190174525
2833972441
249039821
2806899938
2733123160
2708196996
2768976429
