728026158739001344
729373866049462272
3834335953
3866706313
3841756034
3846840313
3846508874
3834304640
3846724032
4189295893
3833939654
3841730714
3833970734
3846826219
3977052792
3866536752
3866554332
3846873259
4140446631
3834000073
3833960473
3846429440
3841709834
3842317572
4121057211
719164262887784448
4864822512
4084364800
2371692742
780329227
3418578825
3895379780
3929843182
2786323258
2445699528
1977543704
3434761034
3084641085
3846965060
3353473667
1377229232
2971210639
3756345078
2869663317
3515049977
3314283686
3413996831
3367259392
3406764460
3148388618
2986696840
3395938431
317705516
124167632
470194786
2612908405
3285185618
3048016028
3236218609
3236134002
3236410322
2553132907
104996731
1326538028
564603229
3179404447
3254656632
1301290542
3226351028
2972608504
3243159474
3236977957
3230169457
3224602808
3220564032
3297816609
3297662979
2477772690
3290422331
3223346276
3223302954
3223399963
3259457727
3221476064
3174702997
3220497714
1605525254
1415692262
3229636635
2937095502
3026983629
3208881917
3182296354
3120093170
881045425
