19290107
1072742528
2412988236
22588300
20029966
762407709287284736
724685240497623040
3294298155
747977457513402368
466138311
29165172
749702753929355264
760946416336375808
2387604200
745648699808845824
631865146
732824405022257154
105757677
2201031415
1670489449
718836207300378624
3359560311
4320799523
401704883
751887176854597633
716307440388562945
743454160578830336
759790857901834240
4850307687
3297256833
3244826380
53363343
978851197
2939942884
516640317
2715918705
1109136248
749182220091392000
525191992
706768941906075649
2903272248
176946754
1885818775
93654731
480004985
2741752771
1722322981
208377173
1522108610
2789721929
538932956
735429280675598336
759005274837442562
2877855699
501196426
1640268872
2933996920
701866563268378626
20254407
4576968862
3413764360
756585531153190913
76671106
713375130680823808
756266647300796416
754400962442358784
732069300979171329
752676888905220100
289076875
717044648464613376
271876089
4904975769
1346516666
754802590664290304
709280805013602304
167781199
2317662440
12975572
725306581680807937
27062536
3309510923
754098816182136833
232595908
708315480545746944
2165327745
1433686182
727183362851373058
753965164479778816
43271467
24709604
233667091
753735803059183616
2648103777
49709066
326665662
3355720805
251902883
312750805
504392909
2666016692
2848449406
140039576
734574625229676545
16017937
112273726
481519696
710118833122582528
174671789
748853523043921920
2857719346
338178441
714656801
713401762678501376
744459100621156352
66743687
364272215
1897215410
3301565313
743463276432998401
1241258612
207489433
148689565
206453385
3565599022
311619290
2491634121
4387566815
43971044
57333322
28950755
98355918
2700544663
2920246313
752711001427021825
1738524913
60322048
1482563324
388826563
339697820
2923941843
3043571931
730156905708949504
223850192
46217611
4119718239
467147763
468018521
4646924068
409210532
20585449
206999288
2255613144
4887463821
324890509
706577077898756096
3225448114
538938241
713429506221064192
2921764977
737064097703952384
1300456128
3367092269
1049202565
293765059
302606042
746649917016387584
1091873832
615995377
1648307312
1047173977
740993096440270848
332151711
139806280
133879298
109030508
350469260
998927598
1581764647
2892526594
2684865902
3084412662
744650218843611138
138372317
2177997522
176726656
1384590655
1047085753
2401718935
422164503
2457530775
3371039206
1481806909
355051595
746347621812416512
3496509013
910645286
143623289
749880519924613120
3149710090
749574152902873088
1634769132
747769302565163008
730039478740500480
741075114503118848
2504143856
1492286912
1498224577
1014861722
3053878308
486935714
737357966421176320
1459683901
488582518
703906859
101785932
94195346
747260548690100228
575690565
3243817131
109685636
104024558
717538300
590029221
2991818337
499977793
291230982
19090447
3145601770
442788685
419081441
4143395536
1418219150
1333029589
3245831663
4727423685
2501522820
426200440
177606100
746422496476397568
1880864762
2778893558
3422466154
728546071421571072
733211498957398021
4113654255
724743065592799232
580895618
467821472
3128843050
2165393189
727902995472629761
1298479236
3131243261
2761192037
100596059
2449271882
3327444129
747101940883070976
4150739123
3353063909
961142180
53183965
493374820
2468154236
710552368081833984
312790245
747063383631998976
3093502918
45797045
2759522404
747092788014088192
266063325
116273314
746846020533886976
746867549082509312
17988306
17178280
18306108
75077781
42214243
2732462617
329052319
2769789865
52268679
2437852440
54999242
569872967
218307597
743882355832659968
746416429042393088
721707571401388032
2253809280
205647427
269363873
316093870
3353891225
1582559802
746017895772196865
4507534583
398489365
582703004
729014320831602688
745978525241376769
334104798
33857467
387891630
113298006
168384926
585681873
241013911
161224598
2891953294
3836475135
745731093027037184
39523927
2343558074
721631665165090817
609583161
3367553523
4349564535
700489035920203776
2372275920
2796707943
1582778479
85053370
41325983
2485509066
195690646
374169748
3031229014
1685788758
3122247628
892698966
362057955
2539322709
14275729
481102141
622577606
4874887923
3836464582
396680102
2296574312
50394712
200467580
132304273
3379035179
1346343156
3172180955
386023342
446892326
2888504667
745334559307358208
2925107639
738605609025605632
157422328
739793944352067584
361378315
26375758
839331330
741004380170813440
2487325724
54517726
51283423
2162008156
272068024
468388675
2670962779
389516094
733993958167175168
80699016
445452143
326797446
253016667
740588739873910785
378095737
3771665482
3419094815
551777627
84133722
84871482
219983463
2872998329
299227462
482066341
306465652
831791894
385430372
2333619771
2485507782
32862668
384790849
213283823
703929315935854592
483187388
2938504426
247537680
17717750
1875832363
2494270542
731887856894001152
573895433
71280219
62413804
4144951289
733360196559347713
3400702817
198250269
3436709901
44629739
4775556688
867653760
1058787942
79328513
3302910453
345361958
27186807
744500733983195136
125674363
225245149
411538189
744169149690167296
45927400
708846662236540929
2365686348
719977806
735560358941720576
3407062726
2906673611
1336527348
55800532
333523712
25588294
738288895
2157877472
118067395
4818790877
744264500782764032
705840756
2711303767
3439411012
2383233337
318977203
743036196306223105
4821952474
4692072434
2622015034
50357364
528766080
332937211
76684146
21334834
244116266
3331911533
4775670615
1876966586
957412446
244280163
710122076942831616
850482804
2766385911
576995187
2461110499
743410902175719428
2196100295
2551977938
3020172983
4806298280
4747160481
4475879367
4442339121
2748417222
725534038275067904
1084723830
2846503595
4114650202
3401060255
100644588
730983088252170240
610894648
2487869953
586694344
2148814093
172635054
741938114856255488
314548237
20538655
1320078025
702193479120658433
2148926292
2901366871
2436985333
80102750
3002038721
19887850
225585391
354840547
2872248242
224308229
549646369
110519038
742790007371538432
311663803
989635268
255507748
727577758755229698
4908857001
741996269040717824
1083599894
1843015046
3092540020
3843030801
724296149754994688
319259838
159600609
720743781331529728
3480267257
29440928
47030292
18857877
573803698
739635134299660288
3329307203
245191224
3051154788
16047963
2902257983
317378810
1074522702
4151660597
393307183
741930348133658624
741929992511180800
4803945640
726786052925591553
740982920156958725
1262175068
740258038544797696
2778338957
1069952203
730421447055695872
452253798
102205850
2471004415
724106243506229248
2541352994
595779274
3016681148
261625568
355683234
738396783315963904
3118338441
305655577
288739549
741177824178896896
21805300
956500429
4877776685
3133723334
3041438073
2614727821
53013955
168609697
48935222
740159777234378752
718855185095860224
3163421464
37932101
738784407801069570
34417789
3000277799
4703368982
386542661
728869388389076992
154350597
49598131
2532813875
4776673223
878662752
316544211
365612875
1012919936
166623719
718855997914279937
378589195
21795345
958235593
749348659
25356462
24761515
2976796559
1934585762
29679460
148596165
619655752
468597641
1975814814
1169679674
697012771544813569
734053579011575808
3152042415
709085397586939906
3163477888
4832988868
102955736
3254559028
724331268742115328
701060425694244867
204705006
547600919
61104605
2950123732
739015558578851840
376823962
223604189
725837375562207232
3389818618
4716870633
200666525
2745011095
4053423275
740518444030939136
740522184096022528
739765714567987200
514182291
712690609295851520
18919838
87182950
714445201
40195750
740292063053352960
292435635
4821420365
747026186
2788538883
2461212391
82467928
621029899
3038290785
29491638
135577188
876456133
3413745093
240864456
34631113
350350990
37781634
736563410872205312
3358472805
2419284702
275504624
188313334
209536300
380861974
14060483
49323612
731154128873885696
410051916
722122847242596352
3402496829
24925995
20397177
2494644054
22944322
366397696
473291413
19485799
710488333365989380
231530817
2364434006
703668513920172032
2306882005
371320294
69044685
707060666
732113811629449217
3360665687
4739525837
737844844475887617
115681686
738680546767818752
740127644415623172
3170126104
2945820771
3248881547
20189158
295781057
14921860
3118257563
4297106713
53668939
61804467
3044862478
17798031
3243772420
224646875
1216641932
4498091908
382414379
4169724736
904052510
2687805560
137739294
2788613547
81629030
396011927
1347250338
3064435726
220837264
2973029795
739816769884291073
2602051168
4365988217
2589272251
97383592
917779584
17921894
570142943
505095407
3310998538
275209894
267974145
19707932
4892304123
604828784
722799955
719645820950286336
739524777291972609
237658796
727149098495840256
19642069
43415501
68173937
439367760
720338504677474304
2648734430
358677759
700106698
453434425
481059783
417726266
2942825793
3042173895
624728020
18551433
1406989166
31075190
45691745
439481790
613821383
610330377
548562627
918415080
1151263502
605443736
721966495127842817
629596058
1345580348
4117646112
2863478354
47733149
737929217497784322
4466556923
721853602508050432
3191885668
731555206320754688
4172822375
735145582700994561
3343085158
244149327
22756089
717500092614311938
1285614926
348947231
330990433
950535960
3293235761
3121196236
2966103184
69857624
29997206
224709022
1092532538
239355930
184214944
346501227
39070429
1291109022
928008168
4898265490
2431346509
1679513431
248161740
3346488075
48037296
4427995299
3248073699
2334007076
4238173443
712976895906852864
6879142
17774967
701101238499278848
282741821
2232106598
559977174
563067557
3506186843
3095355973
35346943
4033005725
46111937
728339881
69917618
718500060670115840
707642150100541440
328418866
739205763042844676
2896052759
3293595672
2871254811
1570468471
576423523
421068220
358997671
316576959
346306851
376124899
592217455
3019700459
733207233736155136
2453263154
3039555351
4894789000
2493002988
17919212
63444673
452562736
702239073746837504
27518828
3175744005
86621915
842393192
728699930215383044
736929983130542082
2209316343
2855861355
728579953676136448
717073946278039562
3177406031
66004740
4823590463
1566549187
1704697434
728885263057965056
3083043689
3189001238
727825118936899585
2811558498
2317573334
569449933
2662990173
2288632549
737583641333661699
3006552820
366498127
472032973
164833055
4474628177
702491016914276352
712845768630149120
260369607
3331335129
715647271006810112
1423699747
735365804624125952
93251587
698980463227047937
32856414
131838181
2917304037
3051725225
391692889
257431669
58285267
247818402
251020244
2937314254
630636354
133222402
497766938
3058701
2823109342
976528424
348130743
26467736
3309519556
123355219
41780643
1433921922
559822264
700800823
70416514
761452525
428748485
18061082
736813548622336000
116147861
570836581
18906599
705077859208077312
297571701
361500016
4897346411
293427045
4855890843
3187232212
723464614239997952
3350609655
60324189
723909488923697152
737720449837195265
2615123029
736974377498083328
1346530920
735787909245083648
261598699
2235617073
720098948736790528
2225829437
250337704
182044995
130830540
2911337824
476118871
738485528950099969
275212985
1621241088
35848766
342822563
329123815
2416860835
1661109804
164208335
4880682041
953628318
2366912474
318670132
3004265873
441036257
2799247911
456080311
729747897403777028
254529559
637252831
1358973200
585578791
3114356462
631497487
3954973528
1640925896
2888090229
3008127489
1517625950
508475795
22465973
3021018438
555263187
586098002
375539222
2885526521
73618985
725961425835929600
3094511231
22067083
302533972
722136609265750020
247684341
176802645
423650404
3440780375
90939181
415808169
534076044
28080094
1849474106
726440840399302656
48025054
20675681
737009288103747584
4892676903
727961910428237824
3243583146
314517369
600346866
22000158
56360098
601038666
19539314
321884687
733635804539539456
4570837757
227094216
725233977993261056
2853982215
28164047
2400124021
251709220
331109294
809212045
28158914
3075386757
2998628992
2884969384
1506591781
632341807
2714606404
216783302
556629230
3568692436
1140683299
235773325
1100399413
1359040722
4823578126
190046697
720328695924174848
385327068
14836504
732176336098344961
131109849
106440613
702490829340938240
1593207420
729763353925685250
2250679261
2721637535
115615024
3233476925
1572390823
2875742098
1359226843
113576842
573952577
14467455
582953166
839898738
1323374461
3646916546
373477876
236479810
88619729
737061735488749568
3018275674
4866237363
723896723794440193
701243957141852160
3046926889
521202310
729987331327987712
2195753627
92386636
79744736
2533394120
2325340434
44547422
289511094
20050612
2320715580
935491188
312171721
97908821
717830426727989249
313844558
2289879714
2743117697
351293140
159389938
338576568
421867502
1648336303
2908559936
2565041257
2191984092
1268333359
703325232
734792367929237506
255618241
130568721
44126993
720890847529578496
2830326970
727270638449250304
121624263
3247561419
702967531095457792
149078978
396601079
17581772
732626118897979392
3190388565
439964641
2638433061
455667774
23463389
287609876
733279362791788549
4346763315
568552898
4456802175
1332230832
382328184
626424341
342417366
99075249
729612136071213056
189116097
4832343772
2996864446
196790678
351547566
182987193
725048194237927425
163563071
736261192537120771
39524149
2694875537
737364560139669504
175790482
735133251346530304
2810537992
220955172
2343998069
476972001
1269499213
732319035745009664
3385068466
2269082300
1285831412
708780551247888385
719918873672343557
2767003853
2957468243
595366113
1242279008
3100059393
736697117918498816
737204797967863808
4379220496
17442320
17429668
3116239557
162177355
736456485983686656
1074916754
725604481434427392
395446240
2276184820
1593295976
735482734802403328
3069858111
730313153679114240
3297787354
2810068704
1506905551
122033106
3145232108
523085134
4874927633
75625256
249450659
735839446935867393
737089528985464832
14197700
3817070415
2962879936
222047910
3091728423
307865303
705273937
2492552898
737042556484259840
372086400
345302515
191394183
732785589897027584
38840253
3429087130
1452081888
2824606058
340334984
701397373000556544
1941159986
1384496280
1411781166
717405951121309696
17867446
2776646422
3182246007
367273527
783155798
3365780781
734836944950177792
734394223550697472
367363884
589128515
1080814122
113899954
3241626821
2827260974
304934472
14192589
1099064749
1541113478
1230865136
248337004
720732159221309440
61746371
718351697031098368
702806430248779776
3299766147
54069570
26141748
578336576
4707217035
2947206508
1017563923
732691256132833280
3094292199
1920664501
2344399148
22972326
4182327579
1969346438
736890247603195908
736908174331109377
2831713327
1477619106
2237438359
1348591226
195365621
727272559096393732
19855612
76357246
135413824
410077556
2397132581
3282449299
2422587631
3050077864
20435863
2784280027
713491147608485889
277924273
4034562973
2798125167
417992966
1582360818
2180173221
4205389155
702200373172428800
729144801338241025
2692125771
25666245
3315887015
1160259043
4657134321
1451355961
3344564308
2904554547
1242631568
2334732225
491731272
4244184520
2550649962
67000962
735457730304036866
1849337911
531163595
128330624
52475305
2412580496
48981156
713838112544268290
3044834795
53490868
2801695127
727204184118988805
107806077
172344918
2366844276
844298942
1028318222
3928413263
241466609
4118427075
4537659460
586061783
4765758257
379476398
377032968
597004395
430169940
705803305780436993
717449844630142978
2254638426
576680441
745866908
37815038
3863352072
2885705823
708030956439998464
327373510
35894442
734822680604606464
733973009443225604
118351622
1962738252
1483398740
4656317909
2560611382
735574690413072384
2501559841
730343202125959168
707202138343079936
731926980
3286375255
3017683710
726066290914299905
722370515734761473
2898233755
19873046
3308573307
327921463
3282097146
4865476635
39021245
227833307
4909271848
256044788
2156707217
568437023
15134277
1930157180
3617873233
703652278394331144
2801568389
20449585
452794540
728362275384524800
3076193958
736249498549276673
4807876940
780691290
709727706762629120
708596917165531137
39067136
734513057880264705
16392208
728356496870936578
3941594062
4604285055
55946105
3887000059
178125646
777687276
492833134
3332169585
275276082
2697333644
736326037664075778
3284772163
711953228527738880
1931948834
2966824241
4475514202
729457382275874821
2541357239
46315077
286884956
717303062277259264
147499260
2541458987
241622785
1001454344
51968680
35585695
721046621467906048
301850119
17995082
20124662
1476220495
115706550
4743782960
728271540102516738
96863903
3317698168
305761106
2914157479
1346350202
118153612
132488978
1354012212
725152240160350211
28309574
4845873757
88168692
59564035
2350318927
65836867
160201625
2875665537
2766768008
484407977
438828609
1631065567
2408541060
464867175
3360112245
109603696
718117017153306625
203585237
4029614769
506007359
732038115532083200
4111294024
56978179
2309702606
309228963
1550981904
1091646974
266505722
158476551
2164888750
17427729
765456692
523451127
2608047188
2475139904
2161925816
732674467051233281
2788658816
559234526
1348009326
1112425813
718402904516911105
534645337
56363520
22573164
2732292976
727482481407090688
2802264732
28145773
208083510
3345396303
562372370
4861782004
741638324
3161637466
51131135
727453614311137282
621297822
240798763
351009963
147846373
1425560670
2868372705
390877754
732614360942678018
885733974
1664505145
396095407
720873147088506881
80642566
330717019
470508203
726467976493424640
159464863
1029822318
2887674984
284787613
2901245151
301925151
244321682
761965519
525249347
2917357287
713363650396950528
166938112
81619592
2613834901
234305435
18311010
84590159
219237542
3042923567
111966379
257661243
3096093408
702624107624579074
74219748
897449089
701389580365381637
233918728
4513528287
4896094012
53134628
3010980623
2287887180
1855535324
186947829
207681710
480008070
428506636
731119629305778176
2319843333
193856996
3092919645
317810648
2353071330
726052370
132111956
4924959801
731186154658140162
733031324
15063486
725417492085112834
27867738
735332409193947136
21666641
3316868654
17075338
3424711689
4502521007
3349925638
303883832
713771111490658304
718229799152545792
317864220
734516370600251393
108985609
4744484008
724524143245438977
362001923
117207434
1833919200
2196203149
2159264468
133857229
4881107351
228695369
174759171
729346840911618048
77540948
2747416938
2299596967
322623492
734079384924082176
41702018
63782542
732682423176200192
2772695072
732683380433793024
356178651
3387214707
2909409227
1920559099
291621998
2645588238
328484372
710053581399969792
2874110489
734627350143467520
2997936919
2507557358
319339723
37174398
1426753615
711265937853325312
2313099380
1128454070
705497356624596992
733059046547312640
33238876
422960642
2520178490
4289029828
4882743003
1105121708
235732219
346778903
20812554
224170318
731792706796670976
2291607806
711834587111038976
274744519
728627392189706240
48088063
1957574972
3111909523
66173189
91890954
336637208
393271504
64002024
1125937411
29464437
4717936273
54019702
4850561243
730559632851251200
1933862005
76915553
149160446
725286267320164353
2497274412
2561510704
3208482538
2385099362
719833569447845890
246196874
4912226817
1828372406
24571916
388454092
2849651386
149794321
3654128967
608534227
3218311835
85386747
731593382926127106
2594626578
3135565264
4364784082
1426400280
711657035948007424
723251262398054400
3011256515
3511990155
719619150944067584
