170397415
426578718
700577410534633476
733336883086819329
2959505489
3603903382
22994201
761987793086062592
3150531990
349803020
724028839886618624
1084817426
3878236169
373665070
4699767800
75729655
324440331
17902506
14247236
321774180
15588500
38714547
761333302460555265
2357142594
84759456
733247737521541120
2148693998
2479996009
27724717
763209676179775493
1264595431
292898176
752882758175686656
2804831597
1001887447
424392856
2421067430
423117326
1928655258
1245111643
2856180336
701636754017660928
755623515362041856
851711263
66686131
1543944841
86605758
4870894643
759634377269805057
1083112993
2996772688
314249480
997682274
22279598
1639186040
21929250
3161775062
627208970
40519218
22275767
2699827792
378206995
20484593
17190280
3107324712
741064132905082881
3251308389
53452637
718032410592559104
743190122238115840
115563859
749047866283307013
33121281
2560148358
453321264
2830862314
2933057674
759005478378549248
4700579492
4011771015
70873025
2806471658
4918353673
624327180
792790628
803794298
3131666757
2400901568
745970453030678529
705155575135342592
485923710
366423794
766547376
277261996
4881965968
759706583660191744
714482749122347008
40589647
3437403567
18267698
384013424
868130508
1934798646
1455506612
3362854738
294991606
2736035173
764622636
4894095909
751232559514722304
4574404887
755817808156565504
138869971
712161498
324042503
725884572638928897
109656095
3311041009
2396738862
44020361
860687102
67602503
3406619409
20265203
752134731307814912
3929703555
709406894905958400
702142960188534784
296674343
45413198
116631373
705140392287580160
754017638074847232
127624661
886026313
519728191
4776800072
705482072824143872
2334633194
20996863
251235684
739550263632134144
466992330
90280824
1919814066
756412737144627200
266975216
2352361346
1885129123
3317414820
2950066799
476019258
469107911
66521273
1729270614
620302914
976371649
16387843
4902714075
549427021
74508260
478151814
2482652528
25080097
2217090614
1582072040
203765012
1606528160
38191032
1433427858
4662630175
718941003843969025
176534793
948637598
4890222477
2715535644
3216839925
707634717684793344
313316630
4060831516
3734985795
3154602940
902259738
714291680233402371
862285910
3246280446
23649034
1305818593
722692352574418945
272355453
735832062
17995409
2815413319
80956994
732062088747581440
1610738402
23098409
736093106722856961
729370090022576128
2371338116
2774065329
746007296887578625
2926414261
3150687218
4502696598
751262842192433152
90819493
252993934
245564291
3418138269
4839064522
4859565389
792660210
406041989
734526310593232898
48598910
204161510
7019512
534622823
713091735140708352
360488971
748424521103835136
746056999109074947
15538804
748521383207002112
2173646835
17479253
2573993016
415381836
1921792430
2907521684
3230852448
39606118
298817970
749018250751586304
342710587
167291796
22312331
739668558548869120
22353416
362776030
131745190
14367719
33009404
184126208
1897511370
4729801216
1494070861
736433043481579520
22970364
58525387
712719001479045121
708346689598398466
20570420
227279577
15946841
56290872
4892121400
1183301252
18382184
746431706706522113
740228502864179200
163299688
4689842851
597321761
4885797069
193441812
2347716589
575149470
4724827944
2965284615
4254904636
34202944
4580776040
719303077522751488
387239322
4917092018
4819828431
251318959
1687108951
385193835
1714431205
23262079
4750255253
32130152
742905842316365824
637305972
580857186
711988653963214848
875560238
743158468073263105
4159727836
214367527
3676507156
218546917
4520469442
2220772032
345021928
4886781568
25416225
33879063
350093249
179732982
31830249
705119727216005120
85881268
319654586
734601649377923076
2715953746
4187615242
31403779
4215432493
16028985
3024410127
204534066
2555710802
3326660069
23692715
582696814
17232340
31601858
384129478
811352982
17310523
635467994
3578803936
3731436135
700705609016954881
25335245
1416177127
737679261335719936
2834297017
19098724
3251384992
1072940611
4785292626
365621764
361544166
580130219
702669020085002240
14063769
14988372
93111391
484317210
714973048185552897
1869575251
153218852
4854822338
3009487417
160310194
3229058694
167478588
11715042
72056439
715885540676079616
636652493
1732904028
16672662
735226568377835521
4779422688
560074946
39294154
2601873347
701996271054274562
4886779211
389768752
138409823
3024658569
251341054
732633469671624704
126145029
706289747732406272
62547583
4092379467
32774989
63160617
716972670571716609
138594635
2855299127
718375439367028737
278315777
2841747221
21944257
4711362133
21691269
4416768012
711716692947279872
17172863
97253667
15872716
724677137802756096
18199486
4160470229
220824996
1188033770
251627017
15315204
4877208435
751789802
3661353494
1934736961
4634073132
4870859956
3406500304
706001796674801664
86141241
717360080232906752
607622157
4746528857
720048569743331329
196631240
517306861
414488432
340067849
1130135575
2752870781
2485456808
16538070
32523003
526583592
634676291
1539389347
2616166573
60903033
3145732270
576714872
18657807
1214570670
19848466
4005092840
382268135
413533828
4150425803
705428448618156032
344477380
2514045312
282311572
199924232
543452426
705414651551461379
16719435
1965905755
1601559242
266536604
108708410
128429068
146160591
2907150081
398959859
21705181
213861803
46786678
17010913
3070366039
581064754
60972923
1442476447
313950755
1928543654
1138416104
76919759
4851312853
28201999
3311353415
18363392
69756680
3277943083
3158403571
93251080
704124670602256384
22021777
456331554
809300192
705865207718023168
4925828339
708477796796895232
74419021
275743098
2316383071
281281365
704405244147474432
720339873933053952
587926686
367271007
1384996994
895965739
436314047
4886319193
1069714362
168524035
710960428004745216
23910844
19431221
242658172
14746731
21495530
1480487906
67899097
95094652
16711026
3909856152
4680683916
3963492493
22363505
1909087813
2826806322
724307897497219072
2414073730
21868866
721377004092657664
611337173
710522692189949956
4870766967
525925642
21970442
3217694460
3119305737
4847876100
32168059
27934012
462132518
19807293
695365245376696320
772363478
725460838178500612
3150777746
183958809
598875967
4251095188
4294243872
400188508
4890984519
737262062
1265879876
719538368627871744
7771842
890226416
3091521770
1183014312
714720425801084930
343535198
887562596
2400917156
4861613118
3920426061
918833971
4614116917
3814387102
16528755
2360448613
327561051
710131519570845700
710908819799416833
520029915
480083441
104459389
711654736114507777
30899109
58748336
1934787661
357517458
2971107730
2434294310
634387197
4877191041
4794182534
2818350404
580312540
834425101
343327974
259252751
723215191534489600
15115280
722886915003777025
713810463545561088
697242779135709189
2303881894
2416273178
1945311374
853544617
2338971097
