1666762154
741346965410197504
2328854769
58330504
760157553166778368
2692125771
728582639591034880
2583735188
2256965582
582909177
302546671
249891785
3249437357
762630872633925632
2540768450
18595138
1177031336
757586713422262272
461930607
1387392716
1662333150
1141676180
2260293576
538529568
99859136
758676252735770624
749182220091392000
760487065201086464
90915144
21939082
77683181
741221035308126208
1849938847
711935509820477441
60317232
708707533620379648
330554495
728197808910667776
372086400
2712636045
80919423
1024598382
3307350179
815493158
759005274837442562
748205390043746305
2889221200
2995500181
1477205334
421146026
702350515628335104
452350565
33284443
721338992965382144
562702535
1663353241
4218156466
2361721830
2764770081
3504753795
1160603700
1566023431
418655830
3031942490
76904458
2736117773
730485682959843328
755112982397358080
318449085
2354484061
756199878133415936
756181509023805441
762469790
1148350500
1535046697
16600626
2363052556
2756949885
289828399
706577077898756096
720309421302292480
636821494
15198000
367860799
228051072
747496384841064453
357081340
163430184
2877047851
702879461461659648
4886369872
2726413273
1359226843
464088963
765276498
332151711
701808332
710061655808303104
43415501
1360232480
43557700
113490290
110478289
751763477723840512
3172902569
308060912
17999859
753178402497044480
3294131675
135952736
379504492
729365477273776129
479567810
744659342738210816
2761373501
4825856765
730416734704795648
2187420112
80289302
748875151576559616
2773820450
4757373807
55814522
458386047
476953217
1341220850
250244374
218594745
4840342132
18568363
50249412
737356489829023744
719833569447845890
1292006749
51021108
740645440119574529
2546466973
747045881615126528
3074255790
168286601
2995618619
749529599252586496
1077225842
222047910
750419127655858176
243741453
751338595911344128
745786902171746304
2888684320
141147000
3382028333
2985270576
2583678126
14638233
3035201481
2380466677
719080627757322240
3391985055
723903587915538432
3180026162
277946185
181755324
2404883089
456977393
388786460
4327300043
28415740
3510858557
3232008447
58422653
1128915014
416964030
902092050
155197668
749555725576376320
2641320267
46465179
288985316
746273692955586560
130203872
960729085
3415552415
2365686348
4272870988
1964285881
306201783
747139794757627904
4513753401
748955604115419138
279594662
3885119723
711146010521767937
780691290
113616861
44959884
2232299720
1456957934
1324250802
30601266
80530081
701478886698303489
701758559768461312
136205033
748145329132961793
731555206320754688
85386747
98583506
745330568590659584
730039478740500480
378489654
2417474756
3243817131
717029975849828352
130793724
3130930611
701701249356455936
177662447
1102520400
117655609
312597464
3189573444
4011107243
1630775174
1701836234
468785798
25102104
2813102021
188086384
116255424
45483876
744794264035463168
151139433
423583391
2841208083
4732493517
4717936273
2501559841
396679390
741634472622297088
29440928
2822230418
2199151189
2209316343
2512156707
84871482
16703058
2512612640
30122242
53185852
1125937411
1365423529
908219606
708344989739261952
722402444093865985
721797814360109056
464858259
1134339079
2293490420
508778665
3358472805
732069398924525568
4878212770
2631570888
1017290024
1357817618
141762817
3003415785
2976796559
709214119
179184998
16145985
4873565987
240400850
189144166
724285389293285376
2196100295
739388926503313408
2669507574
739755804056801280
3184353350
15229872
2380593748
725755206978383873
712156468548661248
4847687652
4486029035
1678535569
1320506124
273028259
1061164254
738458956453056513
730526974003838976
253382876
702134290470072321
1318108844
592534430
740526865010556928
4240901735
4171824567
4725506001
721402084877279233
309189309
525863297
443910842
2507557358
448516309
4832686737
391692889
2935219918
719637459794051073
737682205946826752
19703686
205843793
519914823
3063772383
124667030
2365875094
4871212732
732282610693644288
4048259655
62489309
843063950
384551625
726857588168638467
1168550880
706864863050645505
253428481
1028434488
1510166378
1426400280
306113154
2727002045
721046621467906048
3864730527
341402071
3358321371
96002089
8515632
2171767518
2163941888
733605179631775745
2329102256
3342581884
2978478155
4765095501
445360132
3237146698
19644086
29111590
871599601
732809904675782656
717992829927223296
57932243
550886971
2230662484
732701339801780224
128370270
730551554542043137
523085134
3174036887
82929668
4825917994
704111089806675969
702490829340938240
3135565264
305248807
379962842
563061700
840218617
731928017564512256
2483641710
4866237363
2952921862
720098948736790528
98028445
1975182726
27867738
1950229387
1904166260
186947829
314605066
1039384628
17427729
2949960387
54019702
580857186
573648634
2884990888
129144386
32937766
843169339
385397958
159886194
47580205
1154170010
730464874589999109
3415032597
3031229014
395693272
2771555113
20442427
426200281
719281218965999616
2519252925
396643473
2242085304
1279976640
2209179425
721630557667528704
797679000
43196336
3144446056
347411113
1600989242
761703530
2196203149
155668062
844236038
4420225815
723398119702949888
354747398
2204412148
2987051320
342894187
347627434
17848070
2891397993
121656624
1416309872
213223080
198128780
718174565323640832
115142697
446160487
27733419
2798125167
3372455746
121855199
713291484276125696
707007159905755137
2463033168
3246390563
149099539
55403428
2860542634
3938974829
2163541586
4194371465
471167537
4790280677
3013774898
394323614
1368113851
836591304
19173608
3003700102
3296962281
2858521253
4314692536
2837942829
144566237
2394317406
3390058354
4501908329
1134511884
184383206
3631289477
704652985683542016
1425000152
705489178
713306152
2892534323
249910566
499102941
46331535
721624042323750913
2799598061
1660488488
1334169152
4197035003
2463076201
4202914407
314525367
474879331
571800203
2562814182
1032615842
3843246394
4561156337
1283252311
471357957
1182376855
2191478242
1009463252
990458960
3296216399
4191064227
3780286457
718402632126197760
1854292736
719835692180881408
22004222
384249236
2680617799
2588366118
3978247071
2987686264
1527761478
3044644157
3309169489
3349842741
3344651409
289962983
428346371
4854085877
3380332570
702200373172428800
2960531650
18188941
4692569191
406549098
4924248041
2585861485
4877983337
713094782483042304
419557618
4181180835
2598519708
18906599
1473152466
4345913055
2337532952
1063634156
3256699331
706149766586093568
314537220
126071957
1962165918
220729165
2449942373
3002457954
13817822
14585172
2663605206
454475435
2842801256
4472647047
4197095417
15063486
237427599
4860223163
3080186967
135577188
4787067682
903490483
380875509
330196261
4893362397
562236448
713877778681171969
4734689232
2625570292
912041082
1142502205
705643610457264128
130568721
807581581
712966083859378176
2825310981
713688195230203904
4717892303
398934233
1964372390
3205764814
712782215151755268
2692132475
79963123
52690815
3450356477
1037080806
3299917608
4272350907
3110360439
2233524090
3427829758
156359333
2307991993
1351330615
70098292
175127426
710520401735057409
891059384
3376085296
101442091
989160164
477762927
400655598
937446048
3245834645
3087527993
454365633
709380066065715200
4728759886
1320202404
709404675590787072
158916492
3011256515
187579804
1638727260
271077998
2876016699
4133217027
4731685562
208967993
3434741140
706405535743152128
707717077176553472
707926996077117440
2431995942
267283669
786559574
307188409
2447038212
125391452
7349062
314548237
260483642
4634942909
705069078042566656
923213636
68619763
2909504255
4363198276
1338703794
1154914224
90849691
4867831151
1278184561
21051642
3425679483
2362569357
170476379
73648561
403430248
82464591
3600354862
85129926
712034220
82066201
2955233225
2998128778
576215318
915191390
351009963
167867162
2223592112
531351424
3037077532
363727867
701847395374604289
1726027441
802119656
2475022843
3331410485
108659056
4024051631
252645376
4877724423
702253149189439488
4860880626
2196133944
552260888
461899452
10196452
4337651662
700512166949089282
2686892396
2744358657
3349830358
21651653
145040996
4598291007
3316865835
2256151688
290509530
2828618716
4864706441
1026418206
206962580
269744627
4921893533
4902283173
479604138
3377131258
1947315607
460223583
481289758
3049361079
1141399129
3879766835
2973070847
400872094
596772242
880354010
378521002
4548711022
29182906
3015642023
469210827
626082246
2457154388
4743531021
801130932
4868655040
1233468889
2987972555
112242713
1626294277
271838807
138673277
444090574
1327684639
466594672
4885600312
1402978436
3309519556
982361916
443292333
4104831202
168759713
2338484714
3610868056
475827565
131571640
80278903
16994855
4286876487
2845849081
416464999
274744519
2429132802
292474458
2228659594
1503873204
1381417621
4842741904
452843098
119181388
4872635614
65866093
2989721327
1277668488
841611254
15003514
3023180169
2158614921
3167566834
3014477295
1350989725
2534195028
4827392491
2363670784
1016248057
4822011058
355981767
118978778
120213071
1219944530
2594626578
761116970
226575049
2782537521
4838268580
3481946428
1357667514
206639755
23528503
226249629
1665093217
945145027
2295779661
428610062
38886848
43064836
1065503533
1307907480
4839047315
906615271
3865761015
3311717032
299780153
962255546
4827701787
3408736577
138330344
4444843336
1229478864
389358538
4198965801
3307095255
319306930
3893418975
466529198
520617010
4793622923
594934204
440691898
584529887
1678602583
320524842
3869490795
434394574
1226074158
2870870995
28526655
815400228
4818612196
4019910797
1110811513
3176625754
4752248357
4591945455
1473979718
3813017417
379732614
3431252014
426826967
1229361318
131486385
14930623
417142143
3971921128
3233618748
3120753935
70766956
965185628
4365988217
1291841431
400755376
4690051244
1144642898
287848628
533019074
279961869
1342578204
306496514
4765070074
1278572593
186520409
23804708
3036997071
533112380
2420843590
73068610
200301533
1045316010
2938873102
3208482538
263696280
408807374
14922101
228709744
1222886635
313517712
3307303701
1316658380
1209137731
4723144935
153396694
293129112
4393347915
845304300
2519931744
1370605363
4278693203
403739021
111243620
857001662
769400216
4555517302
1901331644
4698623846
376880830
204883834
101785932
338341890
376995787
265967650
2172768409
593533057
304865987
1119007478
1718038147
476053480
41068452
18650455
2446945421
162145923
4024506411
2492501665
3295616180
28433379
109070852
411328666
3514120642
2341987590
4556426908
574047334
551970004
3298459832
39062719
408915748
1295447916
2832335447
1346600790
55202918
235906003
452087285
4590480749
1320924583
49383083
293145880
904539032
4276088787
520237595
147725370
92602577
367898644
1224996284
261644814
224226820
618396654
166722213
1908208759
288807750
1189981854
3911482575
1189298618
176119243
2841949739
4561415122
1040460186
45400255
43554444
1048137146
39059057
31096322
4236167915
553083162
2354704705
252172352
131445426
2348246965
401947052
3074872990
4536244588
4536097839
1976450136
2435505893
564644834
311654967
2718581956
2964254435
2568515717
2864751036
2948429116
32455622
448335186
593623163
2704131275
422115866
2981572462
2250752450
799101631
719777330
3741476776
4221091641
22129646
1292285090
13728662
4428078099
1270735285
1096235264
1232067242
3070700175
295845108
27828962
560327551
344162622
753676861
4353902543
313473493
4317130396
2331936378
3064612912
432458460
96337794
4273600875
1945462464
4256829741
4242838397
391937038
3080322844
3183971501
84586019
4288686554
881014213
210376076
2234580853
2762592056
3020356043
3291053897
426745514
227945361
2782519065
2967796600
3133680537
866419297
3340907697
4179625042
96780118
1568270676
1307725350
1311746389
103206176
3407954903
2296153657
3425847597
2330457144
743576100
411368819
1043361625
142130142
270563634
827100734
210556794
3601325902
886527362
4042067007
704598502
2364343956
708773624
1283249520
206757714
554331339
4032902633
515698229
1126244166
3246226755
2999168682
1011351750
441167955
494400208
465011484
1287164132
761794543
3536666439
288736684
1160259043
3296797169
787827409
3133612913
3133658356
2458757221
380397631
3133576257
327417226
3133607417
20246258
3133579845
3074796389
2967731379
2460261868
2527352064
3547547176
1387465698
296303843
3525417012
1287291308
2919613240
1386222644
2481948558
112873259
2995398629
500103357
2986456270
3426670696
532572724
973080822
3044930896
123990807
397018262
2293699715
543536702
483025375
3238012914
2918437683
3270057397
1389652190
3402662589
1424029538
483443009
934962619
3409845987
2836615967
593817814
1251962947
475862409
2796950072
436850194
1673723341
2859128603
1391958840
541967844
1367853685
408738224
1390357890
99736212
520826737
3382497941
2288659078
3274240615
175096987
22771023
2994242356
1472564443
1620754188
3356511652
2213625072
96512818
17040703
140627561
49034649
3222428064
14982297
2200366650
2152572284
1591659120
3191192553
3297934225
20381809
3387962991
164269535
3290540634
3281671453
1268504352
2787897519
2460156105
3234246488
403647191
3071129331
45427998
3388840078
3375575409
2614755856
2822855306
235333725
2495987256
418933663
735316014
2971614939
2484468631
391225628
3369658847
325216983
2401392841
483817837
89930300
2772505510
1089084883
2196691137
430054066
81637419
585604003
21180760
3323385291
128172483
2784129125
2899019651
315711419
659833
40205144
548616993
499128183
1489840141
3372399407
2427827258
2175434521
3323281697
534378430
500034455
192654896
2350715270
2576746824
2357882367
773429779
1535742337
230404050
150592698
398334731
48903
547936685
3049512329
476928206
97759921
447896469
84582258
17114156
445372708
2506787419
382143099
3339480555
582882232
418221161
85535913
55958514
203218931
77915270
3086432507
3130653400
3127419046
2533411620
383647860
3045015418
525465568
3232813016
54840983
1644810480
1887891366
43520014
2925829623
32745985
1696879861
60104479
124169976
497878291
19684967
48951096
466817302
3258604152
104963334
227906285
38173719
9568772
3350609842
50609638
159628820
126717954
476811892
3226276925
154438667
221520849
471183778
800803070
3238887111
1651303855
161953688
292997967
2953308267
47453985
1541637433
21035189
314718182
143569528
574630639
624842502
88537089
402978532
130114950
434280624
24357179
2441457866
1202208524
3265867314
17948183
400301199
3352256429
259711992
2867379953
102960609
330232761
1193780617
915268783
2323522921
285829619
2995813881
26716444
140361235
467872213
18447907
228662984
2860884358
967843051
3034739302
322315477
420572195
14619119
2754743080
316789576
3304758687
383886066
15269559
227280332
313510104
20703161
247417411
3300685313
319536660
332925087
142058989
735075972
3335914803
1915537909
493947848
3103929401
51599333
2257560786
413449106
62648354
351555225
366109520
165459176
3188172256
1323238886
30858986
1422934604
43891997
28024497
2894987766
370933371
1204085491
76993549
3176280514
66712026
2574449681
355110852
487700082
1909315352
1348706364
1011603156
2341272574
1016012244
19178402
20976778
3033421592
2167432183
1069263193
885303356
435737042
172170794
3339358841
1012818918
141975784
799429
3163036760
401889371
47398478
130177319
108985077
2592781686
716433426
49022982
17106356
2993404168
48182327
1878859554
551278740
636974710
1079656176
38875713
224800666
18474984
1662135588
3156656619
1336551811
167755188
1289799457
265527669
898297518
293394867
572545596
319074916
1161727848
86056816
3046268403
335836294
330204641
3221799262
97526686
3144811535
2474642846
47111748
295807120
90239295
347371355
141679865
1668915986
98157423
389919115
169569452
3190388565
18050553
83338531
596753130
2979445191
3305932745
353054877
204544515
286734047
68973982
2902916320
2190968310
77491117
1514398681
953377416
1267510255
46947408
20192374
3318734877
347627692
28719383
15836294
237064482
1256722561
366639534
14435430
3027750446
17758165
353024519
705723889
3127626155
1871381000
421097800
372846595
2879901712
2501385609
557643157
25941258
29220492
1971216314
199601800
2359894718
1231899811
169237321
589118205
255754612
244703035
33457009
458693472
2185149052
274783228
23185674
626539463
35537436
3302170846
43203621
462507663
531559426
441615949
2472634306
3053854787
36025970
3302547730
1513585502
139681650
488748894
927290354
989192558
626633431
45112595
2466650316
390209335
1475611711
45861942
3019658033
302813080
450395084
1179383574
3117930209
255938834
158044902
2434029906
836504312
719986561
564038352
1380012342
1254440240
2921143773
228540865
394286361
105596307
1665191936
12578232
2172871278
225982309
15845195
462829190
327284200
1250267900
1400697205
281589207
1053898310
2776059768
1548055507
1241653736
507951604
989645683
2895033159
2884126876
1459429184
2886701542
19540046
19234768
1429666615
3171851216
373984238
3199316340
3065979364
15978689
438698530
3227029258
251407688
1231603440
1026776906
27301750
419181815
2906549219
1194351584
228891287
80118756
158288741
1295919073
2967971350
2859316269
464051907
1191081025
2567292679
1472626039
1901880992
721275402
2147530764
15672597
585968039
57358236
126707222
573535657
39385549
1506582308
43790036
36336319
972884324
1949955391
128494736
327525059
47128008
297070783
68574221
595517608
2371161075
197153183
1723568078
2354603203
17546069
106555606
35705550
1192529803
1954450338
332969934
447370939
142756718
280100905
393684881
71587964
1405684134
964106040
1642612118
15887971
17230773
78850272
1270676094
25256994
17836555
2267288613
262783345
1364638278
2801448776
260826957
39488038
1227627204
54697129
381221179
17499355
29164255
3130482292
3030296502
3067527080
558430313
479810905
2745614321
476970471
377837520
1090121246
19389957
615008324
3085250624
369359536
2181109997
314491934
2980790775
354534546
3073087855
22915897
2386237696
252516769
188736341
2835640580
2853314783
634732459
1140717475
2845253806
540740277
402866116
228533434
219622549
1437257072
288912529
70353394
2606916852
1200946747
1238578664
2870542521
2305781951
741682596
3031919095
428590972
346161795
29785164
714081957
801361825
586675940
1883265108
1683545012
238183373
2931505537
19811190
2188625547
2317829040
2896442764
1103935272
2820032794
109586093
332189656
70637082
46215068
2748749502
237356677
3008664592
3044611203
46881774
1288551560
191172623
317278377
631443322
25356862
283887007
386437141
311085868
2723987679
144572972
2292187114
3028414114
264841260
55615092
2332071545
2479381757
1283518398
471861538
389453020
56326516
498231055
553663442
111334623
132810751
541077886
2980510013
3001310787
2763500612
1858048118
368330229
3004511588
1628313637
86833738
507346430
46141424
256924475
2303836510
2874756463
1509987398
234720176
2999370328
366742478
2996004077
463262805
2339316667
845500196
726754674
1028558935
408681712
278590030
864323299
1092025800
394024705
14183430
16774753
489909029
73760208
51759517
600483745
551303014
608600612
1400701532
183566778
112386378
1370084306
129449760
26094383
2808579861
1259823822
1205378384
43509869
2641817819
463226458
362119316
2161816561
1314542995
89790813
2383991893
966782138
315120374
353678923
415884541
2944385888
1886063070
2805865987
1274855814
99794792
52387663
2762807757
401558349
2360989049
1896950144
94393785
14414217
574841028
248209343
1606472382
276174602
346043124
124258969
2751185302
808690722
2861078337
2851614722
2892900474
400708751
378131364
2780722525
230320772
101002059
2285419243
91585950
386127839
299875468
2314008111
929752189
61081513
2875485406
1265196404
13107212
2638831570
909918126
43016828
34638361
269844257
1340537671
1480144549
619227494
64233147
557621935
82755517
480458893
387250895
327484803
82164810
118680576
2315369256
43432587
2208660420
396103010
503135180
52458836
998138210
496533982
583684134
147734114
1857099379
622237378
89124026
416386667
1331732960
45197867
392468352
407726930
483057175
434988195
110331791
200213979
1376840120
1553529312
104960470
1902963848
589418956
254555500
488414769
114229839
2612281644
361924087
337708461
2615189400
925569967
2761804163
1037972209
52089811
920781042
2192357299
444623589
504906364
2772892872
163999582
50246502
2166993346
712744024
1658012335
77149370
1334904372
1094831563
1075851336
2223998076
529639414
593635853
283636579
252531934
716321062
125176040
238064007
37323603
525568809
1065330750
353679149
247687552
256134375
86936133
206827386
53195583
2209268871
47283513
508760710
227818863
2229049953
40353863
46319448
308328105
2565170420
1060230338
501837930
1932590653
79231168
594414523
119925967
406580561
985259430
1116901447
2183539547
138706772
2556562618
45394510
93077846
2280481117
2542552515
2389497787
425039950
585891682
1337977489
1755607734
120412446
1151069858
2459846702
953901380
1026589182
1154847312
82946391
165874693
1914625608
470511664
479322001
1720220132
391379955
589022848
2273145505
201604345
64025076
585521952
549026696
556770331
575835078
1137391297
69569643
97281454
22044386
1131738577
1024238887
