781862788926935041
3013538636
2991117904
787131113785421824
817526534
775459537629376512
720643986122219520
737042858830659584
728522449151795200
752610912981225472
1085824970
786994551781265408
3815469376
786319875044237312
2395246562
771035650913136640
1072900292
2867635851
736316070219382784
4340964256
992107464
754046544
781739551266078720
714578221098872832
764587388295405568
2883701635
739930081473245184
786211582388740096
725082179785596929
712798150235439105
4343460389
4179511109
3289337674
439222521
797543486
773634769557028864
3403628495
2982045287
1703245255
237115105
3452586196
741073062360186880
3570630555
752992718465462272
717319049458401281
1011122676
785520844848128004
2721721756
779873176243372033
3448841429
765726257581527040
783836057716523010
4364633542
4536939317
707779977698263040
739142649232396288
3346019171
2319296426
779866836284366849
786264339640520704
786216381985517568
785952730682626048
775124126134513664
748226397039136768
786232922948919296
3569310015
359063954
2984255986
784142657459261441
4789478368
3041704943
3054607925
3989499983
713963801528438784
783793844726947842
3385042144
785319755544690688
98507672
3215158785
775503991245512704
2583126338
785965211291385857
785955219364573186
3242126038
2305288819
722177764472827905
4107116241
3390120653
4857420898
3436117589
758464986821820416
726471405538283520
3403623706
716024620063789056
1908516452
745444147725643777
1136643894
356466990
754131693544570880
710474380535582720
2521548752
754189660788760576
762682102123028480
732321378087645188
4836277407
2563615845
1184148048
1190325871
90903684
774094853898547200
2874355403
761942866029535232
196619548
2477401934
758230744674213888
2222371070
2287229323
2998733836
4858502369
1107558854
4870682805
757706318140600325
2290184664
782968780414717952
785118588516597760
772421155512786944
2942225583
2683826243
3319843977
785112495103016963
4285357582
741756321352036352
4129698562
1321411172
4558947503
783148239197466624
97155985
2994829943
2951181513
749795722841710592
3201605926
4130181556
776842386588794880
2494474951
3495708917
3127576768
778740623692079104
701807327356309505
2765465529
2438850224
1371931236
2400509905
2696098243
770105810504613888
292528089
3310658099
4321149089
4019049735
1225625131
955638204
4262365798
777713484662448128
1505765924
4828117265
3699033735
4830564322
765610508003205120
784152344892235776
857045749
1253404820
4056304755
502087501
698176998968070146
782679358414524416
3337748273
469532962
713761510363951104
714206140603752448
736364669456252929
754366272687734785
3251634503
2770288221
1941902256
755828804438921217
3389494065
2809812402
723104420720979968
4710595707
1223113338
4509806837
2968692537
3342902787
1618087927
4366670962
2461725529
4279148661
3157736429
767819780250370049
1550909215
385123406
759194659562352640
4823109461
3181946464
2259343874
3101798793
2423105075
163471470
3312110369
731242957056135168
705092112522543104
4463336375
765433467974725632
2416057164
2717331763
721068267138392067
2211800292
784616898
720289782522208256
782632174503600129
2598847878
763672678830137346
756699155054129158
767843303849091072
1586145079
3077245305
716079791942856704
923854560
4729542237
781538549237682176
2868237875
4704848778
756683131382558720
768060110174289920
783077749644722176
780618738907262976
2903029511
4548802637
3000055925
3240307960
751544930586288129
782460045950849024
781242397506363392
734556077354831872
783420207511601152
4122518129
1643519220
782342361066143744
199868655
729483351397142528
4366545496
733075440487784449
2780358304
782400780640915456
776304889232232448
782633632854749184
731881365709426689
782302413084557312
773671783140585472
782297437172068352
695240366962958336
2149238282
3047987041
971741624
2555922577
1969501567
423655850
3290458649
1633339416
1891340161
723961639750512642
763891502162599937
727249194
717866068048486400
741734447263961088
782650126468644864
713010392063164416
2517096910
2571425416
756153560367190023
767015646936858624
3160463517
2239556539
749390342206713856
2943114725
2537404812
2440516854
702179871775178752
776256230826319872
2932158309
707196264488824832
887464729
230563743
2458691207
707190801202286593
2505994406
2239971948
2153823678
761412246790549505
706210710875930624
761225963309035520
703224641758883840
2735465957
726753592602955776
780455545237073920
780072012886773760
782249284263489536
42148075
782011676723912704
3578302336
780916559753641984
554412928
780134014317367300
2719297499
729504704988860417
1455748519
4629335115
749447240637374464
728268440696463360
2992399263
326665891
3871395501
3086177339
774660293934870528
3019765143
774271681183580160
774891396591476736
2387983892
715294217174650882
746396147330256896
3340408503
2607989484
2665166817
2256037052
747898816033095681
3384814169
1316119352
4048642673
3396532690
2336615222
716324870641041408
775230201420718084
4843036473
3988350149
1349094109
218575515
779496099367227392
762620958456840192
3078871189
4860802195
4493805802
3173500263
2216003015
456147820
779062718775132160
779090761153384448
2293574521
726890042770219009
722875404520796161
2645931128
399691857
4252840163
4834567065
739911294531305472
3948376103
778777525992431617
712263121390403584
4160690775
3246524111
607379708
196413500
732634822359822337
739099067406487552
3218809009
3289450199
3335601659
714926004968534019
778752294657593344
77329235
767501175482638338
2535663025
531788822
3109204300
3304048617
3358975241
2360267479
743160540986548224
293782813
2352247982
1439611134
754168321134690304
3152781255
3137607376
3984439641
4366093101
717201164614385664
4885694860
778431150037405696
634999458
759457137399652352
386022923
1630955352
1128274820
928085281
4826876067
734444555475558400
758654867569270784
765294384225083392
2750309444
775754488758018051
770707650996801536
3308747884
4212117214
1861359884
706880894250909697
1511975370
4365624076
1848930296
742185402921029632
761275404699271170
3762428729
4855588803
718171653189017600
1419544022
59316029
4833231881
772443056272441349
3135650051
2715149657
713153188837371904
747559359140462592
760564133704167424
68500294
179472778
764834537402687492
330255947
4896224919
3326006650
2745341929
348013143
777940164450611200
359564020
722566551602360322
1614130134
1892469038
4356045317
758355974675660800
271089100
2484674204
3422938247
704402285691015168
719606128829669376
486563125
2151853825
3027180015
4136411133
2930433909
711677544785965056
2990556737
2257522648
2941096929
4816270293
732363745666707456
2420996131
285251952
718584564206186496
1722480703
3047928238
379832637
488588016
1286598079
3840443855
286761174
394402241
2353492035
2828552193
759484630336696320
2863020821
3066018483
881063424
741398529516679169
1706055098
2362010578
222951932
3930043264
189647912
701144235580530688
755079019108982784
2339409153
3432105591
1074490094
561411417
4643148629
1265755633
710876403944853504
324107347
3407845527
1043428874
323171425
4258480733
2750574216
3037985385
777286229104717824
1493681239
716790727238369284
2255574492
3181371809
2985874744
776507212361588736
2873974311
702959849802432512
1131067885
757654055728668672
2987502267
4605427157
760546768610324485
702916005786488832
1687340082
1830342228
777271650664452100
761236797754048513
3930758877
1623843974
2628011059
776784964633366528
3029150686
3296840771
704077229697966080
4923511336
698917315606351873
708680065769463810
923591035
766620913
2746590184
2521145920
760016642
1169609582
3383734461
400835440
3373852881
2776260730
1898322888
4376867057
772616872390955009
477112268
494290032
763924296905347074
121125227
2981668847
761025055467769856
713712274398175232
1070984238
747791443452899328
43119782
3133007983
734565614442971137
2979100090
2829833943
1629297769
1370620562
2811068003
3010470286
353283764
4740587313
765039120171331584
4212730517
4005624269
3697386976
2227351159
3634618455
2411386314
4114498456
750757413423382528
2961164025
774742963918364672
3018941920
428213118
3196636732
611290095
747172533439504384
3249180993
3043359982
422576603
772274177063739392
3522369977
768475167207067648
1548536844
1697657965
3271347780
4498230081
2752537618
3697039462
2334715049
2558117041
78642060
2987526922
449825370
2746884477
1377513254
1643194700
570499370
708596917165531137
710487339722776576
775137303522078720
3714965482
769560011055984641
2225065303
775447057196781568
741643881981284353
770045610334556160
3428822801
4409189494
731123490003259392
714822868870234112
2959489563
3418520295
769664588380049408
3666649414
774671935796109313
774643280596307968
3110865417
774435638590537728
717739178893684737
774585610384408576
1705307407
721937992353505284
774257995299622912
2344276735
3247057079
772481560637542400
772162002965917696
2977945437
2633622307
3399477219
763784486119170048
2857183213
773914961538060289
701383157011058688
2444391475
4850250401
4893133702
1259815926
460267471
77323549
1678786722
773511523071295490
4076146222
4197894699
3439473365
162117457
2966925471
4158783400
2211139047
185446560
754079952807530496
713087730272628740
168855750
3503699955
4878501425
773368242916171776
4898155084
3662636958
1674146010
3006655389
868989950
1631838080
4923981491
1115614704
1239507349
1277501480
705451619157200896
2830615851
751160164347211776
387168288
762386403888070660
3167416565
1428137370
2875680761
761985830130970624
3301062394
705873567305613312
2619395863
2551145831
229953888
756879018981519360
173433112
583954800
3431653077
768476826578644992
2250924598
3325797753
723742994319446016
697175997955903488
742409641544548353
731521700270120960
751954764288692228
3431798507
773186389248765952
773163165819478016
3080334699
4873171115
3998316814
339061397
135548082
1643420071
3776757442
3832487080
518710047
4830336857
714828549564284929
772277142793101312
425381498
769662928161234945
771776546151497728
3301025751
746764210630234113
4907396805
3956936537
4478100015
1678850192
3050906505
3249039251
1974561404
3224503439
327499326
3361247679
765420809825480704
1202596950
1961674350
2755722546
1621169598
3645829816
741642852137107456
551997977
1272908552
1309252885
737363590995402752
715923011128467456
735548389862068224
2926118249
3932671985
586501052
3885342617
771350970039201792
749369070345150464
770276808679944192
769908016699338752
4768473701
3378177761
2969068690
739495555747942400
3335954663
2596705458
1538854008
1418600754
2350530841
161779555
288992208
798466453
318661506
3755580867
3804132448
506260171
252408308
3379744721
3203659888
1099523366
369779265
4527586529
517238337
2805049066
1609361749
706560174169972736
4091510487
880614072
2851434473
4205104041
1928669689
731490445004550144
751252922114174976
4668848248
4553761103
705432590019371008
4518675700
2875412784
730874382311116804
3081569118
4864635369
4864470215
723545365576835072
1592251585
3348005099
3337220692
4189250181
616640123
765476870041264128
373763877
3792668536
3418866141
1319155694
2264703228
755203234327883776
2721890870
769266785577304065
768551455318048768
558043645
840945272
3364488191
285173622
2764841165
3345787173
2745917865
3362700988
4787491966
528801439
709766864
3054279168
2194444542
342956306
761422701470818304
755868695734394880
767472093692919808
3406564007
1961065152
179972711
86983772
731133722729283584
545527240
2881977268
432830704
735922946208899076
2918200172
702471630585532416
4846710922
2252367436
767001531069661184
4394571617
2216804842
2701891388
2764343945
3361552985
621352173
3071877198
1293482796
524430365
766792208213282816
2681439410
3485161155
1075322286
1432286744
377336111
705088440849862656
2167263259
715202586022948866
493481978
4750233737
396381235
1617714758
3443035757
4498258229
1443961898
2493708600
3395893953
723238560019656708
579862805
3377819572
1146176154
766375400729632768
1468665710
3119218300
133385481
3987170649
2581010317
4766501477
2703736686
764200362156888064
704112731323027456
736216606280458240
500984784
572214218
420489757
4485266565
42311715
2414195365
702760534609944576
754077974064984064
2859821231
738898055764836353
155035102
751210300234489856
3408089579
2621408956
1518258992
4829926583
4872420478
3288610547
1142686921
744578811828764672
987844669
747600597382205440
2634924183
731313723122585600
487652778
764486254201282560
3220692126
764178850880352258
1143135164
763768389936480256
842800152
211844066
718777406279000064
727897240317071360
4573462103
1080292514
4632621982
1602154903
2722480123
629787001
3018691426
763786950935445504
748581272981745666
2547109320
286687707
3939838336
744302847634857984
1455384367
3012639093
2689184849
133902172
1322552444
4118857126
4437866848
2882055317
3045195741
707317182355660801
723208895599153152
716553862157635584
2788310345
1969554590
4189003840
722532644047687680
3865468227
4647148173
2674931245
264991585
337202102
2359723786
4558411407
2241721554
1049009048
2266787581
3004942642
3013383358
536965491
703703389171949568
866217355
4596990502
1673799397
753762708210802692
2539145693
4867748385
2533814995
1691893086
759852355592462336
761023635364524032
759621517747621888
3020556911
3808716022
2397421019
2638478400
325104701
746831274753560576
126752291
1601726010
3264623093
3306203500
171249783
3314275361
2940943959
2750856424
924359060
2448131012
229242380
2885646100
3397781879
738619889871511552
2484518827
737468814112239616
2909825009
736625958325780486
4769484255
2784460560
370895989
2767932748
1364834923
494387015
159542870
2382787363
1835202859
3301736825
279217864
742487817855598592
3932882963
309246711
836731988
328239147
818451925
2999754883
746431270264016896
4860323142
2834945374
738468683895451648
2534374057
2999647141
3130816127
754116092763799556
4388423129
731615458655383553
762401861353832448
762454248390918144
332597375
2542528030
762027566379241473
769013876
709565808645693440
761751732288446464
126408140
761729535163437057
2293699424
760524947068428291
964522465
704774975748706304
3528879377
572135947
4415959714
4647276573
735859800752394240
4376001627
2476240178
754139150253776897
722881586698399744
2589817287
345927104
761225022585307136
754859875465854979
757379534467506176
721003293602902016
2821955380
2467899567
740384583577899008
4439532694
711717328208207874
3433273763
4546250001
205957912
757946069988892672
756594028045537280
2759964285
749293797805330433
4882576083
757257548718284801
3422530563
4807315402
753302392322392064
3388268999
739224509601992705
3409209437
733853397800095745
750985909848436736
755081743456169985
2253791712
3861702275
4396231462
915612823
755519047773646849
4575275956
754677926046605312
754465039680049152
754027198265294852
3116410245
485776491
754160127612166144
3247128578
754015716496596992
753676552517345280
1418323254
701119263923421187
3374272715
1435407714
719552601247916034
3904005556
400907383
2730830967
752520007280693249
752492610485452800
1279612128
4870543637
3311190952
4790169742
3035084844
750561413509382145
703665370356383746
4653763161
4042291541
750772136646701056
3012996135
749348150926716928
750772082754084865
2919697575
750758588843433984
736617891496374273
725868791742251011
720303060044668928
750174734994866176
2980219505
3323002277
1580758662
747920430980341760
2724497833
352160899
4903603774
744238344184401920
1120017908
745762278599954432
2863650589
318132514
3219248615
2768656849
2175031910
2230473498
2865786213
2961209951
3494695755
1242746065
3734593635
3344617007
1247383884
744750947239346176
2779576369
146531623
744568604981665792
737672497290694656
229698910
4484522777
4040050510
1715782226
744143718530293760
2218374972
459243025
700005787998011392
3958865892
743158694196682752
736713891368034304
742038007713280000
742555864914120704
4833702250
1491402133
701406305861419008
735998419676889088
708128922693726209
4408778057
1255918285
710463238559932424
741719892265684996
2616899734
3774806013
828441991
733907231628918784
732292815972122626
2744814904
740343701734494208
740515283861950464
3330815146
3198741625
4538236462
351992596
2181394877
3355820194
715250322415960064
2476135368
3507260114
3081092858
714523344524165120
3430335077
701175051073298432
2792961779
4483720109
736678802554753026
719394019810394112
466543819
736211370501345280
220130683
3400682615
707701122564231168
1522340587
4624635401
3361755597
1447181869
701108969788612608
601962245
312956349
3349929975
578437875
706429904989122560
737638250353827840
2334694812
3297368188
4537913193
2736474897
1275050178
2849547613
3294157139
731878046794448896
728190893157658626
2385405644
702262727075565569
386580863
2980316445
735232974531244033
733107771810385923
3197862092
3956575396
3384680957
3009881349
3017953287
105538252
726801809684176896
4592225314
3013392129
1099714368
737481804685414400
734540109467508736
2288708946
737342010592485376
737356289190318080
737141527726723072
736875003891716096
3041254798
4394675380
332375563
2236305078
2884835776
737057942290214913
281552556
321733751
3407077355
4353891975
736976660206125056
735873674511814656
3075941165
429985280
4121071475
2918145419
735213444
4312479622
736372071085805568
778556646
728720001226674177
2235603515
731461056112041984
731902320133476354
472085488
233971775
14663215
3221936727
2714567427
806755208
3986349603
302361723
621336007
3367828265
1699530908
727615107505782784
706440236704739328
3252894287
3838414757
3995724196
394276254
712803625882484736
736571426463977477
2429180658
733810110221451265
1057247424
732738035092164608
4419984675
715928505960243200
731863011615444992
3539284577
4920374620
735902817085468673
4078550644
2350461890
734371406956396545
726577126384779268
3311437085
2183166230
2841569005
732303079119437824
732437556567150592
735642575290400770
3255081461
735613274016886784
3042743709
733315318379085824
733318152768086016
734866553456459776
733010788617703426
735237022831501312
4710250919
734865766462455812
732708622459932672
4828080367
131846162
734825048331149313
714874769636720640
715930798172606464
1972042758
732739398274519040
733683027365273600
4659674601
3928584447
4275300507
726048940223815680
734423092446040065
165598076
2241132937
2917168267
3234306619
2584827498
3393260596
4068273987
197553230
733349165271535620
714896341579771904
733022823426449408
724345531678511104
713194384259461120
704660045703860224
3244673214
716732175333330944
704451086803968000
4460791822
4439674720
734206364969500672
4180868289
4885443035
732253312003768320
2554913804
712646292380454914
4867651043
733029917642895360
3902614575
732249181818105862
728031953446899712
1169769259
733852962729164800
734170098584453120
4561460247
734139411391217664
716795297905684481
733114131864150016
732265545362477056
734040335798706176
1365219738
2365940418
733774075076706304
2563599120
1193212706
702909473413799939
2243050471
733424380533964800
719728140831092736
3401024631
4541024369
2931120760
3454098676
2281348286
3304148386
3481608089
3982612222
2408940897
2979809483
3074995876
4819167251
714105456164257793
732334975207510016
730128508370993153
731480463517360128
725641218919698432
3400727896
714636823205715968
733476385994477569
722531022039085057
719731647869022208
3000411175
733115516253011968
713107785773424643
583184756
3284597558
720418754031554560
1216210201
733721535190597636
733685569713283072
719680327862587394
1857834444
2815264196
2686369562
3068596102
717507493140758532
4235343857
2595236117
4817938689
4184203096
1347143214
730926817016745989
709798633131134977
715929268254089218
733638543805939712
733460271176384512
249777598
2896659003
729861222842175488
2324901458
2742214703
733463927976132608
731177701139189762
733465104369340417
733448625636904960
733121143540994048
733449993378402304
732037357847887876
702592687938084864
2181211142
731976492608049152
709115409153302528
2348505745
733130807758475265
732737986035613697
1507035120
731624569551867904
730178887167119360
930765132
731961742373294080
733355466160492544
731505063798116355
730045207996141569
733393610721333249
4388329715
703676874367565824
732997604229959680
4847387746
4056052199
2239969229
732965922680496128
4084147994
732942739109752832
2289500760
2959311167
222945028
885493428
764404520
721392788038922240
873947580
4663853973
715927353944309761
733356679459442690
733361287284035588
4622274736
728037890408759296
732994681353711617
731175958049378304
732636850783956992
732906081731674112
711952620261384192
716664612230471680
4838280136
512492790
4558144223
3067981941
4898665787
728790017431195648
2163692401
227732127
2736669929
2867437106
1571806490
2831961185
726562485256466432
4320938356
700726123311841280
592210676
3690325577
958055054
2586303740
4627101021
4221209081
727948376340365314
2916537646
4726760715
4692386046
939256747
3293569849
2390171400
3083049845
719214443809390593
1846436462
1598916128
339957914
714824957218451458
1897461571
732604477983842305
322827837
1673647754
728655119437410304
2684603951
1608203474
1723366140
227000787
1890418015
1898189900
1640391240
723970156876193792
1897149216
412287509
209215780
1554728365
732332107704504320
440417395
732691267264602113
2307228182
392416580
10794032
1900552849
2587374105
1415657335
3404744637
721413111358623746
728345122325159936
98638197
3127188965
713547364443824128
1396956036
3881295208
725109550660108288
3299967405
4489438833
411718075
732622576653111296
3642777561
961555890
3921791187
2788312684
561587724
702616740979720192
2295174131
3107464511
728025269341138948
721067292885413888
3363890205
728580023486185472
2732226232
700701522867331072
3311419837
730984623954518016
732012540214050816
731958817748029444
729262924716462080
704716239801864192
716624255170048000
731852746815623169
731918952708882433
709021583575277569
3050050060
705684803463585793
731680236312645632
731863137532686336
2310504021
2787192989
4279886897
726143858019590144
731851554492428291
91552787
2798179439
2205803440
2258309690
731246981700562946
71425292
3402314218
713420570537422851
728359538936709120
729843124583997441
731309651288068096
731664799654916101
724235794886594561
3975725537
829547948
4637197456
1683914510
2591413616
4846733765
4481584457
705235996896587776
3413415419
2611781522
4816501125
4883685575
3279475651
2887815021
2891369751
2282802275
2713600468
775989330
713046797116121088
2917845533
1542251761
85836039
3091712451
730911512508936192
3111276341
729392829114486788
730873666704117761
2762636048
704047314940403713
4151151027
728255925052710912
574065680
1740268094
720719573004206081
730109876031082496
3007835621
3435552021
28798077
1110181345
239746578
224482190
2892535389
723132545202835457
3401934849
3743303955
729419875941265408
716720741941641219
797049762
717382634129793024
3019373678
2727636868
719209267467849728
427517384
2910924257
2411403189
1615813998
4068595875
50858699
2928818079
302803290
727715492648112129
2762836145
2899238579
2582503225
115633063
2518970132
3925405995
3689342477
729836214438776832
700757424307904512
4825002597
729388208182661120
729347275802193920
4850420536
3762474076
4795713637
723175165706772480
2764047994
3342241300
712624744344977408
728343499742031872
569460848
722308617043582976
4745570056
748249436
224399767
4824636081
2187225482
727685362991169536
3495940696
2247131304
3043826107
4739946615
702222221037719552
1736778212
3903748035
728557958586634240
2953868692
719342594992508928
713317677
715792099111792641
1140046784
2914036343
727649277032411136
2338773326
4821483190
4585697477
724639305663176704
1213339880
1452964506
724458820529999872
2172858852
724793477649829888
3026549355
697593587060641792
3317486567
485161891
722883578233806848
724297737127231488
3669050181
725745632103829505
2228453911
725457955060092930
725030432224501768
714583327748059136
713669493600477185
1609477338
4709454975
721155995611840512
714925881848889344
701447724558893058
3392344192
724393504160530432
724800976071307265
724384557127053312
4627586362
721150415006535685
3439262777
713548942038839297
4894808866
386719478
2735953814
908340560
2302085806
716705791
724710963178573824
2699239477
724678821929209861
2923641430
724640441329696768
720053080994263040
2943095681
1927162622
91176012
855331574
4657169909
2178749700
2914708804
724106509660086272
2569297899
724062189678673922
724035460167774208
722145340615434240
708036089559257088
3424441977
723664577242771457
703931366648446978
2983952842
2774140710
939718002
723538567050485763
3025736753
2214654734
1665124938
2188918687
278543442
3170118063
2974652993
3434481335
310402019
441309326
3373573468
4345589717
711252360841060352
723669318781771776
2497087123
2225960916
723538281103798272
723598314881486848
3147588147
723356726179700740
4886621867
2418068190
718614692579647488
2555628190
519861852
1310788567
4858570599
703022607709413376
713726619995750400
721416068695224320
1360497368
4790453897
3730378461
708373379867353088
722866471983058944
723204461498343424
484932802
4167625882
173605666
2571253099
3274724883
3319387800
4141590519
701793420214411268
704781983029837824
722926866605051904
4825659358
1267894711
720048377698906112
1591320956
1037615454
722487925888458752
714666493875789829
3419958749
284712938
2221943408
363038594
2680322975
3344360243
716406051621445632
416511804
3024345387
4222178063
4799331857
719992686753771520
151100032
424346245
620521500
285827132
3357401890
376283740
714140603358060544
3527077336
720351898381979648
715928843744374786
2590818091
1537493077
2611421454
3411297646
705227342
2542035198
2885439810
366811507
4817737907
713557563896422401
710585810379214849
720595345533771777
717675504304832512
4034934081
606522553
2493653228
2817107695
2392999542
4916008690
2590499143
4659244647
704712521404518401
3302647834
4069152677
721859947894546432
412579023
708797334612779008
720728317167542272
712625048591474688
1648897752
3406225229
3214310437
2927520784
2957565603
715722559866728448
720640508394106880
2923302837
4893806429
721548586350178305
721516391266971650
704702054749626368
706228836183232513
3339706773
1832155651
721378904141905921
721184562173321217
720183183568797696
706982538561130499
4825237601
718983236769222656
1021915814
721301606428516352
4862742417
3121848148
914584249
285321079
721100854032527360
721058797851189248
718808693358399488
1225518030
720923609754157057
720700273543483393
720649198509694978
4758642033
2464879616
720263142014455809
719191943000039424
716296470480175105
4824887189
712435785916686337
720379080642797568
3385383520
718180740815568896
487114771
716241238609895428
3635784321
715262971941941249
2750859713
718550760796065792
4828129051
719312126817476612
4143619577
715201254536810496
3211144005
1353173982
4830449459
715208433260175360
1216796816
3225140944
4292722343
2532295453
1561271233
117202778
2543237020
709190426213945345
2896369612
2600812069
718920428417392642
713975340683497472
4886609783
713292143163379712
713287704172044288
713278806262292481
705909361621733376
3237058289
2330991160
3625618161
3349302597
2435951658
422755982
1214525298
2762400285
1595108251
716951544
2718260296
716649550262484992
2710663663
715538306709127168
712416910978236417
3408954245
4764891028
2533339568
2667603150
718194418457546754
4824246935
4049764823
809968537
4804578270
717100743317188608
1623865411
711641369643773953
3308375535
302252639
4010887882
896322216
717514479559380992
2706979518
717243975560794112
3433120757
259649352
3083869603
3975347302
602998431
3388462149
716784238234836993
4584775520
1119386515
2704875928
4174080495
711699423449972736
4300175477
602849716
226440513
709244866123866112
703509252762161152
4836382619
2288528577
193090857
4705188733
716212292686360576
2785521516
712783583543320577
3289287791
714372596645560320
4049064417
716059065277874180
70267418
4092453016
715956638998511616
1143118586
3006755861
484455128
4909718608
4167212686
713627480062464000
715362997804208128
4040842775
705889457694703616
715250355840413697
715247511867416576
713087426403700740
1631035340
714850937139908608
1148644172
494410375
714962663403429888
4693074140
4832947153
510438045
714875737661128704
4706438172
111698159
711118617786650625
708736420643540992
4877951753
3203010659
713395674331660288
2832089621
4778290293
702963795543642112
3980883549
713539707104309248
713864516992417793
4864693667
3663286519
713566561961947136
3296187996
713527375871524864
713758361943220224
713474471944794112
3134153668
2923347119
3135335109
713532836289114112
4872967931
2572050343
713505859427508228
713441207444221952
713430278530809856
4047153263
3243795382
3080019693
4872876375
230805138
1641570931
1638992328
2970304869
1629059179
517832950
712311724884381696
701522960578961408
713208623497928705
711969494181220352
1316558880
701509374292971520
711532874974023681
704127265022541825
3371525765
712708177201115136
2888545059
2241601892
4572109223
3342121995
3070680339
4243445956
1644072036
711835272917491712
4860681272
4835781381
4364072776
711961060455137280
3434162459
711886601475989505
3332823861
2834582197
711668674646638592
3349615629
711005220315258880
711151169020760065
2790106864
3304248297
497315661
4864367309
701510993021693953
71038091
2889663953
709348033247379457
1632550860
4828574595
710968297097990144
710656514306998272
2480177320
2897369369
4777841115
710799988050280448
707366978999209984
709021838668656640
3680175387
4725390013
4696500192
485942137
1149488875
2542142041
4718997849
2379248138
3327503756
4873869467
1125837973
309722145
220847563
706502562002763776
709874706661445635
3509725572
1602547400
2698894555
3077345103
3914092816
3315284442
2952326026
425116010
2723739483
3411308879
2762069715
4494840627
274932621
801013514
3351823503
1852123650
709416671342149632
3003470379
4833439288
709606196433391616
3066439876
2842257333
709546035811635202
4919072385
4247971344
2720185270
2910520516
709284608865673216
967976886
608304750
2699462461
788695922
3668219602
1653456276
705094696431910912
2225721800
4666851424
564901959
708583279566389248
709039343705464833
3665828955
706170766325321728
219351697
2859228867
708783907584524292
4907200948
4888869861
2417956038
533391344
254569337
3381012029
4857886696
708457488081784832
394191743
1312334168
2225107788
3295525074
3331936228
4063924071
3286435142
4519813515
3283944768
4769605757
4635532955
3224983179
708051069432143872
708024811298099200
602288602
3359665114
3438242428
707346922084941825
4833325745
3302174043
703775069248622592
3228640391
2863184780
3317649941
2790462431
3740445612
701878628552986625
4863870791
706526967223459840
2846675525
319499865
3121275063
3903590242
1911895399
4613933517
4886152461
3020906177
4078186966
611347889
3325554069
2236541260
330561602
705589415939145729
705583282549817344
4795129014
4384394187
2377503186
4693414615
4893141483
4537700722
2919851067
703589648464003073
4709867363
701519780382171136
702289108387958784
1373581460
3130807096
701796880112549889
3364501253
704419532115472384
4245472347
910661995
701856451883618305
4925022394
1549802857
4820884401
702825913877176320
3280190170
253742150
2937227680
4901412766
4828620844
3288510115
703764995138560001
703756726869352448
3371221913
4904585373
4041201881
136956091
703330269059813376
703224248425431041
879038804
701474040784011264
430820710
2996129615
4634686995
127844691
2930082159
3304848669
4928476905
2258000058
3290709977
699033460162301952
2996138987
216549542
2879172063
2677948916
4851063581
702688035150962688
3361725394
701432184071135232
152897361
2880844131
702567710627131392
90678800
2954041171
2246046722
2740358146
269545332
4243743935
491575972
3302147919
702333124047298560
4179556293
1058584994
2973975118
702202216497725440
2788873504
723501012
2863354372
3120429417
4839440825
4702301725
3293043876
2566083968
1485801396
3401862425
3355684012
2228998398
49537953
701940256694734848
950613444
3121249353
225747627
3379902017
2838301607
3087598678
4910263247
379424219
701728205384843265
3295932316
4922593275
1584071778
3472499243
3439997657
3472765403
3437215175
2558876662
4919961646
3410802580
4923754713
4767899495
3293294577
3119540085
3647242935
472149046
4735612935
701170014901161984
4871709612
594686579
3308232527
270677119
2208113402
699437550860161024
4700489809
701223657566298112
4320981935
97763986
3037613320
207050355
3495714155
2858498048
1326497532
4860388424
4506387933
4921057707
153289194
1537131810
4896141297
77733517
3463830315
4847548378
2869702355
2484493044
3291548450
701196563188736002
4807238232
3310375900
3438806465
4822176371
3090004978
3707765899
3137742710
2962403637
4518017369
4050160697
312875487
3631526549
2494598081
700818049922797568
632248192
2840625087
328048462
2234694470
3459422909
2192517513
4920022389
2827922406
700638388529967106
4222086329
4573762761
4925737377
4847603656
3407923102
2492241626
4840422281
4164685053
84321476
4315746736
2286161232
467042129
315612740
4880025922
4923822970
2560596715
2893716562
2888492019
2190847920
4915447829
1287600192
4896536495
4886570063
4921490679
4421057355
1051811923
1317005197
205294094
2994152975
3047463723
4919820412
2772292421
4874671623
192968576
1558537687
295979795
4726239928
350392682
4483837913
3473818636
3419165836
3234548140
2957440420
254684169
2540311226
4903036607
321489486
2871721741
3025532434
710010625
4872742900
3405115247
501971210
62615894
4904876637
4898482514
4872390641
4112560049
422458175
4906361031
4899948808
4191504201
2409699320
2580412842
4889458324
4896499906
4759344857
4901346255
4904893793
1546562906
4904571855
2924769158
3592676115
4875168508
4903179111
3056193095
190006879
460295516
4865968797
2836899655
3323802387
4886791149
2939795373
3020026437
437712622
845937403
3658730392
2907813659
4474718073
4831368346
4865278684
3127841095
2505579968
1254847050
3033510791
4899928457
2322610447
449043253
4828223449
4900193537
4894989209
406787176
307593705
4649597417
3090485488
323894224
1710119388
2971317004
4649436195
1875700093
3559205782
4198493763
2456955247
3431675775
4514358886
3138139575
4893792418
368746058
350424316
3313926454
3722698162
442378684
4012253080
896243006
100788146
4041889941
362756190
321389242
2614753574
399771015
3192561850
3344515133
4896134134
2976615281
45434539
4835277376
4011527716
3020291104
4898762488
2263699687
3891929415
697414649042640896
697564864219389952
4881074295
4892481065
2972467840
620414335
193826447
4893887699
4888673600
28659281
1942657069
71579757
169236507
4855203741
1620765956
2493071519
4895335341
697534329770143744
4475973315
701861767
697495277050015744
2922117832
537457429
4872017603
3409348251
2475580196
4729004008
3400174851
1902174804
4893469047
2977447851
4886570962
4893305219
4320681856
1646457709
4891576192
4892618073
4862606201
1024900543
3765475215
4055550622
3228254334
3494681653
2956431629
4867496241
3104279619
2834221130
219020656
3239824702
4344813257
973526522
4876601074
4851338152
1706666298
4879251935
2590785131
208745581
2450797572
1921104882
550582442
4804217802
3027384888
4889435740
2992454583
3303211835
4889264637
3345373497
593364579
3981467240
161276066
3040786026
556436416
2936210233
2723171460
4851012833
3958029972
2997177270
3076502971
3436059604
4285046958
2833026068
3748758914
3092794386
4023509413
723198175
396226821
1489703012
2990676757
3295973424
4295009721
4886028964
4547057783
1701789024
2431276051
3246988131
3102084274
3247081384
2634859117
2417929478
2997283178
3957428955
2396424968
4833001077
2873123470
4886716959
623584562
4660903762
582352792
2244837327
4885738601
281402123
4886496664
4882045539
60804437
4886387885
175573447
4867135798
4460539821
4421057195
4460798057
4460142569
4438084463
4372041737
4394810417
4439113101
4561887740
4444749434
4460430927
4367374217
4460882505
4361792601
4060042042
4385138188
4362222016
4448959882
4561761732
4083971602
3922275375
4447620508
4561726585
4421452828
4420763728
4179343450
4363710436
4445046014
4364678416
4219581202
4439435303
4447636715
4394650600
4203662285
4515745757
4886142357
2984795215
4876532812
3174727979
3495021377
4884623434
4866520203
4883445521
3890880453
4823212235
360971530
4835516224
134841782
4847394982
3524715023
2883137116
1105256444
335001553
2534428295
1349821920
2276746272
2559402127
4840322865
1628204875
4422189754
454064601
3217010006
329243782
3344368613
4861793802
3035671066
83853687
2981498674
4594639639
2976735179
3295385528
592328803
3413949073
4728649883
4693177458
2434483130
2385696608
445420041
4782217810
4718522062
79527175
2637167823
3105348515
387887562
4092228514
521818392
2959418938
2994100123
473056507
493552991
3292171786
1493039682
987494424
4828075613
4065121456
2608054400
2600947266
4571000895
2243318617
4758460398
2730009803
325541762
316782995
3596850912
4882944664
34411758
893366610
3434266473
4580734049
2902945635
2525880276
184036366
2185040797
2985981568
3506025915
2678681862
135319945
4876557478
4599247463
2932678178
3171794081
4875579712
4882051227
3298434437
282789510
308566976
2356733022
135632409
4203397636
3006236037
1201819550
4345879180
3045123443
4462942217
436840774
2750044592
3137013407
2326305058
2257889272
4879270834
4877347510
3222657005
3344122281
2419530452
1864409503
321361670
4878490600
2571480416
403828161
1465667005
4877980924
4850139119
3021651275
2844308621
864454296
2610245553
4829999391
2968866791
136928574
3129733475
3408285022
2961073270
4483077993
4691974459
1692567109
238409479
2710147706
116550365
4749845421
2907253966
3126370948
367441170
242333998
3494979735
176497505
1570653133
4332868702
4458362921
4127045601
3305288800
2416061594
297083826
4868128023
1104355070
694885482174529536
1176838136
3298628711
2277906978
3002846704
4854540923
4373011701
864964470
2285823725
80055070
3264247120
327598541
1113476060
59009527
450160558
2868285711
4861436058
4633335022
3003462161
2161402496
295449708
2906734902
3305067070
3056307897
800754223
376317513
162565287
197595393
4869551787
2402816584
425192184
1609056608
4137277156
3323049045
3145922669
2924720312
3322500323
3074688695
2734435163
4524473049
4828203483
4860430070
4482595576
4874128420
4843334763
4865602606
4837098760
4860607338
2151778352
3145523903
3091188443
625937339
4874818053
3930447862
4631929402
2416570378
3017673879
3010432259
2209185788
3047817450
59530151
3390085762
796293757
267412893
3107499370
4224296061
3494658022
284809520
355170978
461076798
394208593
93857992
3378051574
3434587841
826254800
4861530921
733545193
4842794081
4855846493
4573344435
468804582
4373004869
2407431206
342447141
3431999091
2777359624
2488508505
4870140003
2251929642
47164576
3177061625
928146888
1691165948
973889922
694946314077999104
72273419
3097923400
456728101
2364747914
2568158242
2761086036
1448209950
278092678
4837024061
2887258221
3386363261
1917255294
363922077
1576533229
3030202403
3123333615
4562540297
1262183269
4632339456
3975516136
274576008
1668366534
4776546857
372011849
337878347
4502787569
4853585373
48863905
4795598878
2516893082
981332107
64932841
3176977361
1319057258
3976131833
2873164905
4872968253
478119389
221251450
3258273225
3028573247
367219882
4862734545
4333245622
3321064839
3135317062
138910663
3829359449
4872748030
1594538197
71395892
50232883
4401227321
3190721325
4121930740
3322982553
361523229
3921001347
447465949
2205347496
2610966546
3436051330
2895339490
196415460
4828087952
1898543258
3293371767
2269608871
4397872535
3219636202
4843828839
3408916084
4858917003
3154443175
4776847233
634012875
2597068369
2579236470
890844914
3437057579
2932297462
2923288557
4452974273
624260700
3647153422
188109896
4866860121
4866529437
2704961038
4827437483
2687488582
3009479784
3712740375
4809873499
4825609144
4828208898
3558131843
1493460242
4835229255
3210107254
4057050209
4245894915
4442785936
3138061460
4821371806
4740473704
2698691941
221533057
3385012653
4833541551
2924510628
3712431256
574384394
3495499875
2831968880
3242396440
4291815635
4827057892
1451730332
1216954788
3392695871
2382461894
1887744714
2821189330
796611224
2864421112
3987684502
2207591345
770365460
4354463062
3038202479
4736994021
2677933236
4820189740
3524573654
4541286982
2537929319
3318399525
1028642582
1143081018
3094620151
4631644275
3363536619
3229027649
528739646
4779788821
1642582782
307119257
3303206490
371661752
187573903
4481650335
2865009720
976221624
2678095837
347390301
238611925
2867283677
2856892990
3258089362
746089142
470383072
4850054188
4846853218
4846810653
2893891353
4840325405
2976846239
4105174227
1151155166
2715164373
1545562802
63226813
1336605589
4836180315
4831373236
3749778262
3096955942
4835065330
303326136
3342709864
3238353269
2298581765
2901050157
1173760904
2900722749
147039803
4818320985
234591466
102826672
3407817377
3297527239
2696252017
2833261649
296814625
3372694930
3405117851
2686317140
4840792011
1268302579
378819511
3371829910
3258576155
2846037388
3125446853
2957828410
4840124615
2976621178
2493551136
2194405296
2962567110
1018621848
3436901669
1475141442
4829894092
311278296
184081329
592240847
4836118750
1121625632
3342716735
4837410574
4450772549
4837248659
4451257042
4833667553
4836761199
3010395917
4837245028
3037709021
2270656670
14619266
1923621890
4340384414
4465098929
4704955381
1634285527
2262684525
2497641325
4826508551
4825031121
1549114748
328214455
4645853475
3033187755
3125088201
2885053636
3028254952
2653845549
4398475761
4778266955
4579250860
4534244536
393747814
32493349
1387565982
2960988031
1583357504
4064529694
3099751101
3161441764
3032536906
4758130971
4813395743
3127697344
3402186297
3310162854
3337084692
1517825785
3302076894
3079417782
4767817366
3293546816
1132631258
4789058685
4778500937
3380635522
3106132823
979120381
437487910
4458919992
4779162154
4647254613
2360799827
2194458616
3226369971
4741537574
4520307678
3024083675
4745630247
4635527656
3379096420
2857056040
844626590
4730084542
3570211935
1261677744
233003196
478072755
4310306993
4639860809
4699567453
3540091160
3637136776
4578849442
3131941235
3296195512
100339934
3469171642
2750630721
3454496414
4231278868
4450682506
794610259
2651888838
3494518341
4645493253
4644687855
4626429556
3131563501
3435337989
3047810889
4630224148
4418475987
4629580216
4602149560
3818803647
4578850041
3433750066
3077859157
3681503775
2846731985
3436377130
4624358717
2897758461
360266331
3234262682
165840917
2970253617
2959340548
4560677482
429210169
394666219
508243581
2395139221
3233682228
2941787284
3289435558
4571287337
4578015268
2386994924
4562019389
4559021668
2655358194
611959284
234954291
4486588702
476297254
2305796830
4604808265
4141383028
2529552817
2892492567
3191303823
4259252873
1670491074
3234193980
1732420201
4538125763
3666198447
3078051074
4349183592
433486821
2642058023
197488336
4450069602
3875195661
3298751544
2242567033
2579697925
4020475456
3494570663
3026641396
3418923531
4579121486
3713473877
2757132879
3289969434
3028301547
2345087802
806709680
3329759439
2895367192
4234642174
3103650226
4218393081
3245397274
3374592262
2713451907
3373063360
3315943527
3065872345
2740758087
2749220656
1870256245
2177718042
776202390
4363567101
3023693501
4096662754
4190056401
3080015249
4397310613
4291483215
3786258674
2859431225
3231245771
528856990
3116501974
3309838119
3675132142
3926712805
4322466923
3080110581
3275092646
4261139427
3303390034
2731304013
2997016702
3310015917
2975040159
2878416569
2482536468
4149372794
4296317241
3062210300
3428718675
1854662959
4252292901
3084658558
4249043403
3010777852
1142651659
4062774502
2801003834
421235960
3430807996
4238424868
4229819181
566883115
3350659089
3882141742
2758986649
4204561617
3222838232
3440897362
4197551021
2934478139
4196330554
2994961228
3327642893
3733178056
4194287247
4216907900
3409115897
3307403921
3413235958
3072865037
411526397
323219591
3314721165
18548136
4160206289
3469451223
4157490022
4166219213
4164781533
950523984
275015947
119194752
3431996242
355705486
321711672
3045741737
3342853047
461567662
3398663079
3493419022
1921303608
458123349
960992666
4064007147
525350633
244767833
3407521787
2708618877
2464007106
3136743202
4148394057
3301913416
3637059743
495558653
