746208726726541313
3007911626
731859737982029830
734717998250889216
3018011371
130203383
2218363752
325247983
476981349
3131259341
203945295
716109050421751809
947691253
4924695866
2860898992
739087069096611840
758651863231332353
2218364912
761648701102170112
2810597077
3077439612
822071580
4472534236
269132172
2648135853
2868626972
261794114
762967978774233088
39236199
861110335
1214443057
3002036082
2291645455
737350158887718912
153905831
718846932899069953
1217284896
2753857988
97073640
263852695
57700707
760113173693276160
2200156148
170911774
2870907042
98023864
742573730296008706
4237246400
1262277042
724321861354422272
1890925297
713428183131881472
2888650387
736500701929439237
760712013656035329
727500078
702855713736007680
2291988946
4829060925
3414205697
754850680448376832
734490695864623104
23752159
709796783153684480
760221761610870784
332856550
709212189169680384
2577121877
1330749062
751055864442789888
735484318902947840
3156244639
758649851902951424
753022239025528832
759281779945734145
4659671729
31140005
3242323537
4264506560
113422725
755819437622714369
1651693646
758867136672436227
1086945558
2221415640
721858630098620416
741146196945821696
316558099
748262392744804352
1667660810
459296523
2269332198
106040268
723623372832149505
96127458
34323533
728306798
2889984573
712840199324061699
718847095902326785
714180017476014080
517867716
754849511583911937
736270844536737792
20635376
744956539035848705
473665311
3226858580
62673924
1114123848
4600850952
3126311427
3991067368
728606452806455297
715851501802020864
737469393324511232
2160107042
21783867
3193914116
721858203093311488
754342802184630273
75391683
2634986074
2535329866
459840015
2989128931
415032875
3416808783
713885549283643392
3157950899
849328400
1296601735
18773339
484179647
3090352089
1043248579
2583747290
704989766916427776
729435970995523584
2535350703
1910234222
3182296430
1167643807
710522281429176321
737367018920382464
717614469778698240
716180104435470336
714849993841106944
1584853105
2435452885
2356766924
745093631371968512
74549018
741010813490597889
3314676307
1095138180
748550456805330944
715765493307740162
703841261522780160
1584529778
750647606292803584
2178757614
2805253738
2707189592
744970868837748736
2571617929
3011814710
4789173215
748735164264558594
722697503691431938
378093848
1674083671
739870506598301697
2235607369
746085218751242242
739911337803812864
709223452906004480
747437266222518272
4891642817
3088784906
2443132378
738307405566619648
4902369293
744432296413913088
730669602640777220
26391721
1643843132
3195183930
2905839993
746086663437303808
745425610713923584
746840334878007296
4435111223
733309297149366274
2485980014
2603714365
741625428536791040
740482232704327681
732859347882127360
4165595776
286663419
2392640891
741437411796865025
740070827161309186
740068576921427969
295099107
731607410524180481
718366968592670722
744628335066619904
4786992320
702521084940161024
723588779236163585
21638088
744107927355568128
744459130816069632
744416237719949313
740794857929756672
736654053506220032
3182816687
4920383426
4891737304
741779186994544640
2945467802
733921284657029121
728096198800736257
722253181149810688
4727373921
702444894648983552
709324274268504064
716013700461764608
740487751523438592
715370500839448577
721882086143987713
3076839399
716075321968173057
740789169232990208
3009446186
739104205093376000
3214667146
2521408188
700579461566038019
2845213836
741548663298629633
707941704259788800
4881716004
732833387178823682
2533445112
739762431212150784
3288711419
611774753
3304415837
715669584234156032
3232472028
739926151326531586
733865355039375360
737172725093916672
355350607
4141056194
2471159233
3367844112
44031819
79354079
735333561126027268
738261150626926592
1657235737
224874746
4258878711
3400348210
1459125186
121489926
2837143491
735445397926256640
735417267299745792
717670068734337024
4870831696
3224876571
2162264028
733993806664585217
3350842198
2486688727
736293619670384641
3251783809
715142927463411712
2485446800
736283686673502209
1967028746
734660340995264512
203309970
14166937
1654658443
731640612844228608
720131294684950528
209266133
204243198
734968609315786753
87725790
735367384874287104
2775712970
3366881473
2867326902
735627266164588544
4905812049
1382994577
732836167683575808
4755535392
720350933389934592
727914326837891072
714852737599418368
3266870804
718041872674004993
3388873864
712249677316530176
267439595
733132712198819840
3222692112
733539932715671552
2840585889
705190101370818560
718011938878259200
732278373473525760
4110916637
2798551444
728215726293692416
731617652096020485
1876224548
731246433702154240
44608507
570368555
2663289351
429151843
2500437697
2866917385
715452111572471808
588534756
3309618143
716371962206011392
716417238509551617
3974199672
2971637417
2493552066
716700417703317504
2416598864
3076526152
727965097939738624
1477439094
708782495286874112
2739010506
253074906
543397346
3188717716
1720145412
3001584024
4641091348
3060322204
728777628555968512
707963373187502081
726227596573188096
726580408138129410
726684959667183616
724016046584160256
4457077883
3033079832
43415758
724664512570372096
4928201069
634573701
135162965
292942322
3455203819
2932592027
2895285717
707940389832024064
77221335
590787256
2226413334
478285314
101906729
431160992
725862102217302016
2891296747
724167385016492032
4885927040
1002900944
252355552
725011611157569537
594286147
1531004994
724885158374047745
715240529559220224
53033990
716887832644681728
3755201594
3493035921
3682319056
723532225438986240
4527658215
545969787
4710069561
3105114339
4710116292
1738853774
3298377733
714540789993320448
719263741775384576
1102300207
295595374
41564492
2474597682
3291153093
706998251074015232
246160575
713862505886420992
375847253
712503110799794176
4872214318
709004444285800448
2512623126
2241027752
299758942
4924935944
4746427104
718889090792296448
4272956059
125754605
4836860414
4925740971
3569881812
2615095495
4780362211
707294149024882688
2880977284
742043124
4859425691
68205023
3286602253
2218367965
4924728560
233655948
81330117
4267462936
4437726561
716203088948781056
703100522597711872
539824206
715448846277435393
4895505919
713012177402269696
4497913638
4324444035
937682935
1206614258
1206781285
1206791444
1136275579
418094448
2872661847
4597521616
3063134901
707369362282438656
970738532
2859470438
4826626256
4864073727
4864040087
4864222990
4864028003
4864092413
4863997317
4865167540
4864016097
4864148759
4864062669
4698896270
4769338747
4829603044
223604189
2548791860
700307767421227010
704800608293883904
41973331
316622170
3105079378
2362193994
1390113660
703455644599390208
1106921942
700252556598079489
707863093137645569
4872079727
2260231489
708642449179156480
4829447223
164729939
4145532674
3643751600
294714380
3825532120
705566366468714496
4415544383
705294846060179456
3636234618
20642356
2890052689
2411136290
4858075239
2723958470
3502792821
631275700
702511149326213123
373850252
3122986631
3316533362
2364852109
583464935
4730361149
37519398
2810825300
700453766600880128
4912245552
23173477
114854412
1486159189
77636211
2979357328
945663667
147923179
3309334100
4114920489
4443125669
4654877243
183301709
443996914
4902105434
1955634559
2316924108
287878853
4900222883
2508709148
4754814855
4852928671
4515328815
4743420508
3995347643
4847244232
4664656716
4382015601
2244390579
4635486389
3090827124
4532484253
4797118769
4797082217
4398459589
301378274
4795054878
35282036
70941265
51835877
434029088
844373605
2295245893
1090107354
2655502300
3237485156
1228023103
175382263
4526999481
105458187
390595799
1522032235
2218532335
2218481935
2756179084
1182670087
2218513478
2218517227
130874318
2218526864
2217957319
2218506882
3176996603
2218526515
124720453
1582879063
2395115582
4285716322
2833626988
4263366447
4369914380
4524572086
3405360119
4571618721
3288586956
456255863
1402464890
2438035672
4520033536
1323578324
4708628576
4125973523
96461687
4016598436
867118164
2803919779
4248451575
4013037143
4352465254
45075781
4325536947
4652560964
2155308224
4596412217
1947720048
4623858017
4353987255
4600814663
1669131266
4261781789
4252733838
4179577635
2996344310
1409402022
2491630104
2938668880
538212777
4568439496
4113477833
4628382012
4581959593
4556274672
2281707517
243762880
4533687256
4468415675
3917771727
4575453620
629583093
366812553
4348049598
4469106567
4305812897
2895172842
4462499501
76679096
4531827620
3427944372
2813935065
97328707
2998734572
4357983792
3288426837
4378235423
4423514173
4278931823
69581568
51980459
4366257793
4272962968
4211056708
1401343195
4289750557
3639976093
4174068694
383029379
572747569
1978520456
3976158493
3793018881
4146194445
371388944
136986480
3197324300
95282937
3331024091
3267337758
3793257555
275345641
4121980353
2913131146
2672348006
316187871
2357292980
23457262
4119818135
1798780422
4049264543
4091565713
151278580
2182940370
2496043094
3088266671
2452612850
4012111737
3246355595
4003891521
18548136
2559676441
3675503173
3097406849
2464179679
3522460092
3124108659
2888989381
317411642
3822227418
316607970
318044574
318404620
317129673
3882325093
316560577
1511297022
3254139547
317588965
338145665
316547212
316254028
316582715
338096436
3246356093
3393109403
19784259
3393864849
3398917175
3792051740
338110519
316230436
334061402
316559563
3550832113
892951291
3150340478
316266705
45454350
3000024728
338240993
269710611
123006158
3693581472
316566268
447010614
1278515064
300755895
83448733
3254819091
362156318
3666385395
3614540080
2472841472
3544488075
1446638720
3620132777
859725692
3601371796
2380501170
3598172308
3249252944
3008177875
3409035074
3295616558
3399739994
3070329488
215294304
2851520043
2927005556
602184471
3329145672
3390520751
455843017
543295720
243473368
49848388
3315823981
143520518
3298744486
414351452
3419287114
3301296918
3301357274
3301310676
3304041240
2770683357
3333685223
3389552020
3397808764
2834299605
2904170101
3300817483
318281428
317225166
3369128267
448541754
311130388
3296677375
2606496385
117680435
3304634770
3145036044
3308179090
3267863678
310345967
3176999016
3322919123
1546241010
316247223
3371665979
3354034660
44138317
2353210027
3234843422
2264562744
3270122618
3359070831
3187289870
27760633
3356521186
3068994312
386267123
57122099
3258123932
2798218314
1087478467
1143782592
2661896463
3231747189
3327823959
3308312949
24164999
558061651
2775065326
3249383781
2467249646
299207159
3130675613
2998643022
274101033
2382597300
3310089443
73546679
1636043532
2372298727
3306251123
2577751351
2287496214
95590606
3302029397
2881569568
3293735482
79978038
2355755732
2861233562
3192840522
2291530315
2411111586
2359568360
3145068717
464035033
2237855456
3010604219
310270122
160075974
310272853
253023849
3180487003
253016604
3242474788
198565074
2356165238
2518614991
3225613071
3168191809
381154286
3118598453
2894560517
2760917272
86663047
1722428054
3162780470
3064490326
2764508889
2213603475
2669688650
2670125640
2887824286
2338406742
80517028
3144542796
317969415
3118429171
2353500097
3194066595
2366383052
330062994
632175664
42643221
2940521155
3188653689
143597168
3186564886
86049526
2429462431
2939393260
2372947376
2362994268
2350004126
2252686253
3069656559
2348613009
99761083
2368585518
2357427223
3150929025
3150912513
2480160696
2351950531
2356139954
2234325620
2382319633
2437393753
284151155
3147848475
2370970572
3076159295
2601288097
2951249931
3141094278
2361588516
2351012418
2363843622
3042004302
3031644562
145258625
2361557761
2209791060
2352226002
3012995098
1479890342
3133784641
2381149129
2894603392
2498235829
2351471084
3063142936
3118971760
2351092615
2353562042
86840103
2478097880
2905874605
37002399
2801351832
3123229829
2799383634
2943615922
2352941257
2529822156
2364414332
2686074470
2940475982
2883112477
1359259345
2353091713
314111713
3096864335
14466526
2510412631
3102226888
3090762397
3095726968
316984894
1660441819
103432674
2411135496
2349870360
197187461
532732305
3076088714
2921969497
1008771882
559486820
3032311639
3063466890
3037149006
3006570486
225484064
2982676139
3072807706
3058263371
2821981377
314488060
3045124326
1094571770
796500954
3060200717
3013041882
3046752593
3016950155
439630738
561790513
1318919952
518405808
3019556575
273554059
451068679
3013655233
3006204880
418295259
3000601565
14484560
3008982570
1834515080
3006602298
2364053689
232024262
3002286505
1924764296
2972132467
593932275
110625548
847270634
2156859708
2984895521
254682736
2877191060
1400693485
426340148
2910616279
2848910912
1734736945
2236841965
1080983892
2281962289
1314723164
2953432444
2960044644
2813940464
2938660606
1589874302
2956772113
193830227
611817117
25548379
2936279369
2949279238
2830914640
2945496812
615461958
1012366272
2927813520
2488495837
323010850
2245069255
2934275081
1573180962
1909156826
635793315
386390752
429469830
2886523497
2516521949
1699671378
2901770137
2548631290
533598529
2288888864
2847487377
2684669506
2248511643
2798968996
1027882855
314469620
2845458293
2483892864
2513962470
2850831211
14508983
72650262
2446234010
240901688
414372761
414391079
2786230883
2787986098
2548645434
262837442
2636504133
2697042949
2809470158
2637271977
2658775550
316037522
2319324777
2602906777
2670191588
2704573765
2688513270
2632115099
2732665706
2732789400
2732819521
2732742080
2732736318
2732655840
2732620506
2732737939
2732754133
2732831575
2701085892
2709943968
2709530598
2709943183
2709530228
2707202353
2707102824
2707128606
2709973087
2709953959
2709636247
2704541304
2707100828
2704544635
2709682897
2709528331
2707164146
2709629102
2704485062
594125691
63818960
2719900938
2719942160
2719908930
2719862270
2719772935
2719938385
2719878630
2719800433
2719737715
2710341163
2710346636
2710303898
2710379551
2710308858
2710287535
2710270002
2710214688
2710250660
2719712844
2727572492
2727558686
2727201032
2727159366
2727204481
2727161762
2727122658
2727132134
2727106531
2727070362
2727076855
2727113348
2727561474
2727513758
2727557161
2727493489
2727480649
2727436934
2727369090
2727418658
2688499980
2689016616
2690561048
2690565127
2701076282
2701069356
2701088863
2701107630
2701142912
2704403676
2704495333
2689062608
2690554152
2710192836
2689065048
2701053403
2704455902
2704424862
2689067857
1226853630
18292600
620026827
2711951052
236184948
2667385969
1618736275
950155062
232327369
2670246302
583511257
280260205
411804762
2694375053
1962117006
1615245210
2320953144
2585030562
2609508515
2587509065
2371520048
87059740
1189270254
2470649059
2568577707
2454421728
1464902964
182181073
1464952014
2499198170
2539064033
481633646
2482061522
569144405
173101494
2428272012
2342561597
2478285976
2391825073
2444039030
2440755534
2431403158
1154033922
1900625041
2390309604
196611584
2440416508
2438790910
2371026138
2389145713
2206293569
1360675039
173102670
2380737794
1711792760
2309078646
2330931488
389634452
588641971
1359427705
2293556342
2258833273
1259989837
69233563
2267925536
2323567245
2343512225
2326243705
1925279744
1360102579
741562088
1708250294
1324563816
1360817089
148605469
29805252
1900221542
2310113893
2304836702
406393681
1661199324
1661684934
1659668600
391491214
1661072648
964803774
2281896386
2281900645
2281906267
2281904671
2281903429
2281891820
2281897699
2281890888
2281904119
2281895100
2281898720
798342942
1659813523
287846568
1660468549
1661339899
1017579000
1662570072
1660133366
1663224596
2182092825
1661824436
2198412488
1661448936
445991133
709606329
1659667537
1662362736
1659676482
1660107871
1662157610
1660341781
2247301021
1661936646
2209881751
377416383
1661812807
2202173792
1662174697
1658804264
1660830355
1661466548
1660551781
1660811863
1662469362
2168407408
1661963528
1660503595
1659569665
717570030
2229100782
29524240
718730345
2202173299
44239794
1659847460
1658946168
1662378756
1662222966
1659636272
1880992081
1662966061
1660469539
1660023588
1659706639
1662519912
520100137
1661103216
520115731
1399512836
1481067728
520116181
2200742671
533102810
521642619
2196296815
1661455837
566888645
1663575529
780053894
568776881
1658847848
2171122244
1661933804
1662565447
1661377201
265658390
1662386125
290312022
1659588992
1554724104
1592629441
1588650042
1591912513
1592490548
851746033
1584586050
1591740889
1586207384
1586212382
1583816432
1554797497
1594535438
1586201570
1591753855
1588677470
1591909891
1593595286
1594576609
1586583499
1589087059
1586200154
1596296312
1588653714
1596262686
1591742456
1590018259
1591909440
1590123426
1589056022
1554255486
1588661274
1589074052
1589072216
1591986140
1589065334
1593621475
1586064032
1593544483
1586572452
878901984
1590170749
1593554384
1591902846
1593590352
1596226794
863256182
1596299036
1586585059
1590348194
1660351232
1911298052
1661582473
1663055329
605714715
1661236760
1936004810
1660229233
1661227284
1662059558
1911165835
217565129
1661831094
1660355868
1661433019
1661584844
1043320866
1052823734
162778349
17478928
1623578424
1335455318
1638474134
1397463864
1563309433
628667372
18040878
1491155545
445810867
1555059720
1452525090
1452573673
91734908
22275789
1496928895
1062382135
747615752
1247242909
17966532
1416552026
193074072
457463450
147517510
36873276
1287190777
404881343
536876039
442350204
51167862
1248093216
33022799
138860140
1397908902
322868219
432438304
223434576
1385930682
1018869139
1387949790
256359936
443204233
512153541
1338026108
346088570
258627448
537896698
1338928130
928464326
1331952078
1323974743
329768042
65484455
846433286
24430413
1319875620
617484014
1218679862
23249204
536183665
540984434
1246938349
858030181
71128881
627068318
24526844
1242101882
403485353
423883046
1116498121
423633406
1149038006
1158720654
851989740
873412398
991115850
599945567
555704763
207957832
420671924
236275831
1118309340
36714188
135288611
149110598
1031952739
1061627780
1096990788
540325315
972968544
174590304
53750493
52429185
1078942921
1048564424
544496318
1067190956
1063430928
618910716
943831692
23052482
359102362
234205396
119611613
446817753
297121931
50227506
721655917
26256903
554732571
955638721
720073483
720918973
921849146
87354523
591613694
988530535
451369622
546023377
748917187
971968730
957369056
911755585
868214672
600314107
573211264
775875517
618651307
461952073
969484687
959030984
306718442
952251368
137658183
927896028
255569034
921798278
924890720
847392355
904535430
873278970
437447582
594516917
326166507
80143537
716450766
877219818
393873890
384118663
16454410
53436897
859280677
118276182
715916814
600602443
603204896
120197244
603300090
309593207
603282237
333838488
356051415
243756872
398085952
366589399
465076748
122619387
534923151
99404301
35012684
538853829
535123546
806049360
538378333
538368076
772938463
538357220
391228273
538452624
391217662
308824238
242910873
243194569
232320524
787725518
532671382
317167716
233786061
493034235
755944849
435804682
279726968
560017314
566523253
484486592
508079350
415636707
203877330
180836947
155506737
275560021
109840855
537908812
589138002
444083806
257675859
367866229
464199044
464055108
464234415
133218380
248917867
464812816
172445467
573658010
516539821
464426065
464571456
585881956
614865061
607542234
586485088
464333529
213813145
125515154
464025601
463647318
558045158
122165841
275885036
573654107
610574256
361563307
288010685
427809292
279431847
611152343
28642142
431891108
442244411
464215781
432017268
607031647
303445560
573657833
409383848
336782248
464251330
464188272
97408509
97408469
442253727
296548876
442172199
408455840
442238068
442138033
442181938
19371872
92415200
442162342
442067493
358241909
232580681
63322938
275114722
259799518
427694073
464850069
463580795
463852938
463501151
431868994
434156272
464244177
104031610
551916688
547846042
547927806
288700939
463321510
384544600
395533830
292344430
572768286
102744305
510140885
397422922
442297692
104185491
124232385
281551285
40037388
109332178
97408846
280906746
144952978
598906019
46308074
38535159
596843142
187657628
412611769
438523023
328723269
69220581
111388917
97408505
112588866
363497817
389719367
563890152
587900314
70781161
552777581
597737547
90050292
342960862
486396798
58701489
597685239
598055817
63645800
191549398
596543553
499496745
590723633
64671102
497211073
183471519
50067714
559959839
74352812
517674444
149594168
172628847
557171834
576168930
576174783
588665636
349086985
494881797
24692064
534038017
570756841
165620211
151861460
78547563
33683978
84148911
14240046
112548581
592848778
401005901
187335788
476349262
592927702
41543737
21432029
498994705
54508267
80413201
562830243
113133514
329933337
456838878
541724546
239555872
200225029
591119006
280964364
297156789
273425824
258735947
24031205
577279471
20442781
409500286
582238562
60471394
291818013
60136294
589486624
192028387
274271065
426906419
230253930
534109305
581961332
552311952
552228178
548337543
542907231
552305979
542822462
559460622
559381186
548242709
548241550
526538934
514456869
552216962
552220643
469393649
557173168
548237872
402360448
465707528
465486456
533834904
577940896
582033288
265005258
243233211
380971012
277965973
553435867
422272335
563262698
223858695
385036955
56660677
103464524
231172273
52514805
137566576
407286101
584159522
280966995
464810309
556464973
465245633
478877467
464698300
44391042
280976421
230754163
480889032
353198312
565686921
559269492
332196861
396570973
572162558
269524112
353911313
272058610
385648050
568181157
308124931
388669985
464243517
190215135
168532561
18487616
31578125
173701985
408480730
576639848
87255957
88096028
582885892
77274856
473599083
418223589
26236604
577998371
274815824
79294815
246148760
554763838
347902884
575615947
557193301
223265356
358116535
95245998
553529169
415182834
77913879
36226561
461677954
581107999
565827079
365468093
271198773
73013623
229092460
68432876
16922018
248167378
281948145
160949214
576826484
572849460
178810379
450833370
192821340
88620761
188953994
547856126
37458941
428419892
36217575
281980791
534103026
257214807
46673109
217887593
269435078
233058198
549965389
108320844
386603298
265801585
275823619
8071902
466857612
383189549
177849690
33398901
553443067
559191017
41066055
91866164
325786929
559205392
95578626
534031222
99718537
407082132
222541479
550351209
55996598
562782062
408582960
43600056
126274683
42422464
546715100
244045091
184885221
562732466
159341427
461510415
36518276
438056990
238415352
371129743
119183270
508470281
201588868
61913198
17396197
179778795
475918918
432917406
204361191
338302332
198716565
502555872
50118140
201846509
31667905
410228661
173988595
343051332
30249176
489447800
450906659
459867910
566749987
477030090
445776103
368302395
15237116
562224744
203945296
239020935
17983854
19691332
365280154
259566520
79633819
248811616
85725920
360725918
441371505
373848108
317378810
65598419
160165059
260401380
179062485
439311929
47912752
141765996
350066710
410672061
453522756
343051690
538349425
102313720
321169960
423941670
206189680
415360623
430885134
326405777
83043016
568469787
34371568
152850954
18045612
374958282
279239599
213314879
354663694
249276159
568426668
146459899
510962688
31619861
292447074
568492802
284837752
439354485
38960091
59875722
26519881
176950935
228991952
480004985
339598039
111326418
144720241
289011128
342625098
108760279
270447451
212078449
219710048
160456560
167351211
384933356
407502850
264794489
555700647
499278940
563889053
203267559
68940866
176149211
471901386
294148182
241229016
500112112
326890514
528243436
32351445
28908140
15958265
79970621
102865438
23405304
416276195
259909587
424916439
563924038
345658805
450409715
67075506
201187968
564149934
184027083
375794333
41609580
414472563
268032856
247475023
339233863
438587351
532627496
25072551
34080531
16682592
385917659
287848726
239123795
15574948
166491721
259822309
552801728
280983141
561365813
22333710
416674633
208346256
184286455
227574901
225653089
303291372
185169785
415333493
547674733
414209427
129218325
454348249
20140706
554600733
55885084
32403877
425117099
366643003
392455487
385364853
353412797
45734650
525540525
15195679
551486890
337447810
460254609
255335838
561469744
114227701
554597609
560542497
560544581
537603131
47984854
235389685
387335423
364745883
27948237
425301952
16900628
231502989
63538475
318874371
382961682
319217526
90905825
29383940
276118474
439075404
132769438
535058219
536787844
559342060
280937720
277337764
276103155
261858056
297620263
245720930
94267501
116612785
282194008
244751953
36691239
244335039
51957663
154980142
237610538
337673227
321117259
548649147
244896678
244870927
25025346
114027410
264798710
84180276
218940109
145493595
19734025
91609427
261742075
541868874
188824045
171129181
552982810
105904297
414602715
99294645
256392347
359946638
442775697
441063307
27777722
342730947
99439181
49984026
261657866
232202850
109463111
330444546
220864686
250347189
555263739
367148299
449204227
548898250
36295559
214372771
287281121
25543609
39661009
481551303
167817672
271735273
135300049
190100337
362577059
551067788
18341430
140064403
42927112
71796971
16319483
33786487
319473230
228800927
204527760
242005128
49135259
261344536
131237012
246724698
32479521
339799979
455178969
81595869
535930828
200700659
538244704
137144052
40794542
7350962
206203531
365846153
245002421
255995212
24636191
65577676
551812690
19271127
331558877
423120333
115601217
264391887
122477497
494050494
9979162
26190892
259594107
31891798
76387496
88583302
20414217
173125743
349789209
399476603
550716387
82408973
355935638
68198959
554034910
62554155
375154742
432319724
305951154
429131939
65589378
266846819
197073325
261841377
310078719
387336164
244057914
37353865
391044837
352873535
553753344
129049654
346756841
291430955
128249767
382213082
15076292
194514073
322708849
554033171
33071385
238826762
462034568
418104688
34263823
382450526
75293806
542305916
527167685
244777169
252103051
53608787
547682644
21809993
122754890
343101489
329313797
82174209
546346677
534596975
95966353
453551174
226463312
321055159
119175403
220378920
552229715
441089514
20492906
396304049
549207991
212813819
361057630
375230850
360190542
207404053
7350652
550509236
32078312
261456700
267423384
59374306
21137668
92285511
170084942
505780168
523702522
156214500
21195279
148840083
527128422
454361505
366797255
385633564
395773875
18867497
552468846
22870443
424462475
428690088
222507581
453079238
56943717
252498517
551807713
469091027
24343558
355922621
549637833
27142788
545665766
239436701
425200015
381594192
485280491
35120421
88057649
372788073
92638580
91267688
335563919
70122463
161422464
446880647
306579695
54457893
212609437
414100607
414403135
544120922
492807229
297655891
348648710
439499182
36449864
549407501
30736991
383494712
239106878
145477481
182995147
153780482
362090746
297428250
112395698
63039818
88773980
132496401
32735766
56748186
125826156
298430068
72332478
289062932
43344858
236357075
478588133
148034545
242258129
209288780
479672646
539199250
353532628
242593597
255599063
395439494
40868999
535501708
24338416
138997975
449753444
38712627
216556124
169910377
479655898
29034624
116108369
212074408
157001967
414489884
226419800
246200971
249179659
123116517
119649241
536182437
17070787
41792496
500126945
188086237
156783397
474629443
291372361
315760439
204854028
411140737
261850748
525542119
193765894
375288793
104701674
14505871
546938960
137797144
147189989
327578958
333542976
129186180
546806477
244858550
363811729
494589097
545444227
246653844
437833232
436796061
113043316
129715504
75457227
486422422
88363490
253994314
143930107
336653439
18598505
104434793
37230804
35748845
23135992
395411656
81536715
21712038
116766949
35357353
112042218
15645871
123200543
405869229
323649359
19478383
134259561
149877159
17423332
514596594
327122282
73909215
317203452
544541339
99820682
56293707
283890673
312963103
545656378
238467136
249908069
299097727
384769446
172431662
335613596
258827733
105005800
282153350
97383592
39651447
255460857
461880993
420097271
15274836
352314986
17190660
61001662
396034458
319287814
521816472
293399181
474969283
226354274
43848857
255061605
255065712
30305201
215318205
28162811
367428200
276241514
183923684
385643359
78516148
162377780
384205489
408503564
14942383
16631289
49485108
352404841
329305141
131930189
286199721
288141449
249365524
430395155
347347486
162953082
532847066
257838650
220480938
138924469
233662066
215388979
483568078
270534817
182300965
278272924
505929127
44361863
115723580
334323015
384092725
517431673
81439852
23133941
39047949
24883519
462520441
44699976
395266317
37402033
31062122
489082264
393085884
383215660
381338347
392289047
542128333
152541525
17640903
368709245
293648898
495597345
37985784
130132061
72991947
422154377
139652305
218360025
544671028
28251367
373814994
260980180
38003948
210802104
107679675
95038615
69513559
525962410
23378533
231642006
254275582
277266053
149806897
246285405
88922246
543527604
105402481
158166354
45638054
541682300
136324543
27538744
308155020
478201556
440952550
429397724
181041475
73025039
321851076
50482949
374982720
399893200
353278971
445424791
111315329
83433139
222189121
211752984
236218167
29765576
785595
356388397
93320799
84278437
436428715
151535823
6734842
37736241
233656455
374463741
441558711
261870116
524780150
244868771
307931600
174156674
452237078
315267238
30461894
28794253
17240235
19758510
31312550
48420786
73153395
28089630
64726393
20733757
71744940
540381525
431524381
35512297
200976481
136548396
27942147
378478767
271662113
199035493
59009527
16088848
354409668
472614870
442692357
404865400
334739213
200201909
115047192
335850114
335825956
487873201
282158227
539195453
224345487
49720792
329071256
191653681
299909021
180861238
291880392
34418641
248494270
451805936
364410871
69644007
499135758
362224708
137669780
43238279
19474612
162252203
195698856
122293604
279990303
61942464
18048394
48575693
535992352
520768542
87292079
150446380
304765298
304791889
78361085
88790877
321522101
182767145
374691076
22946422
309435642
263347822
33540208
361834453
388554667
265668224
218219246
155512853
190965203
515856913
364662043
411991764
27628232
287661739
363974782
350353746
116829796
284365212
440826588
258078179
117707796
38674184
238636298
129038418
227730786
386923387
22311768
511197398
306528945
492251768
296498396
70511216
334529948
292821904
229363087
495185055
206161999
153922568
149966693
50309214
288002996
316021868
286224214
387507118
537675400
177603648
284281057
349873885
382810984
373986717
304055571
284370569
384152140
286336096
46292793
257679730
37007603
281197770
49240333
55039009
431672988
454416129
18783533
33976310
250112179
35099519
36877779
469151858
88258912
19287803
58578131
124528450
532690897
14110654
38485326
17258461
267361949
537306954
69618136
419068462
297059066
57239211
111698159
394382051
487679216
442149667
95264395
538059088
50493037
174377181
290330530
353528340
431147073
329799966
19659797
450235707
26993326
455840954
492753820
345872955
42662716
358730328
458938603
28839989
187334868
174092899
158815408
308331964
528180424
221866054
239323105
383505499
69735398
30357579
410718261
410719302
410719207
302597786
45928398
220418560
387055735
233270958
294988581
428510029
289503206
171672358
115759956
410719414
410719161
36022608
25892339
28601983
123081895
233428312
163640214
24067286
14978390
18533317
69932621
39496172
378321291
94159667
20501583
82956754
469432401
222744807
22779417
20642739
305204847
131490551
117803727
525130981
71276879
458887304
301967667
71611902
16383523
404710504
50076354
366445329
36032320
416770263
416773027
335068371
235890551
484395706
300140833
113437820
108149433
65412034
457122296
515595562
157895111
527894550
169830548
24733117
36926231
230425445
18555672
36724037
110546573
140253522
315375476
312412680
191521732
527364060
68036460
199148892
528538952
528277862
55121922
454353198
56867287
97976828
434377231
202568092
110727546
121530763
527767218
458410721
189749988
521437200
527603136
527805302
49555429
30366332
281162690
191548112
159183818
450264687
524780485
198219671
84098269
325000219
447395457
19539314
48761924
154352321
424088254
436396938
251163037
54107005
414492957
288545427
313012961
286548143
16690453
75612668
20741831
49476182
27133654
309832811
524158090
277889128
388197545
216971492
280006505
380648391
372553292
459579148
483630065
50493460
431626171
299210200
493454270
48087640
302023492
387325667
229917509
158118012
273326846
55886137
350196366
340819956
249040008
189965044
455084839
487433275
226027982
188047767
522160132
111438798
340304324
388154952
284535898
137921335
173583404
516930503
90837400
330488989
321631407
190710870
182516284
76639716
458748593
70231604
482112113
384413685
55049166
220854760
254062438
217622434
481800488
519624571
338387885
201014003
299208629
32427803
173061515
265526432
406671913
365589299
230073550
78687728
406613212
265986866
45150041
338387474
423664201
338387979
386670236
519150207
304999223
402228818
259537007
82968508
187364645
387246706
404271772
417516153
460748614
118420455
424310776
299209168
331217839
376750982
338387614
60094244
249983074
505541023
391589976
97642480
44410949
448466375
121899263
163867665
14862409
488198353
158424782
19037969
465507269
40635651
15992091
228300826
77471540
189619885
23920846
467235749
168760193
519119748
79469151
19278163
468030865
90722330
244485406
118387693
497591932
314682848
66636747
49477195
49735985
111966379
97401785
481451824
18611686
289008972
198809210
115761707
20832867
294992127
449142297
386236915
502811324
24047251
19082584
197569464
183930118
316220440
74040628
23392431
32454168
157458609
434777082
162471430
301747722
57771289
37141455
51957126
513456637
24107514
63752424
472025524
36374979
276649123
22972326
20187222
44706902
79368271
229266730
67987813
26542405
494279226
413211126
20790090
353749690
472676276
417971624
21632450
336715882
283602905
110173525
348054204
288128833
163520354
146256159
249564928
515891714
12546232
503441790
300235006
