1663673528
1032307680
2519501323
758455050385682432
760812295035518976
747436971417559040
741271887536394240
742611556798717952
1250480185
577011355
762383112
730023454490173440
717122472114528256
748918714867785728
749353096132845569
1665511340
1128071294
2488426476
749178411415896064
749319873310973952
4513278821
753949674256556034
1669363465
759790857901834240
728243532239151104
1668999024
3260941786
748805977470668808
12209422
314455362
4771209199
3164374787
274024383
52320338
751877294835261441
4576968862
99782622
753018738245562368
752307886747942912
752890816570462209
2656866259
753096606254325760
752975521013723136
272470659
242637589
710575425039237120
4834954005
3176539227
953536112
3168996696
513187072
308971429
261598699
720861832924106752
753024691246338049
1226604468
1229998610
4872105892
1667674435
2364466172
568437023
1223951342
165175739
454207346
4697973270
1220588276
1478378198
4173275421
717329257417023488
756915294040358912
741703335766413312
747110106593103873
94695195
720165177103106048
747116754078408704
2486624690
732852081468411904
749739302561742852
492220708
1228775066
1236487460
1217123810
748438936830214144
1223855876
34247411
1220116190
2631333557
496067425
338007458
1217575897
1219711141
4596218838
701827877218680832
1075324656
1233150806
730286577130328065
2486408593
744528772829937664
238134426
1217400410
1226348983
3017742806
707438272113463296
717986257272508416
1226685288
52035938
1703310500
2393248974
753678448913186816
1236961694
1219946762
358346082
751700989871263745
745666025484484608
725346166330822657
747940076685041664
3212503672
474339288
2939346963
703287127010840580
519671346
582009502
2887119563
736159428320202752
3331335129
752170092096618496
724521239742713856
3170907307
721407327866396672
749673114229940228
732980722135244800
750661611044700160
2485765182
749862212509073409
92862416
3329350829
710694696545202176
719645820950286336
749569772015198208
17832079
747175709471309824
2792635282
158834146
65037536
2847088089
223622738
97528309
1730556139
2700544663
3293278372
4427938637
748045487794696192
748053344070008832
1228765232
749880519924613120
746846020533886976
708378258664869890
713491147608485889
3018352425
1464403518
1582913286
4288322237
85115415
1862882160
227972295
3425604166
3063880865
85855990
748893306130694146
732232980970737664
747314519207096321
742344747738648576
746898569051934720
740570433464852480
39523927
2399296919
255513758
3727548893
747478782198546432
748245873423966208
3610901596
747406372321566720
3166019412
746746570960412672
256321383
3194081854
735419636565430272
748146959366643712
214049360
1000886101
735506632252084224
367866014
2583696030
256076704
23094031
2433335246
733388908717846529
3342588957
558809089
2823437855
747098293721776128
1254478873
723080057007132673
2662861692
1649543479
42882370
739021976312778752
18390138
746391368562520065
735966159460143104
745842440
50397341
706927836825837568
2829237609
29559043
3170504543
99668269
21664805
135955994
2202029642
2215558400
4601347093
1225920583
3291753758
746410749954752512
634639222
453470776
263073412
2226213483
733915846838358016
2651784121
210138735
746791377296625664
4129847680
297320460
4102547654
4065804614
3750468313
3106650156
3230988631
4103211073
4102907354
3653673792
2946614401
2949458490
746092553431293952
703671131723542530
492263486
2922180423
19815240
4613184253
4834823074
736154865685037056
728948029227712512
4896844150
4032399613
4025564652
3093262046
2910020616
746339219958804480
3001874045
1925199355
563906996
4491811
73395886
2997734037
4025415558
28641770
4684504765
19355829
2890303152
1436722596
158315486
4883225953
71114802
736303719793471488
744500733983195136
481531888
3106652999
706852006728749056
258127708
4637220866
112870982
739875033460428800
2878533622
18858027
721402925113810944
2387917249
230465725
732531062069432320
2827497801
3087656786
3578364803
3149350530
633100594
488981714
1178425806
3619080137
451623060
4066741873
1891008452
4032305054
2910639580
2828486491
745142227278585857
23181999
192993369
2285105610
718428185931735040
2495373115
745247618935164928
928144680
77540948
2250410807
2153053644
740863119770017792
3667189167
82440791
744209159302713344
3452654533
721473124726743041
4874887923
78996834
198492070
300242761
790438963
745295679883456512
28543847
2234129519
744650614341251072
732854005290897408
13870942
744453589045698561
81149350
1201792831
3114422673
736222128991834115
221459779
66109042
22607674
717829109750095872
165524640
722291785079193600
255618241
2923214635
3293993704
112166465
2883025793
168512052
42709151
1902876056
744184581046308864
2306700667
722875957569130496
1598802536
4885558849
90375332
293124748
867573492
1662989768
744474707244752897
96132243
339335860
3121196236
313011028
702623647308124161
937019478
2163608575
4099703772
2840199321
9570042
3336799889
304399481
715797742036062208
3990511212
744370596734107648
2583735188
16175706
744190646383161344
4431286295
2733194172
2461115036
193826447
28547642
3424788731
586255942
507134601
16463138
473118309
2293490420
2645544572
2804470384
734047382653042688
708044669226258432
4624571554
270563163
2862717940
38247862
4497810863
1850806742
2883893531
115326822
45795865
716510182
18898153
25356462
3309046475
703127568552046592
29547412
718402904516911105
707160955432656897
4916876501
248777189
341454994
335848627
4731263847
4662776473
275212985
1012206266
706866125624180736
172061605
228105459
733074763275456512
723617037998804992
4106573787
1951862624
20538655
2430920839
716956270700441601
4877504127
413830035
405505795
742730258873516032
714834361170927616
4860301318
3342581849
16956481
19564282
525005120
4865253027
726161607034818560
742714809939075072
454779231
3295265494
3110598310
20675681
3413442681
742760175707250688
723170926343262208
44364619
727577758755229698
741996269040717824
353457568
83680160
2595176995
66126399
129315638
707705321268056065
544990828
288995652
906303090
4850129651
577854784
405630582
1080217543
3287582082
4611626296
3053402550
1738524913
35538459
1920249818
2729998382
22653760
733799857538912256
721280020199665664
4857402875
3298010181
391692889
960872473
21235531
342417366
301375359
199893336
107975788
732062210332065794
1908317268
84296426
739666927774138368
2964584867
102205850
42824699
4728094834
722077826535596032
707790183022858240
2982955245
703602228431601664
729407381344497670
732683380433793024
219920095
4639961902
4898254719
3039238721
138454537
339846924
3189001238
410322459
948488467
712589201095663616
19698191
1352544818
302545659
396219114
1379119476
733879593459843072
722370515734761473
2788538883
2165674242
719991354370232323
4116625874
2724700593
2494340462
4589190443
701397373000556544
741159608245473280
1624047055
232298798
58474131
172430944
316576850
718351697031098368
3240124383
3347772455
720873147088506881
4904820549
1271049752
739545995416117249
729014320831602688
427354643
2195684316
4122161452
4882743003
717028182277365760
731409036810309632
21189641
3224946424
725666889209384960
4717936273
740879890350759937
4904879183
3391994122
27482263
727961910428237824
738708458569093120
702490707328679936
3254559028
2965688163
2999986390
108200253
390628590
3843030801
3299339574
16596200
2818555806
1209974730
61104605
1580159910
44487132
4842372993
728247689176072193
711379983760039937
4874900615
4625080177
4439085256
3248881547
740159777234378752
4213239682
739765714567987200
729337122579165184
58920389
739635134299660288
733729129858764800
195743665
737370586716872704
1499026446
2513269222
4405913302
740238881132556290
731119597705891844
3340073541
731006972732936192
2364434006
732865784058351616
732626118897979392
2872426114
4099171455
3742181
730343202125959168
737608327115341824
733637059454373888
2597997282
49075627
3318793748
2507557358
739577689854648320
3917491697
737989948612153344
194599393
137766465
3341833487
28341150
934732910
732428143345049600
3572133442
739571370556821506
59762637
301348885
21064161
35238047
3095355973
52382093
729457382275874821
16134483
192033394
4011536783
2579972365
2706939919
3909907113
272894302
735039759169556484
722136452214206467
576999101
2850232828
42367908
1257878772
248157364
3030539633
18906599
706180993766584324
3290186977
724912584927883264
2394624246
716141775803420672
130830540
4016184979
45353898
135658292
737512941365252100
2896300774
310831156
236962264
2693854998
725370080968712192
38474832
22130371
727217817913835521
196498048
4438718608
52835889
142677879
3342929843
1897437001
159600609
4777371321
278984300
229515463
18814734
161695726
19592079
492362490
251709114
3272221530
3362293396
842217397
266127983
43617802
380301767
262078459
303865724
2903902977
64358850
2344194188
3098797852
708697744458833921
136396429
3307267750
2459449338
393575981
4022223623
718558077797212161
726467976493424640
296883897
3018275674
4866237363
735161728690880516
176597595
352672125
734792367929237506
721004308783869955
2440921177
950395278
3094292199
728885263057965056
350398171
732667003740250112
708678799014109184
2494849489
387831555
2810537992
26467736
260845720
345401648
1736273936
737131600039825409
20337134
729765728879054850
1338457596
547213640
16506571
533108464
729962497587974144
722514840556806144
59726440
538607967
4107729568
3221166969
53134628
718052214967767040
2306584807
939981487
126739637
702806430248779776
734651405894582272
1347250338
18218955
713410347395375104
2369189581
229011398
702360138393456641
4114650202
181614462
731172435106643968
3304195534
2612167670
735574690413072384
50276630
4656317909
471043083
4524980836
827153660
3010492622
1374924439
266668925
977250697
3048242283
3002232128
2978934297
131895183
732319035745009664
3085591404
735228732596707333
3387214707
4645910002
731153925403971584
3197896085
710053581399969792
631067964
1588845806
734394223550697472
3621844515
729432373117526016
3230801638
3413219416
33238876
3390853785
712700846128160768
2771097648
730559632851251200
1583359764
336720583
4370472978
2412580496
442868497
582953166
14886553
4118427075
1169341356
388454092
2615416442
728270040571744260
701021218707787776
3144403503
19873046
712040607867338753
4821952474
606412878
161243998
701426678124380163
2965188994
263763045
2909409227
15190357
854737392
696975765829767168
2285688942
700953973667340288
723251262398054400
730514125156171778
726054996169609216
60882049
4076115688
2673664999
2779355778
2440112406
711657035948007424
3195143310
6293572
4502521007
704603522474631168
4494965892
74501621
4744484008
717303062277259264
2159264468
702624107624579074
2212343151
