3019473179
151138172
3073308620
3045640200
1943179388
55539703
760480211343466501
351081575
25870048
188579174
559977174
398556733
731239701110214657
3388674016
2535759613
3105717250
2966569067
282546055
281092277
342276525
393397302
738035381694832641
1429989787
591451860
196955070
720532174362058752
484655948
734682019431645185
129306477
72832357
305405655
3001542745
4460834145
1296797125
758211895237148672
3624457281
313324076
735365804624125952
759211231437807616
366709931
2811347836
739823087429025792
4481114002
1173266886
500614553
720217030398500864
2166971466
506717275
519599745
499746450
4220421491
3439073213
246464087
735580700234158082
744125610897858560
198788180
135195591
457029141
971314140
1583863488
3769602256
3322479430
2798125167
322272086
1628713843
1648549070
2482364874
1390038985
264434571
49830314
2720526287
730065392811544577
2182403667
367860799
712390405208317952
1346821170
751440420543012865
210556794
1272041820
451526170
2832240406
2249215711
292423442
4709877029
483594078
2344694171
702518551236747265
1191013034
1158696212
2391662449
706931285411930113
124184452
1024871184
4877041917
14226625
292506916
1238987756
722675624
2374294411
746729337089564673
98924112
218773621
1454035970
2932121643
716704633188696064
1717464030
2973911061
740338429569929216
744717547572961280
3031388479
2712571328
735540209480130560
733074295887429632
937694180
718672323532955648
3016777890
21472751
277069083
716652918
4885188568
180296904
4854085877
743376959678341120
726104276574064640
1568492526
705428763849400320
1185436171
737225323415261184
2992667667
741915625342283776
335135473
1706539567
2163692781
408461711
2870975318
3083510885
4676384162
4815355241
736924607014436864
732771981691650048
712209281517555712
2329020710
3993370150
24959530
4846703848
724262493967794176
4452031515
303503398
720297470044073984
56615929
3069172528
244343788
246308415
737609887081857027
43866644
569906752
434141055
193744430
722437030144319488
3256335670
561193251
3602054056
217377280
348420423
154633183
634750463
3255043617
3187323635
846068634
4105529403
533510212
1882308859
99577035
522638276
721505799143616512
3408436755
711810952874876932
860074500
3969435119
703623498846052352
150202296
71742431
179025577
309290288
4795460904
1610009887
49327840
705057751538536448
728482182
80698046
17063984
1221631142
4512872715
731838612363464704
2692325809
2424936053
4858488845
4134176566
345236851
4738872323
4296171575
236318534
723251650174017536
2467556100
2944946619
721641756152999936
117335337
236551220
3053931536
99565816
3825697767
1340408646
306728269
1172118726
613245364
4017589757
721251025798172672
4689275700
3803950223
1908348464
891059384
