784595573626269696
36052059
784543845937770496
3297222108
3342642305
763197624509792256
733247857495511040
765950088334245888
758098148258566144
764715953523335168
4384488335
757390468632174592
755347627076644864
4688670654
706107309873897473
735194580816007170
2942579330
4884009017
4140618003
724803491449831424
725421425214001152
29396516
4819236735
175937854
3122109357
3370527893
2434062295
2434062919
2434051866
2434052808
708741694158561280
4016749814
708750831999328256
708749923873722369
708749126427521024
708748413337075712
708747597121335296
708746808906817536
706655197292945408
2769117717
155583888
701762760523259905
4844320581
4916329998
1440041490
3280282524
3307347192
4808102284
4493026584
4384277655
611959284
4609302073
4410130454
2877452328
604142194
2161592970
3108594912
3975850153
4004618693
2641574780
3396342732
3640809673
2868138845
2614730586
3731315007
3623935396
3665393963
3665424023
3665475862
3665410763
3665352915
3517860492
2878598470
3431740977
3580006996
290749000
3394367294
3392741001
3485176457
3397064353
3396379992
3111655352
3433927649
3386775238
2933640556
2875701924
3406040145
2282881789
1321603207
2222375485
3382380562
2744833713
3342421348
2825013446
2875100805
3252626732
2249723335
1539735433
2791065092
3228553177
3344299438
2489627320
3044751405
2526841985
2972627495
2658362810
2435604590
3115598247
2465580290
158214504
184950588
3292044053
3323936110
3246726221
3234718195
1551205772
2270999598
2843688158
3033882719
2896550684
3115426653
2887942221
3103300001
3242987091
1098788575
2832322461
2980961780
151985779
1156030717
3001604029
2284318483
3149001520
3119281333
3160080101
987738794
2283085927
3133001592
2869099666
3028140582
2691464618
867325933
876580615
3084749279
3126446722
3028851471
3033239206
127440476
636469232
510186468
633061463
3112118974
380399508
2598751250
1909798182
3051033101
855253448
1350160994
2713582743
3053017841
2971099903
883942165
3012739777
636775515
1592619176
45458816
2997085250
112050169
2202249991
2758228317
2893538445
2889360106
2932712735
2932678491
2932715123
2889359452
2889327695
2889299739
2932679469
2728063077
2502632582
2913023993
714903833
2493371340
1477296918
2916030731
1602151411
1514725250
2800071492
2793622383
1587414487
293631722
2352287850
619601595
344250148
339905462
2791849120
2917862398
2719234630
2519713517
2179317158
1890722886
1034517894
553847670
2477327842
2588282093
2608580450
2932220321
1455349081
2761393229
2741953972
2718055468
2750518125
611530616
2464627516
2451605274
1451909912
634742344
1969625762
2851285302
2318425139
2230771831
2770271363
2708396372
2876393793
2268335732
2933669703
2525374219
2613053318
245846325
2931891685
2887379088
1601992327
1332283368
2173478051
898437307
2935460622
2915835168
2899640116
2707964926
1592505788
1537902494
2172585906
2277836288
1699761025
2351845569
2177349370
2273350547
2730100984
520958025
2586323329
2174832607
2300090301
2391806688
266833289
1310211325
1624610426
1081000537
2365373067
2743502535
1217155496
700620796
2934355556
2916181715
2854488282
2811551367
1053116442
2793362830
2321191494
2844517401
2875022197
2807820020
2763451154
2762431369
2675167727
2585220938
2751000778
2733055713
2466733418
2692828591
2678763918
2728260118
2729882673
1944978829
2598918326
2489333252
1975310407
1891078753
2593677116
2582540970
2218290972
2569722284
2561252432
2560487437
2457120204
2553645150
2562497656
1567431452
2574493936
2540747948
1472659310
779000814
1440942962
2507335212
2530543670
1667255119
2516856284
2484697272
2559057501
457576271
2497620097
2497596090
2497600970
2497591410
2497611979
2497593494
2545009677
2379173772
2492493631
2423623209
2432751560
2489074555
2474810773
2488553154
2487205230
1351377812
2407435159
2515966595
2309480114
1565699341
2464920476
2458413433
2351279129
2343014054
2445785053
1607699893
2465131572
1043539459
1624182836
2500848645
2459422207
2459425441
2326593432
747041917
2457504258
308261888
2497964961
132729393
2332574831
2433620408
2445665532
2433627074
2433616358
2445661284
2445682837
2445673094
2433619100
2433633589
2433617786
2433618588
2445670604
1525351890
2433631867
2433631249
2445670956
2445664410
2445662264
2445673567
2433610932
2453326764
2451426637
1081445894
2450502882
2175128571
2446560840
2486930351
2442579937
2439653030
2481421821
2430796400
2468322112
2407761830
1375410811
69366728
2374690813
2169230071
473638213
2437720406
1667938226
1852867471
2462401510
2433072702
2434782416
2424548665
2269599530
981454614
2434048574
2434045404
2434056943
2434046520
2433188509
2433178656
2433179664
2433191479
2433180906
2433181356
2433185438
1700265739
1659560712
1637579408
1700199456
1700225222
2433119552
2433131605
2433123968
2433125274
2433136597
2433139129
2433115592
2433058230
2433057878
2433029521
2433017022
2433015878
2433020005
1573862864
2432980232
2432984653
2432965842
2432961792
2427872797
723713484
2429142536
2193633692
2355810031
2427095989
2428716757
2431127735
2379184039
543835860
2429721098
2463691204
2426341430
2426328368
2426366390
2426342010
2426350998
2426349428
2427242136
2426360250
2427240841
2427237902
2427251114
2426370902
2426365735
2427218318
2427221928
2427229826
2427202128
2427254268
2427242306
2462802754
2148116785
2358667044
2426335825
2427826208
116160103
2420772571
2232446900
2232445928
2232446030
2232444842
2232444932
2209841326
2209829925
2232442116
2232441186
2232145584
2232144714
2230942512
2230941126
2230941962
2230946317
2230940088
2230940078
2230938816
2230942669
2230937516
2230941643
2230808354
2208227475
2230806516
2208235912
2161845222
2329324045
2418207403
2419480039
2453807091
971627058
2171675496
2423618396
1731326977
2424727368
2324169192
855210720
2357299298
2172424466
2409974749
1679702780
2455733218
2424103296
1963176546
1570447837
2423146537
2452262763
2422308342
2422371091
2421424243
1543956414
2423244668
1378441922
2354250181
922325485
1342668932
2394351852
2342828084
544227444
2325495956
1335932731
949113528
1350957211
548158001
2346078764
1144104570
1955202942
1367868908
2401743834
617832313
1450600802
2332641385
1551132241
1942269702
325786585
1534460744
165591427
2147815230
2358816698
1530276252
2305143464
2173015405
1720156284
2411533722
700075112
1413860701
942829027
1970592954
2398401901
2376740772
2413400934
2453893474
1142914850
776743717
1223003366
1002984564
2315286250
1101933534
1255729939
1682265392
1574230471
2441205718
2398012457
635780606
1604607487
285015845
1370374903
2261039789
547108920
1511739853
2329282986
614061158
526952181
2337510834
155909904
2358754321
2274641568
1959671924
953595709
633469708
2255802294
126446662
1727212903
93236995
2158023585
416377251
2448560153
561681181
995910985
589388705
1129478413
559224618
1636277976
630468248
1716155504
497220113
309174865
1380513002
984278581
2422426416
335043806
2339247852
338207428
607646387
1727118342
750824966
2302734769
967394544
952585729
552093224
2176533402
1439620670
1424232044
2421439904
2310790308
2302941465
2235480978
2261667980
2421237938
2411699610
2263720555
2342487168
2422605956
2452817009
1665857996
2422020319
2211888368
2416449287
2358549320
2452150823
2388107022
505241565
509140178
2420801232
1258234542
207949566
1972650662
270443033
555629818
2448815565
1613439007
546486422
2164020313
572321517
2257351173
1667681143
522129996
1132714632
2251582364
1660706582
2421585504
1040011147
608205403
763359824
2324354580
2418619238
2286021511
1317338978
1592060557
338877312
2420980340
1428968532
1703262572
1884561523
1928421386
2421367964
389110081
445082475
2391752828
2391746894
2420906856
1703276444
2321760302
1877064007
1626082279
2429683060
2451469385
1845846030
2374485769
139312068
627902683
2451456370
2451440607
2289146395
2451460553
801291158
1274632374
598633197
2211854864
596050255
298776714
1596771445
2354160660
976548103
1549658406
2415509972
2416903273
562452015
2420452260
1547642720
2406404099
2321144429
2421412782
1656310382
1941420800
2278856730
1674469626
141993393
2421472914
938287105
1220575669
1914600350
601666125
1398691014
54456088
483569643
1652239675
1906204927
2420464320
822324781
2417820607
440926167
618676574
615874263
1721335986
2278204964
2413188139
719317028
2400962815
2209955623
898799598
2339956699
1916624023
421881127
2391875736
1335312302
1056716317
324671581
561734451
621247887
1656469561
2216661546
2233662212
2336962059
549767128
1654202533
2450743048
2408319397
482621310
1973788724
1409197320
1702019928
2323162368
2421348638
1104186402
325352315
1559364668
1262423712
1604008614
2251098260
1466506208
2428978079
1877279886
1047056232
307286147
150506056
983173950
2287743577
1245613951
613178530
1500142194
2264830160
791938555
999403958
1660954879
613919091
836327544
1616908904
1573884000
776427230
1048710644
1167245575
1464299670
2445670833
822397082
2414804580
1382741101
2392493444
2218411842
403215863
2369131232
2345071563
2199306793
2260520364
2366093557
556299116
2370163241
2363554769
2360504797
2358603170
2358973933
2351239369
2276313499
2322194369
2336210664
2336120624
2333777017
2302347950
1967838608
2320697900
2200453326
2331151543
2328660737
2330711450
2329994988
2329753706
2310308536
2292105422
2266837266
2266833049
2266817172
2266792801
2266746985
2266713410
2266700028
2258230849
2258053572
2257265472
2257260320
2257240260
2257232982
2255954244
2255933000
2255918731
2255900322
2255885624
2241525668
1399077565
2309180978
2314785204
2311492230
2311496336
1551539790
2309175950
2309181776
2302467504
2311523070
2309172428
2309154812
2309183144
2290211280
2316374642
600501910
1925374170
2318994143
2326093710
2285901781
2324068448
2324061120
2324061133
1725944527
1624017355
207351619
2313037867
349982368
2315665208
122539413
2296269772
2291120791
2316535142
863985156
2309486498
2280004410
2219793599
2307742236
709378761
1952694523
2299629290
1883659992
2267279088
2304027864
2294370557
2173155532
2302269908
1669340586
2302186309
2291769137
1141349724
2293659499
2299331408
2299302284
1284814963
2290629630
2282383009
2282376222
2282375334
2282370584
2282369600
2282374890
2290638979
2282372312
2282373642
574172855
400765075
2157483050
2299106761
2269865707
2296600806
2286374942
2293553839
2293543542
2292744528
2292716047
2275134684
2291056519
2290900129
2290891680
2290896055
2290890961
2277825968
416143168
877446584
312699229
1156344793
2208583806
2234253296
2234550523
2232624744
2234508522
2234544013
2234531124
2234494171
2234483671
1976842994
1976856619
1976897725
2269253824
1925259708
1925318353
1916671778
1916677566
1916712500
1916655396
1911915391
1916734627
1916708041
2152535910
2251300460
2201898892
578850787
2230955950
2280349344
2249638511
536270277
2263687848
2260795705
2265473719
2195220763
2251624256
2258147340
2251638439
2252356812
2265504780
2247740594
2209569554
1692999234
2277358076
2252348167
1890890556
2206055245
2263895239
1576133077
2262231090
1949649168
2254220004
2214390595
2259939840
2277335666
2173593536
2263505352
2277385668
2259973290
1668935982
1317319927
2247713455
1957884132
2262153236
2259402379
2265216954
1296138049
2247795296
2263733779
2251614582
1668990762
2262197154
2260802982
2214445153
1949732076
2189683472
2204074764
2256986401
2259976555
2262603955
2160279151
2266469448
2259411420
1949751325
1668995984
2247728832
2258150137
2277372584
2160227731
2195158093
2263534326
2205922321
2262603036
1885532647
2205968071
2204006090
2247778663
2262224136
2258163655
2265042834
2277364502
2259982231
2266479019
2204049086
2259384841
1577052512
2262239984
2263906928
2266476588
2189657094
2262587785
1669025688
1578829884
2252348988
2254213836
1693078946
2256978583
2189695478
2247685104
2204060190
2265095161
2266461744
2262585804
2262216788
2259959168
2247785822
1624310552
2255849569
2214478321
2259969199
2205992790
2262076304
2259429596
2260782768
2265497233
1718112182
2262563472
2255850552
2266480712
2259960385
2254164307
2211870594
2256982141
2195240749
2266473313
2255862980
2263530973
2189709270
2265504643
2277380462
2252330984
2262575041
2262606524
1688952896
2265186192
2189724150
2259361260
1549483448
1668910728
2258151858
2259359251
2258139769
2254209170
2260795922
2255831533
2256966594
1575937394
2262595166
2262590168
2195259858
2262582925
2265507174
2260799138
2256988692
2254224036
2204100066
2206029588
2265167240
2274941216
2277549541
2277538890
955679496
2275311163
498110466
2274317270
2274087086
2273438372
1689697506
2266445460
782756748
2267881867
2244247079
1734840445
357339639
2235349820
1065025699
560303741
2254372249
2231290081
1519016954
1651747028
2213295440
2171770182
1892495623
383586041
1272604124
248988421
1627086866
1537238875
2212362525
1472275788
1932780722
2256481236
2258473158
407161245
1682178607
1659877260
2236966487
2175440213
1858687694
118255159
1150591890
243340172
711621542
988049124
493349127
1624203901
2158439194
2227346848
1955435070
2158099258
255748922
259369131
2220286272
1868230914
1798054884
1421780245
1692645061
1608287905
1671154495
1671056876
1671023246
1660549879
1660563361
1660491007
1497170528
1656224688
1656130938
1631773362
1612143282
720721168
921964819
1368750859
1391078316
2215342249
2148902950
1496068074
1093584222
2201699926
29380420
254268756
1634141030
1688033522
98895469
2190903573
2178201473
2192759738
559335411
1576358652
2177068954
2184324252
2177801816
1067375665
1675880886
1641139952
601817882
1917633158
2159854824
160267189
1318300219
461345286
478626843
348106915
557851403
88234354
2149443883
1344759536
490118691
1564478234
768050192
549689153
1642000536
1035749894
81335253
1957754810
1595006881
274151659
1700073882
1270182698
85570757
1701641424
1334053028
1688168557
219600065
418213974
792033944
1624157191
74452613
1398235411
402900225
611025683
1409493320
1625581602
1167505890
832021590
1416773444
