1870292605
46122264
1333877454
2782411809
2648411412
4462464202
3642436932
2674238942
4048694655
4449233446
3454647553
2397388351
4187187073
4390003589
4165372040
1680314570
3946133658
4165090272
4258839012
4193362813
4477300400
4375392869
4394879861
2384844521
3097417272
376082510
3294114016
3108692366
448139755
3203259200
621131840
1624079552
166590903
1622790582
3930791626
4041021793
2907698798
2444865152
3223840724
2907679303
3223795764
2444913168
2441079085
2355941522
3229440072
4042465702
3863526853
3863689633
3864161593
3863609713
3863744652
3842336300
3863838193
3809250738
3863637072
3273871026
2949938494
2949929422
2891784207
2467429451
3082310747
1142860958
3049835412
2978899463
3438376241
3337515736
1630677186
3646935013
2848086058
3645969803
3646015756
3646002754
3645899543
1609193917
1609184971
3645931641
3652992197
604142194
2551768032
2261808925
303940308
3358576636
3431673514
2428110930
313595844
3124474448
2960545279
3493675578
2235399797
2466512624
3438728537
1305778243
2846245221
3238384838
281402123
2539656897
2876796513
2862054415
2618215177
3412387607
1030495537
3295123581
22326665
3386482925
1561961280
1329906848
3258663739
231879129
3256402614
2885492891
2396797500
3293656119
