733886016965074944
763018613632688128
741606807307575297
16571786
756990781756432385
4822821425
724981315087523841
4833178125
728239970574544897
755535709868466176
1670196434
1744621
1526148606
2327395075
234115693
97689765
1667296652
63284897
4235026421
743293978968088576
2718239093
272986795
1707545593
717219530066567168
478151814
374199331
212056045
3825307939
252694478
743167075712008192
1570363741
2999017263
244783412
760473353480130561
745061734784765952
52942909
134179360
853565910
759294647667716096
757994297404731392
753942805064495104
757675467449126912
245153611
911780719
16744260
4852896717
36505459
709855618480381954
270711738
4714651758
352612187
752869786669948928
242991940
1173765506
53502841
4002607632
756054897045352448
325908466
3066155418
756231226638426112
2284139588
1433427858
710959152168902656
469107911
74508260
720798731302539264
747592418325835776
24531651
2763080418
54588351
185723734
733894399659106304
896246774
705155575135342592
3068811118
1486461811
4875126257
35253573
106331667
42245039
4884249002
718099180540047360
2881661080
1668848107
754332270849384448
708719437222903808
80956994
744437672198946816
2927222132
753732098293428224
741649710134370305
743601656097443840
717358812336750593
21874827
270068926
715736663436042240
34472215
3221003629
733881764498677761
34023470
482410789
2351157576
728380341518503937
712410457253007360
726872852968931328
213165537
93111391
338298739
741630680950398977
7770742
2563820078
2229273212
901160826
2492097511
113243806
987521630
851963809
404518699
597697965
982995216
1157143663
2331266245
384013424
292684762
514009705
885752504
4488228613
628779834
4870859956
993358020
3893210375
396148023
800884141
727875273585086465
721209064844238850
720048672801701888
277845186
22837004
715377808793538560
302275922
3224688068
62547583
2792290323
67638477
2316494594
260593970
32739250
33951948
1328206963
25416225
733651231579766784
23692715
116960062
2646690067
31830249
4895009092
714720425801084930
330319115
15258809
344812667
722957781691559936
2765155218
4132221315
317343342
42141449
220807999
712691718353649664
4851312853
2728581335
733377827601440768
18876259
250882048
893630742
728425654358704129
727749427318886401
150512060
733797972778057728
19822909
2518891128
727758138104020992
118449611
745684869116624897
746918671453302784
259252751
707374707801071616
745598995775492096
745623838277275648
1445384395
616487153
743993406037254145
4885969131
26346508
2829152737
731925359965392896
1096787952
439608838
2736039738
3229058694
4077013648
26537538
291249899
740555020286976000
703536063881584640
1548714900
735049328314732544
735088682861002752
2274942961
712477493425528832
2316392558
426824152
741050639409635328
59111408
390282738
1306313984
3240392284
2732386728
4421490737
490660182
732173579178156032
1547256606
3445295777
909378985
731159200743612417
325102575
22578450
1622055224
732586375590076418
42657110
16224367
718821952371040256
359382918
882434072
741292447477551107
41104604
487642650
4906326953
4124725762
65699341
21934974
54027855
52407037
30790364
2981574748
251318959
419787765
27453762
3146243356
168838692
2593708296
3219680120
212725463
2420554416
728968110695452673
3301624108
3262942441
21481431
2774065329
51451083
736676509742571520
3914425845
169686820
322802128
1027408974
1395790554
735594241561403392
49021031
184213254
85912943
1305818593
131745190
216802451
1641936583
4891816114
3359817124
725183974969106432
2955504678
1330157610
1262162580
1423707932
538146217
720281941908463616
25138288
2854168612
21440866
139203350
37376499
30726383
4254904636
3254897568
4416768012
797482897
737758598508335104
16474992
2267700079
501750780
93583928
2417951993
4083661239
160310194
716972670571716609
27968672
866504623
769702230
3033123912
4259652328
705204465930887168
737220569247014912
3919901952
4894218225
216385540
74175586
4498266200
209621926
705309332867420160
714419097262538752
2582983692
735359323543621632
242176959
860530914
329066686
4870478255
3455796672
705865207718023168
278315777
712786914273660928
702088793172475904
568658436
1694140004
885823694
2220772032
204161510
769480195
3222812347
715704555565088768
2818555806
347851952
1262142966
3489919214
3061834158
3926052804
726604502082572292
334984455
39039284
87480406
717336516440285184
1702731
4147751584
2856180336
717879068826419201
4902714075
1352623212
362290415
725154675062755328
716313786660077568
701711687468994560
4218363287
724487093137764352
720805498270814210
719472023915732992
3127833798
251341054
21970442
3814387102
2421047521
109854452
65401126
722849321427824640
95094652
580312540
1584645799
23098409
715961142024212480
3024410127
3444104657
711439062519910400
3305406949
702261605703294976
292898176
100880543
1477241472
17503642
1278144450
405561109
3092183583
3237109164
721582296009039872
44320262
2975502085
195510109
709177675991146501
142160966
2373857028
22493007
704967105402114048
708933994147160066
16300160
719775577096523776
3851520374
110803365
2208282312
279668945
3308594236
710643313267716096
718961335904636928
4754402057
4902016168
47467614
924033727
89445949
43809636
28654816
4785292626
3664920377
18992938
131473746
2936790183
3112335706
362094371
709383098476175360
913033651
3392089679
1952905440
3743652503
400352771
243444413
4432280356
3953695528
705509322856468480
3190138178
398696201
714870226693857281
4069363332
3854647334
714978702761676800
2739446098
706776402054541313
714562647635705856
1639395961
874405711
3683113160
850633633
701466738802585600
4541726055
424207107
18298094
707292879455019008
3463241362
23860507
1398701342
138496189
706804703536025600
921824922
163194830
931908926
389841834
4910014602
3013980577
4899610029
706990010042601473
708103190202478592
973038127
614165574
3085345895
343535198
78776348
434295005
156336792
256295544
319938963
3081420210
711454551505707008
3223914997
252353889
2184797541
868130508
520029915
426578718
525925642
1864755553
462132518
788672802
469845522
2237817498
31601858
4873152994
709076015302254592
703806789876207616
710244184876167168
709776957110489088
4886809827
709248442564882434
19788748
3921338913
407574944
195829353
4177666221
1344713761
575815317
15035209
391785748
4349357297
263455809
1707218797
1904253714
284255856
53038543
629394432
67185626
30500021
3784601953
210818055
1607176868
709136840654262274
2853815035
25150354
194301585
161511153
2294939966
2163252930
387707281
4065475151
4443967163
702936621402861568
700723240793088001
2712532394
4105037540
2683126404
707291191100837889
118048366
705466148511420416
1072478329
320821564
737807599
706619280524222465
22997050
704833185398394880
2765203073
70482818
3920426061
14209883
14990794
16028985
2547765769
707385966109925376
4727615168
296068607
51291991
704698932316803073
702744191676198912
705683747862126592
4865738085
419761580
3260919876
3599475675
21955533
1683801943
4881156076
703957956392587264
354448187
701488129903951872
701804482129215489
631704732
702779991717597185
48911858
30758317
1677274381
61609932
2601873347
1300823768
3219163523
703930800933212160
516659392
4857836983
2196774139
169701996
22781012
28674574
83861749
702068073625468928
704289848673357824
195644877
991634754
76370519
3082986275
33392809
1950899839
129891935
2726275639
2368263690
552527556
20680399
1735969045
3412703152
3020137681
135929930
33879063
2507276972
704779209886048257
31255434
1859515387
704405244147474432
507808516
14545012
793975748
2511614201
2326576213
249938201
392257203
357223929
490401229
194771364
265692306
58896487
309422920
11805842
561648188
353072465
766346635
15288889
885105865
2861426208
845893680
2560148358
4764077293
4675190990
113899954
17178280
19463681
822411577
243438124
751976443
4416452541
2965284615
4893750558
2831821272
289520629
1199596897
18359057
4577399602
286680865
4816128388
14820792
51522136
4692638113
2242541190
1003669872
37308433
4734660252
1246900826
24719342
517946537
4732288278
19427164
818552652
542129895
38465698
150837068
493636177
2188860223
26348896
3891108395
1549482409
3698727339
2735569132
317261392
53309297
255791035
1534946197
4861766581
4896655559
2814972830
246220722
2922173583
702628162941771776
4877208435
4917963332
22083654
433362653
458973728
4164210783
24402513
264451340
781288694
217257028
2907150081
15115280
29471556
703282017408983040
2844693572
430657044
4899386714
4147052681
1314107029
479869733
4851006331
2650797529
2853370361
291774022
3384430318
59134216
25920303
2990514564
3266623945
4810361713
3166323125
229518601
282354610
4719054049
3404704222
25855350
3108106009
63160617
2209184731
4251095188
262312552
1004409242
4803518233
2686614342
407444413
54708789
713826316
2396738862
2453540430
4113924814
61104689
3229506722
4893706959
1019735209
4165651033
4451573663
4827926451
2796381162
23900498
60972923
3164513660
4759057768
4134484159
22331129
43433353
2998943975
24713574
4624175472
255581254
4821515421
226646456
32189132
3427631894
2809234257
23282823
587253172
503792483
381185525
1184544560
2747035544
4339608079
97792916
43429485
748264116
264931947
32130152
360771315
85219527
1935600896
1276230601
3184840243
14764149
4856971933
62879222
2339913902
3352551561
4770303330
132952814
60644777
1941136946
634676291
135395091
1284956808
49379886
4895587347
50393651
444061175
134312357
931391137
469371578
291546336
16000856
1016588101
18082945
4859189895
4851327989
4899725549
18874834
4354153941
1611021936
468587989
458256650
2841129183
3748742473
990627116
313772276
17686959
3282168499
74211907
24029986
414977064
2191568058
17064233
4005092840
1190665808
2341358222
3133064804
17172863
48599652
3258133034
779376206
4584282501
4912118457
50164886
4602469394
4850192153
123429890
4909991121
297191567
766547376
4476084275
32242327
4159203832
4142163314
232080325
77329593
22873947
27279989
31403779
4922275353
243001984
25377285
21043723
2782805711
30333539
4902648253
4878665043
4913778796
3186888841
36870599
1562072268
329159493
1374717445
32921077
4877191041
3509458035
843863647
3060235519
3309654696
48088063
32168059
3167183369
4871954015
775831849
134917795
4903480164
4893329892
344747525
172326010
1634552636
228015335
2964197287
4650885269
630321272
4585971972
100838706
16635063
1593195907
4800796580
4878666753
2574904722
907186650
377021384
1442476447
1928290020
3312349380
4894095909
22064255
2849886237
44363702
754135908
612057704
4579781073
4353841283
480900509
59702598
260977202
555814348
191728014
3318208598
2176610345
1965905755
39606118
1385701747
3006487744
994453866
4729801216
128051555
4831215383
202366356
113349253
435459729
4188375983
28058517
49948272
1328046631
331377273
19802846
4789873223
19848466
4794182534
4311393022
2665382287
564074974
17258301
1894979629
3320557224
17472418
65386693
2840915387
3150687218
2926851022
117983479
322874617
69384446
1329321326
1677169333
1244408377
1278973044
176619668
206844298
2937516482
978597932
216152307
21868866
874846453
3400961433
3036096284
803794298
3407740282
4841664871
400188508
1885129123
2206004875
463865748
16444544
1660488488
1932816230
705564782
2744430555
113153792
15930027
2827479370
4834521440
1276312562
285434613
1934787661
20681628
2199157746
143660061
3355731760
2455252141
3308535203
2785095528
3150434708
549607267
66914769
355152744
19052834
4203449713
569487350
211956557
2841747221
2400901568
24740260
22537703
3317414869
3265732057
3354347385
19111563
4867831930
3150777746
21027387
4121272901
51796158
476315898
3041355094
242597627
2608302020
3398770055
302991001
891377682
3237255511
3540795554
4187444843
2581070247
1146111768
51414745
1513958744
2801229139
448203900
323271922
4860631505
2489886325
34341362
3320933284
185203900
104290832
1571317760
3573336134
3150098774
148564101
2573993016
1909087813
53503202
3091521770
16392181
3334697788
3291670195
65210574
3167335095
2344328664
4003361968
4230149657
3298431304
2275042470
4180434507
3718748952
3353604197
4221857565
4327242015
2706009970
18825344
862131258
99886248
2280037440
15877452
1421631721
36713347
266326338
4770066560
992081976
3818620154
238648688
85881268
1133069796
468865743
2921006676
87957969
133063757
55310956
4330910969
25605631
18660521
3273997009
38597673
3406500304
15268490
290499900
2317469693
275115688
1005186638
1936187252
1920868981
1626066301
372053421
700031636
119298104
564218050
81406248
3644280373
107727858
26919151
3756254961
16168401
31516646
2975586611
607622157
4739088137
3103213542
21025381
253860949
214495170
3343850290
1428245454
3160268393
543780273
1075939369
2208500749
70279623
390103810
32626943
241384833
422181027
2360448613
50398239
2354883653
2451869035
3859273932
2377977842
2244729336
2218730778
748761679
16146535
3349433536
241368198
260590025
4372360522
3509421138
18220818
3426768574
2173646835
2670772172
1592246006
23803056
591297698
116630205
436314047
32489614
2788630765
3249374986
3390254459
24880446
1544592642
4438184123
586853452
191463695
17159787
2434294310
3169035458
4608651678
4240921873
22454663
107290835
3059045779
3217694460
19088288
183753455
414257018
2565489511
2973590788
3370338622
146160591
447552068
18382184
2667470454
310913536
