767899299006943233
56347084
743372876724613120
2842849883
35986720
3272237022
735459267722006528
716107599041572864
4822119385
31212830
4923529882
453582895
2648943034
908277434
766732293272510464
768721808
768713124
1674276769
1550404806
758658565980717057
766763848397234177
20520465
758521248062189569
765309597947133952
24400071
758034801727332352
2150199724
747938304918695936
2332608247
332888709
701847649721442304
742871084916084736
730453829687377920
949821883
713731054906044417
4562593367
97689765
755808822506041344
2665614127
16833475
746601540631179264
1012082191
764910554867576832
1604224146
21474305
4914121040
116504222
720952746468216833
759201072397357056
1666453644
335576999
1670140512
737659679573049344
2440935655
1666007197
60257586
245153611
763018613632688128
1694140004
1608321360
711466992
223903065
609876322
761821114775461889
759905370873618437
2768557979
762394668193710084
763648368514072576
4019324296
1484354562
747891181338525696
486359270
3066993595
760345136085643264
739125689211707393
3177445882
719099480721723392
525522621
3784601953
762029398765678592
1543944841
4852175399
25037512
761439273077780482
709122944
1669627674
520460203
237033680
1611528720
749510483326087169
258445244
758132704470638592
478151814
95094652
3576200834
744231688218238976
758765283192430592
3076704309
760340540231553024
761022147795955712
25720057
1663277377
745324584027598848
56095492
4896734493
22806059
756991029778092032
236149457
18992938
743628836235968512
296610784
227070425
2680188013
305401065
4890494475
151292615
705821020444303364
759925128549597184
244783412
2823312696
4839064522
744437672198946816
758121111917826048
759294647667716096
758290263005466625
60403862
3138866536
748463711472459776
757816179272527872
17113333
32671625
757856971550633984
344891712
2535637739
4832017176
466602597
2167340796
4874887923
757656651914547200
145341828
3407054114
745970453030678529
48448141
757675467449126912
757821163598852096
720476469277913092
17249962
48293556
4254904636
16896548
36874526
757289318863863808
2389984039
754332270849384448
755075284035112960
746894983093846016
718138956911656961
32599243
212839284
755057200901398528
16205960
102310805
3249900127
210658819
22165261
1516335350
1284956808
1317404563
36172574
4181803874
741335680379297795
4877136526
50936590
756231226638426112
754923042564964352
16690859
2519690555
469107911
59786002
744482408699813888
755360297192460288
1276323386
722126265298382848
274253919
747457067938545665
729370090022576128
242299305
733902810840858625
68485865
100838706
16744260
1345613497
343141985
753996451936468992
741037906249187328
4838235741
3322033363
126196081
18660521
542947234
3663213984
74508260
18874834
2149910088
32206125
199784543
754007653295198208
750254125082812416
337807078
586077012
50850617
524024759
754742419476901888
270439261
628779834
754530611260485633
754523964643377152
753935246756810752
357270133
720048672801701888
276998439
17995409
3267182646
3293008812
1441673053
1005140833
1957573302
753395224655884292
1034516960
152672074
750024293992529921
715736663436042240
16571786
3019431692
487449405
753081780152987648
706317600024702978
471648820
3242186311
242991940
2488126657
16552994
34023470
981250117
752370294312935425
749367102490841088
747089950936469505
1423118240
717412471741497344
103643558
172333321
557492113
499609429
737984076091531269
2657001800
3153112325
28439917
705540481795682305
3266623945
374199331
748124295985954816
71529455
210684204
750714954194583553
235395935
750771541051310080
232330159
743010925167316992
750645997886464000
750651676923719680
1639316617
3224688068
750425108863475712
800663185
2571738977
750062979358437376
2189130356
586976360
15726120
2588699732
40276846
15538804
4789980086
22837004
729485564794175488
749283956189720576
727875273585086465
3892714043
701601375487004674
982995216
746918671453302784
15872716
2999188254
14134204
635771645
743574360309514241
730097447700185089
742888642973077504
4656972496
22106033
745061734784765952
65947064
728425654358704129
459520912
744347414413225984
723087509517946880
747457993063731200
164397635
740016651790323712
3068811118
708282547487318016
2363303218
740782409210339328
1075939369
128429068
746587454061355008
188684410
26346508
45850693
745684869116624897
707374707801071616
23234992
743601656097443840
1305818593
742929167495368704
4537723216
2280143196
26184882
85298635
745623838277275648
741892129547517952
745361875966164998
63284897
18480511
140842152
2486557987
2164480106
1359947880
2865195298
830052548
257559567
2875329094
127537805
4077013648
4264991590
744181077124620288
744481769576095744
34243426
720557830563094528
743929431358644228
700612409023557633
2498397335
743991753838071808
4159727836
38457045
2488982845
2871267303
743731706780221440
22583583
1232734633
93583928
338298739
743428739879608320
129352547
2196774139
3229058694
737428349379870720
227383015
743167075712008192
311613071
41053534
249702078
1340758700
114663456
2801229139
20023919
297577989
2487044359
742903596144984064
362290415
41745189
16191106
711769452493209600
2162988421
2183577439
733932196310831104
4787208975
20681628
373650597
1659160956
27310584
4830282013
728060602460086272
2227369292
741776917683146752
33558181
734933729328517121
741618959628259328
741535101318660097
4776800072
741455812225179648
730900323204628481
741339878399574017
2575360416
3071403307
2267700079
3653083512
714562596070952960
939270896
700877796231536640
740848382009352192
730568102446931970
733278643007459328
33902338
3043262663
4756437972
66357168
740213406200827905
740436212641595392
27550555
720796341308362752
732633469671624704
4847876100
2373094281
635467994
709750077208838146
23038091
698845831340781569
4926299285
4826735173
740177486546341888
41590477
430057402
3159693105
39823245
2528590273
32694215
295225623
705309332867420160
398959859
3159970379
271038569
160755106
737758598508335104
739603525429235712
3282681110
730148430681493504
718879191320539136
589448567
4886779211
726821606761357312
405229960
739295846953521152
866504623
246570766
250882048
18678196
2332749517
712691718353649664
2988919318
705204465930887168
30657398
20695280
28252981
49031157
2730558604
713843816562880513
735594241561403392
737369672027365377
634676291
164695128
726699782371160064
715548978473861120
703637991168737282
370834155
16069119
35253573
87957969
3306269147
877308955
2580017064
4165207827
163655954
16351985
4922069950
709453315474636802
161933872
14914492
703536063881584640
2742312210
728688702516568064
737679261335719936
726202801299161089
17344350
18267698
561648188
234306352
187206562
45239771
55657488
483429828
717312364312330241
45571759
28926547
705865207718023168
147398785
737013616830976000
780269431
4416100286
240790026
291249899
733384825650958338
4843111400
728596984685207552
4274523498
736150173664063488
2174771983
244661419
815871284
3914425845
3346488075
1466184158
705155575135342592
2393931408
38327566
3349937001
2396444449
2191568058
483360857
720384043016200192
632176589
217974888
734876202834526208
4803636809
731103396149633024
706001796674801664
4904668651
726872852968931328
733574553289400320
4259652328
734138576485502977
733651231579766784
731155398422495232
3382278592
117912012
2669717348
704922048167067649
16600574
2952000088
2683977966
4902016168
702989722768039936
635567415
733661391060623360
106174697
733605627319177216
1176846456
3672945811
4845645216
728981660566433792
733003796700377088
273238298
732725828404936705
728380341518503937
20719345
2471494160
720054910184787968
339283438
716511927007055872
171395167
2186453322
720048569743331329
570991688
715792228808073216
721377004092657664
732497982688399360
732431853164974080
730950276996337664
2165281866
4675757580
4437493517
51796992
1548256980
727307313120313348
3307417512
237022132
732048634557108224
4301962823
61868777
701466738802585600
4493114113
1324518146
704761579825471489
4852472996
710959152168902656
3072239888
2884800802
731244730445631488
147973677
3010484558
468917461
2163011485
731121642600960000
549742082
704809001884766209
730140646283960320
177051928
3024410127
730713620242399232
134495951
3385951406
702961493092896768
2854438224
723871744411324416
21279340
730003436478009345
3385065623
261035490
900091915
4545208641
730061957898874880
728714930430451712
1537590361
705119727216005120
913033651
717729644867260417
729960645110734848
1944101754
705100061731135489
282311572
728439317438173184
574166517
729294150345080832
367271007
3427200023
15984495
34823020
4877442046
25951348
717879977241391104
729115623704436737
4333732287
727402646148157440
2163252930
729046619656704000
308468351
728867325374517248
725811034334879745
308959483
4334993781
54496494
493636177
722059929217929216
724773643222306816
3085880106
3193493579
720339873933053952
2261386004
726604502082572292
253860949
1648639159
3193858183
636652493
1599620792
4754328382
53371954
718193927136759809
2839452899
726947932646166528
20106586
712082828138319872
710522692189949956
31652154
16552105
2338340929
3301624108
227010728
319654586
2508827207
346231783
1708305282
2691129494
755544986
327561051
142327671
253840687
727375493515862016
23508475
720466281300930561
949774326
723662099390423040
731816005
1663566744
722615365172400128
18388812
167478588
3179207340
725229726202212352
726605300992741377
705843242244255744
1278723385
3165245613
22320389
1920504600
725740171099004929
2813557472
22218537
4597179619
24435428
722148260811563009
726355733370028032
552753788
351371990
3987161712
721100260597239808
726135971788378112
4281574153
4123554136
721209064844238850
1119245714
2349010292
402112868
720818148564279296
715552429446721536
720618710944391168
722628808189161472
2897914253
720720024751607809
4142549841
2699514037
725702280159350784
2291304307
724774382199934976
331445184
716313786660077568
2402709036
2720313127
30899109
725417745957851136
954668976
1394869098
724373946561232896
361544166
725294412151009280
1180539139
723195288450699264
2330787516
21573816
3009487417
624509971
632284182
263234033
723453450487488512
720795286587707392
42841713
4902714075
362074693
30498550
24720141
723864596864471041
716895858801909760
724242306820386816
2792290323
722673844620828676
722601957420994560
2955265579
719472023915732992
724357237439762433
36672360
1316985248
695734670378541057
3112335706
724335691291746310
275743098
143663678
33537161
715689233609048064
887562596
2405206632
23957625
939921812
1025187769
711197990094905344
723821393691959296
719024867820089344
3386453831
3379389076
439608838
256295544
703488288154193920
18714928
3312840571
718375439367028737
3765239007
387914604
722886915003777025
386258998
632873556
713810463545561088
1216852339
3247344656
1600858730
723116801123557376
359123343
705522154285064194
721554695928434688
117838064
2414073730
2948622017
2975502085
551372332
15266000
722518166895751168
14588077
710643313267716096
44320262
3312913612
2430341433
241839490
720446894397333505
4865488445
528687422
297191567
712786914273660928
46522067
704678245732634625
22960461
2563917548
722126886999089152
394072560
616623398
423985664
2743270227
109162981
704734240672452613
309750590
721760683080036353
721856133166665728
713091735140708352
518629818
976371649
3051461961
453321264
23098409
2826806322
4857537145
3718748952
100949009
22738185
19822909
33530321
598292943
23077023
116416014
484158129
18543858
28201999
301854647
25281214
4157810853
52491577
3145422852
120877403
498402567
2293340208
20480704
549449739
1924395420
16106306
182722893
298298531
128956459
16721452
4160470229
296449773
720672555263225856
3229240678
720770789398556672
195510109
222727342
3087708577
422974854
16514204
270711738
707946321043431424
2755122787
3305866119
24048473
95934004
84685398
161594344
4851966645
16300160
716138642960420864
416388064
155596997
221973133
4662575473
3307295642
3439507577
208628376
3237109164
720454333775667201
720047327168303104
4904126730
2368263690
851963809
422270949
720379653827858433
718561226104651776
720323699598077953
65401126
4821515421
192325254
185680169
719699968362168320
123386371
725754044
184424927
714262400392761344
25251838
21432000
3217694460
2271084384
3308594236
1228651723
862131258
713320651
540774268
4065475151
31999788
718390743392514048
2843071465
257699482
718642506477412352
116097393
3814387102
716570246761603072
747323215
601065065
16489581
2158725531
2907150081
4074792076
16640037
3237055402
717765437849780225
1909087813
629414388
611337173
715704555565088768
718627593780465664
126008683
22807017
3590632753
718283360540442624
2794552214
717946148896440320
711158759494721537
101545145
314547624
711385356491423745
36559448
1344713761
347834379
717734166230540290
3245615601
705428448618156032
122077593
2595934822
715082053570527232
3041906633
4886031841
19995258
918833971
81329146
717698852275503104
2712702987
3429352367
1109996810
17960587
4665601703
2795729999
1359786637
2276703510
4867349355
24198882
490401229
2800868443
707090740522852352
475711677
2717172436
3250107200
32820396
715341308940910596
929428645
264451340
181622041
3664209856
1490534736
1596167407
550351342
1539564943
2538315001
126928542
705471136344059904
917160210
389571705
51522136
717621471993020416
715926666451804160
23825051
2939160699
18244311
235231110
27320992
4842041993
710928458633891840
2481039936
704060092065423361
702628162941771776
714482749122347008
18777513
4921955894
621394236
95763291
4785292626
305017129
3908374465
92993885
26324254
385982380
637030270
16560956
18957326
81329422
40015782
126853986
2165395147
434401572
3087775833
24402513
430158102
4243957098
717128264326713344
3207019157
1584645799
17756037
2767666999
390261114
343618991
898822854
715961142024212480
4853752222
1575275636
20687407
194840541
222205963
848518471
48607613
1636014710
188222388
31830249
17234928
714630812042440704
65455370
4488233199
65764972
4697421558
899136540
815931824
556340189
716751235215261696
365342398
712410457253007360
31537809
1873539488
4473903514
244766880
3664920377
15278752
355683234
4896399850
32605697
32716311
3102583561
383866418
243444413
24521746
420501578
702586597808730114
1525841041
936617293
17971887
712927036583620609
15415774
425310081
1052910343
23338242
3013673476
22076807
1334058559
466200317
196738752
112085310
2385951962
1378400306
22796565
1696700695
1153965943
20887818
4775149578
18585570
2877247613
20701760
405376101
19451430
1594151528
871001106
707552287519084544
220561434
1416898591
3968916747
60684098
34333723
3291196083
2354729094
4806935127
54783149
584425848
4735055657
714870226693857281
395697608
401667466
1289801750
1128928075
1660488488
345453146
410165994
711758030770143232
1651087532
153567874
32522055
701133859547541504
568689562
25377285
2665149903
411720060
312157925
245597222
21495530
22305805
2317484126
3079766073
4325683888
2999497440
101239501
339433442
2243149526
464393445
164402684
582414933
224891694
241934683
500964456
21209917
706323837843996672
2518891128
760017242
18811659
3245596846
2925784304
4467487240
2563641516
17963376
597697965
2216532829
712449107441229825
16146603
1708818446
15954662
535989311
1955955908
715377808793538560
715770511389757440
1523759352
133058921
520565785
141237418
1135791817
53976689
3412703152
3232524201
2712335673
707292879455019008
1429224510
714173365611683840
922890204
875800922
714848510764576773
66686131
4905225754
714201902209179648
246362315
110803365
74419021
711241884971171842
483885808
2147601782
712364895174430721
714720425801084930
4002607632
706876290595495936
2711397213
513872434
708009857958486016
33009404
18914244
704519691075608576
33713084
89901789
712051759221514245
468900571
400352771
2915055716
789182054
413533828
3009170742
1067914628
1278144450
17217502
399178595
711720714148167681
4719054049
3089024884
711026018048286722
1022293861
49446566
52775857
371472094
704205519158845440
714558978131255296
509641330
3244370974
2726275639
708277430402809857
704469311339962369
20277036
123921028
86121008
343535198
708768395987165184
3448466178
562382031
68389203
21025381
1477241472
33253412
23860507
79364420
3188024820
4926310961
4876296974
923964859
713712051441434624
73020234
707049498745425920
4729801216
708309848
75403792
3150098774
255791035
713475763035439104
259252751
704448841232183296
16653846
21879831
1917886508
129891935
3392089679
65272235
3020137681
706990010042601473
713166548643356672
711414084047077376
2339913902
712691447410110464
3360332235
708268543
14670431
2382321121
3818620154
711639772809269248
4813986674
702369788
4833128677
2615012029
4873152994
1151441124
2590382024
2871899817
1864755553
385741477
2834406335
711985199328980992
4851312853
711978943377616896
263455809
3010794575
1288954652
2998943975
701454656933761024
3167058077
15035209
3310229336
4541726055
709091543089414144
2166004434
24757092
3406864212
4857709263
2817657692
711647356421328896
704203035157917696
711575351856508930
4911495453
455336719
344607118
2883516707
434295005
252353889
711517412445835265
3395388867
711409408836632576
3303227203
437233093
978355454
3073997628
65200710
701870457213947904
117179079
709248442564882434
737292332
204587633
1092894110
312317440
3299331575
42924745
710244184876167168
695365245376696320
1890690288
709776957110489088
285161385
316788501
4919350494
709692684219232256
1677169333
2176191584
709076015302254592
32486821
4790585689
16028985
709772349281710080
709781575714471936
1955877912
708337996475580417
863469548
546019031
402324771
709906193918066688
69622116
1061726592
696938120407863296
2935388514
384880126
701488129903951872
67185626
705402570597134336
183591014
334874382
3342897953
861508788
707332080171151360
4899610029
706706552363745280
21707139
708830884300873730
4509672795
282836650
4764953297
4870478255
2794535639
2411910255
701552274766606338
2801092265
17495182
526840862
602154566
708477796796895232
77529321
2523727328
4925584401
543331182
1442476447
3772054993
4876487213
707291191100837889
2784552558
700450353809113088
707972248662052865
807557995
169686820
251341054
705889585587421184
3919901952
707939598182133761
44844722
1190665808
3783133781
2861426208
407807940
42261611
1170862669
695439278818488320
35885825
29679790
3698727339
22831555
706658301702971392
4860478813
462540367
3321386251
15240851
707483638208831488
702779991717597185
707385966109925376
706639440467402752
14812594
3254866206
851859030
706342982438539265
390914510
161511153
4915169428
1720345368
73124948
705509322856468480
614404463
740600552
4881156076
45436403
349425220
448469153
700624438631354369
1351920236
4915712265
47498331
700938924282269696
25022491
51451083
62879222
3375005620
171588704
21263723
2231569590
2971477709
308376446
390871492
74211907
4860675752
2785853141
4877208435
2761306907
3320933284
144402222
325121444
131128310
3509458035
21458110
833420533
49379886
1634262702
1270101109
1213603050
3150051501
1003130904
1321946028
45996465
1265250283
4252809434
41837557
16671425
858646280
1571542160
313593074
159608463
3150244351
703040574862000128
3436790726
49764393
2667470454
315413807
24287326
705684824502235138
580130219
704525302584774656
1184211744
2848847405
4838626709
822411577
3920426061
703945034240909312
704117675455188992
2209184731
133946836
4856134972
125400853
4912469403
243001984
2756388564
4815569620
486731892
704405244147474432
720902978
1060590534
41147623
19463681
37308433
22208652
265600371
2796903343
516659392
3953695528
1567874150
4827926451
704388331417821184
2909967123
410794657
3183427777
17397880
466205000
308501672
538248624
57712004
16635063
703986918925664256
2964974777
512076466
1373254225
4549791867
158234226
2389729930
30849121
3223914997
3406619409
2922173583
88539966
47467614
703645438981836804
702055122612961280
93777935
57750835
3318208598
700520051300917249
4795576418
134312357
4164210783
128264453
3002922157
40601473
61053656
229518601
159086467
139759080
6013272
22262203
16215350
18778653
18737621
2275042470
3309139560
281679641
25464300
244740120
700723240793088001
700696813360132096
702459221481099264
4884249002
568091903
4893750558
273323162
532635271
541104251
50889813
701133537269915649
697992894557392896
25856905
3918296714
16157204
326430895
17684104
241355790
919668458
15379585
813627000
1534946197
177227260
554327696
246744893
3011387147
1223023370
702261605703294976
4910014602
50191146
274299871
2976907365
806816898
3761572816
1548714900
4621651163
3266526978
4877191041
594154559
474469837
1872853272
263133165
3485382014
3880198877
700600641396285440
39609732
1346140112
2396738862
25416225
16000856
200697773
28722984
4186055539
196464715
4855874126
4354153941
4727447810
2930060695
4874896845
701469918403940354
203650771
192698391
4879473316
1401422012
319797263
4651872016
17133231
698515993837092864
3067768709
4721679323
46887082
701170297701969920
868999994
931908926
851695430
49159747
32189132
555120449
2313965082
16683842
223900998
31516646
2184797541
32626943
1229451474
4871218083
931177568
49707896
3439047268
3856576054
4924751397
63160617
382268135
4159203832
700734327298981889
3103213542
799333976
16700510
700411357833928704
469732090
497181988
4017653352
4817772331
4846125560
286680865
482274576
17172863
4554876920
21027387
311677386
63527064
128549847
376876772
3108106009
259827929
466992330
1897723183
59702598
4893329892
354523574
820182493
4909991121
3167698211
4872555615
57141572
51259550
3219585636
1263148512
4875126257
115094250
4901348296
4909075047
3166046356
4165651033
89790166
4816128388
223406575
79920140
19915883
606907410
116960062
4885148617
160310194
2156190929
793999634
4901878305
469845522
25564023
1494027864
3080884331
292684762
147712159
1639114092
3873467952
772363478
2665382287
489664816
999603456
4400267297
3156381795
2736039738
1932816230
102618075
3321712610
4893706959
15930027
2832570943
25077489
4893031932
4835062336
4647876373
2419624497
2492097511
483771071
2224365704
2550432126
843863647
3301840733
3107542521
267853140
4005092840
507808516
3273059468
800884141
18848969
254093211
368560613
25207598
834370586
4794182534
4311393022
4888862349
4888689179
2732944034
4873761282
2277270561
85760479
396148023
4860215351
206844298
52789953
542721171
1537599224
4810361713
504695887
4800796580
29063926
19980041
377320794
863144725
2780700737
4859848251
381666934
3072094495
4828283970
138168339
1155049699
4841752965
1404836796
171597425
223251188
2834486477
27144549
15040633
4652472672
19214412
2495637565
751976443
2272767145
2649357284
4846222710
4140138012
355152744
199426090
73307828
4868345871
211956557
105800618
32487224
329159493
31095945
36726043
4375506401
4462025854
4789873223
3156120964
4149690013
75905761
290499900
1141130401
78161129
596011347
194301585
3170437492
4845592611
3425550706
411392144
2412115319
2816440097
1255397599
30626499
4854216111
2967544548
863929220
1489282818
32168059
931391137
178581230
3363224032
4739118915
3065348142
2840915387
1869575251
14624190
2810238013
33684165
2827479370
91654658
490910776
4805087952
101798138
874846453
757171202
53409654
3161031622
4190897895
113153792
580906564
4808999989
3179053110
19111563
19618562
4447023742
76829200
4517253267
4836683385
550253258
459936259
4831215383
4585971972
1190035418
3131486729
235840781
37924671
370882820
4453179972
18138592
1599764353
25474293
47481357
4584282501
2591867222
279015682
493927769
4476084275
4825402078
334984455
4175155288
4741753934
344747525
3921338913
4702245870
2781283915
2514045312
4224305416
726097086
3959124502
4775254460
133063757
1562825972
379327634
860530914
1583787691
4203449713
28058517
15588500
301055281
47096351
4768766864
465878909
1421631721
253344989
291546336
4643598676
22090204
907186650
2378003013
3436249294
1411284846
238648688
320821564
4121843774
4377991276
340364722
4738668505
3082892500
4745318460
16351724
2455252141
4660403303
3222432010
3080781006
256983279
168518243
2218364623
17081302
930160098
4675697964
20790346
4754723895
813902060
2201782562
3599678176
2798126779
16168401
21431535
2350777004
3744158063
4739088137
1097274860
4759057768
249761195
33739584
94345591
470569138
1940041202
3854746393
3074470992
70482818
863444623
2570560126
2747103027
97236510
100485205
262343616
1246236312
21156979
4327242015
1329321326
3926052804
4702765339
473526316
37305241
348585085
455616242
4687199330
4305471562
2650963080
4591040599
241674327
2807866315
1930884421
46170476
34383891
1630152954
422181027
16223927
110139189
4698571878
3298431304
448203900
163753247
1532740458
2782805711
4693638373
4693445774
3429205642
4509383847
4611470301
3190388565
2431837695
494421276
4642561821
3082986275
4654484235
3179111985
2937516482
112003104
21965848
18006752
62618826
2354883653
4499739029
4105287973
1005186638
2706469412
442911245
1261956450
522790406
513527463
1056623779
2956713983
4606946533
3035802253
2768922304
49448459
3258133034
4266518721
93984069
2995080243
801641258
145443212
2464280095
4372360522
4123079112
333022930
3600025339
372243987
67638477
3301966181
3001981171
27004813
29839622
4585258933
73050826
4562583915
3131384871
27494257
1941290466
3907341980
580312540
3308535203
53689778
4597684513
22331129
751498676
2421047521
2367537494
4518810927
3320557224
1271204574
48417802
4504922795
16672662
214495170
1067177034
2717343165
23629235
279385631
1572558588
3321000445
2360448613
28009377
3087770037
4122277847
142979922
2444996311
4451275995
1007769486
4288541004
1944865430
540455580
4152365195
4550775871
4450179552
97897738
3992251518
18412225
233291124
3723951374
27245478
4396872023
4469773454
2181169681
4149863056
3306038743
714479521
3984743579
397158263
2416678106
385695556
60718655
4416452541
115416936
2969992499
3229506722
99886248
104324029
194150366
2284139588
2326576213
4451893895
330319115
4432280356
44545472
4221857565
2931977180
19377896
2409501757
2686546136
552527556
3856003817
49324978
4428831923
2942281014
796470619
4259423111
2221979695
64009474
32445128
68291288
53076571
4070523375
2377309789
66402138
13786542
4446964873
3838028674
2917715912
3971498722
972826051
2730550162
567925509
4382391137
4187444843
15138844
2223546312
3179209105
1629311581
4282263912
32909028
22064255
2249083548
4353841283
4150562668
205796999
19462341
3683113160
3006487744
2281228849
2358319206
4340754495
905145907
1291868311
4057696054
976356878
322874617
3153217190
411033427
23198479
3082370998
3344005587
555288041
17814366
4266557290
1937078016
416322035
222512185
4042425496
57174187
132918446
2434294310
630832318
467998720
356795960
1095548593
1392542208
284788394
4240921873
703615920
4260505288
269129912
497530684
387707281
4179319097
44363702
172880019
35129324
2934009661
1723533080
826028858
2609692498
4147751584
2367196999
3167183369
20415005
291791340
3278938615
3523088482
4249059552
3398770055
555814348
723175496
3413810013
93969907
4289735084
144715090
4117542394
2323065013
444749207
95297680
792119786
593513239
4214363602
630321272
967518751
4115447112
3060588907
128248023
3925370775
69587498
2922265150
715014955
3091316093
444283883
4260001812
2251082035
840018332
47554499
23319971
424336839
114505101
2884549427
50833422
700031636
883421593
551239859
21336298
20371573
2432221788
18353495
2229273212
38280671
23262079
32327832
59816192
19402593
4206989953
22846618
148564101
3344387495
4238609173
25605631
57485638
70279623
2874309459
549739575
3317642917
81406248
3144609056
467406485
1175414119
26911266
1090294188
4166749971
3152112661
3479345307
3187175946
45379019
3854647334
17643390
116630205
3025130388
1693446168
890675971
4149949840
4111959020
3530554097
742050716
275714700
2867764380
381971674
97271611
783429787
232966858
3424446287
1519723458
369770746
4058267537
4141043534
60327737
3509421138
2280037440
1115440075
250274707
386352968
2457340711
4083661239
4105037540
4060099464
1871893321
21798936
26919151
200251856
3644606595
15315204
20663138
2938467831
24995562
164732631
3027307275
730903932
748761679
2273953513
259500938
435459729
3369901827
15877452
3785297354
369700665
3611205735
274073187
1429139120
3025939486
2975586611
495511892
1120537310
97269899
2339929226
3710391377
860629392
3507173299
285097277
2478288668
367222420
223810775
313449638
297447292
28577889
1901619300
900162056
1107337357
1258407685
1118211032
1115633996
908834276
1090558674
868621405
21326757
3237255511
3557428215
3892405419
444054117
133546344
206327748
3400443747
29184911
2663010739
299220494
1966921812
3431506205
15529964
3395511076
264457638
16842734
2305281787
7019512
274623671
3045432623
3832015454
4003361968
1390186333
480900509
1152344581
1195684554
775831849
33545336
169653345
83996633
1938225265
3301314368
62549306
49207831
575998635
147821689
3115267553
3925784532
3110184177
3979618217
3890394437
1626066301
3970434443
322802128
3879748515
3859273932
2310481844
3407842035
24134004
213299093
21955533
2736035173
3926721329
1162976190
177331028
17072588
506649185
748264116
1607176868
2502911436
127118499
3247181292
3843380121
15115280
281696691
82461128
317814387
2382149646
1449625616
3893210375
458395342
19968563
3355141923
3405125914
2235214832
3041355094
2823742397
150891890
348963601
138409823
289968517
287275623
3816850580
142445186
30758317
3730595055
15808113
2798597559
338262997
50611626
3473138537
196220287
21909984
1388071411
19480969
566511491
338132002
212425012
15309072
2821120486
59849033
11395432
712948758
104290832
3747708858
32649134
3095810571
358627733
3169035458
3582344296
3250806330
108856224
166329578
81765653
73986605
1173756973
3161861207
3300895721
295914619
68430259
7392352
567345950
1184544560
462132518
1405547580
2359537176
48438556
183753455
378844127
191525714
212441692
22228637
56412799
85112732
1278973044
3333927232
22765448
895599066
3174934312
473004051
24845003
2828003916
10001212
290921340
446607669
26825373
3756254961
3427669623
3752166915
3244918120
476315898
3242366302
3489919214
3003712539
3743652503
2489886325
19427945
2574904722
2686614342
25552369
365706281
2220772032
3188262614
276842152
2293131060
349160379
2234393546
2712295129
3224393706
276763613
946149048
168479728
165791468
3448984879
66914769
3406500304
207609111
2494355792
82509971
2374373018
2701431728
586853452
1030495537
305277457
284633167
479562736
2840414577
2566199334
3494829203
138630203
24921910
80428382
96655157
612057704
2841747221
3426768574
7829912
190859741
14941706
204075822
414998902
2618486504
159731706
385083807
3495163886
246776473
997682274
3318824580
2533095679
807953186
16107608
2798017720
311188381
944675131
3269091415
3427642032
3016195598
3460089801
30141611
3241763179
411719968
513996411
2747035544
2251093879
382370203
27049619
2729848740
3070366039
3530093003
17159787
511302782
2940082693
2786808817
3060075937
118272507
1020626144
18359057
164377995
875022170
3145737860
25855350
38597673
306077463
154606131
2453540430
1416435576
3246828812
764326320
2707698103
2547299371
3425773630
3349433536
224514372
560833871
620293201
2247924912
1683801943
1108521060
22454663
171657110
314994058
3288794432
3448854196
3360179832
2857512536
362094371
2811873666
2776675687
10870512
3438678970
107727858
3330295799
3340109714
717588435
2796381162
19216545
3406193625
3436873600
131543835
2670772172
22250215
47630337
90224101
24880446
704095868
2310565926
82649553
3071251042
3044319455
2908985555
3354440327
3314649205
3404704222
1003669872
2901303873
3354224537
2886412360
288981065
138518329
1069949766
3301269012
2183715312
20412312
221873073
3408665147
75742264
3164513660
1121150029
1343224250
53502841
15467700
1898324786
3343850290
103769342
356859394
15551869
3036096284
2977398023
3305738634
3315217315
39606118
2516626579
23608092
3312681414
114474262
469815017
23636341
41865730
832541750
631816995
591297698
85089227
301689799
21757702
3412624564
2752386477
143708026
3309654696
2396226618
3283426488
3324827866
136102085
882315709
3308475799
3307290540
154002144
1510277761
391804311
45964623
3295965027
43626022
422910060
3300820796
3292569817
2989128679
390306985
28931314
579352458
48685276
1692512971
2535349592
39845278
1376707796
305680299
17532393
16132075
472449404
543780273
3304501052
107290835
3390254459
3303541854
2754041669
3268351950
17560471
3397711457
2381138862
3074077823
3098115975
2728581335
1074436872
3302596910
867282762
3000661701
65210574
2901891943
3300336775
3382525425
3318585665
2654484923
3299211025
3062962055
118025303
447552068
1203124412
60692086
2815142532
3291670195
2720647454
2369265330
3384915562
824371736
396752224
31516565
597483262
171331846
163194830
41449835
2497402308
3385121308
599857189
439783298
3382535902
3186888841
3142839960
391099631
514884959
2835584205
1554740496
1633711453
373703345
3047717838
2988649541
2994951136
19848466
3273997009
487770873
335505192
385412944
1934758369
2573993016
20272083
27799333
478359113
3372741323
3265559538
1935600896
15650722
619572621
48742807
17167572
2905355286
3273566370
3276566430
403220317
752472211
146160591
2560148358
3272287644
2583345926
279688057
3257063269
391418786
2695002217
239000570
2806004678
75101299
17780929
14548098
1341027798
48316825
82110213
49633388
134604426
195829353
2878350298
1595564346
387162020
54243056
3193043938
3304500941
232213227
3250638726
2965621307
2738974778
3261509634
444738558
197253106
3118376798
245919293
20964851
217284217
3035660929
2965128975
2581070247
3349773519
3343002509
3325411071
2882978230
2998798542
2418400889
68219213
3254864460
16532762
3102620614
3251305226
257023300
488873088
3344194197
2932895433
87786278
553035539
19596966
281393466
471224317
143660061
3223748341
968716375
2211981675
2787699738
79784897
37979150
23871442
2275550440
548765603
1073947542
491964661
21859262
3045602443
2911109062
17064545
3111889034
3178987934
1518076123
1112486646
24320281
803672700
2435938374
2936790183
3189039066
258527102
899682516
2496528048
3121948508
545550049
3238955420
324405977
3243013897
369834188
51796158
3148707024
329622677
472524888
3152527105
3232682084
498167911
54052087
18347732
3225924410
355515271
761783018
31601858
2491964094
213582386
2377977842
224544519
3224910340
3241091321
2646611017
128763392
1510817994
930909282
104039547
2340698592
414257018
85881268
2336977752
30306594
1239873668
1455678973
3246629824
224827502
3242046581
1458949717
493776247
27647507
65209619
21637503
3221689438
2644953561
35339316
632350531
331518851
1638517201
2223691094
2225308854
1643789870
3122485277
1567785248
1517839669
242597627
2259688530
305415046
263809335
3294203285
447532084
3195553725
3245639583
15212736
2308593692
1065008606
2666706113
3168531847
15250836
2167937582
64120012
2920081092
2478721572
3261788411
2905129973
2531895032
3244390625
2751364464
3113203775
3226781938
26362666
22699560
470874674
60389317
16992076
2960818186
2371320175
17201688
2400901568
2293723555
2788630765
3023017669
99580679
3212845671
3182559979
23456433
3135432771
29753067
423931126
2940099646
3014769112
1138567616
3156235015
17400407
3020410430
27279989
836232336
3225764914
3161993878
3071644514
917209807
14994906
3063504955
3082275761
3087969039
3098429515
1573986336
1717156544
3087218310
3098436763
3150729295
14997156
3105491798
3087281160
1564978268
3151958246
3059045779
3131615289
3175066855
2882391828
2950685751
382508590
2213593454
16392181
21514744
415261677
147425395
270717589
2371211173
3091852264
728725874
45991436
214615758
182825453
417562267
979621957
3171058074
1711539175
71603256
3201104837
3087391632
1634110867
32467426
401563492
54645961
3150777746
2816877416
2719729454
61170418
1199596897
3040963421
386076684
85892107
51308381
3137560986
17969219
603688939
2601329148
16278563
926314244
2267535620
37814845
3161243627
1164988836
134296707
939247430
69042120
328225741
325618929
1355218452
212659132
3060512490
715173504
401714286
711719156
21352055
252641821
762435337
241273903
181309290
29094154
11715042
2792688591
3133064804
3034750981
4390331
223604189
90938831
17787079
22185122
1969699820
481762079
184259094
526437858
3102653770
23255247
3071871698
113422725
3137913648
321502024
2952930224
81500659
2716353480
526621470
3012889718
455537870
2831671993
258987795
100321921
3127833798
3124395114
40499390
572008155
18398047
87761584
25707034
3130220345
3098605712
2471632388
182345452
724878049
551522917
485016008
113516847
454930108
7764672
1945521174
148771088
2312829909
1410723450
17986973
3075784483
19691094
3002952799
33131642
857160272
16568402
111727815
2835672253
35459564
872332808
281282774
1523216017
551323901
268982264
919476812
868637460
2869452249
17048323
54620194
612693490
39903532
3053877973
588671648
19417197
25346069
1513958744
2867128625
2407671002
290172689
2929135816
196802928
2767230989
3035861950
513601819
801328406
491196570
278032161
2233488978
976570982
2172504973
3095405699
34399626
946892060
340952746
717714472
1219504580
1145835572
1518019460
1644805254
1587648133
3086724705
2316272360
68382570
1414627170
400188508
21857073
3092080073
1626317942
15209424
16178497
34093672
976188361
2481146024
3082060040
2930036493
2990514564
488799600
65978191
1604331302
2991368880
415082103
2891605635
940452170
2557974423
1135869716
2369233345
213173102
2233525334
413590655
2219112909
1494609860
2181626861
552435216
138520201
423117326
2785095528
462928831
256159524
490581218
2985898489
915720462
16248319
16225955
603963962
22776500
145328695
397393245
362625456
2236488188
108804469
1316799278
2577345032
18845008
190870444
2300505560
3063996411
2698413066
3029326756
107574197
22989853
2886425261
295421363
2904627072
894292836
2846711961
3073580273
56905837
21833815
18906650
2735569132
63563852
2487923899
307020201
183452944
3051983827
491798842
211408235
255242666
2180075508
1962117006
3018769500
68342564
26909691
3014658472
422217439
16119428
901160826
445251843
2926431265
2981584944
53309297
2194543537
18210115
2469854654
932800111
2752307136
486001691
450266680
169634370
26781439
1127275604
16113639
2999480211
308809136
1900539194
1710649668
200553940
2607123872
368760126
850633633
24556105
16725972
2959610415
2811455407
281695815
2949305233
1154060610
133283104
15993333
138805554
755716560
3002412889
2342577554
261918703
97732452
20819965
2360782640
2167690909
2531775750
30231573
1408622646
2332232651
113146003
2883010527
2588860536
3015977679
3008412716
1013889636
117983479
587580903
274422511
112560821
1347805152
16172991
18456013
17503642
911068772
731596345
56107664
35346964
2254010214
69367377
2606459054
2897970594
317396608
2232049396
112566608
817879710
150544798
563281155
51317263
507874515
2366131412
2943139276
552037927
250433326
308743028
16609760
763883617
2600494046
2707106097
993275714
378365911
33812234
386543802
2562293557
2950274613
53090314
2356820516
168838692
15964580
539865276
104459389
253353588
349914011
18533605
1112158122
2627957597
2901058750
2955486618
2944415875
267603819
1038630829
17072206
2956105127
1122650486
817681957
1972399777
42956761
2813211061
14450409
2901384035
1352623212
1673161999
285434613
21819017
349708100
435099091
2470347588
15088481
2858084609
245689692
836525664
22249842
9089692
2898574523
311497771
386284351
1536696156
211551088
630381470
2904624348
17547422
22031441
894182786
24357823
48771393
139974630
1120186334
177070701
68587855
2927222132
2704860182
260425992
1517757180
2838283974
18645164
219445010
2919205247
31136860
20021325
35530466
2218991539
2670351241
2900435524
2411226085
18787733
2873829579
1244408377
27793335
350545629
1281011112
1944987026
270068926
255230730
258174139
2916886130
2916597324
260997460
2444673301
496629607
455662560
89565214
565663606
1898515518
21355755
35556206
2153476724
2879361388
2646527334
2892071571
2887007896
149573732
1069865743
288584040
151277063
240975049
2866371717
1494070861
21690812
1457851196
2321412630
2572226646
2887587496
215891347
423440843
210913570
1101769916
2519041406
18122583
2901871717
59785531
2899776901
146134137
20484934
338220951
260866227
2755825035
2870750362
137396993
754111986
2849227925
2405679797
283840407
1257732554
162153266
2784775048
2760896551
2517854953
487600344
2256426410
2887419792
41722221
2864789877
1335804572
18570701
2809519885
2176149341
2862192616
113667788
1125971209
2362135648
2857672960
2845143910
2884553472
525595860
139467518
94492750
2496113664
2741057335
418316487
22310677
15081182
41153898
271381840
2567530178
554758945
2354155891
2463807842
2440019922
21964694
16462209
2720616408
573445374
1619458998
322382076
2830365277
232757559
2879160180
438008481
21868866
2470149510
463314373
391791577
2854595112
2872174488
181731262
2345191260
2783196533
2847463150
605661519
37144893
203708040
2604665188
2880124945
2858385690
1921489896
223642619
2433914972
246220722
2734753427
24451680
842868962
387321930
342460234
241241243
735103080
68548942
33879063
130962681
1087007862
366764842
1625344189
2877161906
389768752
2876194100
2830790397
248495200
76058560
2546690178
47344403
464259344
1568656350
2798631923
1199418530
2679728168
1892073601
14463848
891498360
253017963
17099112
994453866
89770815
166348894
403838500
22779036
2829620224
2861727541
2347356044
193371072
254616154
2393872603
2789175501
463352013
2831607617
2315633689
2726496020
770301349
2838820902
1920704120
2828657889
96399170
2828470740
14240875
2279295157
943808779
2853358681
24249547
2807042860
2373857028
2824192078
43264119
383085116
109645448
2851302572
253006358
49208641
2849548086
2231864912
628223910
860576268
196182278
271442882
1018560540
1727805062
415773425
25909619
179815482
2811596109
16226652
376216881
2803899687
2446595953
261088083
818705040
2769973045
545474475
372238387
1971448218
350886710
181689613
2367571697
16088057
228615115
2735186996
45867342
392371508
48481040
2799197819
294799083
2595930175
2183959042
1148468052
2199121362
1087818049
14226882
528055712
20338242
2149567753
2837423108
2800379734
14727040
562229863
1137959010
2252452489
2798075707
178595022
43721859
14747054
484158909
2653909826
586855139
87383875
2785989819
53454063
374900136
2546630676
1167701558
21871879
615385315
2833356624
169794758
1934992172
415602560
24204144
2532074734
244204448
2734304898
434286010
902773724
1037448457
2818565778
1641155858
2737406525
298780029
2353439544
709666389
2321479686
102996493
2347832648
27789217
2359310914
2351157576
2344310815
2331266245
2322972280
2334894821
2148094130
254340803
2788533098
2774300070
57567739
2800648561
18552000
2778098519
569362585
1665226998
1969346438
116841782
1377345829
155986770
1394480418
1480709586
1329899594
22181755
2821100743
147253779
35568576
1602853712
452248666
2815210382
2818361167
558093419
2535450204
1511216448
2799228866
564074974
32294529
239510568
513734825
2790565489
862758493
312288868
820596079
2805742111
343032283
2696058264
2808643260
632690718
403353373
2807356308
781298443
473637671
157514114
2213571494
243490743
2177055764
1900813800
175102610
583401756
269997632
2287747754
74186243
6700752
1272653012
2755761653
539089715
17111550
1140792090
783494971
18320938
53056010
1445282029
775214209
2774959393
1870055064
26946495
280813582
769480195
373457904
33237351
93711566
2317496730
262872095
73829388
436346570
504736628
1447890356
814655461
17093239
1943161340
2152615991
309485989
345629726
585725732
1445138454
15896350
2788278728
1870187875
2541942240
267884847
77782711
796261392
2492064253
2349119701
2697126613
2751379607
547233672
516024427
2767902258
38104433
812495492
455394628
258170920
370983505
15099539
2241058957
2515853027
117104543
481293062
40037388
18274879
1518215857
613645325
411845790
41984111
2493131383
2565489511
2723121878
912597391
70188601
2590060165
23114997
15973356
2769309204
254818045
2715292604
278005891
1095558246
284139213
518744362
2371271413
2367614347
2562228169
143829185
2758716654
37095385
2688953304
574202775
450786176
137476484
1056718994
2361333834
2713205874
323271922
829937227
2277098973
849162614
613828859
2493055722
218086325
155442314
25397497
329998786
2698302716
2689925598
714923981
1729022250
1646455254
1964991720
1019836922
2541676247
286992566
333675022
2698056122
24620145
38926337
64302962
232912060
2363804264
1392927674
770597294
21008418
385503897
32492988
375287337
2727146857
2718644804
15691324
14481453
169188895
124898913
2328599465
2521541502
2376448406
48265839
2318192582
57346261
2699517103
21952044
329918977
15952589
1378253005
15081378
2715342572
18082945
537472373
194724974
2601873347
126487000
347555346
209621926
2498990229
2353683726
48088063
2497692690
2725900835
1229971112
186568831
18004650
44961616
1255509050
2706910993
439549785
2435605927
2705882988
39812940
861430652
74921459
2369916919
2576318452
215726722
2524275089
26029963
326628587
35934245
2697078781
6284342
2697939068
1612279358
105588068
2655201193
14731096
15964567
108678945
230643557
19245896
1343188885
199924232
2296692775
257748121
821372790
5330602
2350956901
1132843279
312964185
519076313
2573774689
104727439
16034560
634982394
1170282277
703561088
2588113993
20541832
29541514
16422679
1226407285
764208445
113349253
357410224
2525524314
17105367
2592189439
2301556182
2547309570
960967081
2460559242
800721812
2396897652
494474316
271218654
66256515
626391901
1017817249
18293720
62623900
2376402751
43261344
1008048804
22312331
59159771
484399952
2417118709
74526911
1118018096
614916825
19601777
20719498
2300028637
2648499524
20303017
434038297
290830333
80142054
2607700833
17547817
15991770
17580892
820275259
1202005458
2546360305
1073825472
97792916
2615644376
115204077
15312403
867343717
22859238
390799366
392372010
145659451
2224644214
16133385
19428305
259858913
32156954
117000826
26372833
20619120
22293499
825684601
271513600
18684068
319971600
705564782
1061723917
21465095
19625943
11805842
20545422
22997050
15987251
19129405
530822447
27391292
818095
2548100012
391785748
2591662076
2616198164
2575303201
16192524
469371578
414616373
1246618968
2583109314
17495447
1410833198
30768622
1885129123
543691320
144752652
1118125297
1154719250
1385191651
1332619002
1118123628
509567773
1317435056
1107375859
1118071550
1107263768
1118236153
1896975523
1106892008
846023604
1900708632
1900461294
1090494625
2594154427
2574531054
2367986134
707789815
241668077
55310956
16359486
242332949
1620921446
39294154
134917795
350417210
3761241
113838468
992081976
560481984
1300809446
42790254
114647385
223958192
15545122
274645845
86147637
16060050
403932208
113108098
15866004
2363641149
118814743
214746446
49344223
34814587
22694866
60903033
475768360
2296473013
2660477243
27446380
9836992
158161077
1278587388
19400066
343676150
31128529
2657267925
72750421
44686891
1016588101
55624598
24405200
135593099
15974320
17602434
225189494
15744281
18066812
21448718
49790770
81387499
2551331221
29828251
51349792
1030802154
111690672
1616534946
15998753
15450520
1735969045
611952043
51593556
32489614
403095802
25315088
567422544
25368960
16226417
568596412
303633791
487642650
195991725
1914337062
435564722
539206290
189967523
16329747
16407827
1946817589
9367082
989509663
269170900
69218324
50056314
2583932048
2421469143
16487286
268648764
7573442
17372783
259957458
34491026
1549231957
166707534
751947774
169175539
14987797
16238605
72122447
125935401
22804865
100880543
110014280
226954021
25785889
236639474
16163966
74175586
23676863
25757561
111044693
2574299413
2589632545
2547516044
350533834
230565769
862430010
491888826
41129228
88282197
2329498706
61015843
243358625
2182794733
64027344
16796341
2415162410
25033858
278661101
42926179
2604900904
25564262
1855582706
18906599
223942424
251625760
109776578
2327387503
41323876
23059424
23458597
271426558
36373890
2443265070
213165537
15222545
990635636
1209180355
767689758
814331324
844631388
386137056
582845880
96396634
17715225
2536078110
2535829466
15973611
32307958
414252029
1132135453
878597622
760337274
19815846
22077095
84208310
2342490176
116873182
1581759588
185257768
36651855
93111391
24344344
176811928
2414913756
456331554
2467948615
125472015
13352392
115441381
2458364053
19134557
18810973
603221574
16071687
811232569
168524035
35084346
540341341
2258663430
128763579
305068648
403826954
403849573
404526801
242288569
403929334
403824009
403914863
405137225
19384480
1865453300
1209288372
272059064
30376035
127019644
2331209359
843020821
387956439
169215309
17027421
2202235171
28737527
612114479
319777415
17347693
337543788
17692869
1193801665
212645955
796493114
951788797
1704928634
70298833
2417758741
2428117340
2478705061
132028530
28654816
21048844
2374587222
224504275
630970945
15784302
24330962
39253401
2452170740
2176046582
30396441
973516860
138408158
973717381
2246515944
198170178
938207851
2455246218
2294188688
1286559842
799068469
1512357264
587875070
15219854
5744772
127870840
230069337
2442297103
227374485
1609194776
2209818139
90280824
241104901
575363003
701475004
46478528
18775770
613887988
22827727
1260036776
23019448
1736854183
1938077630
1547332116
141667751
129380855
18947243
2406663059
25380005
286322844
16602284
2405796239
2356811959
136422425
2337458622
770759270
2361767352
2279680267
960182947
1267784124
2320891830
459792001
405900344
276104863
626006840
377565477
196447106
59296465
20265203
595684176
404521341
37907856
291774022
1363713913
817536720
40530245
18171600
2356563334
2184583812
2347389008
2363552138
2267729739
1277460384
874828182
202121798
198357693
551411931
2350749673
181842968
2339815788
348666133
857205728
45079860
21099472
2200221
2340608630
2324203249
542190714
250346555
2332589352
792172915
357331066
308929255
1488289063
2168863034
302881437
23685118
379543670
1486452175
44640536
1970297096
104638713
37435889
2259765408
480140335
125497871
33596934
2291562564
206919813
327078344
15466386
1030834184
2276440171
27783289
26591324
19539314
634315004
463689095
1950378002
188163864
18382184
266536604
1967316481
38214128
1219847012
1364833267
2324546874
131647769
861442146
1154588840
1543009944
331317907
65163785
20015188
22066415
1520390256
2316416653
1658827848
94367917
1886186202
403847985
344687656
260555829
836562037
44947688
308861333
110781528
405119861
17258301
76027332
146297323
19802846
783073308
1581243024
251216095
37493475
551114699
132767262
65577676
32191282
1912521912
22671152
462205941
2291315696
76771090
25058512
853565910
56363520
141132390
7771842
142062487
14445897
63225109
2294559595
2249623609
159642842
63804234
1141290998
16807285
569313451
26879797
141865490
1891623662
48143530
302991001
438794270
2251345945
20655674
88032582
525925642
45131693
20715936
231094495
23817298
565797499
354923164
15066876
2207716885
708919511
803826720
853798002
473265732
457706092
1413995599
822576654
45249201
1628064787
1478211248
198681334
319634497
125565867
751778144
243899518
2241003140
240812994
185380552
404472251
25896141
134924292
192904801
2173646835
887145463
239664892
166624682
2267791940
27622898
1380677004
15360709
1549705375
359382918
16415170
926536159
21043723
600444379
16420515
2247538823
250247983
1571317760
269579120
477277263
1242414210
933261786
133438186
24031438
1706231244
41186732
15328895
38196731
22532954
1622454554
860687102
25886270
396023286
76639716
25781141
1942786308
85914443
2196201139
237999088
53905324
49649403
364570373
104679412
138846409
404523392
238862918
72697263
864896366
459287059
245564291
30380949
16942658
1675845175
1624046510
2238625416
462305473
15192392
1436859348
1032290077
456722136
1224824671
16082911
434148407
59199989
16227226
107146721
1004409242
335326469
1264688389
15174710
513775722
165507452
501750780
921824922
194180198
347933477
1138593368
1157902490
23339292
374817258
1934787661
2232005612
1352997307
969136586
743765600
244070445
136940919
71599731
16616476
512467606
38049495
1226595997
350389927
197404857
2234179932
376744269
25280120
34341362
457766977
1561797944
2216560051
547699457
2012371
860792832
283170165
1733102622
1316481170
571461243
18372408
993358020
318568656
586032060
15355596
22080510
618584506
324761150
54042025
230459023
961214442
809897826
575925999
860415787
16700601
26648990
17849506
205895357
367490061
1064607056
15983306
49241599
54314181
1032982176
16081346
1086606259
55110016
251927949
49408159
51317618
24247106
155033274
918242275
203188066
389841834
500217624
426824152
396188102
2187438246
405134461
59956410
329250458
61528657
22858466
256322163
2207573047
531617211
404517784
118940945
105764853
1043252600
244177754
266326338
53019309
165071554
1352642953
16819937
1953032718
1526148606
16722475
868130508
520029915
14574380
19512296
426578718
126145029
117496435
14753225
1895664961
203099217
160273215
808370402
206872748
2154899852
1511133649
372037745
2178638689
171531763
24448805
329985420
51330975
24467757
999871038
131018989
1300672940
1439179580
1934770050
168759825
26237787
1957187070
148315696
16849637
1337178174
262410224
1242765572
1143586430
1214410454
930506466
1965788600
34155882
271219601
22287802
1695286476
345134536
15426668
1138727461
1670483028
1256827484
1571239068
624805598
381114870
405129964
15858028
34681981
1476058429
437911286
294948776
50552696
316904275
14355312
2147628530
216385540
27234909
1191507630
25745715
2151446946
160491983
93419194
1131736003
21984164
361321755
1923602000
17372896
507890809
90926884
56681659
468907827
841218992
31403779
25095205
16892534
924483025
78495596
808021232
1100969137
1423707932
915762936
49171042
120654458
1949907210
32709143
562981626
140612122
1734171799
433362653
24796125
1954810116
1594659090
21705959
1725346819
1107398971
415826305
312248392
40874240
21981984
1170514062
16254913
939623695
11213502
1335267692
888650520
1222343766
19771446
533469077
215391643
22970364
765763200
30122242
1155214951
1905328405
1906642382
1661618450
998411348
426069517
21282579
71907621
418267587
1275369307
367761569
18267131
1905391627
950262462
1909296302
1043931564
498372119
1892315352
23953878
240939635
403840738
72732934
19916171
1017637447
1087985372
15368940
230958322
48719150
919720122
331602680
217489193
1210399537
883428012
296367776
1528362258
257801122
155026633
263324180
1881408493
754135908
197567344
78599720
286840556
74568060
16111057
42479207
790131390
21251289
131394224
1410331926
1377719425
1599507938
129895250
769896643
562047856
809484055
21444680
351302601
1642714680
1642804891
1642786003
38370559
1628733751
23201219
1714431205
46023518
830249510
105572712
717713076
48854106
559260453
477485439
176315353
33715418
50310311
978841134
353919244
252348254
166272944
774974118
18452386
1074229776
515654445
183876837
16971013
23094875
251769890
166209813
377188795
909132338
318036549
22786791
240714345
1594679162
17426310
19523399
370861739
1578677388
235475262
178088117
898533348
1530370562
24716381
1621021974
37990581
16678793
991634754
100538334
127071421
19360844
56179586
15195679
18220818
53176629
180454641
1347958754
32955225
193717995
974088932
51640140
125833633
990627116
274990777
617576419
1494344245
57402193
1335517206
1078302476
111067467
7080552
72947117
506505623
1115694072
17640422
46245403
1437267764
44513878
1517927130
625327037
17686959
24714947
414488432
76348185
1105102566
56400696
20565828
157757256
18298094
350336411
1534684320
12542502
24620662
26251434
14823499
1514671158
14135426
620570739
357674108
868856461
61149653
334660170
53503202
436439073
1271512166
16533820
1474591219
1143336860
14954882
15891841
1403399414
20824193
1176745009
1337769246
325340909
16548855
191891492
400431594
29125428
328260787
18286742
1467815478
19088288
568606999
607622157
211898959
131976083
32279677
1160294598
26348896
167415857
1352808536
514009705
1230244669
207745397
406457044
66787787
20524332
1012329853
811338511
27457454
19957685
1056202634
766547376
111138246
315577705
29168938
120862649
730062896
58062964
281206276
16339901
1279126117
15765560
206387838
398239057
329443994
19741048
1242504282
50889339
26564529
18968858
628753972
29580004
160285951
583127113
19077091
552355237
615318971
216516510
27596276
229993947
19791234
1117524499
85916736
927216470
35001343
116770116
90694084
858921774
418227580
547142960
263434499
47365516
851711263
162056343
15280845
40173562
1158180602
942513829
1245409088
1114886305
1278636812
63144098
29761740
17093617
130851044
812953368
186262679
258063369
338594583
123926189
24089735
307094658
16151138
893771864
194355896
1094895332
193069286
1203442574
16361290
249476443
19875354
21717987
360285166
914071538
45364983
849169945
324884266
909196237
153554238
17473289
32997592
34019261
1149301052
531291518
441185909
522339216
959596692
343327974
960932186
57652284
21461995
344233703
815926284
16674443
318231202
456915963
21344248
241983693
706230236
1071834306
831870421
330952307
832576093
1029941184
16256826
168239508
22084332
15739097
54710888
87842505
627372014
865613538
258192372
27109121
281383605
379483329
464266828
82119397
369059154
386104689
860495520
16082787
50371921
23556694
891464396
283025472
567817938
15904911
123411969
885659928
16804072
928253497
340146636
623858507
16906842
25436193
33579450
570839443
419633434
922214160
16475202
48772945
17295837
737188538
369805847
273700680
222024790
159484925
901390128
151523643
711663848
827082320
52180914
48438566
362001142
7765802
28417413
793032552
16273029
32094445
885636992
306578099
594317937
881250054
850900886
360827106
196677276
128210898
29764564
210508038
557328931
358579266
865678891
37131103
582492948
15529625
326892463
28274392
463758969
310369636
40652949
15201891
719268522
842165618
283744860
22375502
388022978
198193231
16790797
761873688
365474528
149751818
23024099
356547951
18706202
243677765
16711026
454607882
38692888
557556451
133793696
160279987
49021031
824355108
194173879
32798569
78989741
157481189
488963417
534453829
87288616
25684677
173912177
59671665
121498173
101527331
37749235
703983715
778350614
230286463
237082086
365450121
449866626
136000161
545305702
286674601
177974542
281055314
31365396
233666428
413132437
482180019
62572454
583987793
284674375
784794524
701522172
179487856
39337069
17100556
575967375
88987674
485242725
21238575
587029442
466666300
171231477
69474390
148720003
436314047
358277172
790060350
580447905
559735489
29232480
24103596
183958809
755852694
112002661
403667375
44537636
752858220
321774180
203765012
32673296
609680430
76376525
466608635
738858181
210427918
326925972
406525423
206299865
120277096
564180321
272022357
299474606
446620022
295988417
22368382
336049934
61318348
557078282
749340464
602474687
489174529
24101774
582360202
14354985
67364035
20852175
444258458
16796813
89121408
462322490
461720060
711763706
576470448
558402294
460859174
575616651
185814562
441278262
16074930
243408672
19308529
272642804
236906754
717601454
518682671
263768374
202424267
702321834
74479317
39839409
31122582
372816217
598888208
65541886
295932014
17562569
637046107
161838875
22114231
7612272
564947096
623560670
226249905
91820686
18785467
108376246
16211002
31299925
569099653
217927832
228554424
6010622
369217848
633906995
24600048
524350055
307614918
519938604
494169005
531051642
16791931
51228973
26228789
21356559
427815505
18522327
15976740
20102717
78569026
26580825
328173159
348853434
219855077
122165841
45286378
104943342
334849468
407039290
585301252
33256849
488911358
21710345
219003149
156656964
17961164
294991606
204835448
33529422
91486319
22873947
467640977
544804036
19645229
480877857
462351266
606828833
24645871
115563859
460577661
481091097
358489917
44618911
181963259
16188476
431028809
93251080
598290421
296538197
15038260
378229136
305614280
356702573
175311654
35260028
573261922
349803020
87017281
482203404
97750537
371974444
531506070
269441846
33627610
534175856
26015031
21929250
92354626
61224947
67146757
127886596
396834875
22046753
21440866
16415322
316471699
389198122
167924801
566819122
508006873
541406653
131041833
78523434
549517361
333776810
301019006
340926209
537487691
117320467
302745757
186472604
415196079
366696485
494402718
66952587
95668275
407357774
58500096
65686302
28623510
354399766
242438723
526605629
132998391
123045703
481316542
39668024
55370049
145862955
21929320
55953681
281838182
56000383
579612481
587109641
295085701
421539827
514503365
92256299
28319574
482973239
43478103
172445467
37536623
442666029
476540479
14251765
21705181
508106666
499797434
100090702
14339587
545731501
575818760
77231473
385060510
71715641
177759074
262900807
35284567
16146535
430364646
13361922
423001560
355448517
568667998
334529496
19038210
375405313
387341952
51813493
375253987
559148082
15568884
317495602
486017309
26070572
22204106
519668788
521401849
16474992
298262093
361909715
16130075
183262049
561938185
63013144
21267495
324042503
46546783
217574712
259573403
27754737
18538833
164650525
242602560
19808920
390103810
21434933
524643651
396044297
105944297
411711195
413725276
538919216
372022249
330483719
338037930
24891210
78419512
38516217
64507817
470834845
325118816
188055481
468122251
461841181
533655745
477874531
21337440
55651814
386498518
55049166
37588569
484347423
303601093
112811887
456973686
258900199
152627547
18862302
128983960
258574619
369028288
303359718
60760660
433960379
507721696
292374563
503792483
355881289
264192601
503428646
384031011
472119791
172867574
76688036
104198130
199777439
116957262
28348275
374112056
465296795
378890337
16350023
202792524
294825539
492630831
228155190
54311047
106275367
40760296
385736746
27076325
61536959
58609913
457118795
30734158
16089738
409356941
24884074
112476696
426993305
24343083
216849060
246942968
77329593
392119546
284084834
39187465
426263149
339187425
393619108
23474111
43988964
426091359
30805637
439359067
193964199
22730557
55121922
27472079
85471123
352508648
54299209
57462295
125441928
134814254
70044565
163813257
89560236
49388157
185684821
19908261
48038030
393846165
98944905
179732982
373992671
50482949
89292711
22243491
332307234
91884709
271783971
341172184
177719112
9484452
212825417
133003531
245969534
190381422
367752720
263574104
309222958
376205564
304545063
22831232
42149685
176853597
363492358
212509329
367912761
250811133
313816084
76059158
122425966
239179026
76126379
20606810
361974780
17961246
45413198
334895643
14468942
222129328
36003225
339582612
171633471
125451356
59585616
314900822
319242910
329719236
14993272
27522597
299437620
169183368
217286126
118165671
225287917
37562611
15554922
14676022
328685853
15019906
326271966
259576400
316971626
305499260
305473092
277886713
289199574
18905287
322135476
316802641
14246055
296345840
179522090
242892689
55249070
76475830
124400614
172894297
133894361
142977623
172089767
226440545
305420403
300594965
232471769
49663229
141261381
6092972
238442402
288645089
294671391
130335614
292051093
271030180
284991874
28599820
253633105
14466538
190890578
249264005
272612817
197851934
264427627
225313528
259687604
249444786
29652976
193800937
248825547
32774989
20242673
202857798
10342142
142740168
197558720
