747110106593103873
18296251
412178241
23195603
4786341613
2361740640
80131804
2831997789
4796023007
483816267
3107421404
2457306370
707290231859445760
394274636
719281218965999616
3565599022
1185822331
591451860
461913980
708872087977529344
4697717634
728195776841695232
704739867754938368
40831894
125600441
707097116905050112
3677384901
113423378
136102085
26642035
3318318912
17624801
4876198727
2304875737
758881808549195776
291265941
752223715165892608
892848180
751105351244738560
2235191251
4636949955
2796661270
1671234620
4201517774
2296957766
1379824135
4726967181
559977174
2365686348
83628515
2689835606
3021549143
21178239
2232695671
570060851
254413311
51052182
712106156165107713
1706881099
752963740375609348
330717019
759005274837442562
14508305
2397468266
269199676
2292488509
728578768353280002
18602626
39067136
2594626578
3326606260
1735390164
575496519
220671535
330299006
2958258414
4576968862
3771344963
3695543896
2339096091
2223592112
951438654
2671070290
224616058
1425036402
277924273
536524126
744142307537059840
702874752898228228
2991818337
3505529599
1337576478
478811962
708633337867460608
284725767
755810182651842560
4463373987
747177090345242625
1964256596
2237216376
534567591
28075229
3907718057
708083649078501376
1495940959
725755206978383873
620452874
20617541
543350938
3252476259
139659661
104626211
202070407
310643025
2293889211
196111284
3177606807
2259073792
3227340509
701172848
4164843994
3872351241
4155603863
751316767293792256
2440721200
29440928
733915894850695168
914471598
2901033340
2806205453
4698427297
3051725225
741025902545506304
704656190475739136
131543835
741240053201010688
705070826828210176
2363052556
1964285881
3781760294
214049826
1295283162
746745237159149569
4866629615
479045935
89012168
4186386448
2748809475
61456976
355981767
21216447
703932212144689152
372706077
748088827558903808
791328930
4835871809
702273598485037056
527372536
66743687
14690105
747152430798872577
1377227227
21585832
747023109870485504
705739099840372737
744982981001916416
701885769988841472
747158122708467712
255010925
27733419
739195759732658176
1441152643
712989337038753793
4424491827
3846172154
3189573444
320629837
18906599
22433313
617832072
338639124
1360573050
741998653280296960
735795922320384000
968655666
84871482
3173430357
31095945
3193914116
743608723055185920
2520178490
2209316343
1426400280
6312362
735895154154950656
210556794
1975182726
432401953
3158274637
3003222046
3641346256
3243817131
742864100657618944
742684042756259840
44338956
3069858111
19644086
1128454070
875431598
3600354862
741830384422359040
240192814
4205389155
2733816872
14883354
2566129082
251020244
731792706796670976
2788538883
3031229014
3000277799
740645440119574529
292423442
2976796559
975819290
723457494077444096
15158145
2946784707
1149162295
3135565264
18721583
3399041795
739559741303721984
2401718935
734441296790622211
719939067136385024
2969867122
717728258092040192
4664594895
90130215
396095407
2838333676
2421057199
253428481
2304507503
100449380
206962580
112166465
4883631935
737720449837195265
567225741
2999374788
39152236
3167566834
3174036887
3066034287
3083158906
4715345421
4764959773
1879518212
736730802956951553
4363198276
548684837
1546642236
2571872893
2992890395
712754297050689536
2866119880
2667520165
3298312288
410409623
2456549977
123242996
76357246
723142959294603264
2781822957
224183827
3138338070
4034890894
30431143
305248807
735932238144151553
713431250808283136
25288952
3018809793
733304438845255680
561458938
288841963
333074358
730126649082191872
577284493
734394223550697472
3349018007
3316743498
715305344906485760
127967449
71280219
706496377048702976
267283669
733207233736155136
732926290433441792
3131676214
906367542
577096192
1720636778
54019702
1190411210
989310492
1556140357
4866237363
2921875815
1125937411
133186239
217122890
3502637354
4804949187
2744803130
62503583
405022806
724760198989156352
716045981339492352
37744555
256456300
716006536821280768
4900755256
294799083
198128780
3045062896
3631289477
713982267069214720
4560136041
3290529639
215707289
4102376488
10196452
2798125167
714793077303476224
1357289328
3246106559
190589983
2782595713
709932203594031104
4717892303
4791431357
3004747116
558470408
3072460947
30051204
702490829340938240
2238203492
4033817056
4897430009
4179202113
226249629
2736510221
1686790926
3295134334
695158760449249280
610146454
4287076456
33630006
4858233040
4635076774
4795340774
4816115122
68137754
178215906
243769619
4794905957
2424063062
3131311863
4824669855
4815521547
2453990234
3121492094
4653919463
3141533897
4689778038
634823405
2310288379
4502536275
3396272350
3037460676
1011416335
3689123656
4328394563
4460412500
4425678741
4423170628
4401501633
3771665482
781296848
3168122655
178405275
4126850183
3121228109
26660626
3971270813
4185594777
218884018
4180184086
2982319433
4152648803
4119083176
166151114
49959560
4097244382
893917130
523085134
166936185
70664947
1270797433
1305807127
2562240601
3597859817
16596200
1479464454
250601094
728461741
3362943844
2837424322
1471670072
2383691647
566633826
106233553
1273540585
179302961
295904414
373550312
608354284
193785883
299865890
168237342
