752650363266699265
783948940576231424
2285671356
189524629
3252049417
21783867
767745562326294528
107656963
713957733263925248
700579049421180928
124254755
701286184996089856
713842944579657728
721866423924973568
4513752467
720402267317219328
718849325023932417
22294636
832488270
3143930723
716396716853956608
715087485177569280
418854959
714289525489606656
715370500839448577
431049569
774238242082258944
2376103038
116963972
767678242094391296
70974631
4879413670
749126803524947969
2528383177
765512411654664192
19000207
4829378513
17902506
762256442778935296
221158364
1106302574
2812512993
704556454636888064
330352254
759208450161278977
201858856
4822490206
721786447183945728
4613605335
4634388133
81029903
3043910381
754482207784304640
3238088071
21006435
3284614645
730700670496428032
748148962541113344
720412979628347392
701279435694059521
709072836061753345
717604336516333568
67934666
724154848090951680
730703281333411840
730720887901704192
28136998
715069080093519872
4761004400
714293134969217024
716383728419872769
4923676339
715063951919341569
4419588496
700533027961643008
704060391207231488
1038380941
4888903149
1261664892
634556197
1261721713
35912291
2526224509
2782733660
99859136
275636848
744733064782315524
714273567903363073
4419553097
744107927355568128
718847095902326785
720410172716232705
718849925606289408
3079002814
718849508382081024
715787049450778625
715082196399341568
713973068406894592
717595612770922496
715368732135178240
741072834643034112
720394044061274112
715779164981358592
718847416464572416
3078818063
2234089099
2961134476
705318443655028736
726336876727160833
734045406028398592
733760035122229248
618021478
729066197912715264
1693147064
167043188
2895817306
3281576372
2729320361
715926556414185472
269637716
3038041102
719465249636614149
4451087661
714506319756013568
484422641
4452547421
1904692231
1592836050
4782956857
51161632
294478139
4925927976
2436050311
4910453841
3271302170
2318000274
17860586
2828639999
3370460572
4838155647
4838259172
4838174099
129351882
3728997197
4750294033
4543483041
4677049453
4704442063
4662514594
4364051352
4633734135
3425887055
3614965635
171871118
2866705872
2748332951
4485432681
4540324032
2412115319
4368382576
75514159
3702941475
16140910
4403317513
168643999
3903606738
358776007
4202816354
22470256
4276983853
2347193730
4214956753
2333017830
1629891775
1282413062
4022092694
3555159373
3306367585
3221616683
1693446168
3961932974
270877099
3978940366
18548136
2995531188
3408610827
3601588572
3322598177
3893999483
3434614642
2966253639
922010576
391140984
3833600163
2421040464
985788601
117974141
3817106115
589489201
3626595925
38790498
3074841056
349084362
3739664578
875009731
3581195783
3488494513
3274851049
1307724031
3416758694
2876961702
1093762639
3438780269
59574717
71575561
3276672518
3422213117
3248788245
3324109647
2765139839
2823527581
2204324850
3322620287
95590606
3291896910
3395480375
3276450715
27967846
339712987
3368069824
2764486799
3233460152
3228479480
2606442932
2480185458
2641793578
3208666421
536213166
2940915688
18225183
2975419970
3094665707
3316156545
3337145493
2429065184
3233914098
2430914192
378094735
3249383781
2277601062
506793945
2372320045
3231540734
2480253816
2428099925
3108106009
3049377704
3064924947
1104634260
3244944845
3072911379
1429028948
3111619854
3202112434
3092144069
137140353
3221950295
2975048975
2348349932
1024710852
2226604789
3167483447
2624019098
2356194090
3092668870
2352525078
2357606802
1283056052
2999840576
2354208668
2352226002
2352912252
2348603204
2482779391
3038471719
3056926937
2353500097
3032945018
2973785799
2352872232
2694297211
3038471167
138181747
2712279440
1658100356
2306852192
2994119266
21487280
775445082
39249252
3039921588
2966204304
26636247
368606031
2617300022
24816865
2730699558
3029943605
3015849888
2962122917
3012771062
2925304026
2975844371
2667015878
287123417
19390885
426090390
2956700690
79912647
2925264271
2737172379
2979511580
334759137
2966561115
15596316
23227919
2943283967
104317649
344591424
2938115302
35289189
2889687501
2910284471
818328546
757105244
60343446
2904515247
2905199301
2398246427
2236708765
2726409183
2908736911
79350646
2905660856
199204563
180475763
172412317
30607214
2874718943
2895358326
2809252999
2891535823
74001533
25284019
2845997794
532583014
2869785740
2867516928
2831406801
473036790
232948352
1870054002
253007280
57180406
2317809866
2800545215
2795056145
2793595336
2762477373
1542534278
316101261
28148876
2192694210
2154026963
1870184215
29166305
316234597
2766528597
2792614952
2382595916
233219796
2327907456
253006450
31033695
2701409024
636428404
2746507189
2737676314
1870129177
2188925082
496700570
2403630131
2734183055
1870118286
1924141806
1870186758
92422547
