716346403
731633392085696512
724067459536293888
4859752787
450991888
703408421618319360
4748669048
2477621281
4404198802
4861378230
4140915759
3468259819
2684250870
4031704115
4241871134
4420168340
2469309763
3841578973
76638854
4309659613
4285500973
3594420560
3968934492
4174682777
4210037172
3489018554
22345943
4172682734
3670904178
4145656334
4106106017
4032893473
4031359572
3700675272
435671981
3550336158
2736652856
1319974255
3271165928
4010719333
3266955194
3313303927
2436646440
3068411906
3425298192
3819429210
3898343652
3323587765
1645439442
228707268
3539588660
3377320221
3659205073
3674313512
3843088700
540463102
2451037968
4024782073
3757743793
3688273093
3687069445
152147000
2323640155
3679629680
3994008672
3993689954
3616314978
3990493694
2185429463
3663150077
3302917069
114675189
3313617116
3905437394
3510659173
3837173772
3372702252
190243440
3300098862
3235654596
1550182897
3648475045
3808386072
3461791154
3737307253
3272163576
1920416864
3335096354
3075689923
3669379512
3275633816
3306367282
3690503294
3090058039
161171898
3822834738
3684630938
1649351239
3644040432
3524603534
438334084
2907979777
2978509934
3682050733
