742468442595463168
228168499
3003394893
3347017152
1439033142
760509696449085440
736140962
35447112
2994916294
772653696585007104
144494476
2882331822
703472843976269824
20230392
4569706702
292574045
88672145
338871479
2906944569
251512062
1183422156
770591232888299520
826537184
2489851280
248368866
3024664311
4409206714
2802168085
768444227047096352
3285711048
563903307
71623379
714079197141008384
703282618326982656
30347654
2719253241
509191829
601481752
2621769240
2571693834
3317354126
760431757174996992
4318410314
282262613
3302937423
3669231501
587220271
766396620300775425
24361173
222909271
1880291418
19729977
2228659594
947731466
1387603514
225282844
70926038
4149623547
253942398
764468136489914368
2825233042
274960191
703300184961253376
1003861819
2430330194
733292299388620800
3022435081
239886711
973549700
4308962735
2980275479
712506413642199040
404893319
68259697
20085492
3133695205
2578751922
1035407102
2727571852
242551368
1246463394
635887067
267182886
13361922
757559987480723456
757548147149275136
3044972104
1318171334
3884616976
3182578730
754033257784762372
101209327
753810682672361474
523554201
411302056
4448054233
43303156
1526045749
960820002
4786326022
277631908
2829034960
849457146
731798022745665536
16495008
2581079738
3243820395
3558448221
27201623
1482362492
742479507572043777
2305955727
1962157092
139292752
409147502
724291700944965633
737001147974684672
709027792193716224
18425179
443541098
54692044
307907217
367781055
274501022
3305902115
316025823
50995301
2183714721
116770831
18647042
1107464952
151120685
726845832734097408
1338765866
2825159638
728226045439135744
4882425651
2383968162
742635782
4670461956
1196059938
716674183820873728
472129564
616413804
721521337060192256
718430782046531584
1285198884
3431399787
2310734058
702416337260429312
4881956591
695996811870396418
626434817
702215827525935104
1870270898
723546531131985920
1913410831
811095373
317276003
249719823
3010052075
487714974
81586409
44484957
2929718880
716352670043398149
3292229292
91145458
4131453496
29234279
1278626352
2726686754
15381485
1064318203
205162299
3081266446
4798829801
4019538609
708278228973174785
701442242553192448
884238812
17935120
11661192
706852006728749056
98707711
191470441
705586276255277056
4099537399
135183179
4364259381
3907411574
2555597972
2991804820
219706512
2872998329
3059473475
700996442207469568
2241752407
1662756061
2477544859
3376849865
274615625
4747097303
305493847
3240523526
994074914
2802980269
4290049873
19351022
968245093
218493884
3003758136
2911828067
36643209
2796021894
65046175
4306164573
2580533218
962915258
4745190006
573619333
3069068019
37799610
303630792
266152718
50976031
3324519502
4638959837
291352023
2478230610
2228144227
3145865081
83826990
3272621479
4263196876
2386930910
141362237
4336126229
57888537
491307643
3293280138
2364206851
12908462
4627356741
4507684827
3111630664
4684695571
2797681808
329829542
4481593752
2378659296
380418838
746689340
2706287791
2192419429
2707192845
870200935
1083898944
121205343
26760693
529344797
252701136
549478951
198968880
316612425
37245962
22166232
316055994
2355222199
527878653
4356737293
258720464
27738316
704559630
2969885901
4213148479
3335555577
761772342
187854123
38523640
21208197
2568580494
94906031
2212034520
25875309
3358178104
3225668363
1647480331
92103672
165835071
2808741253
20069618
164070785
3928082297
1360559437
23204260
3243817131
21122377
3453479115
1465707894
1870296992
3573370633
408094743
15782118
984287377
524313618
1379277422
23260256
19961706
4105868473
3399515817
2472999224
4108949781
151554150
2996726873
3264654847
122465006
176152234
1343100157
468470954
3038986434
451472638
1849073334
1002369908
249638366
137815741
3339008020
34628317
164739860
3316297235
3220984207
4086480382
153527302
328313098
427707423
234262923
375514685
89314963
447412018
3027114237
158812820
102581904
199130011
3357874937
140542416
3308162548
32528211
1671494820
3200204937
24034964
246846992
387118980
707435478
1953388184
221355888
567163576
411540893
2787185599
18100365
1073991786
1532055306
3113877165
2313872880
262429512
58936052
2891968941
67879486
114323561
222404297
2875237761
3657083541
2258410562
2561567427
2267027040
3034111655
1872951151
314780942
30829875
1949188183
1686315325
382782933
3315983471
3432005413
117668641
3439288582
45826469
41350357
63273392
3360809465
311154519
2730243992
2301137402
101345106
985581338
281506216
3115270649
1307790210
14451009
2586346172
21819264
367924351
189961369
10994592
1882794967
2894555758
2804329145
2591929418
3001908833
2926205539
2823844460
8309082
3015503147
3082215001
2430165854
2691186956
935751799
218137954
2760398748
2886905339
224842011
3166415885
2541758438
1166107657
72511784
20128330
3134817233
405873896
2834541364
3165109893
2614553425
11485
368593496
42421438
2770083118
2414190523
704237150
39741568
1123767384
1724307504
2733723912
18265984
2869618861
84154812
3118907527
2331816126
2751149360
108462428
59023240
310774109
18248170
168929372
576603704
2800681614
574034459
1356030014
16906660
2867285907
20973159
125928028
2329069552
255065015
20116250
241097011
19351599
588742677
42594892
294236607
1611056232
403647191
2321127874
56826641
2784595394
342025196
167383717
2596677144
2888854798
2870650162
72810542
2820595307
2907242313
1181778944
2397059971
64945088
568143078
1726670406
2923118640
2588663610
2955127671
2897874217
2877103241
123837156
2851239859
2586876134
222513424
2877913901
2901419888
2721267708
1381220936
204095772
1524887035
481553910
732564283
2678888258
1627813657
84411680
2868840088
2832799347
2247790507
13777142
52429190
395173797
1106777449
165019782
380984642
2484028806
367351472
2705501070
363409403
2617662715
2523089294
2322136056
2540464494
366790733
2155744680
1914302574
2522054527
1959272196
14498876
1667354858
1572993396
462530118
2314465975
16815646
378134433
1379045737
1591038127
22388605
2304433149
1516205300
625374577
46508581
2350646191
229383772
2243717671
2218357209
2336791222
89908701
52394970
34063968
1880103656
159596111
541109831
109064249
167986544
2288262978
250132805
301005295
1376872614
941211974
1302135037
2257716961
860253331
378703995
2247075086
804449376
425740056
274341323
28917852
21739381
96449287
21648647
58977307
482275110
532362856
2223092378
389121502
94051442
885947066
623965307
368610224
33003490
117146020
