742317977354149888
721163028255760384
1013394882
1870271708
295004759
1326825110
1870176168
701450236829503488
3747110052
3672084913
4788797743
3476419873
226402047
4186557034
3257198856
4183814952
4218534886
3974862974
4815355425
3245841990
4543621549
17581955
4599846132
4740318408
3694991726
3733287196
551653688
4588626856
3015298371
72928916
3601126339
3409776552
4627068744
4376818347
4498167562
3316400232
4518419414
4010328393
4578066199
3751109725
3754046534
4191347112
4542251959
4535828174
3849092532
3629886372
478131136
4179480494
3684870557
4073622192
3391145774
3670246753
3769963769
3595621813
3292275974
40648087
3604774278
3970438458
3575394192
2941399112
3844231648
4141087873
1870235276
4186429857
4267078700
3707771952
4014043518
3804190152
564042341
35422975
213251795
4264918573
3579355992
2997587712
4334517739
3442549994
4296640099
3406653914
3814758312
3125374104
3762681733
3782618532
2886092510
4013209152
3602990419
4188394393
3322321098
3910888040
3282524227
3567769092
3258880512
4191413654
4009464855
4031285000
4112661914
3760282940
3643777213
110333661
3378253460
55709263
77143220
3681650294
3549707294
512805819
3631741097
3329300834
2935848709
3492286514
3301221546
3765446420
2481154147
3678874520
3520129513
3849813552
3324390482
3930482594
126551690
3683575555
3257439296
3301033951
3510659173
3910255044
3557207172
337734005
3322816438
3474689478
3740783536
3320192419
3318624020
3179467562
3682680560
3315949104
3778307114
402575258
3088083662
3317911662
2853547080
3688849935
3313130628
3319666068
53112182
3328185150
3420416068
3305718600
287965146
3342523760
2902585675
3680566093
403262501
3312191766
379742995
3661187840
3626862918
2726361991
3390994033
3633281412
3309429025
3469863733
103510804
1201448587
3320720838
337694560
123124671
3659508793
3659514378
3372542952
3657459558
3430511953
3314035278
3454351153
3566577734
3422985706
3318049014
3317839040
3636640033
3375460170
2281859318
2461114496
404005047
3187795128
3600183672
152191181
3479857393
3427053253
3510895274
3355123892
3306367282
3577419012
3321002280
3527538013
3459781933
728185440
1039151749
3443682253
3490405993
51509783
3481343248
1307884848
3322229378
3313474880
3118640554
3305663142
142433098
53882021
3309537037
746030670
64143235
1662410347
130391896
739033596
