1662189434
1582817923
37599351
736379362925121536
991330362
1139863262
1582973041
726347870
446435459
735094745941323776
2485841864
3001904830
710660078651744256
438852456
4849541728
4849348431
4849364921
4849400139
4849333445
4220137864
4808671288
2866865830
128418003
529481255
4859395144
2392917577
3899866277
3836844760
847150418
501192421
4419172527
4687610658
4417104387
1445254561
4630986148
518447441
4645811083
3031893475
4158894651
4504956568
3415089921
3759590175
2507189642
4495301233
3297140733
3033758640
3874676487
2594626578
3360531357
1453401740
343039942
3658715117
4147861161
4373038157
3007065418
4333078994
4153053136
4160890829
4138847243
3859380075
616515257
3770596282
2338472516
548711273
4333493839
256628776
3857589088
3360013319
3289617321
3104371838
3572214075
3658210516
4269052175
3760024049
3015994255
3092017252
1266253058
2678817700
4031821159
4323012385
4322570772
3486385276
1591927496
3847934956
3247012960
3953995157
3423866039
3028158886
3438961312
3438863271
3486194175
55260264
4149232155
3780710837
3588630916
4218030083
4276840572
3010615260
3505347553
3138792920
4268239579
34350580
4160461780
4175009830
4177024157
4244430740
4266760394
4071037823
4266203052
3801500233
293333232
4256376799
4255743912
2993296372
4116446712
2919846059
190280139
2298704174
3954101907
1217508104
4169180717
4152656423
4147749513
621743238
2366558503
2894171364
50434246
1573681364
3842056633
3338896697
69420004
2991532376
3248003890
248426490
22634280
3847878141
3939553821
2174704876
3298824866
3709517777
3380805333
3176897693
410719242
14087150
3207782344
3759864193
3646161012
4023377173
2301274789
2983535929
4040606895
1321818949
3347199454
3527074152
714434936
49449357
51548400
3638677574
3346642625
3431424970
3850443448
249052194
2885376948
3755728950
3291717732
3740029934
143790615
2864347993
3080217486
3092310368
2923787432
2940614187
2453140610
3523665434
49281071
2589528169
3409939971
476828917
257115976
3420105925
2769818238
1511844822
2584134428
3330249874
3421959887
861585420
75375495
2620462584
3420792213
3419268508
2221989676
3050132198
3011969585
2213513011
113809155
3350622809
238636324
472557970
18548136
3304577522
2636431375
3288348368
172085089
2335033318
2943074817
2973627449
620167730
3279101168
524041238
2818623919
2903638510
3300982614
3398713210
1883661948
386206041
3296026729
1351695781
3296858162
316568558
317125530
3300274736
317395158
3299965346
3195774341
2739019967
3263253388
415739873
317361892
1932485498
3034787297
316089794
2856524848
3379721974
3292574520
101466450
3386299162
582319056
1493417083
3381347338
3241026393
3363578627
3369225947
3384281529
1223352072
122952591
187147866
3365604549
2962234009
2295901598
2646766152
386076684
2602021443
2490501234
3188436745
2892700319
153228570
3033734042
3345905608
3365388460
3015935388
276178942
3368943603
3226118529
3304700302
3366944807
3092335571
315795783
3353356588
1856523530
3304497255
2855962474
2707743827
186802187
2426996857
3191806756
61008839
3249107010
28001347
37956022
2747113142
3298082339
2988388635
316313456
1726065793
2770270086
273192052
3254834299
212538070
3238360291
2876442414
3001049548
281679641
3305303297
3334957013
3326665047
2591655728
3246745518
3187127458
150429062
1858726304
3251487501
3293072824
3320326773
2202644503
2919901436
3239094847
3308820441
411655693
2842646908
405847362
1389001886
3292344275
475192880
3242859167
3190050661
3301856475
305759370
2151262242
3187646743
349418922
2865516159
219496700
3110184177
541465065
74571292
28812824
3030300757
2559891481
3288468759
1330556028
607052879
3119607623
3242050353
3214569867
3213427808
796104397
16050296
285709236
173167923
338115221
2860928836
198039504
903377622
1411425830
317626322
442377408
317592211
754370958
3023335539
340880465
3189903732
383112827
3255000701
300254302
36832842
98264466
317830159
218697713
2199961428
3007133678
3002946272
407029897
1445494556
486358649
360157046
2920999700
128341477
45105778
1453647984
25552593
20789740
264229287
1678579340
360304674
37877645
360080281
55526687
113422725
567752461
18936284
528807413
259689332
2553171330
2240064865
3215199772
3078369866
15645871
116766949
297122566
3098695357
3097914650
2336922498
48343144
20501583
15274836
136346386
2601822318
2915844879
2891491923
3184827474
838227055
2908407833
2388064016
588559501
292929271
282940976
1114768922
14273894
2664933530
3131710774
2742010921
2868650277
2904931027
3104596321
3010398018
329254344
17538349
316574928
3228121431
3181089565
3182081592
509461549
338255103
3104783599
491719838
3180595536
30249176
316599885
2776831213
3173896889
86663047
3092461982
2338957718
621969422
316618881
718087100
29886563
2949692099
69582499
316584404
315768154
2975102792
372935077
3107189780
2982367480
2906057604
253017684
310359174
317219392
2999626806
62557830
3158205284
2348676463
315557987
388454092
1322302357
317721568
213293791
925555028
3067329491
244746802
2922324030
316105298
316539101
1546917326
1225749145
369892957
1406581423
2267146754
1523746086
2446294588
1890528595
2169556282
75292739
357668606
283719070
539228768
2980505765
949745659
125037727
483646040
2840065455
2201544496
566101715
3072693871
3131546392
24935003
3001729578
2863911207
2992002490
3044973966
2647347524
2962678704
3066935784
2937817357
2881695195
2811099230
3113071362
2958149892
2225078976
282381279
2939815508
258820098
840155773
2973824508
2915841178
2809804992
2642438760
3010349642
2923618567
2426356730
3074730024
2930897610
2761567447
3131859805
144343955
27961004
2211869044
389182695
437127583
2974135152
3001446175
865168213
2896094336
2563734218
582193005
1625867324
2941778520
2148678224
2885174556
2891917938
2344918154
2996658007
2857967952
2780227838
2830051135
2957101238
3032474562
2927745493
3004271126
97948857
2847646308
2893278707
2337063296
3023973282
3000103440
2953294728
31353970
2848206734
1207099902
1380971438
442705053
2572562911
2834864131
129847008
2929086252
2932478690
2801841123
3010543722
859056432
102052009
47336979
401929048
3011126953
2938318654
145066823
2895238292
2399728452
129731176
2646844122
2940233984
2332260427
1617816648
2892882150
2985937394
3032714363
2964812700
464867175
2163316015
1966921812
2686100426
2913977684
2399925848
3106070622
3062561324
758151954
108668283
3056627570
708944850
706891010
2388982110
323487376
136912348
2503070899
2814843775
2912915334
2467160324
2929297348
2989404364
2584979587
3040474930
1610187517
2367729500
286233279
550280267
2473834436
104701452
21651982
1608199141
84051650
2198014848
178083995
42070490
1021197475
3068709072
191283006
3041159564
961109977
45413198
826751599
3024914300
211428163
140191125
43037025
1717464030
323281282
262749118
3083098268
215699770
32896052
2366140458
564821856
16892534
2975278676
2960516434
2942995301
999261151
429031681
3010560961
611841784
436179320
2493538830
2924203807
3054392766
2742574054
2904913098
1601519258
3007091234
2968621383
635024437
339913436
2983337716
439633671
2186062965
529828197
2926398335
928533452
3078897839
2520028138
2560422607
125512325
309823366
358358053
3008262182
2981492414
3052072206
1601619937
174953869
445690854
3058493943
2240029488
525005120
2996071031
1132125410
57440214
833376858
2951246091
473279639
1570513988
3031625800
2550474648
3004248244
2967753703
3023607415
47024555
247872733
1890976934
60094692
397328649
237893990
608593979
1277764962
82724751
2883812110
42170658
24009801
2513775487
1413883681
1950000786
747805506
613546905
2723404855
3044826089
2939111375
20924605
248139853
2152381201
378840950
601001021
2183449346
345131103
1157143663
2869448858
60875744
2699952953
2938583689
1601587044
291841491
3010837981
2989555433
835301767
18042278
2647133050
2853322939
362779971
630645066
25039517
2996580301
2902167817
2502142927
628681030
409430647
32210500
3034710387
433115572
218617663
2664752136
2902062601
2895115848
313014222
262165114
2789153572
94892409
499200273
3002652669
73774016
612772966
343157640
2516862678
2511554060
2835748534
1599831224
3007191011
816460406
1320577962
593850083
373562248
2228442269
2383007984
504918216
104552862
1554095036
3006583629
605934663
2836559879
327326028
791864324
19426080
2323982664
606316616
2368919569
107651327
2960766660
1158856526
316548434
341592309
75112589
2849401390
2991664715
20449585
292992522
2351581238
1521223687
2161586941
1599855253
710445158
2878500731
17798031
965894833
20711390
1486602870
144638004
3001843161
16473793
410990976
1387439930
185505217
2968557676
620339279
2824160307
2940456755
593994116
2953487887
539863097
1397496938
2179001408
59785531
2886618527
1139071250
1139108011
40056590
2502911436
28038154
2902541181
2902162645
2355464022
3001683058
1548118290
2685319825
470087280
2933558615
2931838881
1146109272
1139019162
611952043
25007589
26652733
518615888
2339967018
48935222
40250091
266473466
224111514
371115139
2959766925
2329283396
87383875
556118417
397703920
1205428022
83068410
621620724
514138208
2743284263
366517094
349803020
360450234
2967367051
124808478
573803698
192538987
2988272801
185393649
1353505940
2744487833
1925473650
94371335
41147623
2961715510
2929962643
63102113
373039241
2149679342
35347277
2977435727
880237465
433344236
492833134
504747313
842217397
904810734
15873632
2416547862
1248922304
391586072
2950404276
340549362
571224644
2909802365
1691022180
2213941196
476149277
24333544
977911705
18929351
39286260
2886636039
2905219922
2904651630
547969112
2610023334
515154835
2428574070
2741256016
2696461783
2724018354
2452613216
393768350
2675016984
551644827
236928181
2596799676
288629888
561802635
291506429
2383045087
460848476
16555555
603708824
557444210
458909659
708522042
290097255
284542517
2505217933
256240110
1335564913
62415418
193759500
607197790
2452508293
1415422669
1704926844
526086483
703561088
19500176
2279678299
318182225
394359359
1690081142
1424105654
1433427858
2227659320
536803217
18294521
35632685
1955132936
813237998
242099453
2269705632
823112684
1442360178
343772856
328024404
2434917523
2510559108
2324789222
78926478
142272367
356434482
84491326
800642714
1147086920
529548712
845396630
152382666
45658900
49243712
329274990
2402415882
2488156902
2352467653
2428469846
384965718
898296218
158060289
23205346
2556363781
463351339
2184301369
2291595228
73657657
118401061
2592271712
316836681
2614740534
2612204382
857001662
249344968
1308086382
2533631120
340464321
2347152657
2506488368
436795156
29243936
2466985568
2364670362
508105923
2181892837
2570804772
2418979002
2416860835
2415765410
2415674455
138338122
27971300
425063005
2602141134
97055907
2570911369
34996703
278258054
944503872
324143427
1601791166
525630064
2155464374
316852929
1563718806
326380075
365630021
365082523
2440548048
2441763583
2439532910
761829432
2440196822
221797029
556629230
1541262253
278888992
1305807127
2635774552
2609838471
2598703782
2665454818
2572855009
2572790832
2572745431
2570706984
2279611712
2598003450
1563653366
365020334
1891555512
2583569720
2583575725
1527147570
359886018
2595549944
1697618420
1001809057
2267601054
481879507
2481420366
2378013374
1627763244
1950398246
1368959768
2570814835
318879109
367839559
2422358070
257011933
89277004
78382995
366267401
353817885
1542986539
1429893074
469008098
92638580
2236532539
2215192357
2222356334
148456848
129839546
18906599
950735898
58685992
93093380
1146336084
547824997
2519134542
2513811746
19102612
275247483
242618658
2559596894
472087643
27091353
398019830
242512328
260920107
2384802300
2367782774
2217101520
2565704607
959349781
2464891208
2268156331
516322921
591981595
2322981624
70156027
2165978886
2543023733
1955063474
490551773
2468190361
180303911
2243530995
302877784
335544497
1493267851
1712895234
506925969
30360968
2189468156
347976255
52872420
2510392325
475811383
19068720
2338854559
1571534191
297031278
1163194243
397999209
48789726
66951419
2204287914
1691753306
123694443
1594928270
23913426
1722382122
49306014
90964095
2307801483
334098745
2407332680
438874512
559623797
1151743189
185682026
104491054
224228597
465854208
62958691
163430369
18235613
1353756350
2463858414
54673874
788189719
759549762
920000198
1665615702
976048075
319097183
21645910
1245751686
47017660
2477359917
53284800
35762783
21452519
438132665
491299190
1263011048
540405511
31078736
1553602782
186854449
487258078
58525147
2181781927
855552331
54769979
20515090
10971502
885571634
282227437
2199718862
206897400
244765265
728863610
28606058
1665401342
579114403
2405913443
1414314614
2360107662
2222227186
2418952022
352459472
494589889
2353808951
2409896366
1031218094
229072953
781217587
23921022
2201411786
619571481
2272948185
2147966274
2298013153
203256949
2286627524
912598626
158007677
2393155015
35123416
800751782
24511734
732980827
2274110685
2168995328
554335063
157138475
115679415
210766946
2277378381
248036454
1550813461
163582516
14505871
925707096
1676127925
514677610
2182655358
66267155
16703058
168485883
1056430686
634599390
1973032699
126551471
860611122
510250061
2167153590
431983412
505890157
39651447
2353523771
1244774534
313024334
368945386
2334274885
583933586
1905590958
2332434412
2296848278
435099091
2181121594
2351950705
464767923
233250372
20897273
159111501
2191249704
50094643
324027766
204003411
1662917528
53112612
566953567
260485536
30953058
1435699897
69681766
109111067
964802857
329323059
1050365203
1530426174
214226540
966739358
333583892
111225697
101756062
90948918
163540129
383278970
2352380899
16475179
785725160
990840241
127675513
12874852
572017078
700743062
2172140190
400095106
537809469
320278712
2224743342
2327793409
1668121232
31891798
32789366
1253750108
1694776988
1364803249
2337778393
1715664138
16643649
15446520
21426342
52641328
2223706189
12601142
63740523
16248319
1350032611
249534489
1949734190
532374319
1959382207
269938879
19053307
35767916
816768036
807838603
38976017
2241932425
615758746
84960857
23214110
14412914
272133104
308997977
72350324
19478383
314303636
39873345
231023430
2287863920
2300407362
131675689
27020716
51294103
893856362
486748099
1937822652
2196409712
2320846177
27109121
165475312
219969781
2307310141
108059853
1301936358
2334962663
2330645742
632466068
133173536
345673667
2327931768
1948518044
2324142092
23970626
368320686
708411562
1469486526
715984021
69215257
20961445
40407177
49036471
82174781
2313934063
2284102607
16259228
459864051
1865776753
2320642890
2267824729
2292226939
91139704
1412769966
2263922825
1166994914
263358545
379498878
1198751880
1216135814
707231288
1679388044
2203571256
385069603
154889886
1123325898
1918332078
14651202
390311861
1861790306
364844072
2157663212
107140298
1442872940
485970643
36902756
186949678
69422734
108831720
37602242
7712832
317606559
136743706
189427379
45156531
19981155
171136777
19679854
292670998
932309300
2275360848
280254672
85495832
29088863
2266220280
1869664320
22411342
755864660
2279474610
1494835716
411157633
364251908
272615873
591744952
1110170449
45450902
757645117
260494836
502006616
1302114122
148203617
10207502
170025854
114482880
1265679950
29401551
38983620
264268489
562393599
37329581
401710943
174222065
1384996994
170385747
410788286
976910840
49927545
55135663
461806695
215683551
1905556350
84217658
1359148112
614001531
23905258
361859989
238282601
575684116
337409391
1441113806
337992763
38015711
288489092
26166238
2290493004
329628740
22020668
152431362
363883148
227093540
239091818
49085235
1498468758
356868826
1724915803
456300007
2268566033
2295208628
463292367
2314651236
412854341
141405735
214343084
1151823614
1280452891
1147437914
1931583960
376288861
1383396050
354248645
2306128092
1353030103
1099944246
391677601
1071613357
862396604
